216.000000  0.172516
315.000000  -0.027608
447.000000  0.053820
528.000000  -0.048555
592.000000  -0.011438
659.000000  -0.013593
713.000000  0.021142
772.000000  -0.006034
837.000000  0.013346
917.000000  0.001595
999.000000  0.008955
1094.000000  0.014080
1173.000000  0.007214
1230.000000  -0.052713
1309.000000  0.023151
1367.000000  0.003927
1421.000000  0.002785
1468.000000  -0.004724
1519.000000  0.001790
1576.000000  0.000675
1629.000000  -0.026356
1685.000000  0.003026
1745.000000  0.032190
1807.000000  -0.003818
1881.000000  -0.011858
1979.000000  0.039749
2040.000000  -0.008952
2135.000000  0.012985
2243.000000  0.006722
2297.000000  -0.012424
2343.000000  0.001221
2427.000000  0.016654
2541.000000  0.029845
2626.000000  -0.038882
2732.000000  0.009493
2825.000000  0.016861
2895.000000  0.032346
2981.000000  -0.038958
3073.000000  -0.027868
3156.000000  0.020302
3170.000000  -0.024538
3241.000000  0.005158
3347.000000  0.043042
3430.000000  0.001944
3532.000000  0.001335
3543.000000  -0.063319
3602.000000  0.012220
3609.000000  0.002595
3616.000000  -0.005097
3663.000000  0.005477
3711.000000  -0.003298
3758.000000  0.006574
3796.000000  0.003727
3872.000000  0.005196
3953.000000  0.006791
4013.000000  -0.018056
4070.000000  0.014891
4127.000000  -0.006591
4174.000000  -0.001968
4244.000000  -0.000275
4294.000000  -0.003140
4354.000000  0.015185
4393.000000  -0.023762
4473.000000  0.025067
4588.000000  0.008609
4690.000000  0.000299
4797.000000  0.005960
4894.000000  0.051092
4992.000000  0.006321
5065.000000  -0.040956
5173.000000  0.038768
5255.000000  0.013157
5339.000000  0.017294
5443.000000  -0.036708
5526.000000  -0.015054
5601.000000  -0.008330
5702.000000  0.045062
5784.000000  -0.004142
5875.000000  -0.017535
5957.000000  -0.000805
6070.000000  0.066464
6174.000000  -0.060285
6264.000000  0.016664
6343.000000  -0.007477
6418.000000  0.014129
6487.000000  -0.008778
6565.000000  -0.002898
6648.000000  0.005078
6750.000000  0.032107
6849.000000  -0.041550
6921.000000  0.002488
7035.000000  0.007552
7111.000000  0.037253
7153.000000  -0.027603
7205.000000  0.063595
7258.000000  0.085642
7271.000000  0.026017
7327.000000  -0.240929
7442.000000  0.021452
7550.000000  -0.004153
7590.000000  -0.017926
7626.000000  -0.021863
7648.000000  0.005317
7722.000000  -0.000671
7819.000000  0.030486
7915.000000  0.015681
7996.000000  0.010742
8055.000000  -0.005957
8135.000000  -0.047659
8213.000000  -0.007664
8271.000000  0.034782
8370.000000  0.002677
8441.000000  0.016097
8504.000000  -0.008407
8604.000000  0.025576
8706.000000  0.008712
8808.000000  -0.003495
8834.000000  -0.024976
8892.000000  0.015448
8990.000000  -0.005624
8991.000000  -0.031491
9076.000000  0.027426
9165.000000  0.022524
9205.000000  -0.029410
9313.000000  0.030366
9469.000000  0.002277
9540.000000  -0.025524
9612.000000  0.005814
9687.000000  -0.051084
9780.000000  0.022563
9847.000000  0.041047
9922.000000  -0.007062
9997.000000  -0.001897
10072.000000  -0.002701
10147.000000  0.000903
10222.000000  -0.011575
10297.000000  -0.011189
10370.000000  0.028444
10432.000000  -0.007682
10507.000000  0.012823
10582.000000  0.002458
10656.000000  -0.024921
10739.000000  0.001563
10830.000000  0.047205
10956.000000  -0.026880
11056.000000  0.011189
11142.000000  -0.003525
11237.000000  0.005758
11324.000000  0.044461
11367.000000  -0.046188
11415.000000  0.010739
11430.000000  -0.041632
11496.000000  0.045497
11548.000000  -0.026218
11626.000000  0.001761
11726.000000  0.014130
11854.000000  0.013056
11962.000000  0.023442
12049.000000  -0.008690
12143.000000  0.030260
12232.000000  -0.021760
12309.000000  0.001323
12390.000000  -0.036495
12481.000000  0.030644
12509.000000  -0.028026
12582.000000  0.032834
12674.000000  0.054016
12767.000000  -0.072056
12859.000000  0.010278
12936.000000  -0.004330
13018.000000  0.018071
13102.000000  0.006965
13177.000000  -0.050798
13264.000000  0.056559
13368.000000  -0.011079
13440.000000  -0.055352
13450.000000  0.028096
13508.000000  0.091834
13518.000000  0.021688
13568.000000  -0.121286
13704.000000  -0.012046
13783.000000  0.039703
13893.000000  0.022825
13988.000000  -0.060064
14115.000000  0.074577
14221.000000  0.009776
14314.000000  -0.036503
14388.000000  -0.005641
14469.000000  0.013446
14549.000000  0.002681
14638.000000  0.006141
14716.000000  -0.036411
14794.000000  -0.016887
14884.000000  0.065236
14968.000000  0.007965
15047.000000  -0.049378
15123.000000  0.040133
15232.000000  0.020063
15311.000000  -0.069047
15395.000000  0.034585
15497.000000  0.036358
15579.000000  -0.020409
15658.000000  0.011567
15727.000000  0.002560
15808.000000  0.005405
15892.000000  0.014167
15997.000000  -0.012469
16073.000000  0.005861
16161.000000  0.021838
16275.000000  0.006712
16378.000000  0.012597
16492.000000  -0.056077
16587.000000  0.047872
16672.000000  -0.000447
16782.000000  -0.008265
16871.000000  0.071736
16964.000000  -0.041383
17072.000000  -0.028701
17207.000000  0.040844
17290.000000  0.040834
17344.000000  -0.078899
17381.000000  0.059485
17388.000000  0.053568
17464.000000  -0.110508
17539.000000  -0.056712
17643.000000  0.043239
17684.000000  0.027480
17740.000000  0.011204
17813.000000  -0.030795
17890.000000  0.032490
17969.000000  -0.075351
18052.000000  0.013439
18157.000000  -0.022306
18236.000000  -0.013692
18316.000000  0.075538
18416.000000  -0.052096
18506.000000  0.008003
18580.000000  0.013720
18662.000000  0.025568
18746.000000  0.004293
18833.000000  0.015498
18910.000000  -0.079550
18992.000000  0.041601
19093.000000  0.051422
19169.000000  -0.010651
19243.000000  -0.005388
19333.000000  0.007817
19415.000000  -0.004652
19503.000000  -0.040851
19643.000000  0.047322
19771.000000  0.040989
19915.000000  -0.032170
20008.000000  0.009857
20047.000000  0.044043
20104.000000  0.006586
20159.000000  -0.002687
20218.000000  0.024118
20301.000000  -0.041544
20394.000000  0.085335
20477.000000  -0.107643
20604.000000  0.003677
20699.000000  0.035459
20808.000000  0.052640
20889.000000  -0.122930
21022.000000  0.046940
21088.000000  0.096530
21098.000000  0.028429
21102.000000  -0.044801
21139.000000  -0.011004
21219.000000  -0.025401
21330.000000  0.057237
21386.000000  0.028049
21409.000000  -0.029547
21452.000000  0.163868
21499.000000  -0.187022
21586.000000  0.168715
21625.000000  -0.155065
21706.000000  0.160219
21735.000000  -0.094222
21795.000000  0.131438
21832.000000  -0.394895
21929.000000  0.048644
22132.000000  -0.009348
22209.000000  -0.005360
22290.000000  0.002946
22347.000000  -0.023746
22441.000000  0.036034
22511.000000  -0.014617
22607.000000  -0.003315
22671.000000  0.016013
22728.000000  -0.004343
22775.000000  -0.020531
22821.000000  -0.029874
22845.000000  0.047810
22925.000000  -0.048806
23010.000000  0.007823
23106.000000  0.040642
23176.000000  -0.060965
23280.000000  0.051500
23308.000000  -0.027587
23314.000000  -0.019877
23378.000000  0.010026
23464.000000  0.025329
23547.000000  0.002621
23643.000000  0.041262
23706.000000  -0.061185
23710.000000  -0.026824
23713.000000  0.021752
23768.000000  -0.025114
23855.000000  0.029959
23941.000000  0.020535
24049.000000  0.016982
24132.000000  -0.009570
24217.000000  -0.038520
24295.000000  0.049664
24372.000000  -0.026010
24399.000000  0.012239
24471.000000  0.000574
24511.000000  -0.025541
24512.000000  -0.025488
24563.000000  0.021131
24647.000000  0.013332
24752.000000  -0.007731
24870.000000  0.060273
24951.000000  -0.012369
25027.000000  -0.012115
25068.000000  -0.015595
25070.000000  -0.041884
25123.000000  0.041320
25225.000000  -0.021099
25318.000000  -0.012436
25409.000000  0.042738
25500.000000  0.016656
25580.000000  -0.059764
25605.000000  0.042453
25622.000000  -0.020286
25680.000000  -0.018139
25761.000000  0.031366
25862.000000  0.014423
25959.000000  0.000518
26045.000000  0.041573
26119.000000  -0.030035
26213.000000  0.019347
26293.000000  -0.006649
26366.000000  -0.014189
26428.000000  -0.056863
26485.000000  0.019983
26606.000000  0.024028
26712.000000  -0.000307
26789.000000  -0.012810
26884.000000  0.013821
26978.000000  -0.003102
27024.000000  0.017685
27025.000000  -0.065704
27027.000000  0.006619
27106.000000  0.014754
27196.000000  0.031864
27287.000000  0.001590
27388.000000  -0.000655
27490.000000  0.025710
27572.000000  -0.016071
27597.000000  -0.004780
27622.000000  -0.011049
27634.000000  -0.034179
27706.000000  0.026591
27742.000000  -0.027111
27796.000000  0.018889
27840.000000  -0.019255
27911.000000  -0.012531
27956.000000  0.022393
28041.000000  0.004511
28130.000000  0.023242
28220.000000  0.008430
28315.000000  0.021709
28400.000000  -0.056099
28494.000000  0.050814
28581.000000  -0.010813
28673.000000  0.010237
28755.000000  0.015225
28859.000000  -0.021322
28945.000000  -0.000007
29045.000000  -0.005743
29127.000000  0.036025
29213.000000  0.029058
29298.000000  -0.043484
29375.000000  -0.000178
29454.000000  0.018070
29539.000000  -0.058016
29624.000000  0.012195
29701.000000  0.043656
29785.000000  0.042037
29868.000000  -0.052322
29929.000000  -0.049745
30005.000000  0.078163
30077.000000  -0.007962
30180.000000  0.030284
30266.000000  -0.038658
30410.000000  0.022888
30521.000000  0.034431
30571.000000  -0.057304
30652.000000  0.005380
30732.000000  -0.027155
30816.000000  0.045683
30896.000000  0.002120
30973.000000  -0.078096
31062.000000  0.067975
31146.000000  -0.019308
31224.000000  0.001314
31267.000000  0.072970
31290.000000  -0.019310
31365.000000  0.078802
31401.000000  -0.020897
31434.000000  0.024998
31472.000000  0.002492
31500.000000  0.083286
31504.000000  -0.033921
31557.000000  -0.231416
31645.000000  0.023497
31686.000000  -0.036357
31731.000000  -0.018729
31755.000000  0.013448
31803.000000  -0.014484
31807.000000  -0.002838
31847.000000  0.046148
31931.000000  -0.045066
32003.000000  0.055166
32103.000000  0.008819
32190.000000  -0.021466
32237.000000  0.010099
32279.000000  0.005749
32309.000000  -0.018487
32316.000000  -0.017646
32390.000000  0.006504
32438.000000  -0.030453
32526.000000  0.039427
32558.000000  -0.014166
32591.000000  0.002120
32709.000000  0.014873
32815.000000  0.010869
32861.000000  -0.013956
32927.000000  -0.053162
32928.000000  -0.034915
33009.000000  0.107777
33103.000000  -0.049257
33178.000000  0.046446
33240.000000  -0.029138
33320.000000  0.035228
33397.000000  -0.038702
33463.000000  0.004925
33501.000000  0.010406
33546.000000  -0.071771
33577.000000  0.089889
33678.000000  -0.003420
33752.000000  0.006522
33816.000000  -0.053602
33859.000000  0.005480
33867.000000  0.038504
34076.000000  -0.060514
34145.000000  0.019015
34245.000000  0.060602
34272.000000  -0.006492
34323.000000  -0.031721
34388.000000  -0.016205
34468.000000  0.054973
34548.000000  -0.000825
34648.000000  0.009409
34744.000000  -0.012169
34827.000000  0.022286
34869.000000  0.015538
34873.000000  -0.067890
34964.000000  0.047586
34966.000000  -0.066373
35022.000000  0.024520
35047.000000  -0.015486
35137.000000  0.023849
35210.000000  -0.004586
35242.000000  -0.014273
35249.000000  -0.064078
35266.000000  0.038723
35271.000000  0.027822
35384.000000  0.008681
35428.000000  -0.004609
35460.000000  0.002525
35483.000000  -0.023293
35513.000000  0.027799
35527.000000  -0.019555
35555.000000  0.023111
35591.000000  -0.033130
35592.000000  0.096114
35612.000000  0.696472
35620.000000  -0.799767
35626.000000  0.004989
35712.000000  0.012448
35869.000000  0.028490
35978.000000  -0.006303
36069.000000  0.034142
36146.000000  -0.040493
36223.000000  -0.012014
36296.000000  -0.009586
36383.000000  0.062409
36465.000000  -0.052911
36558.000000  0.054883
36649.000000  0.015916
36754.000000  -0.026917
36852.000000  0.017011
36933.000000  -0.010173
36987.000000  0.000593
37050.000000  0.011340
37160.000000  0.034202
37244.000000  -0.043525
37342.000000  -0.002657
37427.000000  0.014429
37499.000000  0.049173
37578.000000  -0.033130
37660.000000  0.042119
37704.000000  -0.042662
37763.000000  0.008672
37774.000000  -0.089543
37775.000000  0.069569
37831.000000  -0.083182
37906.000000  -0.018091
38011.000000  0.031796
38088.000000  0.020267
38173.000000  0.022090
38195.000000  -0.057177
38231.000000  0.018678
38302.000000  0.017414
38368.000000  -0.032872
38413.000000  -0.012051
38441.000000  -0.016878
38554.000000  0.088890
38648.000000  -0.046815
38732.000000  0.008654
38816.000000  0.051944
38892.000000  -0.064418
38968.000000  0.012373
39055.000000  0.012865
39158.000000  -0.003042
39237.000000  -0.019009
39313.000000  0.008158
39374.000000  0.042525
39403.000000  -0.022308
39446.000000  0.048048
39451.000000  -0.057498
39452.000000  -0.047621
39454.000000  0.023574
39457.000000  -0.028666
39460.000000  0.023523
39558.000000  0.046712
39622.000000  -0.010500
39710.000000  -0.025389
39805.000000  0.056703
39859.000000  -0.023325
39869.000000  -0.007949
39871.000000  -0.009133
39873.000000  -0.025419
39959.000000  0.025979
40029.000000  -0.006747
40129.000000  0.019531
40206.000000  -0.003011
40286.000000  0.009124
40350.000000  -0.000286
40365.000000  -0.030225
40430.000000  -0.005588
40554.000000  0.027754
40642.000000  0.005426
40764.000000  -0.001049
40814.000000  -0.021911
40818.000000  -0.024495
