2285.000000  18.788092
3602.000000  -15.219274
4182.000000  -0.898581
4728.000000  0.209613
5323.000000  -0.625681
6017.000000  -0.164405
6800.000000  0.178972
7568.000000  0.180480
8163.000000  -0.255245
8495.000000  -0.094501
8986.000000  -0.769438
9679.000000  0.758040
10274.000000  0.334312
10593.000000  -0.451978
10798.000000  0.147276
11077.000000  -1.166186
11452.000000  1.404035
11852.000000  -0.150700
12166.000000  -0.173575
12746.000000  -0.414809
13253.000000  -0.341314
13716.000000  1.047927
14109.000000  -0.326180
14327.000000  0.388894
14833.000000  -0.166194
15127.000000  -0.514638
15366.000000  -0.126080
15807.000000  -1.476410
16204.000000  0.840524
16560.000000  0.925835
17076.000000  -0.526942
17556.000000  0.112745
18043.000000  0.364869
18539.000000  -0.098132
18825.000000  -0.053155
19110.000000  0.202481
19661.000000  -0.041489
20191.000000  -0.069087
20718.000000  0.091846
21323.000000  -0.121393
21836.000000  -0.128171
22258.000000  -0.212721
22685.000000  0.666417
22931.000000  0.540225
23065.000000  -1.365682
23222.000000  0.440963
23360.000000  0.051685
23701.000000  0.235282
24156.000000  1.588407
24609.000000  -0.519758
25014.000000  -0.302268
25386.000000  -0.186338
26212.000000  0.431738
27119.000000  -0.237149
28086.000000  -0.266438
28827.000000  0.226057
29452.000000  0.055827
30427.000000  -0.717483
31317.000000  -0.380016
32204.000000  0.334909
32967.000000  -0.304158
33632.000000  0.135023
34462.000000  -0.170193
35253.000000  0.233911
36003.000000  -0.283726
36720.000000  1.057044
37308.000000  -0.248779
37938.000000  -0.585662
38641.000000  -0.331189
39275.000000  -0.149490
39873.000000  -0.401364
40653.000000  0.099496
41537.000000  0.998696
42342.000000  0.147863
43203.000000  -0.361244
43903.000000  0.106687
44507.000000  0.295837
45126.000000  -0.338794
46164.000000  0.275432
47093.000000  0.406414
48421.000000  -0.412294
49032.000000  -0.144636
50142.000000  0.343215
51060.000000  -0.310172
52018.000000  0.173250
52571.000000  -0.712929
53076.000000  -0.583188
53557.000000  0.336027
54097.000000  -0.301448
54874.000000  0.109450
55778.000000  -0.133908
56565.000000  -0.025137
57410.000000  0.084253
57916.000000  -0.621228
58265.000000  -0.248468
58584.000000  0.093571
59165.000000  0.610826
59628.000000  -0.272950
60209.000000  -0.225660
60696.000000  0.096003
61019.000000  0.009459
61354.000000  0.085390
61884.000000  -0.243784
62283.000000  -0.068214
62827.000000  0.411287
63220.000000  -0.399267
63603.000000  0.106546
64150.000000  0.015857
64874.000000  -0.034077
65506.000000  0.426297
66122.000000  0.024726
66547.000000  -0.367478
66732.000000  -0.042231
67041.000000  0.036413
67403.000000  -0.129908
68010.000000  0.022927
68501.000000  0.103813
68862.000000  -0.119594
69121.000000  -0.162024
69296.000000  0.084304
69925.000000  0.212289
70464.000000  -0.282049
71051.000000  0.046176
71597.000000  -0.002803
72077.000000  -0.084976
72326.000000  -0.046077
72600.000000  0.066773
72913.000000  -0.026527
73123.000000  0.059696
73392.000000  0.148151
73702.000000  -0.032944
74328.000000  0.116434
74735.000000  -0.066553
75167.000000  -0.146698
75487.000000  0.026532
75823.000000  -0.027905
76251.000000  -0.046810
76566.000000  -0.065595
77053.000000  0.070637
77623.000000  -0.021990
78075.000000  0.030426
78604.000000  -0.026794
78896.000000  -0.023398
79178.000000  0.009893
79249.000000  -0.055872
79290.000000  -0.001594
79416.000000  0.021251
79429.000000  -0.029109
79652.000000  0.171792
79910.000000  0.156115
80417.000000  -0.024334
80719.000000  0.308801
80941.000000  -0.217206
81195.000000  -0.218141
81295.000000  -0.134348
81525.000000  0.152470
81703.000000  -0.143164
82031.000000  0.032287
82521.000000  0.471235
82885.000000  0.167116
83097.000000  -0.157329
83280.000000  -0.009431
83391.000000  -0.379142
83391.000000  -0.178798
83579.000000  0.457181
83799.000000  -0.124045
83950.000000  -0.052532
84150.000000  0.048069
84349.000000  -0.080153
84500.000000  -0.089737
84580.000000  -0.101638
84716.000000  0.116791
85034.000000  0.292245
85234.000000  -0.373002
85644.000000  -0.022419
85945.000000  0.114596
86295.000000  0.082016
86333.000000  -0.140091
86598.000000  0.044311
86794.000000  -0.071740
86862.000000  -0.047716
87025.000000  0.269914
87145.000000  0.006300
87215.000000  -0.054107
87225.000000  -0.263697
87492.000000  0.061332
87717.000000  0.109009
87953.000000  0.008331
88099.000000  -0.023141
88143.000000  -0.021769
88362.000000  -0.086267
88644.000000  -0.027585
88921.000000  0.007358
89172.000000  0.197074
89201.000000  -0.108506
89452.000000  0.110996
89632.000000  -0.046112
89859.000000  -0.091208
90131.000000  0.011797
90212.000000  -0.073975
90444.000000  0.049208
90710.000000  -0.004670
91072.000000  0.167187
91367.000000  -0.015402
91372.000000  -0.194921
91480.000000  0.007273
