995.000000  0.161393
1265.000000  0.147030
1556.000000  0.170930
1791.000000  0.150168
2025.000000  0.133348
2197.000000  0.122515
2355.000000  0.097815
2596.000000  0.118783
2848.000000  0.153528
3149.000000  0.199006
3370.000000  0.180617
3657.000000  0.174300
3948.000000  0.203903
4240.000000  0.161581
4465.000000  0.172264
4748.000000  0.227957
5064.000000  0.242101
5327.000000  0.221031
5553.000000  0.195230
5765.000000  0.204727
5957.000000  0.173661
6104.000000  0.132762
6133.000000  0.086082
6337.000000  0.169755
6591.000000  0.168568
6816.000000  0.179185
6850.000000  0.095928
7097.000000  0.205608
7395.000000  0.199766
7476.000000  0.153067
7733.000000  0.185943
7974.000000  0.192645
8203.000000  0.215748
8432.000000  0.207157
8682.000000  0.205918
8938.000000  0.208124
9176.000000  0.226514
9352.000000  0.168347
9466.000000  0.105062
9567.000000  0.112657
9772.000000  0.164857
9982.000000  0.170899
10186.000000  0.199861
10474.000000  0.191595
10764.000000  0.235034
11004.000000  0.211365
11246.000000  0.204878
11449.000000  0.160260
11697.000000  0.181884
11906.000000  0.171989
12016.000000  0.108786
12185.000000  0.171440
12223.000000  0.122362
12381.000000  0.217715
12502.000000  0.259998
12632.000000  0.310349
12848.000000  0.365484
13012.000000  0.334075
13175.000000  0.386541
13352.000000  0.353615
13473.000000  0.316047
13602.000000  0.221260
13785.000000  0.325705
13960.000000  0.341392
14235.000000  0.346526
14438.000000  0.267064
14710.000000  0.313006
15060.000000  0.355835
15309.000000  0.326449
15634.000000  0.358286
15864.000000  0.305948
16116.000000  0.281250
16318.000000  0.239892
16532.000000  0.161819
16682.000000  0.198413
16864.000000  0.197119
17027.000000  0.192051
17044.000000  0.162715
17190.000000  0.175139
17363.000000  0.145900
17539.000000  0.136106
17734.000000  0.179371
17792.000000  0.133270
17970.000000  0.211724
18037.000000  0.171335
18133.000000  0.148922
18261.000000  0.154898
18369.000000  0.164785
18537.000000  0.219202
18719.000000  0.212295
18857.000000  0.126777
18871.000000  0.043218
19005.000000  0.115768
19095.000000  0.120200
19181.000000  0.138005
19226.000000  0.213261
19355.000000  0.091711
19538.000000  0.109587
19759.000000  0.189323
19988.000000  0.158306
20229.000000  0.158565
20487.000000  0.346469
20717.000000  0.431503
20967.000000  0.388966
21136.000000  0.418194
21254.000000  0.305322
21319.000000  0.388577
21470.000000  0.415827
21624.000000  0.410265
21830.000000  0.421871
22047.000000  0.382460
22231.000000  0.434969
22434.000000  0.398797
22623.000000  0.395041
22742.000000  0.475144
22859.000000  0.070656
23003.000000  0.115571
23114.000000  0.156647
23243.000000  0.176831
23444.000000  0.186102
23576.000000  0.610127
23742.000000  0.650439
23997.000000  0.760916
24127.000000  0.712812
24259.000000  0.863362
24353.000000  0.392967
24496.000000  0.400140
24676.000000  0.483633
24823.000000  0.383536
24954.000000  0.365298
25115.000000  0.377323
25254.000000  0.353701
25439.000000  0.377417
25678.000000  0.394701
25852.000000  0.446928
26022.000000  0.217273
26087.000000  0.202140
26179.000000  0.270210
26194.000000  0.012418
26230.000000  0.012254
26275.000000  0.095761
26403.000000  0.191355
26457.000000  0.105068
26595.000000  0.181342
26651.000000  0.299088
26874.000000  0.400161
27110.000000  0.373050
27298.000000  0.403277
27536.000000  0.309857
27719.000000  0.129761
27850.000000  0.124516
27939.000000  0.062560
27959.000000  0.063561
28094.000000  0.086102
28237.000000  0.085367
28315.000000  0.334380
28436.000000  0.350472
28562.000000  0.256559
28631.000000  0.157280
28746.000000  0.230330
28860.000000  0.211879
28947.000000  0.104515
29118.000000  0.132479
29247.000000  0.147113
29440.000000  0.508612
29560.000000  0.529501
29707.000000  0.819694
29876.000000  0.089634
29905.000000  0.074922
30051.000000  0.144592
30094.000000  0.131831
30252.000000  0.088443
30427.000000  0.098346
30580.000000  0.119923
30766.000000  0.118881
30909.000000  0.112247
31064.000000  0.094536
31161.000000  0.067695
31290.000000  0.091110
31451.000000  0.175688
31580.000000  0.113260
31733.000000  0.069278
31901.000000  0.092265
31940.000000  0.057748
32167.000000  0.170488
32391.000000  0.184700
32628.000000  0.175585
32857.000000  0.188172
33016.000000  0.114997
33162.000000  0.113334
33316.000000  0.131205
33516.000000  0.131393
33735.000000  0.119336
34035.000000  0.116979
34279.000000  0.108005
34514.000000  0.148725
34862.000000  0.203683
35027.000000  0.177841
35190.000000  0.187751
35349.000000  0.116498
35582.000000  0.129147
35797.000000  0.138788
36057.000000  0.152193
36313.000000  0.180911
36498.000000  0.158979
36637.000000  0.136396
36756.000000  0.074248
36860.000000  0.151051
36926.000000  0.199405
36945.000000  0.146587
37013.000000  0.152656
37068.000000  0.193587
37115.000000  0.215018
37218.000000  0.283017
37313.000000  0.369001
37461.000000  0.078224
37485.000000  0.043772
37583.000000  0.056819
37594.000000  0.016317
37614.000000  0.006984
37690.000000  0.078840
37823.000000  0.079597
37956.000000  0.093755
38074.000000  0.067254
38122.000000  0.020640
38175.000000  0.021440
38271.000000  0.050967
38361.000000  0.047385
38474.000000  0.033373
38603.000000  0.035072
38631.000000  0.020160
38643.000000  0.004943
38717.000000  0.031851
38787.000000  0.032957
38796.000000  0.007351
38853.000000  0.013314
38861.000000  0.021865
38928.000000  0.081249
39018.000000  0.044206
39121.000000  0.071171
39237.000000  0.081353
39315.000000  0.048758
39401.000000  0.055056
39443.000000  0.043172
39497.000000  0.027110
39575.000000  0.025926
39669.000000  0.041805
39776.000000  0.057608
39868.000000  0.054240
40030.000000  0.075502
40033.000000  0.008847
40159.000000  0.077488
40273.000000  0.072775
40292.000000  0.038451
40298.000000  0.006376
40347.000000  0.041102
40385.000000  0.031597
40478.000000  0.052422
40550.000000  0.054577
40623.000000  0.053077
40702.000000  0.061725
40780.000000  0.079986
40805.000000  0.069433
40819.000000  0.010014
