995.000000  0.162187
1212.000000  -0.016033
1397.000000  -0.038403
1596.000000  0.006900
1866.000000  0.032979
2162.000000  0.019194
2456.000000  -0.018958
2779.000000  0.041480
3063.000000  0.008856
3359.000000  0.005594
3625.000000  0.064538
3923.000000  0.005981
4246.000000  0.032355
4567.000000  -0.070029
4834.000000  0.045150
5026.000000  -0.076284
5263.000000  0.051802
5531.000000  -0.005756
5831.000000  0.047493
6036.000000  -0.090174
6178.000000  -0.036406
6324.000000  -0.016439
6547.000000  0.012470
6746.000000  0.034904
6899.000000  -0.018549
7091.000000  -0.024116
7344.000000  0.012152
7600.000000  0.007735
7860.000000  0.000652
8127.000000  0.028913
8357.000000  -0.031093
8499.000000  -0.025891
8768.000000  0.022783
8973.000000  0.022597
9223.000000  0.072826
9437.000000  -0.097027
9671.000000  0.017226
9889.000000  0.024315
10137.000000  -0.026689
10343.000000  0.133215
10403.000000  -0.067020
10483.000000  -0.044717
10591.000000  -0.040366
10686.000000  0.078254
10755.000000  -0.077844
10820.000000  0.024218
10878.000000  0.028277
10935.000000  -0.066436
11017.000000  0.011969
11269.000000  0.079662
11486.000000  0.018509
11782.000000  0.062132
12046.000000  -0.154126
12297.000000  0.106617
12466.000000  -0.190339
12667.000000  0.011725
12896.000000  0.054850
13046.000000  -0.049381
13235.000000  0.095843
13371.000000  0.016798
13453.000000  -0.045490
13520.000000  0.108973
13600.000000  -0.225915
13707.000000  0.138781
13818.000000  0.021364
13985.000000  -0.111742
14227.000000  0.036750
14509.000000  0.043796
14764.000000  0.013571
15030.000000  0.123224
15273.000000  -0.034281
15532.000000  -0.014822
15718.000000  -0.046535
15863.000000  0.030788
16008.000000  -0.077270
16169.000000  -0.037451
16352.000000  0.066752
16507.000000  -0.009575
16654.000000  0.012734
16823.000000  -0.019304
16994.000000  -0.001251
17109.000000  -0.048241
17190.000000  -0.007274
17336.000000  0.009028
17482.000000  -0.004509
17648.000000  0.019952
17730.000000  -0.031080
17957.000000  0.046692
18186.000000  0.033113
18495.000000  -0.001835
18744.000000  0.022525
19047.000000  0.014671
19208.000000  -0.068335
19434.000000  0.056828
19596.000000  -0.009335
19768.000000  0.022115
19883.000000  -0.001979
19911.000000  -0.071682
20030.000000  0.023330
20156.000000  -0.011484
20198.000000  -0.079504
20366.000000  0.053594
20381.000000  -0.043881
20482.000000  0.100685
20596.000000  -0.051826
20688.000000  0.027243
20836.000000  -0.067840
21012.000000  -0.024734
21128.000000  -0.008653
21282.000000  -0.009459
21396.000000  0.005352
21512.000000  0.019739
21670.000000  0.030808
21847.000000  0.013523
22051.000000  -0.014704
22267.000000  0.010560
22498.000000  -0.028200
22712.000000  0.002311
22908.000000  0.031774
23075.000000  -0.024174
23249.000000  0.159196
23411.000000  -0.049069
23604.000000  0.022854
23820.000000  0.015822
24064.000000  -0.030776
24318.000000  0.021056
24521.000000  -0.019289
24723.000000  0.040608
25042.000000  0.053458
25375.000000  0.014084
25625.000000  0.006761
25896.000000  -0.166342
26187.000000  0.024373
26354.000000  -0.040251
26489.000000  -0.086312
26683.000000  0.054806
26902.000000  0.113334
27179.000000  0.162735
27407.000000  -0.087213
27590.000000  -0.148531
27760.000000  -0.061660
27957.000000  0.031247
28122.000000  -0.025067
28328.000000  0.179593
28589.000000  0.146858
28870.000000  0.073283
29076.000000  -0.024523
29318.000000  -0.351372
29525.000000  0.052660
29719.000000  0.392385
30004.000000  -0.378672
30300.000000  -0.022617
30507.000000  0.000066
30754.000000  0.062062
31037.000000  0.067632
31296.000000  0.263734
31524.000000  0.040496
31726.000000  0.109823
31872.000000  -0.080108
31957.000000  -0.150539
31990.000000  0.160602
32033.000000  0.177178
32122.000000  -0.644207
32240.000000  0.044071
32398.000000  0.024180
32573.000000  -0.056170
32765.000000  0.059527
33006.000000  0.080057
33197.000000  -0.116961
33315.000000  -0.043172
33364.000000  -0.095991
33542.000000  0.029120
33663.000000  0.101885
33756.000000  0.011690
33854.000000  -0.152830
33940.000000  0.126355
34061.000000  0.078933
34197.000000  -0.019508
34284.000000  0.019340
34384.000000  0.082511
34574.000000  0.026351
34741.000000  -0.285794
34916.000000  0.001643
35055.000000  -0.004257
35207.000000  0.007328
35364.000000  0.002572
35538.000000  0.001822
35707.000000  -0.011360
35935.000000  0.038509
36079.000000  -0.031079
36191.000000  -0.047199
36294.000000  -0.020065
36366.000000  -0.030891
36469.000000  0.006751
36553.000000  0.004262
36620.000000  -0.016037
36652.000000  -0.011548
36765.000000  0.014362
36861.000000  0.010026
36990.000000  0.020053
37081.000000  0.027026
37164.000000  -0.022201
37243.000000  -0.024434
37336.000000  0.005884
37414.000000  0.008207
37495.000000  -0.018934
37572.000000  0.007616
37616.000000  -0.004800
37746.000000  0.044223
37856.000000  0.040649
37931.000000  -0.026945
38063.000000  0.003483
38107.000000  0.001760
38134.000000  -0.046925
38175.000000  0.096827
38280.000000  0.166873
38321.000000  -0.303099
38361.000000  0.000668
38508.000000  0.044767
38684.000000  0.039434
38884.000000  -0.004731
39034.000000  -0.000236
39099.000000  -0.044885
39113.000000  -0.024539
39228.000000  0.040908
39376.000000  0.005969
39550.000000  0.005187
39657.000000  -0.013380
39744.000000  0.001726
39835.000000  -0.016594
39868.000000  -0.025727
39877.000000  -0.014673
39925.000000  0.009182
40003.000000  0.015479
40085.000000  0.035428
40199.000000  -0.009444
40279.000000  -0.006268
40323.000000  -0.011035
40324.000000  -0.038042
40375.000000  0.012398
40464.000000  0.014652
40562.000000  0.012130
40667.000000  0.021787
40755.000000  -0.010484
40796.000000  -0.010633
40820.000000  -0.012605
