995.000000  69.828369
1212.000000  69.948738
1397.000000  72.274422
1596.000000  71.329147
1866.000000  73.852837
2162.000000  76.683060
2456.000000  74.407951
2779.000000  75.184418
3063.000000  76.997276
3359.000000  76.517166
3625.000000  78.680397
3923.000000  78.653351
4246.000000  80.600601
4567.000000  76.104553
4834.000000  76.215767
5026.000000  72.052979
5263.000000  75.717735
5531.000000  73.970161
5831.000000  76.106888
6036.000000  68.665871
6178.000000  64.631004
6324.000000  62.550659
6547.000000  62.857014
6746.000000  65.357758
6899.000000  58.291454
7091.000000  56.543327
7344.000000  34.467972
7600.000000  55.771362
7860.000000  49.842506
8127.000000  45.869484
8357.000000  30.331484
8499.000000  33.219711
8768.000000  24.074511
8973.000000  24.794437
9223.000000  34.857872
9437.000000  23.340822
9671.000000  30.706713
9889.000000  24.644188
10137.000000  18.172134
10343.000000  57.003849
10403.000000  49.497288
10483.000000  51.949501
10591.000000  48.962845
10686.000000  58.149521
10755.000000  48.149868
10820.000000  50.915699
10878.000000  53.176277
10935.000000  46.194672
11017.000000  43.038750
11269.000000  56.174660
11486.000000  58.665627
11782.000000  60.467632
12046.000000  43.599529
12297.000000  53.734119
12466.000000  31.616619
12667.000000  33.762001
12896.000000  44.733189
13046.000000  34.767906
13235.000000  50.090919
13371.000000  47.559467
13453.000000  45.400112
13520.000000  56.910187
13600.000000  20.562429
13707.000000  48.227257
13818.000000  51.601540
13985.000000  33.445221
14227.000000  40.556816
14509.000000  47.070141
14764.000000  47.597301
15030.000000  58.317711
15273.000000  58.355118
15532.000000  51.487965
15718.000000  51.350563
15863.000000  54.244812
16008.000000  45.676907
16169.000000  33.740894
16352.000000  53.205555
16507.000000  51.561588
16654.000000  52.595848
16823.000000  49.181816
16994.000000  50.279583
17109.000000  43.783665
17190.000000  42.284073
17336.000000  42.963417
17482.000000  42.337215
17648.000000  46.155792
17730.000000  37.664547
17957.000000  47.819633
18186.000000  51.054394
18495.000000  50.467819
18744.000000  52.682270
19047.000000  54.031788
19208.000000  45.129223
19434.000000  50.203686
19596.000000  51.755463
19768.000000  53.362919
19883.000000  53.162502
19911.000000  44.578499
20030.000000  48.242729
20156.000000  42.121964
20198.000000  31.293875
20366.000000  40.556953
20381.000000  30.287060
20482.000000  49.388153
20596.000000  44.315044
20688.000000  47.187771
20836.000000  36.698246
21012.000000  29.853067
21128.000000  30.383221
21282.000000  28.026947
21396.000000  29.096910
21512.000000  32.309132
21670.000000  38.020100
21847.000000  40.162666
22051.000000  36.328697
22267.000000  38.463501
22498.000000  32.372166
22712.000000  33.267033
22908.000000  39.333359
23075.000000  35.586044
23249.000000  54.318691
23411.000000  48.600666
23604.000000  49.511200
23820.000000  53.206779
24064.000000  49.425560
24318.000000  50.798935
24521.000000  48.227898
24723.000000  52.194637
25042.000000  54.914253
25375.000000  57.352085
25625.000000  58.075314
25896.000000  40.772495
26187.000000  45.551510
26354.000000  41.548809
26489.000000  26.454540
26683.000000  34.517632
26902.000000  48.351021
27179.000000  60.319393
27407.000000  53.710407
27590.000000  39.266457
27760.000000  31.478655
27957.000000  34.841305
28122.000000  32.074753
28328.000000  51.186310
28589.000000  60.210182
28870.000000  63.847427
29076.000000  61.316532
29318.000000  33.918255
29525.000000  41.975964
29719.000000  66.014847
30004.000000  42.357555
30300.000000  37.777691
30507.000000  37.928036
30754.000000  44.669941
31037.000000  50.607864
31296.000000  64.726814
31524.000000  66.266289
31726.000000  69.643578
31872.000000  66.475311
31957.000000  60.887901
31990.000000  66.176567
32033.000000  71.618340
32122.000000  38.890465
32240.000000  43.836613
32398.000000  44.200520
32573.000000  40.410511
32765.000000  46.600445
33006.000000  51.505535
33197.000000  41.326416
33315.000000  37.723934
33364.000000  24.731833
33542.000000  28.199186
33663.000000  40.956993
33756.000000  43.160828
33854.000000  22.315516
33940.000000  39.224022
34061.000000  46.776096
34197.000000  45.505524
34284.000000  46.576069
34384.000000  52.250298
34574.000000  54.185589
34741.000000  26.665369
34916.000000  27.029314
35055.000000  26.098600
35207.000000  25.979721
35364.000000  27.649788
35538.000000  27.281267
35707.000000  25.838459
35935.000000  30.751696
36079.000000  26.797316
36191.000000  18.019093
36294.000000  14.684478
36366.000000  7.931621
36469.000000  8.879071
36553.000000  10.224718
36620.000000  6.493590
36652.000000  3.649120
36765.000000  7.205835
36861.000000  9.442498
36990.000000  13.786610
37081.000000  19.361914
37164.000000  14.964932
37243.000000  9.151031
37336.000000  10.658928
37414.000000  12.692970
37495.000000  8.358470
37572.000000  10.650255
37616.000000  9.109815
37746.000000  17.546240
37856.000000  24.971626
37931.000000  19.497931
38063.000000  20.082708
38107.000000  21.194628
38134.000000  12.606436
38175.000000  28.313511
38280.000000  46.772556
38321.000000  3.551395
38361.000000  3.769238
38508.000000  13.719967
38684.000000  21.168413
38884.000000  20.250143
39034.000000  19.051025
39099.000000  11.546044
39113.000000  6.065846
39228.000000  14.627129
39376.000000  14.863399
39550.000000  16.604454
39657.000000  13.940881
39744.000000  14.068386
39835.000000  10.843674
39868.000000  5.723436
39877.000000  1.859792
39925.000000  4.111202
40003.000000  7.874600
40085.000000  15.428129
40199.000000  12.936444
40279.000000  11.865095
40323.000000  9.453146
40324.000000  0.606816
40375.000000  3.883200
40464.000000  7.455838
40562.000000  9.560303
40667.000000  14.512629
40755.000000  12.177032
40796.000000  9.966576
40820.000000  7.321535
