269.000000  0.073951
321.000000  0.040765
362.000000  0.041023
396.000000  0.039467
427.000000  0.034974
462.000000  0.037112
485.000000  0.033957
510.000000  0.034777
548.000000  0.058183
600.000000  0.054130
637.000000  0.056898
694.000000  0.058274
747.000000  0.076812
789.000000  0.054316
818.000000  0.041817
850.000000  0.048772
888.000000  0.061809
958.000000  0.073795
966.000000  0.023473
1010.000000  0.057311
1062.000000  0.068777
1102.000000  0.076173
1164.000000  0.072848
1202.000000  0.057942
1237.000000  0.065875
1264.000000  0.051570
1295.000000  0.054377
1337.000000  0.054577
1371.000000  0.048454
1401.000000  0.057794
1421.000000  0.045792
1455.000000  0.081538
1476.000000  0.057989
1527.000000  0.057012
1557.000000  0.050028
1576.000000  0.036111
1610.000000  0.062909
1659.000000  0.058136
1679.000000  0.037895
1722.000000  0.078721
1742.000000  0.045022
1774.000000  0.098475
1805.000000  0.060438
1851.000000  0.082655
1866.000000  0.049113
1899.000000  0.074153
1946.000000  0.076967
1990.000000  0.066222
2003.000000  0.038244
2030.000000  0.051777
2061.000000  0.054148
2095.000000  0.056495
2133.000000  0.073820
2166.000000  0.079386
2208.000000  0.067679
2231.000000  0.068195
2276.000000  0.063507
2308.000000  0.072447
2349.000000  0.057151
2369.000000  0.056564
2391.000000  0.066975
2421.000000  0.072469
2444.000000  0.064525
2460.000000  0.073881
2488.000000  0.056880
2534.000000  0.077434
2577.000000  0.082254
2604.000000  0.052916
2638.000000  0.078802
2670.000000  0.079925
2694.000000  0.078450
2722.000000  0.076821
2747.000000  0.085098
2782.000000  0.075128
2784.000000  0.028179
2812.000000  0.108320
2814.000000  0.048077
2834.000000  0.074132
2849.000000  0.068004
2874.000000  0.090729
2907.000000  0.073875
2913.000000  0.041800
2918.000000  0.040214
2949.000000  0.081961
2977.000000  0.089077
2983.000000  0.045133
3006.000000  0.096648
3022.000000  0.079346
3039.000000  0.084355
3059.000000  0.074649
3067.000000  0.057596
3086.000000  0.073202
3112.000000  0.055708
3139.000000  0.052002
3142.000000  0.044150
3158.000000  0.058155
3176.000000  0.056866
3200.000000  0.062235
3219.000000  0.053220
3242.000000  0.052706
3267.000000  0.048093
3306.000000  0.069318
3336.000000  0.080278
3369.000000  0.083185
3404.000000  0.085677
3432.000000  0.086220
3463.000000  0.077567
3487.000000  0.073388
3526.000000  0.088797
3541.000000  0.054157
3550.000000  0.070793
3576.000000  0.083492
3610.000000  0.097531
3642.000000  0.067851
3688.000000  0.101497
3729.000000  0.102408
3753.000000  0.096852
3790.000000  0.127341
3822.000000  0.109139
3844.000000  0.137323
3868.000000  0.090647
3891.000000  0.100175
3928.000000  0.149798
3958.000000  0.156908
4000.000000  0.152226
4032.000000  0.139701
4093.000000  0.195309
4112.000000  0.138491
4130.000000  0.063073
4145.000000  0.054690
4158.000000  0.071767
4182.000000  0.064685
4196.000000  0.135011
4208.000000  0.118793
4221.000000  0.133219
4239.000000  0.118560
4254.000000  0.125220
4275.000000  0.119004
4290.000000  0.126702
4309.000000  0.111370
4337.000000  0.119966
4359.000000  0.105146
4380.000000  0.089370
4402.000000  0.063751
4426.000000  0.067852
4450.000000  0.101078
4465.000000  0.060978
4476.000000  0.082081
4498.000000  0.092373
4526.000000  0.115845
4530.000000  0.071826
4550.000000  0.077047
4562.000000  0.090948
4593.000000  0.150328
4638.000000  0.148685
4663.000000  0.075191
4709.000000  0.149604
4735.000000  0.113303
4770.000000  0.115508
4789.000000  0.150542
4819.000000  0.137473
4857.000000  0.134578
4906.000000  0.175399
4961.000000  0.174794
4996.000000  0.156112
5018.000000  0.136917
5058.000000  0.161798
5096.000000  0.171981
5137.000000  0.143835
5155.000000  0.146259
5178.000000  0.096397
5230.000000  0.170482
5257.000000  0.156800
5293.000000  0.164996
5329.000000  0.187653
5342.000000  0.160456
5376.000000  0.176223
5399.000000  0.136254
5426.000000  0.195741
5458.000000  0.219452
5482.000000  0.172589
5513.000000  0.232490
5548.000000  0.215163
5581.000000  0.202943
5602.000000  0.140212
5630.000000  0.143246
5659.000000  0.142378
5675.000000  0.116740
5702.000000  0.119338
5725.000000  0.140880
5750.000000  0.093413
5776.000000  0.117995
5801.000000  0.071486
5812.000000  0.075208
5832.000000  0.084903
5854.000000  0.090835
5870.000000  0.087811
5891.000000  0.094735
5913.000000  0.096214
5925.000000  0.088406
5953.000000  0.091078
5982.000000  0.101147
6026.000000  0.099111
6027.000000  0.056974
6057.000000  0.105951
6082.000000  0.112529
6101.000000  0.087179
6113.000000  0.067466
6143.000000  0.089215
6156.000000  0.090176
6182.000000  0.089865
6205.000000  0.113297
6245.000000  0.097185
6272.000000  0.086625
6300.000000  0.085847
6327.000000  0.095023
6349.000000  0.081987
6387.000000  0.104417
6407.000000  0.105755
6430.000000  0.109268
6464.000000  0.112262
6486.000000  0.115832
6509.000000  0.125242
6529.000000  0.150874
6560.000000  0.145674
6583.000000  0.121501
6618.000000  0.152394
6648.000000  0.128024
6666.000000  0.097929
6706.000000  0.151306
6729.000000  0.124619
6769.000000  0.135857
6807.000000  0.145845
6837.000000  0.147787
6869.000000  0.105592
6915.000000  0.187514
6934.000000  0.126234
6964.000000  0.131567
6986.000000  0.107857
7042.000000  0.151192
7093.000000  0.119124
7148.000000  0.130702
7163.000000  0.080447
7188.000000  0.114796
7198.000000  0.103653
7212.000000  0.118687
7225.000000  0.141045
7235.000000  0.126174
7254.000000  0.134070
7266.000000  0.132754
7276.000000  0.090167
7287.000000  0.106344
7309.000000  0.087536
7309.000000  0.067908
7326.000000  0.089493
7335.000000  0.085633
7354.000000  0.091495
7371.000000  0.075301
7389.000000  0.100283
7409.000000  0.172503
7441.000000  0.221356
7474.000000  0.238357
7485.000000  0.237955
7503.000000  0.247839
7523.000000  0.242232
7539.000000  0.164836
7571.000000  0.260228
7606.000000  0.186766
7645.000000  0.253994
7675.000000  0.101179
7690.000000  0.088319
7714.000000  0.097178
7739.000000  0.091530
7765.000000  0.100849
7797.000000  0.093919
7798.000000  0.084781
7827.000000  0.111238
7861.000000  0.116481
7875.000000  0.094783
7895.000000  0.117309
7923.000000  0.111987
7941.000000  0.090989
7966.000000  0.097795
7994.000000  0.115255
8017.000000  0.128688
8036.000000  0.131028
8056.000000  0.118531
8057.000000  0.071721
8094.000000  0.181679
8114.000000  0.163611
8138.000000  0.107892
8167.000000  0.158053
8189.000000  0.117183
8214.000000  0.115479
8234.000000  0.113144
8249.000000  0.101734
8263.000000  0.121543
8277.000000  0.104980
8287.000000  0.112480
8302.000000  0.109793
8318.000000  0.099754
8336.000000  0.219040
8349.000000  0.098330
8362.000000  0.236134
8380.000000  0.285364
8418.000000  0.110734
8435.000000  0.141320
8454.000000  0.112076
8479.000000  0.121194
8505.000000  0.143417
8527.000000  0.153339
8551.000000  0.133907
8586.000000  0.149439
8586.000000  0.085217
8607.000000  0.143440
8636.000000  0.157115
8658.000000  0.162846
8683.000000  0.151317
8719.000000  0.110005
8743.000000  0.131864
8768.000000  0.144051
8784.000000  0.114270
8805.000000  0.133349
8818.000000  0.113446
8835.000000  0.114228
8852.000000  0.156188
8867.000000  0.117992
8895.000000  0.163071
8899.000000  0.113623
8920.000000  0.149974
8937.000000  0.137093
8957.000000  0.157630
8972.000000  0.123442
8986.000000  0.153317
9001.000000  0.086771
9016.000000  0.121581
9020.000000  0.093689
9028.000000  0.096804
9041.000000  0.095674
9061.000000  0.135669
9072.000000  0.119913
9080.000000  0.121034
9092.000000  0.115946
9100.000000  0.099038
9114.000000  0.135377
9121.000000  0.123345
9151.000000  0.091468
9165.000000  0.099814
9167.000000  0.104874
9186.000000  0.110135
9186.000000  0.083368
9209.000000  0.106168
9228.000000  0.116804
9245.000000  0.104498
9269.000000  0.090153
9284.000000  0.095077
9292.000000  0.098748
9304.000000  0.107477
9326.000000  0.111050
9347.000000  0.121740
9362.000000  0.119126
9389.000000  0.151024
9419.000000  0.095438
9443.000000  0.113864
9484.000000  0.094768
9512.000000  0.090728
9521.000000  0.088452
9528.000000  0.089462
9542.000000  0.124639
9569.000000  0.124347
9595.000000  0.127456
9617.000000  0.141824
9649.000000  0.101548
9693.000000  0.118849
9706.000000  0.097103
9740.000000  0.112876
9764.000000  0.120789
9779.000000  0.105788
9807.000000  0.115180
9833.000000  0.132685
9848.000000  0.105278
9866.000000  0.104820
9866.000000  0.091577
9885.000000  0.103634
9896.000000  0.088858
9913.000000  0.119587
9916.000000  0.088468
9923.000000  0.086604
9931.000000  0.094405
9939.000000  0.100085
9955.000000  0.110801
9963.000000  0.120988
9973.000000  0.094081
9983.000000  0.085675
9985.000000  0.081296
9993.000000  0.084637
9997.000000  0.102750
9999.000000  0.088841
10025.000000  0.101082
10065.000000  0.109068
10089.000000  0.101623
10109.000000  0.105171
10126.000000  0.107351
10141.000000  0.101300
10175.000000  0.125712
10199.000000  0.105992
10218.000000  0.104021
10235.000000  0.104790
10245.000000  0.110666
10249.000000  0.092247
10256.000000  0.111692
10263.000000  0.091887
10280.000000  0.112218
10296.000000  0.105507
10316.000000  0.097276
10324.000000  0.096710
10338.000000  0.102475
10345.000000  0.092415
10360.000000  0.093034
10369.000000  0.108932
10379.000000  0.092812
