269.000000  0.059733
321.000000  -0.025884
362.000000  -0.000189
396.000000  -0.001283
427.000000  -0.004548
462.000000  0.001565
485.000000  -0.003576
510.000000  0.001109
548.000000  0.019282
600.000000  -0.001671
637.000000  0.003051
694.000000  0.000875
747.000000  0.017098
789.000000  -0.021949
818.000000  -0.012263
850.000000  0.005477
888.000000  0.013506
958.000000  0.010666
966.000000  -0.048978
1010.000000  0.032609
1062.000000  0.009702
1102.000000  0.007968
1164.000000  -0.003857
1202.000000  -0.014793
1237.000000  0.006766
1264.000000  -0.013097
1295.000000  0.001692
1337.000000  0.000042
1371.000000  -0.006636
1401.000000  0.008439
1421.000000  -0.011026
1455.000000  0.035216
1476.000000  -0.023107
1527.000000  -0.001630
1557.000000  -0.007028
1576.000000  -0.015137
1610.000000  0.018004
1659.000000  0.003401
1679.000000  -0.019392
1722.000000  0.039906
1742.000000  -0.033913
1774.000000  0.045485
1805.000000  -0.031424
1851.000000  0.021978
1866.000000  -0.032503
1899.000000  0.022952
1946.000000  0.004007
1990.000000  -0.020427
2003.000000  -0.018533
2030.000000  0.012416
2061.000000  0.002409
2095.000000  0.001336
2133.000000  0.017441
2166.000000  0.005403
2208.000000  -0.012467
2231.000000  -0.006621
2276.000000  0.002632
2308.000000  -0.006275
2349.000000  -0.000542
2369.000000  -0.000791
2391.000000  0.008202
2421.000000  -0.002160
2444.000000  0.001361
2460.000000  0.008489
2488.000000  -0.016246
2534.000000  0.019300
2577.000000  0.004627
2604.000000  -0.029882
2638.000000  0.026204
2670.000000  -0.001012
2694.000000  0.000235
2722.000000  -0.001724
2747.000000  0.000078
2782.000000  -0.002130
2784.000000  -0.047551
2812.000000  0.078405
2814.000000  -0.058846
2834.000000  0.026698
2849.000000  -0.007962
2874.000000  0.022906
2907.000000  -0.017690
2913.000000  -0.037968
2918.000000  0.001489
2949.000000  0.046024
2977.000000  0.006050
2983.000000  -0.046585
3006.000000  0.053389
3022.000000  -0.018286
3039.000000  0.006944
3059.000000  -0.009299
3067.000000  -0.016843
3086.000000  0.015137
3112.000000  -0.017248
3139.000000  -0.004855
3142.000000  -0.015921
3158.000000  0.020687
3176.000000  -0.002895
3200.000000  0.001216
3219.000000  -0.002806
3242.000000  -0.000302
3267.000000  -0.005371
3306.000000  0.020992
3336.000000  0.011277
3369.000000  -0.000675
3404.000000  0.004491
3432.000000  0.000368
3463.000000  -0.007763
3487.000000  -0.006191
3526.000000  0.017405
3541.000000  -0.035943
3550.000000  0.014781
3576.000000  0.014774
3610.000000  0.009778
3642.000000  -0.024999
3688.000000  0.032007
3729.000000  -0.001379
3753.000000  -0.006249
3790.000000  0.029989
3822.000000  -0.018408
3844.000000  0.028630
3868.000000  -0.046020
3891.000000  0.007461
3928.000000  0.049810
3958.000000  -0.003629
4000.000000  0.003878
4032.000000  -0.011929
4093.000000  0.055903
4112.000000  -0.055456
4130.000000  -0.077830
4145.000000  -0.004320
4158.000000  0.010635
4182.000000  -0.000839
4196.000000  0.065025
4208.000000  -0.014079
4221.000000  0.013796
4239.000000  -0.012105
4254.000000  0.004841
4275.000000  -0.006672
4290.000000  0.003323
4309.000000  -0.010518
4337.000000  0.008672
4359.000000  -0.013636
4380.000000  -0.018926
4402.000000  -0.023171
4426.000000  0.004785
4450.000000  0.031073
4465.000000  -0.043531
4476.000000  0.025993
4498.000000  0.005503
4526.000000  0.025285
4530.000000  -0.042493
4550.000000  0.006476
4562.000000  0.011877
4593.000000  0.056931
4638.000000  -0.002704
4663.000000  -0.070055
4709.000000  0.070424
4735.000000  -0.033392
4770.000000  0.000442
4789.000000  0.033802
4819.000000  -0.015195
4857.000000  -0.000190
4906.000000  0.040168
4961.000000  -0.009035
4996.000000  -0.013008
5018.000000  -0.017095
5058.000000  0.025172
5096.000000  0.007898
5137.000000  -0.028304
5155.000000  -0.004188
5178.000000  -0.041714
5230.000000  0.065212
5257.000000  -0.005802
5293.000000  0.008259
5329.000000  0.017433
5342.000000  -0.023250
5376.000000  0.011641
5399.000000  -0.034858
5426.000000  0.055210
5458.000000  0.024043
5482.000000  -0.045189
5513.000000  0.042996
5548.000000  -0.007095
5581.000000  -0.009273
5602.000000  -0.059120
5630.000000  -0.000480
5659.000000  0.001435
5675.000000  -0.025677
5702.000000  0.005339
5725.000000  0.016661
5750.000000  -0.043612
5776.000000  0.018467
5801.000000  -0.040692
5812.000000  0.003944
5832.000000  0.006252
5854.000000  0.008744
5870.000000  -0.002981
5891.000000  -0.000365
5913.000000  0.009685
5925.000000  -0.010299
5953.000000  0.000493
5982.000000  0.000730
6026.000000  0.010605
6027.000000  -0.042931
6057.000000  0.046903
6082.000000  0.001764
6101.000000  -0.017884
6113.000000  -0.020027
6143.000000  0.019392
6156.000000  -0.014394
6182.000000  0.017096
6205.000000  0.019091
6245.000000  -0.029084
6272.000000  0.004259
6300.000000  -0.001977
6327.000000  0.008577
6349.000000  -0.012280
6387.000000  0.022577
6407.000000  -0.019176
6430.000000  0.014391
6464.000000  0.012758
6486.000000  0.003322
6509.000000  0.009081
6529.000000  0.023773
6560.000000  -0.005359
6583.000000  -0.023146
6618.000000  0.025817
6648.000000  -0.021580
6666.000000  -0.029059
6706.000000  0.050993
6729.000000  -0.029123
6769.000000  0.013288
6807.000000  0.007198
6837.000000  -0.002173
6869.000000  -0.033046
6915.000000  0.075204
6934.000000  -0.057215
6964.000000  0.005090
6986.000000  -0.022324
7042.000000  0.034043
7093.000000  -0.023335
7148.000000  0.011164
7163.000000  -0.051046
7188.000000  0.028502
7198.000000  -0.004074
7212.000000  0.013482
7225.000000  0.013292
7235.000000  -0.017066
7254.000000  0.012295
7266.000000  -0.000486
7276.000000  -0.046262
7287.000000  0.018437
7309.000000  -0.012767
7309.000000  -0.022874
7326.000000  0.023668
7335.000000  -0.008805
7354.000000  0.013147
7371.000000  -0.016892
7389.000000  0.025526
7409.000000  0.070118
7441.000000  0.047081
7474.000000  0.014222
7485.000000  -0.002075
7503.000000  -0.002331
7523.000000  0.001799
7539.000000  -0.069985
7571.000000  0.086482
7606.000000  -0.072231
7645.000000  0.072160
7675.000000  -0.156985
7690.000000  -0.001909
7714.000000  0.001104
7739.000000  0.000127
7765.000000  0.004026
7797.000000  -0.001488
7798.000000  -0.017598
7827.000000  0.034473
7861.000000  0.003413
7875.000000  -0.032035
7895.000000  0.030857
7923.000000  -0.002305
7941.000000  -0.018837
7966.000000  -0.000680
7994.000000  0.021952
8017.000000  0.010374
8036.000000  -0.003928
8056.000000  -0.004473
8057.000000  -0.046612
8094.000000  0.108519
8114.000000  -0.016953
8138.000000  -0.057955
8167.000000  0.052567
8189.000000  -0.043258
8214.000000  -0.000108
8234.000000  -0.011143
8249.000000  -0.002280
8263.000000  -0.001311
8277.000000  0.003346
8287.000000  -0.009741
8302.000000  0.013558
8318.000000  -0.007942
8336.000000  0.112100
8349.000000  -0.115306
8362.000000  0.132605
8380.000000  0.050543
8418.000000  -0.172651
8435.000000  0.010577
8454.000000  -0.014539
8479.000000  0.005849
8505.000000  0.031522
8527.000000  -0.007407
8551.000000  -0.002397
8586.000000  0.012413
8586.000000  -0.071872
8607.000000  0.068124
8636.000000  0.009067
8658.000000  -0.006857
8683.000000  0.007572
8719.000000  -0.043510
8743.000000  0.019373
8768.000000  0.016147
8784.000000  -0.029523
8805.000000  0.009809
8818.000000  -0.011963
8835.000000  -0.001023
8852.000000  0.040192
8867.000000  -0.037982
8895.000000  0.044181
8899.000000  -0.066457
8920.000000  0.042341
8937.000000  -0.001559
8957.000000  0.012373
8972.000000  -0.025321
8986.000000  0.018099
9001.000000  -0.052133
9016.000000  0.016041
9020.000000  -0.010463
9028.000000  -0.001419
9041.000000  0.004625
9061.000000  0.037532
9072.000000  -0.021774
9080.000000  -0.010148
9092.000000  0.001218
9100.000000  -0.005544
9114.000000  0.038001
9121.000000  -0.014436
9151.000000  -0.030885
9165.000000  0.001247
9167.000000  0.011925
9186.000000  0.005148
9186.000000  -0.032092
9209.000000  0.022160
9228.000000  0.004133
9245.000000  -0.014726
9269.000000  -0.000451
9284.000000  0.002682
9292.000000  0.006532
9304.000000  0.009881
9326.000000  0.002916
9347.000000  0.002810
9362.000000  0.000841
9389.000000  0.026198
9419.000000  -0.048047
9443.000000  -0.002641
9484.000000  -0.001238
9512.000000  -0.001798
9521.000000  -0.005375
9528.000000  -0.002568
9542.000000  0.043733
9569.000000  -0.001018
9595.000000  0.000236
9617.000000  0.016622
9649.000000  -0.038708
9693.000000  0.010809
9706.000000  -0.014646
9740.000000  0.008604
9764.000000  0.010499
9779.000000  -0.011554
9807.000000  0.005171
9833.000000  -0.003796
9848.000000  -0.006088
9866.000000  0.001416
9866.000000  -0.022606
9885.000000  0.010778
9896.000000  -0.002868
9913.000000  0.016526
9916.000000  -0.020654
9923.000000  0.001391
9931.000000  -0.002841
9939.000000  0.011344
9955.000000  0.005838
9963.000000  -0.003586
9973.000000  -0.011854
9983.000000  -0.000899
9985.000000  -0.001942
9993.000000  0.002580
9997.000000  0.000156
9999.000000  -0.000966
10025.000000  0.014419
10065.000000  0.000943
10089.000000  -0.000178
10109.000000  0.000647
10126.000000  -0.004431
10141.000000  0.002138
10175.000000  0.008860
10199.000000  -0.004567
10218.000000  -0.001988
10235.000000  0.003384
10245.000000  0.001765
10249.000000  -0.014706
10256.000000  0.004940
10263.000000  -0.008908
10280.000000  0.003220
10296.000000  0.011168
10316.000000  -0.006696
10324.000000  -0.004431
10338.000000  0.004663
10345.000000  -0.006386
10360.000000  0.000902
10369.000000  0.004243
10379.000000  -0.002443
