995.000000  0.224563
1210.000000  0.152697
1429.000000  0.178774
1663.000000  0.169487
1914.000000  0.179835
2186.000000  0.213492
2450.000000  0.249413
2508.000000  0.141721
2759.000000  0.258046
3070.000000  0.261146
3361.000000  0.250951
3598.000000  0.228314
3698.000000  0.218627
3988.000000  0.290964
4269.000000  0.264904
4562.000000  0.284211
4605.000000  0.158455
4831.000000  0.296809
5101.000000  0.271698
5206.000000  0.224483
5455.000000  0.303223
5679.000000  0.293903
5835.000000  0.256713
5964.000000  0.166545
6089.000000  0.146235
6361.000000  0.212935
6592.000000  0.243635
6794.000000  0.242455
6872.000000  0.195827
7094.000000  0.270857
7301.000000  0.285621
7541.000000  0.259412
7720.000000  0.248172
7915.000000  0.248597
8191.000000  0.253837
8465.000000  0.273171
8728.000000  0.294139
8974.000000  0.309732
9220.000000  0.306332
9367.000000  0.258410
9492.000000  0.228479
9654.000000  0.254059
9760.000000  0.240599
9890.000000  0.283158
10082.000000  0.291391
10176.000000  0.230541
10316.000000  0.254462
10480.000000  0.242936
10670.000000  0.278706
10826.000000  0.260314
10910.000000  0.203145
11034.000000  0.283475
11065.000000  0.231304
11165.000000  0.303962
11277.000000  0.304563
11408.000000  0.287863
11544.000000  0.282966
11684.000000  0.318520
11878.000000  0.291096
11996.000000  0.223844
12254.000000  0.267620
12458.000000  0.319944
12685.000000  0.362469
12941.000000  0.348805
13141.000000  0.365796
13325.000000  0.461444
13474.000000  0.479254
13614.000000  0.315835
13720.000000  0.247678
13860.000000  0.295971
14022.000000  0.337251
14121.000000  0.321278
14227.000000  0.303281
14370.000000  0.456248
14504.000000  0.500055
14650.000000  0.476993
14851.000000  0.516198
15007.000000  0.402705
15153.000000  0.384335
15298.000000  0.401630
15403.000000  0.424638
15505.000000  0.377086
15658.000000  0.349247
15807.000000  0.384495
15918.000000  0.337070
16057.000000  0.401369
16190.000000  0.417530
16340.000000  0.315843
16455.000000  0.372272
16564.000000  0.418479
16650.000000  0.332046
16743.000000  0.357237
16840.000000  0.350532
16952.000000  0.363580
17073.000000  0.366074
17199.000000  0.387258
17326.000000  0.384926
17468.000000  0.368997
17674.000000  0.357026
17843.000000  0.364117
18008.000000  0.338440
18163.000000  0.344523
18450.000000  0.439985
18677.000000  0.464192
18864.000000  0.453479
18990.000000  0.386806
19211.000000  0.395950
19443.000000  0.428548
19554.000000  0.443062
19762.000000  0.408813
19898.000000  0.363887
20042.000000  0.344463
20211.000000  0.361872
20337.000000  0.367560
20561.000000  0.363789
20722.000000  0.390753
20873.000000  0.362495
21055.000000  0.357452
21266.000000  0.393912
21555.000000  0.426814
21839.000000  0.445836
22130.000000  0.461328
22432.000000  0.491608
22736.000000  0.513934
22925.000000  0.562997
23102.000000  0.633793
23239.000000  0.682905
23376.000000  0.336103
23464.000000  0.355620
23539.000000  0.346567
23623.000000  0.364877
23717.000000  0.409070
23812.000000  0.600965
23871.000000  0.585439
23930.000000  0.696682
23933.000000  0.234535
24091.000000  0.508571
24255.000000  0.854866
24352.000000  0.757780
24463.000000  0.590344
24576.000000  0.691023
24651.000000  0.719304
24745.000000  0.769221
24810.000000  0.768977
24878.000000  0.743126
25008.000000  0.838113
25238.000000  0.388579
25348.000000  0.334123
25449.000000  0.325772
25560.000000  0.330003
25626.000000  0.315075
25783.000000  0.436625
25929.000000  0.563979
26088.000000  0.524635
26233.000000  0.501114
26357.000000  0.514530
26484.000000  0.481950
26637.000000  0.542764
26760.000000  0.389195
26871.000000  0.438429
26988.000000  0.352732
27147.000000  0.382292
27350.000000  0.418509
27574.000000  0.500346
27733.000000  0.444591
27957.000000  0.572277
28206.000000  0.593706
28478.000000  0.669552
28707.000000  0.704384
28884.000000  0.747123
29056.000000  0.913622
29157.000000  0.403491
29242.000000  0.350724
29363.000000  0.389493
29502.000000  0.386420
29637.000000  0.415819
29853.000000  0.489011
30036.000000  0.505969
30167.000000  0.470432
30307.000000  0.521165
30446.000000  0.476371
30542.000000  0.501047
30596.000000  0.380839
30690.000000  0.374736
30808.000000  0.357006
30900.000000  0.360118
30997.000000  0.403269
31111.000000  0.430575
31197.000000  0.547627
31287.000000  0.605790
31382.000000  0.665841
31465.000000  0.620119
31569.000000  0.635377
31735.000000  0.436921
31903.000000  0.513771
32021.000000  0.509264
32254.000000  0.624098
32463.000000  0.589841
32635.000000  0.595790
32777.000000  0.889509
32900.000000  0.944552
33027.000000  0.565167
33180.000000  0.603011
33246.000000  0.462722
33329.000000  0.447292
33415.000000  0.385240
33507.000000  0.346441
33618.000000  0.407093
33757.000000  0.439399
33887.000000  0.528547
34047.000000  0.476466
34203.000000  0.478593
34379.000000  0.457017
34507.000000  0.426554
34713.000000  0.487824
34864.000000  0.473124
35002.000000  0.433002
35117.000000  0.426110
35250.000000  0.408129
35423.000000  0.426194
35513.000000  0.456289
35576.000000  0.403659
35636.000000  0.442292
35692.000000  0.414152
35776.000000  0.482802
35826.000000  0.453316
35884.000000  0.494024
36029.000000  0.535297
36209.000000  0.593914
36331.000000  0.502487
36403.000000  0.411757
36512.000000  0.422443
36603.000000  0.414114
36655.000000  0.390767
36700.000000  0.408499
36797.000000  0.444681
36935.000000  0.477611
37009.000000  0.445173
37102.000000  0.497104
37225.000000  0.517820
37335.000000  0.566311
37467.000000  0.603523
37593.000000  0.613671
37735.000000  0.480910
37871.000000  0.436716
38024.000000  0.431880
38130.000000  0.455170
38206.000000  0.528876
38286.000000  0.468050
38368.000000  0.559541
38426.000000  0.447349
38458.000000  0.497104
38477.000000  0.656118
38479.000000  0.352922
38509.000000  0.456879
38538.000000  0.490510
38573.000000  0.552878
38612.000000  0.525176
38674.000000  0.492100
38726.000000  0.448859
38779.000000  0.423326
38837.000000  0.401950
38903.000000  0.422027
38995.000000  0.444176
39040.000000  0.418864
39096.000000  0.399566
39134.000000  0.584663
39172.000000  0.556264
39225.000000  0.576046
39248.000000  0.642104
39253.000000  0.655971
39294.000000  0.537457
39394.000000  0.577035
39487.000000  0.505212
39533.000000  0.423573
39585.000000  0.420177
39648.000000  0.431447
39678.000000  0.428469
39722.000000  0.441889
39770.000000  0.401236
39824.000000  0.416991
39923.000000  0.444260
40021.000000  0.438383
40108.000000  0.434725
40165.000000  0.440288
40238.000000  0.427757
40309.000000  0.420724
40338.000000  0.429017
40356.000000  0.402761
40381.000000  0.421842
40474.000000  0.454622
40534.000000  0.437042
40587.000000  0.421390
40649.000000  0.447462
40718.000000  0.454281
40755.000000  0.451229
40787.000000  0.403973
40812.000000  0.451057
40828.000000  0.468007
40829.000000  0.445426
