995.000000  0.169462
1210.000000  0.125585
1429.000000  0.149973
1663.000000  0.132414
1914.000000  0.145340
2186.000000  0.177184
2450.000000  0.210830
2508.000000  0.102147
2759.000000  0.215116
3070.000000  0.215767
3361.000000  0.203688
3598.000000  0.179365
3698.000000  0.167713
3988.000000  0.237525
4269.000000  0.208537
4562.000000  0.225849
4605.000000  0.101779
4831.000000  0.225262
5101.000000  0.206798
5206.000000  0.160437
5455.000000  0.235157
5679.000000  0.224549
5835.000000  0.185504
5964.000000  0.097871
6089.000000  0.076972
6361.000000  0.140991
6592.000000  0.166364
6794.000000  0.154549
6872.000000  0.118541
7094.000000  0.189681
7301.000000  0.203155
7541.000000  0.175784
7720.000000  0.163681
7915.000000  0.155771
8191.000000  0.164156
8465.000000  0.181056
8728.000000  0.200436
8974.000000  0.207116
9220.000000  0.207045
9367.000000  0.160058
9492.000000  0.119098
9654.000000  0.141271
9760.000000  0.137663
9890.000000  0.177108
10082.000000  0.185647
10176.000000  0.124045
10316.000000  0.146729
10480.000000  0.131772
10670.000000  0.160006
10826.000000  0.140098
10910.000000  0.087787
11034.000000  0.166897
11065.000000  0.112189
11165.000000  0.181804
11277.000000  0.186645
11408.000000  0.172989
11544.000000  0.160194
11684.000000  0.202715
11878.000000  0.170630
11996.000000  0.102876
12254.000000  0.146542
12458.000000  0.194734
12685.000000  0.225645
12941.000000  0.217666
13141.000000  0.232671
13325.000000  0.322837
13474.000000  0.328213
13614.000000  0.155936
13720.000000  0.111170
13860.000000  0.151080
14022.000000  0.185007
14121.000000  0.176381
14227.000000  0.153870
14370.000000  0.305266
14504.000000  0.347719
14650.000000  0.327030
14851.000000  0.354510
15007.000000  0.251236
15153.000000  0.233024
15298.000000  0.247533
15403.000000  0.256813
15505.000000  0.212422
15658.000000  0.186232
15807.000000  0.218353
15918.000000  0.183117
16057.000000  0.238449
16190.000000  0.255369
16340.000000  0.146228
16455.000000  0.206037
16564.000000  0.223722
16650.000000  0.170023
16743.000000  0.193246
16840.000000  0.183366
16952.000000  0.198169
17073.000000  0.201613
17199.000000  0.218358
17326.000000  0.215377
17468.000000  0.185527
17674.000000  0.173894
17843.000000  0.192760
18008.000000  0.159925
18163.000000  0.156180
18450.000000  0.250765
18677.000000  0.279112
18864.000000  0.259845
18990.000000  0.199146
19211.000000  0.209189
19443.000000  0.221440
19554.000000  0.233191
19762.000000  0.201453
19898.000000  0.172365
20042.000000  0.152727
20211.000000  0.148879
20337.000000  0.158148
20561.000000  0.165524
20722.000000  0.194301
20873.000000  0.156592
21055.000000  0.161623
21266.000000  0.174814
21555.000000  0.222118
21839.000000  0.242312
22130.000000  0.249122
22432.000000  0.270035
22736.000000  0.293856
22925.000000  0.343227
23102.000000  0.388650
23239.000000  0.452062
23376.000000  0.114809
23464.000000  0.116550
23539.000000  0.098991
23623.000000  0.140299
23717.000000  0.165594
23812.000000  0.355679
23871.000000  0.356897
23930.000000  0.452926
23933.000000  0.003793
24091.000000  0.277517
24255.000000  0.599081
24352.000000  0.517956
24463.000000  0.340138
24576.000000  0.451578
24651.000000  0.479217
24745.000000  0.506964
24810.000000  0.515400
24878.000000  0.487057
25008.000000  0.569829
25238.000000  0.143738
25348.000000  0.081821
25449.000000  0.071358
25560.000000  0.069414
25626.000000  0.072272
25783.000000  0.196398
25929.000000  0.310884
26088.000000  0.275899
26233.000000  0.253473
26357.000000  0.248272
26484.000000  0.204369
26637.000000  0.277483
26760.000000  0.140566
26871.000000  0.188614
26988.000000  0.099518
27147.000000  0.110994
27350.000000  0.142998
27574.000000  0.196797
27733.000000  0.174135
27957.000000  0.288184
28206.000000  0.313390
28478.000000  0.352165
28707.000000  0.400188
28884.000000  0.452773
29056.000000  0.610034
29157.000000  0.094730
29242.000000  0.078609
29363.000000  0.113276
29502.000000  0.107256
29637.000000  0.143614
29853.000000  0.195011
30036.000000  0.210921
30167.000000  0.187139
30307.000000  0.233792
30446.000000  0.162300
30542.000000  0.164524
30596.000000  0.085833
30690.000000  0.080446
30808.000000  0.068353
30900.000000  0.069820
30997.000000  0.111798
31111.000000  0.142972
31197.000000  0.236286
31287.000000  0.288188
31382.000000  0.333108
31465.000000  0.315334
31569.000000  0.328735
31735.000000  0.142517
31903.000000  0.210725
32021.000000  0.195052
32254.000000  0.293649
32463.000000  0.265702
32635.000000  0.283235
32777.000000  0.555660
32900.000000  0.627799
33027.000000  0.254279
33180.000000  0.258022
33246.000000  0.141094
33329.000000  0.099813
33415.000000  0.062884
33507.000000  0.039815
33618.000000  0.095056
33757.000000  0.127808
33887.000000  0.173063
34047.000000  0.163268
34203.000000  0.112800
34379.000000  0.115241
34507.000000  0.099588
34713.000000  0.133377
34864.000000  0.129211
35002.000000  0.098970
35117.000000  0.098280
35250.000000  0.073313
35423.000000  0.090812
35513.000000  0.087160
35576.000000  0.071681
35636.000000  0.082823
35692.000000  0.078824
35776.000000  0.134031
35826.000000  0.129574
35884.000000  0.147498
36029.000000  0.180031
36209.000000  0.226066
36331.000000  0.163794
36403.000000  0.058892
36512.000000  0.085670
36603.000000  0.070745
36655.000000  0.048059
36700.000000  0.039662
36797.000000  0.084324
36935.000000  0.116410
37009.000000  0.108547
37102.000000  0.145450
37225.000000  0.176501
37335.000000  0.208828
37467.000000  0.253350
37593.000000  0.249205
37735.000000  0.132918
37871.000000  0.078757
38024.000000  0.084819
38130.000000  0.079270
38206.000000  0.092010
38286.000000  0.096839
38368.000000  0.115074
38426.000000  0.076660
38458.000000  0.115650
38477.000000  0.274612
38479.000000  0.005621
38509.000000  0.092862
38538.000000  0.122631
38573.000000  0.158960
38612.000000  0.164096
38674.000000  0.119680
38726.000000  0.075242
38779.000000  0.035423
38837.000000  0.039800
38903.000000  0.052354
38995.000000  0.060916
39040.000000  0.040242
39096.000000  0.038505
39134.000000  0.214163
39172.000000  0.183498
39225.000000  0.203184
39248.000000  0.261618
39253.000000  0.255962
39294.000000  0.164172
39394.000000  0.172693
39487.000000  0.127603
39533.000000  0.028737
39585.000000  0.037302
39648.000000  0.042737
39678.000000  0.025505
39722.000000  0.032660
39770.000000  0.035148
39824.000000  0.039713
39923.000000  0.061924
40021.000000  0.073637
40108.000000  0.063882
40165.000000  0.046463
40238.000000  0.057049
40309.000000  0.051948
40338.000000  0.037709
40356.000000  0.037916
40381.000000  0.039232
40474.000000  0.064036
40534.000000  0.045521
40587.000000  0.053714
40649.000000  0.055980
40718.000000  0.077161
40755.000000  0.070990
40787.000000  0.025164
40812.000000  0.042905
40828.000000  0.057926
40829.000000  0.057003
