399.000000  38.839645
545.000000  38.445480
634.000000  37.929008
709.000000  41.357731
813.000000  37.047375
943.000000  42.191486
1115.000000  42.059563
1237.000000  46.991451
1395.000000  44.330948
1551.000000  45.392578
1747.000000  49.357647
1901.000000  47.963367
2051.000000  41.801861
2219.000000  44.136475
2387.000000  41.778740
2513.000000  33.770523
2626.000000  34.505627
2723.000000  37.643681
2856.000000  46.269482
2954.000000  33.776615
3058.000000  38.298576
3259.000000  44.693878
3449.000000  46.744652
3588.000000  31.838652
3750.000000  38.314548
3909.000000  37.211601
4076.000000  41.995003
4208.000000  35.882057
4315.000000  29.278166
4438.000000  38.179672
4570.000000  41.054653
4729.000000  41.213394
4908.000000  37.756851
5059.000000  38.998722
5213.000000  35.702343
5331.000000  42.098061
5426.000000  33.022461
5489.000000  30.831858
5524.000000  26.488522
5593.000000  36.988796
5680.000000  40.736217
5795.000000  45.436028
5882.000000  34.462498
5990.000000  38.329361
6084.000000  37.970425
6204.000000  35.859650
6332.000000  39.979103
6420.000000  37.794254
6517.000000  39.917446
6601.000000  41.978706
6705.000000  23.395361
6859.000000  36.406841
6941.000000  34.979053
7054.000000  26.624346
7153.000000  37.283089
7261.000000  32.377590
7338.000000  46.051987
7389.000000  28.874435
7465.000000  27.050655
7501.000000  26.230537
7559.000000  26.103168
7646.000000  26.072874
7743.000000  32.975895
7830.000000  43.873398
7920.000000  48.743267
8000.000000  46.935577
8054.000000  45.522671
8112.000000  53.086502
8172.000000  52.610100
8241.000000  8.108742
8316.000000  8.900421
8423.000000  11.530560
8510.000000  48.638367
8593.000000  48.014835
8767.000000  52.164696
8929.000000  47.502781
9086.000000  35.967255
9234.000000  33.939598
9421.000000  34.975121
9606.000000  36.013615
9775.000000  38.267529
9971.000000  39.194336
10163.000000  32.512047
10273.000000  41.426136
10376.000000  43.489655
10497.000000  32.369484
10641.000000  29.158178
10766.000000  34.808132
10845.000000  32.707832
10943.000000  37.992149
11018.000000  24.666191
11124.000000  28.748482
11218.000000  33.173977
11347.000000  22.800783
11524.000000  34.006927
11648.000000  44.316357
11742.000000  34.775726
11778.000000  28.868177
11781.000000  0.748588
11844.000000  12.700953
11859.000000  7.175636
11926.000000  32.425858
11984.000000  35.934494
12065.000000  37.800861
12179.000000  35.970486
12300.000000  30.795485
12394.000000  34.834652
12488.000000  33.769573
12617.000000  39.435753
12706.000000  41.450199
12788.000000  41.243824
12908.000000  46.106792
13020.000000  42.638760
13138.000000  45.002331
13258.000000  49.811974
13417.000000  49.123623
13548.000000  43.048103
13636.000000  62.560196
13691.000000  57.637173
13788.000000  64.135437
13801.000000  74.937424
13854.000000  7.645217
13913.000000  6.048183
13973.000000  6.462156
14023.000000  5.967322
14091.000000  7.123188
14170.000000  10.855150
14256.000000  14.164644
14352.000000  16.706367
14471.000000  57.167477
14610.000000  53.357391
14688.000000  38.093697
14765.000000  14.069117
14864.000000  22.732000
14990.000000  29.758406
15139.000000  28.613768
15256.000000  22.975912
15376.000000  25.328234
15475.000000  19.630375
15586.000000  18.354044
15735.000000  27.186623
15859.000000  25.424898
15941.000000  16.804352
16048.000000  10.095678
16139.000000  8.892735
16250.000000  18.075600
16376.000000  24.606873
16521.000000  25.560907
16671.000000  23.877653
16831.000000  20.028687
16981.000000  21.126373
17113.000000  15.017096
17156.000000  14.892774
17265.000000  19.622162
17335.000000  19.487623
17410.000000  20.281242
17511.000000  26.461809
17633.000000  27.966526
17732.000000  15.662141
17854.000000  19.001133
17970.000000  17.340473
18121.000000  20.571075
18277.000000  23.708319
18409.000000  24.705933
18474.000000  31.269920
18532.000000  32.004272
18573.000000  43.846825
18579.000000  42.115845
18594.000000  1.853778
18605.000000  2.595707
18673.000000  5.194101
18711.000000  4.916955
18822.000000  9.616372
18910.000000  10.713099
18995.000000  10.978443
19085.000000  10.790146
19177.000000  15.919905
19282.000000  18.816521
19398.000000  16.241795
19482.000000  16.613527
19571.000000  19.652445
19639.000000  16.608896
19734.000000  13.438660
19902.000000  22.601645
19973.000000  18.304483
20052.000000  18.145061
20127.000000  18.428288
20210.000000  22.371254
20321.000000  25.487629
20453.000000  24.313099
20586.000000  21.771103
20718.000000  25.477249
20866.000000  20.423817
20997.000000  19.170193
21145.000000  19.576666
21303.000000  23.487734
21445.000000  18.760874
21563.000000  17.815887
21674.000000  17.072016
21773.000000  16.525070
21883.000000  16.265347
22043.000000  19.523474
22213.000000  23.492746
22367.000000  19.760290
22510.000000  24.219427
22647.000000  30.853159
22771.000000  23.553665
22846.000000  23.809212
22990.000000  22.462484
23119.000000  22.560987
23264.000000  24.612494
23409.000000  24.896549
23558.000000  18.424679
23615.000000  18.001177
23732.000000  21.298943
23860.000000  28.520885
24008.000000  35.927494
24100.000000  31.473976
24165.000000  31.029749
24247.000000  41.610962
24313.000000  6.127878
24380.000000  5.548328
24453.000000  6.526266
24523.000000  7.969049
24673.000000  42.814217
24782.000000  43.133930
24910.000000  44.823254
25016.000000  38.710194
25136.000000  40.157398
25226.000000  38.344807
25238.000000  28.080559
25321.000000  15.284197
25413.000000  17.337534
25504.000000  17.527206
25564.000000  12.887952
25661.000000  15.111928
25741.000000  23.259071
25841.000000  25.251684
25960.000000  19.799541
26105.000000  21.847914
26271.000000  21.760298
26301.000000  16.413198
26434.000000  19.631153
26542.000000  18.299768
26624.000000  15.195696
26719.000000  12.731274
26801.000000  17.075773
26947.000000  23.111277
26964.000000  10.184234
26991.000000  8.998325
27023.000000  29.841148
27027.000000  0.990082
27068.000000  3.875036
27111.000000  3.060572
27159.000000  3.421162
27223.000000  4.038943
27276.000000  5.119875
27384.000000  7.803539
27491.000000  8.945040
27639.000000  13.688816
27726.000000  13.793521
27815.000000  13.905539
27902.000000  13.201549
27996.000000  13.432916
28094.000000  14.771459
28215.000000  8.363604
28330.000000  15.264341
28466.000000  19.168911
28610.000000  21.322567
28733.000000  21.987810
28810.000000  20.195318
28893.000000  13.792436
28997.000000  13.386953
29076.000000  12.540296
29148.000000  12.129468
29208.000000  13.875807
29314.000000  13.952364
29396.000000  8.987855
29479.000000  13.454725
29568.000000  17.511507
29639.000000  20.930387
29709.000000  24.103418
29793.000000  31.382584
29846.000000  20.460304
29919.000000  20.601467
29937.000000  16.249962
30054.000000  12.291238
30111.000000  9.458719
30183.000000  12.043181
30290.000000  13.961193
30357.000000  16.146219
30367.000000  17.836615
30370.000000  9.751992
30489.000000  12.863028
30582.000000  10.784561
30673.000000  12.955501
30750.000000  12.622528
30823.000000  12.614102
30899.000000  15.235308
31011.000000  20.843081
31128.000000  16.513800
31232.000000  15.538293
31375.000000  18.723684
31503.000000  16.306629
31553.000000  10.177787
31618.000000  10.557622
31663.000000  12.914295
31673.000000  11.305664
31729.000000  4.086647
31828.000000  8.566157
31901.000000  8.540797
32012.000000  12.424423
32112.000000  13.866088
32203.000000  12.084568
32241.000000  9.473384
32281.000000  8.396331
32377.000000  13.282892
32465.000000  13.017996
32554.000000  12.668612
32646.000000  14.231235
32679.000000  8.765265
32744.000000  11.576154
32824.000000  12.362741
32929.000000  11.056994
33040.000000  9.168064
33137.000000  12.149109
33225.000000  11.342834
33324.000000  13.277512
33389.000000  11.650798
33390.000000  6.975012
33391.000000  1.467440
33502.000000  9.253598
33567.000000  7.075333
33760.000000  10.775992
33906.000000  14.038618
34019.000000  10.309370
34091.000000  10.399015
34196.000000  14.110099
34402.000000  21.102385
34499.000000  13.440193
34596.000000  11.429488
34681.000000  10.938083
34770.000000  13.013167
34916.000000  15.354538
35032.000000  14.076188
35042.000000  5.800210
35106.000000  14.234200
35158.000000  11.153852
35162.000000  0.839499
35202.000000  3.812065
35243.000000  3.724772
35303.000000  5.085716
35346.000000  3.978827
35391.000000  5.181688
35444.000000  4.758081
35520.000000  4.569439
35601.000000  4.814013
35630.000000  2.093720
35669.000000  3.730547
35678.000000  2.373132
35768.000000  5.697665
35862.000000  8.373021
35957.000000  10.288428
36086.000000  17.133551
36155.000000  11.419179
36223.000000  6.069510
36284.000000  5.385854
36337.000000  4.207022
36400.000000  5.540114
36406.000000  1.421399
36414.000000  4.070531
36492.000000  8.803692
36591.000000  7.943853
36670.000000  9.217410
36750.000000  9.712944
36827.000000  8.578374
36876.000000  3.330146
36979.000000  5.823391
37065.000000  8.343451
37185.000000  11.165919
37250.000000  8.021579
37291.000000  8.612859
37334.000000  8.791288
37399.000000  12.559249
37447.000000  9.541861
37460.000000  3.320998
37463.000000  1.413000
37531.000000  5.661949
37619.000000  6.229220
37724.000000  9.237073
37827.000000  11.637526
37880.000000  7.943425
37968.000000  10.781849
38013.000000  10.475566
38065.000000  8.414878
38170.000000  15.992191
38274.000000  17.209663
38465.000000  20.154701
38578.000000  18.509005
38696.000000  13.234776
38771.000000  10.393531
38888.000000  11.094080
38971.000000  12.057672
39070.000000  10.415426
39151.000000  13.724080
39177.000000  9.134529
39264.000000  12.619699
39358.000000  11.154897
39362.000000  1.606131
39379.000000  14.012651
39468.000000  10.730098
39547.000000  10.074098
39657.000000  11.068157
39733.000000  9.767112
39820.000000  9.300978
39847.000000  6.048616
39851.000000  3.229943
39931.000000  11.405983
40023.000000  9.463373
40113.000000  18.287430
40201.000000  14.175336
40223.000000  8.282379
40259.000000  5.428673
40366.000000  12.495613
40457.000000  11.557205
40551.000000  14.142489
40645.000000  12.068955
40672.000000  9.000148
40735.000000  8.352647
40745.000000  1.664136
40787.000000  6.148601
40820.000000  4.948171
