399.000000  0.204852
535.000000  0.137544
663.000000  0.135346
799.000000  0.150789
835.000000  0.093141
1016.000000  0.210917
1131.000000  0.147576
1235.000000  0.139391
1323.000000  0.118997
1444.000000  0.188351
1573.000000  0.170237
1741.000000  0.172702
1836.000000  0.171259
1937.000000  0.159006
2050.000000  0.171236
2187.000000  0.174596
2321.000000  0.173663
2458.000000  0.164379
2555.000000  0.146389
2629.000000  0.125983
2673.000000  0.113035
2730.000000  0.117206
2863.000000  0.160527
2965.000000  0.163175
3092.000000  0.193602
3177.000000  0.193620
3285.000000  0.173331
3421.000000  0.168853
3593.000000  0.206263
3728.000000  0.207657
3832.000000  0.217170
4001.000000  0.183795
4001.000000  0.059463
4159.000000  0.237866
4306.000000  0.229961
4483.000000  0.256871
4502.000000  0.107141
4641.000000  0.215141
4772.000000  0.231668
4908.000000  0.201699
5050.000000  0.184661
5220.000000  0.175327
5337.000000  0.153517
5423.000000  0.190111
5508.000000  0.209621
5595.000000  0.193415
5697.000000  0.202139
5810.000000  0.213634
5904.000000  0.172282
5977.000000  0.171663
6084.000000  0.203024
6168.000000  0.218183
6284.000000  0.237833
6370.000000  0.211999
6474.000000  0.207507
6474.000000  0.082345
6568.000000  0.203801
6656.000000  0.195204
6741.000000  0.205093
6845.000000  0.209438
6951.000000  0.232005
7045.000000  0.191544
7166.000000  0.242237
7285.000000  0.283461
7431.000000  0.224347
7561.000000  0.243331
7679.000000  0.244647
7791.000000  0.249708
7962.000000  0.234655
8084.000000  0.231155
8210.000000  0.238580
8319.000000  0.248232
8423.000000  0.265074
8576.000000  0.246453
8746.000000  0.264674
8887.000000  0.275052
9019.000000  0.381802
9140.000000  0.340485
9243.000000  0.247417
9350.000000  0.368762
9485.000000  0.554343
9606.000000  0.433081
9704.000000  0.313765
9789.000000  0.338077
9867.000000  0.264950
9955.000000  0.369542
10033.000000  0.262998
10133.000000  0.253601
10151.000000  0.255954
10161.000000  0.234967
10214.000000  0.258024
10320.000000  0.275354
10445.000000  0.286722
10577.000000  0.288324
10694.000000  0.334532
10745.000000  0.266951
10865.000000  0.328232
11008.000000  0.367130
11177.000000  0.388177
11345.000000  0.391589
11519.000000  0.496387
11704.000000  0.492770
11887.000000  0.454564
12051.000000  0.362467
12171.000000  0.386490
12300.000000  0.357428
12395.000000  0.319636
12509.000000  0.375813
12648.000000  0.293164
12788.000000  0.368535
12884.000000  0.361813
13001.000000  0.346990
13176.000000  0.414999
13313.000000  0.402636
13451.000000  0.486301
13636.000000  0.618495
13781.000000  0.359959
13915.000000  0.372888
14048.000000  0.501608
14178.000000  0.477945
14273.000000  0.453146
14362.000000  0.463150
14486.000000  0.461257
14639.000000  0.431796
14755.000000  0.290706
14918.000000  0.321144
15031.000000  0.307152
15147.000000  0.284001
15210.000000  0.239809
15288.000000  0.311399
15340.000000  0.318096
15433.000000  0.546928
15457.000000  0.522476
15457.000000  0.180840
15534.000000  0.562247
15594.000000  0.621396
15658.000000  0.554143
15756.000000  0.588221
15801.000000  0.665494
15845.000000  0.637803
15925.000000  0.458357
16018.000000  0.490886
16064.000000  0.603276
16104.000000  0.628399
16236.000000  0.759721
16249.000000  0.628908
16315.000000  0.656697
16347.000000  0.645177
16356.000000  0.607794
16372.000000  0.230640
16449.000000  0.304133
16532.000000  0.687058
16648.000000  0.651439
16775.000000  0.667059
16870.000000  0.464769
16960.000000  0.283320
17049.000000  0.255676
17148.000000  0.300729
17227.000000  0.322203
17317.000000  0.308994
17428.000000  0.262178
17585.000000  0.311173
17744.000000  0.298100
17868.000000  0.304185
17885.000000  0.214095
18042.000000  0.366885
18113.000000  0.329560
18224.000000  0.384027
18357.000000  0.373767
18468.000000  0.349990
18554.000000  0.278533
18636.000000  0.317287
18713.000000  0.257318
18790.000000  0.237995
18835.000000  0.295750
18900.000000  0.418242
18901.000000  0.431743
18955.000000  0.268082
19032.000000  0.260278
19115.000000  0.249998
19246.000000  0.413722
19382.000000  0.414472
19500.000000  0.427323
19602.000000  0.408515
19668.000000  0.422754
19758.000000  0.422469
19769.000000  0.375403
19817.000000  0.275170
19899.000000  0.277665
19983.000000  0.260976
20050.000000  0.266713
20080.000000  0.207954
20166.000000  0.265432
20270.000000  0.297259
20372.000000  0.265065
20503.000000  0.249556
20544.000000  0.237311
20725.000000  0.332813
20878.000000  0.322507
21031.000000  0.325879
21199.000000  0.305770
21239.000000  0.245090
21322.000000  0.332874
21468.000000  0.289580
21620.000000  0.329394
21673.000000  0.326100
21765.000000  0.329529
21920.000000  0.319271
22031.000000  0.317029
22058.000000  0.270589
22107.000000  0.274655
22159.000000  0.267902
22209.000000  0.271154
22266.000000  0.247869
22339.000000  0.244409
22421.000000  0.306179
22485.000000  0.296059
22546.000000  0.239627
22603.000000  0.240218
22677.000000  0.242943
22738.000000  0.289557
22798.000000  0.288853
22859.000000  0.330960
22919.000000  0.290368
22979.000000  0.293408
23040.000000  0.313032
23099.000000  0.290703
23159.000000  0.305336
23223.000000  0.297015
23278.000000  0.293791
23345.000000  0.307839
23403.000000  0.298553
23464.000000  0.249251
23562.000000  0.320812
23704.000000  0.295575
23851.000000  0.348328
24024.000000  0.346985
24181.000000  0.309050
24363.000000  0.366006
24462.000000  0.347173
24510.000000  0.328208
24560.000000  0.306148
24631.000000  0.343372
24712.000000  0.302430
24771.000000  0.317951
24837.000000  0.320832
24909.000000  0.328742
24988.000000  0.305666
25070.000000  0.348959
25122.000000  0.302442
25183.000000  0.334411
25250.000000  0.352895
25347.000000  0.340014
25426.000000  0.329065
25500.000000  0.325896
25565.000000  0.346774
25631.000000  0.286070
25677.000000  0.309749
25779.000000  0.276169
25834.000000  0.311098
25872.000000  0.293064
25913.000000  0.265861
25952.000000  0.272770
25996.000000  0.320163
26065.000000  0.307373
26181.000000  0.322373
26300.000000  0.355782
26376.000000  0.356643
26505.000000  0.388266
26580.000000  0.315299
26597.000000  0.338949
26666.000000  0.401216
26791.000000  0.394472
26954.000000  0.374115
27098.000000  0.408890
27199.000000  0.338510
27303.000000  0.362986
27402.000000  0.393939
27473.000000  0.383247
27544.000000  0.395233
27644.000000  0.385047
27714.000000  0.321834
27793.000000  0.338480
27877.000000  0.316524
27945.000000  0.376842
28068.000000  0.384568
28257.000000  0.394915
28405.000000  0.377418
28443.000000  0.312846
28581.000000  0.442560
28699.000000  0.450924
28797.000000  0.490640
28900.000000  0.471417
29001.000000  0.326536
29074.000000  0.320449
29155.000000  0.370207
29228.000000  0.338954
29280.000000  0.430734
29325.000000  0.359326
29411.000000  0.358300
29572.000000  0.456174
29748.000000  0.423419
29942.000000  0.419563
30158.000000  0.479433
30203.000000  0.368945
30249.000000  0.357217
30319.000000  0.415037
30412.000000  0.391392
30498.000000  0.406304
30620.000000  0.492317
30701.000000  0.402065
30764.000000  0.423229
30840.000000  0.340086
30852.000000  0.465097
30853.000000  0.487827
30857.000000  0.330964
30859.000000  0.347770
30912.000000  0.351588
30962.000000  0.357221
31019.000000  0.349686
31069.000000  0.386443
31105.000000  0.408750
31272.000000  0.380887
31373.000000  0.387398
31439.000000  0.361395
31512.000000  0.390192
31561.000000  0.370764
31633.000000  0.384154
31725.000000  0.386808
31879.000000  0.404175
31913.000000  0.339044
32029.000000  0.403054
32181.000000  0.428997
32325.000000  0.454491
32439.000000  0.465977
32511.000000  0.415492
32586.000000  0.396876
32648.000000  0.382974
32719.000000  0.398146
32775.000000  0.420382
32848.000000  0.422824
32890.000000  0.396534
32893.000000  0.344752
32961.000000  0.382439
32989.000000  0.364236
32991.000000  0.345467
33053.000000  0.380892
33134.000000  0.380683
33237.000000  0.409300
33329.000000  0.417996
33396.000000  0.397086
33493.000000  0.412227
33545.000000  0.404145
33579.000000  0.335895
33590.000000  0.386995
33634.000000  0.368245
33678.000000  0.405249
33703.000000  0.379263
33706.000000  0.375136
33807.000000  0.380373
33946.000000  0.396214
34061.000000  0.399072
34174.000000  0.397192
34266.000000  0.419264
34360.000000  0.383247
34460.000000  0.403941
34505.000000  0.416018
34571.000000  0.380133
34658.000000  0.401173
34696.000000  0.374424
34738.000000  0.375362
34804.000000  0.423803
34910.000000  0.402298
35003.000000  0.416761
35133.000000  0.412364
35264.000000  0.442758
35360.000000  0.425387
35417.000000  0.381485
35477.000000  0.405580
35570.000000  0.396814
35662.000000  0.407567
35741.000000  0.417672
35813.000000  0.443499
35913.000000  0.430166
36005.000000  0.425587
36106.000000  0.468390
36196.000000  0.431416
36295.000000  0.462878
36380.000000  0.459192
36471.000000  0.456940
36573.000000  0.472470
36674.000000  0.476934
36770.000000  0.456415
36907.000000  0.456056
37091.000000  0.505442
37243.000000  0.479002
37346.000000  0.458763
37369.000000  0.388249
37416.000000  0.467178
37490.000000  0.464156
37568.000000  0.455784
37646.000000  0.444481
37750.000000  0.449482
37916.000000  0.524153
38107.000000  0.542530
38251.000000  0.603122
38405.000000  0.573262
38502.000000  0.552213
38656.000000  0.600218
38785.000000  0.553722
38824.000000  0.472727
38933.000000  0.526610
39021.000000  0.473067
39103.000000  0.476174
39209.000000  0.478428
39263.000000  0.487698
39341.000000  0.619218
39350.000000  0.692206
39414.000000  0.559430
39528.000000  0.585314
39658.000000  0.553028
39791.000000  0.578512
39860.000000  0.480024
39939.000000  0.473101
39979.000000  0.464346
40025.000000  0.467273
40119.000000  0.467978
40177.000000  0.404337
40251.000000  0.442322
40292.000000  0.418686
40317.000000  0.497957
40345.000000  0.466359
40430.000000  0.458038
40481.000000  0.436206
40538.000000  0.452608
40610.000000  0.463216
40694.000000  0.476507
40773.000000  0.511369
40781.000000  0.429061
40791.000000  0.418208
40796.000000  0.516230
40796.000000  0.362999
40796.000000  0.408293
40796.000000  0.410834
40796.000000  0.411934
40796.000000  0.410878
40796.000000  0.408337
40796.000000  0.357033
40796.000000  0.407252
40796.000000  0.412494
40796.000000  0.406063
40796.000000  0.415212
40816.000000  0.433630
