576.000000  0.125435
751.000000  -0.033137
971.000000  0.009728
1164.000000  0.024631
1407.000000  0.018649
1636.000000  0.027942
1845.000000  -0.025484
2138.000000  0.036946
2297.000000  -0.039651
2471.000000  0.008428
2654.000000  -0.018700
2854.000000  0.012177
3021.000000  -0.009649
3034.000000  -0.127137
3130.000000  0.088571
3140.000000  -0.082966
3203.000000  0.077686
3300.000000  -0.007408
3419.000000  0.006076
3535.000000  -0.028911
3624.000000  0.035905
3727.000000  -0.011252
3800.000000  -0.037007
3872.000000  0.004817
4011.000000  0.029623
4011.000000  -0.085216
4184.000000  0.082883
4322.000000  0.011498
4426.000000  0.003914
4447.000000  -0.062434
4587.000000  0.079123
4729.000000  0.020766
4895.000000  0.013393
5021.000000  -0.022202
5152.000000  -0.007098
5305.000000  0.002718
5458.000000  0.014092
5653.000000  -0.004415
5904.000000  0.004228
6073.000000  -0.011297
6208.000000  -0.022189
6367.000000  0.028690
6513.000000  -0.011969
6656.000000  -0.004011
6745.000000  0.014457
6859.000000  0.027678
7005.000000  -0.018601
7062.000000  -0.043718
7254.000000  0.048880
7401.000000  -0.020596
7401.000000  -0.123725
7554.000000  0.120487
7608.000000  -0.043684
7627.000000  -0.029736
7695.000000  0.038101
7797.000000  0.069672
7947.000000  -0.016765
8084.000000  -0.020464
8250.000000  0.023309
8359.000000  -0.010518
8453.000000  -0.059005
8536.000000  0.005444
8629.000000  -0.002291
8665.000000  0.100515
8718.000000  0.048164
8778.000000  -0.189754
8825.000000  -0.007636
8876.000000  0.005694
8950.000000  0.003339
9022.000000  0.022831
9096.000000  -0.000460
9154.000000  -0.025278
9208.000000  0.004431
9257.000000  -0.002469
9320.000000  0.014502
9431.000000  0.026324
9597.000000  0.012124
9738.000000  0.015439
9928.000000  0.029588
10144.000000  0.029180
10363.000000  -0.031128
10572.000000  0.007019
10770.000000  0.000978
10974.000000  0.016220
11181.000000  0.004246
11376.000000  -0.003901
11578.000000  -0.013869
11712.000000  -0.008634
11876.000000  0.027752
12066.000000  -0.004532
12262.000000  -0.001344
12465.000000  0.016715
12732.000000  0.003252
12974.000000  -0.006272
13173.000000  -0.006365
13366.000000  -0.010135
13549.000000  -0.032515
13564.000000  -0.101481
13751.000000  0.096215
13871.000000  -0.037694
13905.000000  -0.022754
14055.000000  0.070474
14265.000000  0.026000
14471.000000  0.006087
14696.000000  0.009978
14930.000000  0.008929
15147.000000  -0.002181
15341.000000  -0.026243
15517.000000  -0.013588
15680.000000  0.020351
15728.000000  -0.067448
15913.000000  0.071596
16081.000000  0.035231
16267.000000  -0.030699
16490.000000  0.045501
16667.000000  -0.019766
16772.000000  -0.054652
17021.000000  0.026575
17234.000000  0.028409
17441.000000  -0.058403
17662.000000  0.046192
17812.000000  -0.041393
17994.000000  0.037785
18170.000000  0.004968
18310.000000  0.009551
18488.000000  -0.009094
18663.000000  0.052216
18805.000000  -0.012522
18969.000000  0.077559
19122.000000  0.060836
19253.000000  -0.277336
19316.000000  0.008031
19412.000000  -0.042434
19529.000000  0.011911
19673.000000  0.063444
19836.000000  0.047873
19981.000000  -0.040543
20100.000000  0.036186
20195.000000  -0.086351
20365.000000  0.013927
20540.000000  0.036956
20709.000000  -0.026766
20849.000000  0.017128
20994.000000  -0.014763
21083.000000  0.014459
21262.000000  -0.020506
21360.000000  -0.014407
21448.000000  -0.012262
21579.000000  0.040540
21652.000000  -0.025610
21766.000000  0.010880
21912.000000  -0.023840
22056.000000  0.005255
22140.000000  -0.012415
22233.000000  0.011818
22337.000000  0.030004
22401.000000  -0.059038
22479.000000  0.014163
22543.000000  0.008584
22611.000000  0.008046
22662.000000  0.004368
22736.000000  0.021841
22840.000000  0.007416
22932.000000  0.000512
23009.000000  -0.043036
23139.000000  0.014462
23377.000000  0.054056
23422.000000  -0.049257
23670.000000  0.062643
23907.000000  0.008528
24086.000000  0.015741
24270.000000  -0.028208
24535.000000  0.062918
24772.000000  -0.035813
24998.000000  0.061071
25171.000000  -0.024314
25247.000000  -0.011304
25462.000000  0.105505
25609.000000  -0.021952
25751.000000  0.021507
25878.000000  -0.032392
26013.000000  -0.021317
26156.000000  0.052926
26304.000000  -0.001723
26401.000000  -0.070403
26552.000000  -0.036021
26719.000000  0.023386
26857.000000  0.011735
26956.000000  0.032137
27096.000000  0.018115
27158.000000  -0.033486
27324.000000  0.124638
27468.000000  -0.026379
27581.000000  -0.029339
27674.000000  0.032988
27769.000000  0.036212
27818.000000  -0.365333
27905.000000  0.032687
28068.000000  0.294096
28179.000000  -0.021274
28248.000000  0.078491
28432.000000  0.015922
28574.000000  0.095590
28666.000000  0.009748
28745.000000  -0.448994
28819.000000  0.009414
28947.000000  0.040635
29082.000000  0.010572
29192.000000  -0.058485
29300.000000  -0.002624
29381.000000  -0.022603
29528.000000  0.462985
29573.000000  -0.085940
29654.000000  0.116451
29664.000000  0.186631
29745.000000  -0.694996
29827.000000  0.011116
29918.000000  0.017195
30046.000000  0.044313
30099.000000  -0.069823
30206.000000  0.033499
30366.000000  0.033788
30548.000000  0.015379
30707.000000  0.014633
30853.000000  -0.056825
30994.000000  0.022782
31135.000000  -0.005720
31208.000000  -0.049474
31221.000000  -0.034375
31260.000000  0.032488
31392.000000  0.056876
31543.000000  -0.003290
31667.000000  0.001753
31750.000000  -0.026824
31845.000000  0.004426
31972.000000  0.032359
32003.000000  -0.059573
32115.000000  0.049694
32299.000000  0.031686
32420.000000  0.003447
32529.000000  0.031567
32659.000000  -0.050356
32684.000000  -0.076753
32801.000000  0.051188
32936.000000  0.052143
33101.000000  0.006274
33242.000000  0.066126
33326.000000  -0.139132
33422.000000  -0.024648
33520.000000  0.020700
33605.000000  -0.017652
33626.000000  -0.030491
33630.000000  -0.020489
33755.000000  0.035840
33839.000000  0.025559
33928.000000  -0.000158
34048.000000  0.017443
34196.000000  0.014454
34336.000000  0.014074
34505.000000  0.014964
34695.000000  0.020606
34825.000000  -0.010451
34927.000000  0.010934
35000.000000  -0.056076
35062.000000  0.001467
35104.000000  -0.012200
35206.000000  0.003655
35303.000000  -0.007592
35322.000000  -0.013374
35336.000000  -0.003538
35405.000000  0.016796
35446.000000  0.006104
35504.000000  0.002719
35551.000000  -0.017049
35555.000000  -0.060352
35563.000000  -0.002437
35596.000000  0.029072
35666.000000  0.015847
35776.000000  0.015246
35901.000000  0.010407
35929.000000  -0.013480
36013.000000  0.022401
36074.000000  0.014132
36180.000000  -0.007615
36275.000000  0.068753
36365.000000  0.092085
36459.000000  -0.179726
36542.000000  -0.024142
36600.000000  -0.003466
36607.000000  -0.042311
36653.000000  0.038597
36687.000000  0.035145
36757.000000  -0.022866
36843.000000  0.015074
36953.000000  0.016085
37026.000000  -0.039626
37060.000000  -0.001858
37124.000000  -0.008343
37201.000000  0.021675
37301.000000  0.013266
37388.000000  -0.022578
37472.000000  0.094208
37483.000000  -0.126743
37490.000000  0.020254
37538.000000  0.080350
37630.000000  0.027785
37724.000000  0.015654
37876.000000  0.006883
38000.000000  0.044815
38109.000000  -0.013841
38207.000000  0.001955
38299.000000  -0.049446
38405.000000  0.039235
38520.000000  -0.023666
38628.000000  0.011841
38722.000000  0.006493
38832.000000  -0.034336
38949.000000  0.011707
39107.000000  -0.057150
39283.000000  0.009004
39448.000000  0.016791
39603.000000  -0.003485
39630.000000  -0.080021
39750.000000  0.059922
39879.000000  0.005111
39993.000000  0.003893
40026.000000  0.017558
40109.000000  0.038975
40224.000000  0.005646
40358.000000  0.125696
40463.000000  0.057550
40520.000000  -0.299917
40603.000000  0.009289
40641.000000  -0.001157
40691.000000  -0.041129
40742.000000  -0.001857
40753.000000  -0.012248
40795.000000  0.019783
40819.000000  -0.022047
