399.000000  0.192413
577.000000  -0.040434
671.000000  -0.003342
734.000000  -0.010763
804.000000  0.003642
913.000000  0.014398
1052.000000  0.006945
1211.000000  0.026178
1388.000000  0.007697
1553.000000  0.014454
1718.000000  0.002594
1839.000000  -0.006588
1929.000000  -0.025420
2027.000000  0.007730
2173.000000  0.016507
2245.000000  -0.017035
2285.000000  -0.043154
2331.000000  0.005290
2412.000000  0.054904
2533.000000  -0.030023
2657.000000  0.026854
2731.000000  -0.013481
2816.000000  -0.023580
2900.000000  0.007217
3067.000000  0.009180
3173.000000  0.016544
3243.000000  -0.016602
3326.000000  0.015070
3418.000000  0.007463
3495.000000  0.014459
3498.000000  -0.061794
3510.000000  0.001349
3605.000000  0.034116
3690.000000  -0.013412
3777.000000  0.033009
3879.000000  0.010755
3962.000000  -0.000953
4045.000000  -0.007445
4129.000000  -0.000375
4229.000000  0.043202
4360.000000  0.006532
4476.000000  -0.052300
4597.000000  0.054818
4709.000000  0.003785
4814.000000  -0.006292
4945.000000  -0.009032
5027.000000  -0.045588
5097.000000  -0.004531
5216.000000  0.029190
5355.000000  0.044840
5452.000000  -0.062918
5466.000000  -0.021690
5526.000000  0.064165
5645.000000  -0.030416
5735.000000  0.004675
5831.000000  0.043184
5951.000000  -0.031943
6089.000000  0.029962
6252.000000  -0.023653
6378.000000  0.006031
6473.000000  -0.045051
6569.000000  0.066843
6658.000000  -0.008862
6731.000000  -0.015186
6811.000000  0.002146
6896.000000  0.004644
6976.000000  -0.020105
7046.000000  0.010871
7193.000000  0.054375
7291.000000  -0.051686
7405.000000  0.038728
7537.000000  0.018602
7672.000000  0.027842
7791.000000  -0.037443
7946.000000  0.006582
8120.000000  0.084307
8278.000000  -0.088407
8442.000000  0.006413
8590.000000  0.099283
8719.000000  -0.042089
8850.000000  -0.073366
8998.000000  0.079911
9114.000000  -0.018770
9220.000000  -0.042445
9307.000000  -0.044695
9452.000000  0.081930
9493.000000  -0.059450
9646.000000  0.123147
9814.000000  0.018396
9956.000000  -0.009238
10123.000000  -0.046865
10166.000000  -0.053783
10318.000000  0.048565
10455.000000  0.032369
10557.000000  -0.024986
10633.000000  -0.042341
10752.000000  0.034504
10916.000000  0.015439
11083.000000  0.029084
11245.000000  -0.068169
11388.000000  0.061062
11528.000000  -0.027248
11667.000000  -0.026097
11811.000000  0.064809
11964.000000  0.003450
12062.000000  -0.028226
12135.000000  -0.067352
12287.000000  0.066991
12416.000000  0.013337
12569.000000  0.001160
12705.000000  -0.005054
12803.000000  -0.001241
12946.000000  0.017275
13029.000000  -0.026034
13132.000000  0.024980
13238.000000  -0.031033
13319.000000  -0.001391
13406.000000  0.014063
13487.000000  -0.006236
13563.000000  0.000223
13661.000000  0.032416
13849.000000  -0.005024
14025.000000  0.024516
14162.000000  0.006987
14252.000000  -0.074333
14339.000000  -0.017451
14401.000000  0.050499
14486.000000  -0.011568
14569.000000  0.012137
14673.000000  -0.000435
14757.000000  -0.021785
14830.000000  -0.000512
14912.000000  0.030021
15013.000000  0.009597
15077.000000  -0.003351
15173.000000  0.028733
15279.000000  -0.012044
15398.000000  0.048081
15580.000000  0.064102
15649.000000  0.011273
15725.000000  -0.177363
15795.000000  0.163331
15898.000000  0.010388
16050.000000  0.109640
16194.000000  -0.101307
16244.000000  -0.066296
16349.000000  0.033538
16498.000000  0.035217
16629.000000  -0.063230
16757.000000  -0.048495
16842.000000  -0.001659
16934.000000  0.029096
17070.000000  -0.022954
17283.000000  0.037317
17409.000000  0.008333
17611.000000  0.141067
17787.000000  0.024470
17863.000000  -0.074173
17930.000000  -0.015159
18006.000000  -0.046942
18085.000000  -0.004781
18177.000000  0.078239
18294.000000  0.023932
18361.000000  -0.134962
18453.000000  0.161042
18541.000000  -0.040115
18631.000000  0.012362
18722.000000  0.026389
18817.000000  -0.016667
18914.000000  -0.018339
19029.000000  0.012553
19154.000000  -0.003219
19266.000000  -0.023044
19337.000000  0.136240
19367.000000  -0.418811
19441.000000  0.039540
19501.000000  0.005491
19581.000000  0.018008
19631.000000  0.004918
19729.000000  0.022707
19859.000000  0.005600
20003.000000  -0.005709
20159.000000  0.018063
20295.000000  0.025718
20346.000000  -0.046366
20525.000000  0.054046
20700.000000  0.033417
20865.000000  -0.054181
21037.000000  0.016713
21150.000000  0.008393
21227.000000  0.036155
21309.000000  0.042223
21371.000000  -0.063942
21441.000000  0.014420
21519.000000  0.043847
21617.000000  0.012029
21667.000000  -0.111926
21744.000000  0.028480
21831.000000  -0.033539
21914.000000  0.029720
21981.000000  0.065551
22037.000000  -0.146334
22099.000000  -0.013327
22258.000000  0.112892
22367.000000  0.048785
22464.000000  -0.119464
22572.000000  0.040128
22617.000000  -0.023932
22699.000000  0.032668
22779.000000  -0.041679
22864.000000  0.069070
22943.000000  -0.049307
23021.000000  -0.033272
23109.000000  0.050896
23186.000000  -0.043876
23208.000000  -0.011721
23253.000000  0.049677
23260.000000  -0.041990
23262.000000  -0.020211
23302.000000  0.016401
23379.000000  0.062946
23476.000000  -0.026741
23549.000000  -0.022675
23634.000000  0.033955
23716.000000  -0.026953
23773.000000  -0.011941
23881.000000  0.011256
23984.000000  -0.016460
24064.000000  0.000139
24148.000000  0.032674
24224.000000  0.000731
24302.000000  0.016279
24380.000000  0.003290
24462.000000  -0.028662
24540.000000  0.007436
24628.000000  0.000799
24713.000000  -0.010376
24778.000000  -0.000240
24861.000000  0.059247
24939.000000  -0.044038
25021.000000  0.014674
25097.000000  -0.024707
25159.000000  0.029853
25238.000000  0.023193
25309.000000  -0.018007
25379.000000  0.005499
25454.000000  0.033107
25540.000000  -0.017241
25648.000000  0.002914
25714.000000  -0.013183
25766.000000  -0.027853
25814.000000  0.032162
25870.000000  -0.066577
25937.000000  0.159517
26016.000000  -0.196629
26069.000000  0.038624
26098.000000  -0.023751
26162.000000  -0.001898
26226.000000  -0.016379
26276.000000  0.005701
26353.000000  0.012010
26421.000000  0.017257
26486.000000  -0.042142
26558.000000  0.055010
26636.000000  0.023629
26699.000000  -0.024653
26793.000000  0.021877
26888.000000  0.009076
27014.000000  0.017924
27189.000000  -0.013746
27334.000000  0.000120
27362.000000  -0.053437
27437.000000  0.018130
27509.000000  0.048169
27558.000000  -0.041333
27604.000000  -0.041222
27657.000000  0.002155
27747.000000  0.039127
27834.000000  0.007397
27864.000000  -0.024764
27870.000000  -0.013979
27890.000000  0.056430
28042.000000  -0.004927
28144.000000  -0.040444
28260.000000  0.011032
28337.000000  0.007430
28410.000000  -0.035286
28437.000000  0.028643
28459.000000  -0.058611
28473.000000  0.051167
28494.000000  -0.049672
28530.000000  0.048375
28561.000000  -0.005169
28638.000000  -0.003255
28727.000000  0.011641
28804.000000  0.010380
28872.000000  0.001711
28941.000000  -0.004706
28954.000000  -0.053816
29021.000000  0.054939
29133.000000  0.017103
29247.000000  -0.022441
29340.000000  -0.013096
29438.000000  0.000360
29503.000000  0.005657
29592.000000  0.038918
29687.000000  -0.003171
29787.000000  -0.035844
29873.000000  0.049150
29890.000000  -0.030326
29892.000000  -0.016517
29930.000000  0.000138
30001.000000  -0.029078
30067.000000  0.049741
30152.000000  -0.020073
30259.000000  0.041246
30361.000000  -0.004687
30416.000000  -0.020275
30508.000000  0.043024
30513.000000  -0.095294
30516.000000  0.017643
30518.000000  0.002904
30569.000000  0.024997
30726.000000  0.013926
30811.000000  -0.005237
30926.000000  0.022243
31021.000000  -0.030375
31110.000000  0.030491
31151.000000  -0.003978
31158.000000  -0.070072
31181.000000  0.016117
31218.000000  0.008205
31260.000000  0.002541
31285.000000  -0.035839
31339.000000  0.037058
31423.000000  0.018158
31593.000000  0.025681
31777.000000  0.045701
31857.000000  -0.091977
31935.000000  -0.015230
32005.000000  0.052143
32020.000000  -0.062685
32090.000000  0.072559
32170.000000  -0.039239
32254.000000  0.054715
32302.000000  -0.016012
32305.000000  -0.070527
32368.000000  0.051507
32451.000000  0.006076
32530.000000  0.034247
32630.000000  -0.028528
32733.000000  0.023457
32803.000000  -0.040695
32896.000000  0.058345
32988.000000  0.004476
33080.000000  0.190585
33101.000000  -0.294159
33185.000000  0.047842
33287.000000  0.078994
33367.000000  -0.064264
33446.000000  -0.030214
33561.000000  0.267369
33687.000000  0.046167
33761.000000  0.069752
33780.000000  0.252266
33814.000000  -0.656431
33852.000000  0.070427
33899.000000  0.185738
33948.000000  -0.153540
33984.000000  0.107958
33993.000000  0.003077
33999.000000  0.309370
34007.000000  -0.547225
34009.000000  -0.011496
34165.000000  0.032931
34220.000000  -0.040411
34314.000000  0.006412
34386.000000  0.011228
34481.000000  0.018348
34565.000000  0.057346
34649.000000  0.004383
34731.000000  -0.004686
34839.000000  -0.036810
34920.000000  0.030644
35012.000000  -0.010497
35078.000000  -0.059439
35120.000000  0.018181
35128.000000  -0.000947
35197.000000  0.024941
35342.000000  0.027542
35457.000000  -0.005184
35542.000000  0.041878
35636.000000  -0.011569
35731.000000  -0.059510
35788.000000  0.043724
35789.000000  -0.063595
35874.000000  0.054785
35966.000000  -0.036091
36075.000000  0.055332
36156.000000  -0.004093
36257.000000  0.028996
36346.000000  -0.080555
36424.000000  -0.002640
36533.000000  0.073504
36678.000000  0.036034
36843.000000  -0.059624
37009.000000  0.066745
37169.000000  -0.017066
37331.000000  0.007821
37514.000000  0.051582
37630.000000  -0.055734
37727.000000  -0.030120
37821.000000  -0.009117
37908.000000  -0.025662
37996.000000  -0.002845
38093.000000  0.011168
38216.000000  0.077761
38304.000000  -0.062539
38397.000000  0.010100
38476.000000  0.021483
38564.000000  0.018685
38663.000000  -0.078136
38757.000000  0.027128
38885.000000  0.090293
38919.000000  -0.065477
38981.000000  -0.054092
39035.000000  0.033843
39134.000000  0.063493
39189.000000  0.054709
39233.000000  -0.090550
39251.000000  0.059646
39288.000000  -0.020112
39348.000000  0.125466
39359.000000  -0.041991
39418.000000  -0.203894
39528.000000  0.026336
39611.000000  0.000431
39717.000000  0.003832
39797.000000  -0.004084
39950.000000  0.016745
39996.000000  -0.050820
40104.000000  0.036176
40205.000000  0.004347
40242.000000  -0.030635
40335.000000  0.037976
40366.000000  -0.059356
40432.000000  0.018753
40524.000000  -0.009306
40625.000000  0.018556
40713.000000  -0.004381
40792.000000  0.027474
40810.000000  -0.076140
40819.000000  0.031976
