399.000000  0.192413
577.000000  0.151980
671.000000  0.148638
734.000000  0.137875
804.000000  0.141517
913.000000  0.155914
1052.000000  0.162860
1211.000000  0.189038
1388.000000  0.196735
1553.000000  0.211188
1718.000000  0.213782
1839.000000  0.207194
1929.000000  0.181774
2027.000000  0.189504
2173.000000  0.206012
2245.000000  0.188976
2285.000000  0.145822
2331.000000  0.151112
2412.000000  0.206016
2533.000000  0.175993
2657.000000  0.202847
2731.000000  0.189366
2816.000000  0.165787
2900.000000  0.173003
3067.000000  0.182183
3173.000000  0.198726
3243.000000  0.182124
3326.000000  0.197195
3418.000000  0.204658
3495.000000  0.219117
3498.000000  0.157323
3510.000000  0.158672
3605.000000  0.192788
3690.000000  0.179377
3777.000000  0.212386
3879.000000  0.223141
3962.000000  0.222188
4045.000000  0.214743
4129.000000  0.214369
4229.000000  0.257570
4360.000000  0.264102
4476.000000  0.211802
4597.000000  0.266620
4709.000000  0.270405
4814.000000  0.264113
4945.000000  0.255081
5027.000000  0.209493
5097.000000  0.204962
5216.000000  0.234152
5355.000000  0.278993
5452.000000  0.216075
5466.000000  0.194385
5526.000000  0.258550
5645.000000  0.228134
5735.000000  0.232809
5831.000000  0.275993
5951.000000  0.244051
6089.000000  0.274013
6252.000000  0.250360
6378.000000  0.256391
6473.000000  0.211341
6569.000000  0.278184
6658.000000  0.269322
6731.000000  0.254136
6811.000000  0.256282
6896.000000  0.260926
6976.000000  0.240821
7046.000000  0.251692
7193.000000  0.306067
7291.000000  0.254381
7405.000000  0.293109
7537.000000  0.311711
7672.000000  0.339553
7791.000000  0.302110
7946.000000  0.308692
8120.000000  0.392998
8278.000000  0.304591
8442.000000  0.311004
8590.000000  0.410286
8719.000000  0.368197
8850.000000  0.294831
8998.000000  0.374742
9114.000000  0.355972
9220.000000  0.313527
9307.000000  0.268832
9452.000000  0.350762
9493.000000  0.291312
9646.000000  0.414459
9814.000000  0.432855
9956.000000  0.423617
10123.000000  0.376752
10166.000000  0.322969
10318.000000  0.371535
10455.000000  0.403903
10557.000000  0.378917
10633.000000  0.336576
10752.000000  0.371079
10916.000000  0.386519
11083.000000  0.415602
11245.000000  0.347434
11388.000000  0.408496
11528.000000  0.381248
11667.000000  0.355151
11811.000000  0.419961
11964.000000  0.423410
12062.000000  0.395184
12135.000000  0.327832
12287.000000  0.394823
12416.000000  0.408160
12569.000000  0.409320
12705.000000  0.404267
12803.000000  0.403026
12946.000000  0.420301
13029.000000  0.394268
13132.000000  0.419248
13238.000000  0.388215
13319.000000  0.386824
13406.000000  0.400887
13487.000000  0.394651
13563.000000  0.394874
13661.000000  0.427290
13849.000000  0.422266
14025.000000  0.446781
14162.000000  0.453768
14252.000000  0.379435
14339.000000  0.361985
14401.000000  0.412484
14486.000000  0.400915
14569.000000  0.413053
14673.000000  0.412618
14757.000000  0.390833
14830.000000  0.390321
14912.000000  0.420343
15013.000000  0.429939
15077.000000  0.426588
15173.000000  0.455320
15279.000000  0.443276
15398.000000  0.491357
15580.000000  0.555458
15649.000000  0.566731
15725.000000  0.389368
15795.000000  0.552699
15898.000000  0.563087
16050.000000  0.672726
16194.000000  0.571419
16244.000000  0.505123
16349.000000  0.538662
16498.000000  0.573878
16629.000000  0.510649
16757.000000  0.462154
16842.000000  0.460495
16934.000000  0.489590
17070.000000  0.466636
17283.000000  0.503953
17409.000000  0.512286
17611.000000  0.653352
17787.000000  0.677823
17863.000000  0.603650
17930.000000  0.588490
18006.000000  0.541549
18085.000000  0.536767
18177.000000  0.615006
18294.000000  0.638938
18361.000000  0.503976
18453.000000  0.665018
18541.000000  0.624903
18631.000000  0.637265
18722.000000  0.663654
18817.000000  0.646986
18914.000000  0.628647
19029.000000  0.641200
19154.000000  0.637980
19266.000000  0.614936
19337.000000  0.751176
19367.000000  0.332365
19441.000000  0.371905
19501.000000  0.377397
19581.000000  0.395405
19631.000000  0.400323
19729.000000  0.423030
19859.000000  0.428630
20003.000000  0.422921
20159.000000  0.440984
20295.000000  0.466701
20346.000000  0.420336
20525.000000  0.474382
20700.000000  0.507799
20865.000000  0.453618
21037.000000  0.470331
21150.000000  0.478724
21227.000000  0.514879
21309.000000  0.557101
21371.000000  0.493159
21441.000000  0.507579
21519.000000  0.551426
21617.000000  0.563456
21667.000000  0.451529
21744.000000  0.480010
21831.000000  0.446470
21914.000000  0.476191
21981.000000  0.541742
22037.000000  0.395408
22099.000000  0.382081
22258.000000  0.494973
22367.000000  0.543757
22464.000000  0.424293
22572.000000  0.464421
22617.000000  0.440489
22699.000000  0.473157
22779.000000  0.431479
22864.000000  0.500549
22943.000000  0.451242
23021.000000  0.417969
23109.000000  0.468866
23186.000000  0.424990
23208.000000  0.413269
23253.000000  0.462946
23260.000000  0.420957
23262.000000  0.400746
23302.000000  0.417148
23379.000000  0.480093
23476.000000  0.453352
23549.000000  0.430677
23634.000000  0.464632
23716.000000  0.437679
23773.000000  0.425738
23881.000000  0.436994
23984.000000  0.420534
24064.000000  0.420673
24148.000000  0.453347
24224.000000  0.454078
24302.000000  0.470356
24380.000000  0.473646
24462.000000  0.444984
24540.000000  0.452420
24628.000000  0.453218
24713.000000  0.442843
24778.000000  0.442602
24861.000000  0.501849
24939.000000  0.457812
25021.000000  0.472486
25097.000000  0.447779
25159.000000  0.477632
25238.000000  0.500825
25309.000000  0.482817
25379.000000  0.488316
25454.000000  0.521423
25540.000000  0.504183
25648.000000  0.507097
25714.000000  0.493914
25766.000000  0.466061
25814.000000  0.498223
25870.000000  0.431645
25937.000000  0.591162
26016.000000  0.394533
26069.000000  0.433157
26098.000000  0.409406
26162.000000  0.407508
26226.000000  0.391129
26276.000000  0.396830
26353.000000  0.408840
26421.000000  0.426097
26486.000000  0.383955
26558.000000  0.438965
26636.000000  0.462594
26699.000000  0.437941
26793.000000  0.459818
26888.000000  0.468895
27014.000000  0.486819
27189.000000  0.473073
27334.000000  0.473193
27362.000000  0.419756
27437.000000  0.437886
27509.000000  0.486055
27558.000000  0.444722
27604.000000  0.403501
27657.000000  0.405656
27747.000000  0.444783
27834.000000  0.452180
27864.000000  0.427415
27870.000000  0.413437
27890.000000  0.469867
28042.000000  0.464940
28144.000000  0.424496
28260.000000  0.435528
28337.000000  0.442958
28410.000000  0.407672
28437.000000  0.436316
28459.000000  0.377704
28473.000000  0.428871
28494.000000  0.379200
28530.000000  0.427575
28561.000000  0.422406
28638.000000  0.419151
28727.000000  0.430792
28804.000000  0.441172
28872.000000  0.442884
28941.000000  0.438178
28954.000000  0.384363
29021.000000  0.439301
29133.000000  0.456405
29247.000000  0.433964
29340.000000  0.420868
29438.000000  0.421228
29503.000000  0.426886
29592.000000  0.465803
29687.000000  0.462633
29787.000000  0.426789
29873.000000  0.475939
29890.000000  0.445612
29892.000000  0.429096
29930.000000  0.429234
30001.000000  0.400156
30067.000000  0.449898
30152.000000  0.429825
30259.000000  0.471071
30361.000000  0.466384
30416.000000  0.446108
30508.000000  0.489132
30513.000000  0.393838
30516.000000  0.411481
30518.000000  0.414385
30569.000000  0.439382
30726.000000  0.453308
30811.000000  0.448070
30926.000000  0.470314
31021.000000  0.439939
31110.000000  0.470429
31151.000000  0.466451
31158.000000  0.396380
31181.000000  0.412497
31218.000000  0.420701
31260.000000  0.423242
31285.000000  0.387403
31339.000000  0.424461
31423.000000  0.442619
31593.000000  0.468300
31777.000000  0.514001
31857.000000  0.422024
31935.000000  0.406794
32005.000000  0.458937
32020.000000  0.396252
32090.000000  0.468811
32170.000000  0.429572
32254.000000  0.484287
32302.000000  0.468275
32305.000000  0.397748
32368.000000  0.449255
32451.000000  0.455331
32530.000000  0.489578
32630.000000  0.461050
32733.000000  0.484506
32803.000000  0.443812
32896.000000  0.502157
32988.000000  0.506633
33080.000000  0.697217
33101.000000  0.403059
33185.000000  0.450900
33287.000000  0.529894
33367.000000  0.465631
33446.000000  0.435417
33561.000000  0.702786
33687.000000  0.748953
33761.000000  0.818706
33780.000000  1.070972
33814.000000  0.414541
33852.000000  0.484968
33899.000000  0.670706
33948.000000  0.517167
33984.000000  0.625125
33993.000000  0.628201
33999.000000  0.937572
34007.000000  0.390347
34009.000000  0.378851
34165.000000  0.411782
34220.000000  0.371370
34314.000000  0.377783
34386.000000  0.389011
34481.000000  0.407358
34565.000000  0.464704
34649.000000  0.469087
34731.000000  0.464401
34839.000000  0.427592
34920.000000  0.458236
35012.000000  0.447739
35078.000000  0.388300
35120.000000  0.406481
35128.000000  0.405534
35197.000000  0.430475
35342.000000  0.458017
35457.000000  0.452833
35542.000000  0.494711
35636.000000  0.483142
35731.000000  0.423631
35788.000000  0.467356
35789.000000  0.403761
35874.000000  0.458545
35966.000000  0.422454
36075.000000  0.477786
36156.000000  0.473693
36257.000000  0.502689
36346.000000  0.422135
36424.000000  0.419494
36533.000000  0.492999
36678.000000  0.529032
36843.000000  0.469408
37009.000000  0.536153
37169.000000  0.519087
37331.000000  0.526909
37514.000000  0.578491
37630.000000  0.522756
37727.000000  0.492636
37821.000000  0.483519
37908.000000  0.457857
37996.000000  0.455012
38093.000000  0.466180
38216.000000  0.543941
38304.000000  0.481402
38397.000000  0.491502
38476.000000  0.512985
38564.000000  0.531670
38663.000000  0.453533
38757.000000  0.480661
38885.000000  0.570954
38919.000000  0.505477
38981.000000  0.451385
39035.000000  0.485228
39134.000000  0.548721
39189.000000  0.603430
39233.000000  0.512880
39251.000000  0.572526
39288.000000  0.552415
39348.000000  0.677880
39359.000000  0.635889
39418.000000  0.431995
39528.000000  0.458331
39611.000000  0.458762
39717.000000  0.462594
39797.000000  0.458510
39950.000000  0.475256
39996.000000  0.424436
40104.000000  0.460611
40205.000000  0.464958
40242.000000  0.434323
40335.000000  0.472299
40366.000000  0.412943
40432.000000  0.431696
40524.000000  0.422390
40625.000000  0.440946
40713.000000  0.436566
40792.000000  0.464040
40810.000000  0.387900
40819.000000  0.419876
