399.000000  39.726776
577.000000  43.668705
671.000000  37.133465
734.000000  27.889395
804.000000  23.743378
913.000000  32.839035
1052.000000  32.456734
1211.000000  34.969231
1388.000000  43.936817
1553.000000  37.531860
1718.000000  38.749088
1839.000000  34.639023
1929.000000  25.609043
2027.000000  28.233755
2173.000000  36.407562
2245.000000  31.043491
2285.000000  10.160624
2331.000000  8.738489
2412.000000  33.348091
2533.000000  44.650887
2657.000000  37.663452
2731.000000  15.167915
2816.000000  22.241364
2900.000000  16.310980
3067.000000  26.918789
3173.000000  28.340200
3243.000000  20.840757
3326.000000  24.214590
3418.000000  28.579388
3495.000000  28.535521
3498.000000  1.624411
3510.000000  10.289511
3605.000000  24.378387
3690.000000  27.910250
3777.000000  28.998169
3879.000000  28.956762
3962.000000  29.944536
4045.000000  28.765493
4129.000000  25.166214
4229.000000  37.146187
4360.000000  39.496101
4476.000000  37.558334
4597.000000  32.093048
4709.000000  35.630947
4814.000000  31.468025
4945.000000  27.511543
5027.000000  29.202894
5097.000000  22.938263
5216.000000  37.867668
5355.000000  28.858513
5452.000000  15.310006
5466.000000  6.433335
5526.000000  17.886417
5645.000000  22.515430
5735.000000  21.054695
5831.000000  23.256256
5951.000000  26.532093
6089.000000  29.625542
6252.000000  36.354809
6378.000000  34.228512
6473.000000  22.887112
6569.000000  27.883568
6658.000000  28.931028
6731.000000  28.272263
6811.000000  25.635019
6896.000000  22.536247
6976.000000  19.930315
7046.000000  19.000742
7193.000000  34.415333
7291.000000  32.404789
7405.000000  39.446060
7537.000000  32.223602
7672.000000  36.921734
7791.000000  28.919401
7946.000000  26.525036
8120.000000  39.920860
8278.000000  33.908215
8442.000000  30.826521
8590.000000  37.468323
8719.000000  34.270218
8850.000000  29.642504
8998.000000  27.079090
9114.000000  31.307823
9220.000000  22.741049
9307.000000  19.058531
9452.000000  34.718712
9493.000000  33.374054
9646.000000  36.029724
9814.000000  39.306595
9956.000000  41.375973
10123.000000  40.336060
10166.000000  32.060902
10318.000000  33.663418
10455.000000  31.351841
10557.000000  40.607040
10633.000000  14.699266
10752.000000  27.916218
10916.000000  31.983488
11083.000000  29.588572
11245.000000  30.489960
11388.000000  27.800508
11528.000000  27.414364
11667.000000  28.545940
11811.000000  26.513788
11964.000000  26.057430
12062.000000  22.987509
12135.000000  13.773624
12287.000000  20.231441
12416.000000  21.859381
12569.000000  23.567125
12705.000000  28.944048
12803.000000  20.028656
12946.000000  20.047161
13029.000000  17.991076
13132.000000  13.420431
13238.000000  20.849939
13319.000000  13.464668
13406.000000  13.636902
13487.000000  14.908978
13563.000000  11.862187
13661.000000  16.417545
13849.000000  20.938461
14025.000000  21.110390
14162.000000  19.661020
14252.000000  18.144949
14339.000000  15.298618
14401.000000  12.662064
14486.000000  17.702091
14569.000000  16.765516
14673.000000  14.544257
14757.000000  13.723961
14830.000000  11.218171
14912.000000  13.353844
15013.000000  13.631171
15077.000000  14.158281
15173.000000  19.825783
15279.000000  22.272614
15398.000000  25.351059
15580.000000  32.514534
15649.000000  35.119133
15725.000000  7.014240
15795.000000  31.885984
15898.000000  31.896639
16050.000000  42.231239
16194.000000  32.814701
16244.000000  25.577715
16349.000000  36.375420
16498.000000  33.709309
16629.000000  25.840462
16757.000000  24.015545
16842.000000  20.477913
16934.000000  19.861776
17070.000000  16.614199
17283.000000  21.332809
17409.000000  28.481960
17611.000000  36.879318
17787.000000  40.061619
17863.000000  34.100349
17930.000000  33.801548
18006.000000  34.788357
18085.000000  36.431248
18177.000000  36.783478
18294.000000  45.439110
18361.000000  24.729719
18453.000000  42.520618
18541.000000  45.923168
18631.000000  45.908653
18722.000000  45.567341
18817.000000  41.117329
18914.000000  39.701672
19029.000000  39.167061
19154.000000  40.810520
19266.000000  45.043297
19337.000000  48.107639
19367.000000  5.944662
19441.000000  6.664418
19501.000000  6.240491
19581.000000  7.547501
19631.000000  6.214348
19729.000000  10.756924
19859.000000  11.763071
20003.000000  11.738840
20159.000000  14.119946
20295.000000  16.384365
20346.000000  13.869278
20525.000000  21.124277
20700.000000  19.457991
20865.000000  22.318802
21037.000000  24.805052
21150.000000  22.815668
21227.000000  20.902807
21309.000000  21.648588
21371.000000  24.205860
21441.000000  26.547325
21519.000000  24.641470
21617.000000  25.786865
21667.000000  8.733455
21744.000000  17.796499
21831.000000  11.065035
21914.000000  18.636854
21981.000000  28.018248
22037.000000  4.028535
22099.000000  5.529675
22258.000000  16.654305
22367.000000  28.609062
22464.000000  11.813080
22572.000000  13.105241
22617.000000  11.918365
22699.000000  13.305715
22779.000000  15.599794
22864.000000  15.344236
22943.000000  14.855330
23021.000000  13.081103
23109.000000  16.295784
23186.000000  14.219585
23208.000000  7.102630
23253.000000  13.118733
23260.000000  10.878712
23262.000000  0.564796
23302.000000  4.092338
23379.000000  7.029378
23476.000000  10.282979
23549.000000  11.720601
23634.000000  12.242796
23716.000000  12.403933
23773.000000  8.642866
23881.000000  7.732630
23984.000000  13.854247
24064.000000  12.512801
24148.000000  11.012645
24224.000000  9.505140
24302.000000  12.932499
24380.000000  12.500286
24462.000000  10.915986
24540.000000  12.079231
24628.000000  12.727493
24713.000000  14.179990
24778.000000  11.093379
24861.000000  13.914246
24939.000000  14.584533
25021.000000  16.515169
25097.000000  16.301807
25159.000000  11.709192
25238.000000  12.102570
25309.000000  21.402418
25379.000000  22.986113
25454.000000  27.569145
25540.000000  19.452654
25648.000000  21.737125
25714.000000  22.013742
25766.000000  16.985516
25814.000000  11.305837
25870.000000  4.653047
25937.000000  29.403049
26016.000000  6.282201
26069.000000  12.963614
26098.000000  10.635705
26162.000000  3.414969
26226.000000  5.206388
26276.000000  3.847576
26353.000000  4.982463
26421.000000  5.421794
26486.000000  4.999083
26558.000000  6.026396
26636.000000  6.637300
26699.000000  5.650996
26793.000000  7.602540
26888.000000  9.494173
27014.000000  10.067633
27189.000000  13.609006
27334.000000  14.731491
27362.000000  7.983026
27437.000000  8.701397
27509.000000  9.149855
27558.000000  4.114433
27604.000000  4.674051
27657.000000  4.497359
27747.000000  4.753483
27834.000000  6.240407
27864.000000  3.254004
27870.000000  0.792784
27890.000000  10.385301
28042.000000  9.264004
28144.000000  10.135134
28260.000000  10.843054
28337.000000  8.935971
28410.000000  8.515163
28437.000000  4.170773
28459.000000  2.985142
28473.000000  3.327984
28494.000000  2.406803
28530.000000  3.778757
28561.000000  3.076987
28638.000000  7.325706
28727.000000  8.374318
28804.000000  13.727117
28872.000000  10.628414
28941.000000  7.864556
28954.000000  2.858536
29021.000000  6.297297
29133.000000  10.243093
29247.000000  11.645051
29340.000000  13.222970
29438.000000  12.181556
29503.000000  13.796030
29592.000000  9.212032
29687.000000  11.565297
29787.000000  10.824471
29873.000000  12.624309
29890.000000  6.218383
29892.000000  1.372478
29930.000000  2.197788
30001.000000  5.392362
30067.000000  6.120758
30152.000000  9.626226
30259.000000  11.492356
30361.000000  11.815416
30416.000000  14.219497
30508.000000  14.262326
30513.000000  1.571249
30516.000000  0.798069
30518.000000  0.470534
30569.000000  6.470306
30726.000000  12.333852
30811.000000  8.109386
30926.000000  10.117293
31021.000000  12.887218
31110.000000  10.881504
31151.000000  11.066345
31158.000000  2.192734
31181.000000  1.668769
31218.000000  2.454723
31260.000000  4.391140
31285.000000  2.336748
31339.000000  4.766346
31423.000000  7.990444
31593.000000  14.295467
31777.000000  17.873911
31857.000000  13.176420
31935.000000  10.727804
32005.000000  11.006812
32020.000000  9.070977
32090.000000  12.750355
32170.000000  12.778175
32254.000000  15.247184
32302.000000  12.768266
32305.000000  0.520285
32368.000000  11.961824
32451.000000  15.064554
32530.000000  17.197695
32630.000000  14.775501
32733.000000  13.856025
32803.000000  11.109556
32896.000000  16.756893
32988.000000  27.879396
33080.000000  39.852036
33101.000000  10.221173
33185.000000  19.307451
33287.000000  20.366232
33367.000000  10.651648
33446.000000  14.007999
33561.000000  36.899654
33687.000000  43.118584
33761.000000  53.980480
33780.000000  60.257233
33814.000000  14.174891
33852.000000  17.742409
33899.000000  17.406443
33948.000000  31.265036
33984.000000  36.051731
33993.000000  37.520027
33999.000000  56.780930
34007.000000  2.140084
34009.000000  0.789521
34165.000000  16.571590
34220.000000  6.602952
34314.000000  8.753263
34386.000000  10.992538
34481.000000  14.238630
34565.000000  12.665737
34649.000000  12.779922
34731.000000  13.571670
34839.000000  16.037270
34920.000000  11.537774
35012.000000  9.167343
35078.000000  5.667778
35120.000000  2.550672
35128.000000  1.464620
35197.000000  7.354623
35342.000000  9.597608
35457.000000  10.218516
35542.000000  12.647518
35636.000000  10.539655
35731.000000  13.907912
35788.000000  13.432835
35789.000000  6.732243
35874.000000  12.912506
35966.000000  14.849276
36075.000000  15.325766
36156.000000  14.101638
36257.000000  20.855297
36346.000000  13.737275
36424.000000  14.014445
36533.000000  15.488243
36678.000000  18.847218
36843.000000  19.006062
37009.000000  19.635605
37169.000000  20.464123
37331.000000  25.104856
37514.000000  19.472094
37630.000000  19.385967
37727.000000  12.630920
37821.000000  17.462444
37908.000000  13.677561
37996.000000  12.062918
38093.000000  15.715809
38216.000000  17.073929
38304.000000  19.257618
38397.000000  20.488962
38476.000000  16.268673
38564.000000  16.361164
38663.000000  11.794521
38757.000000  13.368140
38885.000000  24.537245
38919.000000  20.342825
38981.000000  6.981575
39035.000000  17.013685
39134.000000  28.662104
39189.000000  31.771431
39233.000000  22.396883
39251.000000  25.970533
39288.000000  31.745344
39348.000000  39.205784
39359.000000  39.990353
39418.000000  8.253601
39528.000000  12.074900
39611.000000  11.274847
39717.000000  17.555624
39797.000000  15.600231
39950.000000  17.159691
39996.000000  12.213416
40104.000000  17.440218
40205.000000  16.403057
40242.000000  11.503548
40335.000000  15.975459
40366.000000  9.947111
40432.000000  8.624566
40524.000000  9.978930
40625.000000  13.189355
40713.000000  13.790311
40792.000000  15.727115
40810.000000  5.601869
40819.000000  4.366712
