4067.000000  0.892481
4812.000000  -0.068694
5640.000000  -0.431242
6639.000000  0.169548
7712.000000  0.188830
9024.000000  0.263663
10332.000000  -0.022087
11334.000000  0.094208
12394.000000  -0.071666
13454.000000  0.039795
14645.000000  -0.007216
15993.000000  0.076756
17291.000000  0.245191
18490.000000  -0.084960
19514.000000  -0.341080
19777.000000  -0.076061
20334.000000  -0.050821
21036.000000  0.244532
21754.000000  -0.189622
22470.000000  0.278654
23096.000000  -0.099554
23822.000000  0.004466
24454.000000  -0.197057
24810.000000  0.044853
25907.000000  0.395965
26999.000000  0.069247
28052.000000  -0.001519
29159.000000  -0.110367
29892.000000  0.047057
31272.000000  -0.038948
32470.000000  0.212049
33068.000000  -0.310559
33678.000000  -0.121991
34296.000000  0.115265
35094.000000  0.161542
36039.000000  0.298717
37026.000000  -0.449896
37833.000000  -0.099040
39159.000000  0.334987
40523.000000  0.254375
41581.000000  -0.162816
42681.000000  -0.053998
43280.000000  -0.308030
43865.000000  0.089377
44599.000000  -0.058383
45188.000000  -0.135990
45695.000000  -0.053633
46068.000000  -0.110094
46415.000000  -0.119200
46742.000000  0.505394
47181.000000  -0.009601
47772.000000  0.106902
48768.000000  -0.031504
49648.000000  -0.063135
50879.000000  0.191896
52098.000000  -0.028638
52990.000000  -0.061183
54247.000000  0.428759
55537.000000  -0.012442
56822.000000  0.233935
57844.000000  0.288560
59089.000000  -0.754996
59818.000000  0.004047
60606.000000  -0.165086
61628.000000  0.077606
62429.000000  0.099428
63555.000000  -0.009646
64352.000000  -0.210706
65014.000000  -0.039521
65558.000000  0.487004
65925.000000  -0.683074
66309.000000  -0.070457
67165.000000  0.337941
68189.000000  1.072784
69073.000000  -0.314895
70491.000000  -0.214189
72015.000000  0.100130
73606.000000  0.371323
75091.000000  0.008995
76379.000000  0.373984
77863.000000  -0.002937
78944.000000  -0.411580
80642.000000  -0.058290
81732.000000  -0.235329
82691.000000  -0.341857
84019.000000  0.553684
85295.000000  -0.026226
86223.000000  0.182582
87234.000000  -0.060361
88045.000000  0.057999
89008.000000  -0.069147
90406.000000  0.494412
91735.000000  -0.177363
93138.000000  0.183615
94390.000000  -0.865159
95839.000000  0.458395
97686.000000  -0.041697
98850.000000  -0.127416
99914.000000  -0.119939
101439.000000  0.347028
102482.000000  -0.275444
103698.000000  0.473314
104947.000000  0.202473
105769.000000  -0.030824
106417.000000  -0.172430
107790.000000  0.658509
108789.000000  0.169192
109764.000000  0.445893
110998.000000  -0.341015
112103.000000  -0.304958
112989.000000  0.204394
114496.000000  -0.255051
115207.000000  0.359621
115822.000000  -0.711561
116492.000000  -0.266517
117429.000000  0.340204
118395.000000  1.036868
119666.000000  -0.265115
121094.000000  -0.157168
122656.000000  0.317350
124030.000000  -0.787339
125198.000000  0.207237
126062.000000  0.626951
126690.000000  0.155993
127661.000000  -1.303280
128242.000000  -0.086714
129140.000000  0.600109
130118.000000  2.445313
131390.000000  2.552230
131927.000000  -6.069413
132554.000000  -0.407820
133476.000000  0.816051
133848.000000  -0.631819
134216.000000  -0.339091
134485.000000  0.528672
134798.000000  -0.204743
134853.000000  -0.363807
135136.000000  0.085972
135686.000000  -0.011418
136526.000000  0.375352
137201.000000  0.106324
137628.000000  0.774486
138066.000000  -0.968596
138336.000000  -0.108629
138577.000000  -0.315683
138836.000000  0.087579
139288.000000  0.328483
139691.000000  -0.240303
139953.000000  -0.192506
140037.000000  0.592675
140051.000000  -0.368408
140074.000000  0.026117
140080.000000  -0.253211
140925.000000  0.366857
141809.000000  0.068528
142461.000000  0.090334
143350.000000  0.174707
143954.000000  -0.161283
144369.000000  0.065502
144838.000000  -0.085358
145442.000000  0.083661
145800.000000  -0.074301
146199.000000  0.071571
146566.000000  0.574989
146843.000000  -0.577283
147251.000000  -0.093987
147675.000000  -0.034043
148047.000000  -0.197307
148498.000000  0.356338
149018.000000  0.021891
149506.000000  -0.077217
149518.000000  -0.191011
150053.000000  -0.030279
150524.000000  -0.036519
151012.000000  0.124112
151994.000000  0.734141
152422.000000  -0.168544
152826.000000  -0.018951
153212.000000  -0.297955
153948.000000  0.478640
154646.000000  0.552308
155298.000000  -0.163245
155433.000000  -0.350053
155775.000000  -0.681981
156467.000000  0.137794
157542.000000  -0.036079
158588.000000  0.133065
159341.000000  -0.180837
159834.000000  -0.083317
159930.000000  -0.228524
160119.000000  0.109844
160396.000000  0.266464
160539.000000  -0.306435
