4067.000000  0.629512
4812.000000  0.601025
5640.000000  0.225263
6639.000000  0.375662
7712.000000  0.565691
9024.000000  0.769887
10332.000000  0.742585
11334.000000  0.807573
12394.000000  0.767613
13454.000000  0.784671
14645.000000  0.739396
15993.000000  0.831208
17291.000000  0.972376
18490.000000  0.932302
19514.000000  0.633441
19777.000000  0.468203
20334.000000  0.456066
21036.000000  0.690755
21754.000000  0.544609
22470.000000  0.647887
23096.000000  0.682686
23822.000000  0.673769
24454.000000  0.510548
24810.000000  0.537306
25907.000000  0.864994
26999.000000  0.912296
28052.000000  0.921996
29159.000000  0.779992
29892.000000  0.842070
31272.000000  0.803800
32470.000000  0.954028
33068.000000  0.681805
33678.000000  0.552413
34296.000000  0.675692
35094.000000  0.802782
36039.000000  0.637009
37026.000000  0.661059
37833.000000  0.528944
39159.000000  0.849774
40523.000000  1.018020
41581.000000  0.852417
42681.000000  0.852602
43280.000000  0.583853
43865.000000  0.528158
44599.000000  0.587016
45188.000000  0.467327
45695.000000  0.374361
46068.000000  0.178531
46415.000000  0.132475
46742.000000  0.557798
47181.000000  0.630448
47772.000000  0.725553
48768.000000  0.600031
49648.000000  0.534290
50879.000000  0.704227
52098.000000  0.776130
52990.000000  0.642078
54247.000000  0.971799
55537.000000  0.958094
56822.000000  1.132725
57844.000000  0.860756
59089.000000  0.780152
59818.000000  0.733012
60606.000000  0.517087
61628.000000  0.625273
62429.000000  0.754700
63555.000000  0.648204
64352.000000  0.504484
65014.000000  0.418932
65558.000000  0.810120
65925.000000  0.259997
66309.000000  0.163740
67165.000000  0.591232
68189.000000  0.869369
69073.000000  0.640514
70491.000000  0.635322
72015.000000  0.691009
73606.000000  0.858591
75091.000000  0.891297
76379.000000  0.989724
77863.000000  1.030092
78944.000000  0.904067
80642.000000  1.112028
81732.000000  0.966574
82691.000000  0.702429
84019.000000  1.157696
85295.000000  1.258673
86223.000000  1.285813
87234.000000  1.314658
88045.000000  1.262935
89008.000000  1.333134
90406.000000  1.698754
91735.000000  1.589870
93138.000000  1.620758
94390.000000  0.896481
95839.000000  1.163782
97686.000000  1.194609
98850.000000  1.076640
99914.000000  0.858015
101439.000000  1.148199
102482.000000  0.932633
103698.000000  1.219049
104947.000000  1.395785
105769.000000  1.687071
106417.000000  1.250123
107790.000000  1.906643
108789.000000  2.216822
109764.000000  2.550028
110998.000000  2.132514
112103.000000  1.858234
112989.000000  2.016416
114496.000000  1.817660
115207.000000  2.197215
115822.000000  1.580882
116492.000000  0.310634
117429.000000  0.806661
118395.000000  2.526445
119666.000000  2.356470
121094.000000  2.120967
122656.000000  2.444042
124030.000000  1.742348
125198.000000  1.936848
126062.000000  2.525686
126690.000000  2.690867
127661.000000  1.289720
128242.000000  1.208644
129140.000000  1.732959
130118.000000  4.260199
131390.000000  6.708837
131927.000000  0.842099
132554.000000  0.345144
133476.000000  1.147996
133848.000000  0.428981
134216.000000  0.290864
134485.000000  0.617403
134798.000000  0.523950
134853.000000  0.118799
135136.000000  0.201915
135686.000000  0.222355
136526.000000  0.376911
137201.000000  0.615999
137628.000000  1.410914
138066.000000  0.378080
138336.000000  0.187840
138577.000000  0.110427
138836.000000  0.116583
139288.000000  0.282169
139691.000000  0.124824
139953.000000  0.080926
140037.000000  0.505972
140051.000000  0.187590
140074.000000  0.185929
140080.000000  0.016527
140925.000000  0.410903
141809.000000  0.368312
142461.000000  0.428179
143350.000000  0.555486
143954.000000  0.584140
144369.000000  0.337854
144838.000000  0.402818
145442.000000  0.429546
145800.000000  0.380601
146199.000000  0.306935
146566.000000  0.329725
146843.000000  0.391309
147251.000000  0.385079
147675.000000  0.418078
148047.000000  0.278685
148498.000000  0.272357
149018.000000  0.380852
149506.000000  0.312045
149518.000000  0.237342
150053.000000  0.218794
150524.000000  0.296904
151012.000000  0.351458
151994.000000  0.880026
152422.000000  0.705653
152826.000000  0.853159
153212.000000  0.668083
153948.000000  0.866978
154646.000000  1.475246
155298.000000  1.430196
155433.000000  0.998417
155775.000000  0.189309
156467.000000  0.389948
157542.000000  0.493066
158588.000000  0.524844
159341.000000  0.407149
159834.000000  0.322827
159930.000000  0.090623
160119.000000  0.180579
160396.000000  0.306215
160539.000000  0.104488
