269.000000  0.075294
345.000000  -0.018622
385.000000  -0.016765
439.000000  0.011022
491.000000  0.012473
542.000000  -0.003059
585.000000  0.008620
649.000000  -0.002416
692.000000  -0.003564
763.000000  0.013519
823.000000  -0.006927
894.000000  0.003903
952.000000  -0.006389
1021.000000  0.007634
1095.000000  0.009259
1148.000000  -0.007333
1204.000000  0.009780
1259.000000  -0.002144
1293.000000  -0.009982
1312.000000  -0.015476
1342.000000  0.000452
1368.000000  -0.016331
1382.000000  0.000690
1399.000000  -0.010362
1420.000000  0.004246
1454.000000  0.015131
1496.000000  0.007322
1526.000000  -0.002232
1546.000000  0.003008
1586.000000  0.014171
1605.000000  -0.015243
1629.000000  -0.001380
1680.000000  0.016833
1717.000000  0.011643
1752.000000  -0.008661
1781.000000  -0.006410
1802.000000  0.001685
1833.000000  0.015463
1867.000000  -0.010902
1896.000000  -0.012102
1919.000000  0.001275
1952.000000  0.015330
1993.000000  -0.004774
2027.000000  0.013805
2084.000000  0.052473
2139.000000  -0.048148
2171.000000  -0.007826
2183.000000  -0.021120
2204.000000  0.001056
2221.000000  0.003675
2254.000000  0.002249
2269.000000  -0.006237
2304.000000  0.011825
2343.000000  0.015877
2379.000000  -0.006905
2418.000000  0.002557
2458.000000  -0.015438
2514.000000  0.018294
2564.000000  0.004349
2603.000000  -0.014533
2635.000000  -0.001003
2649.000000  0.005927
2685.000000  -0.014788
2719.000000  -0.000394
2749.000000  0.019822
2798.000000  -0.006696
2815.000000  -0.012198
2829.000000  -0.007448
2857.000000  0.023133
2888.000000  0.006144
2898.000000  -0.011283
2912.000000  -0.004776
2941.000000  0.012136
2971.000000  -0.006550
3001.000000  0.013466
3048.000000  -0.008761
3076.000000  -0.007545
3101.000000  0.002925
3133.000000  -0.006761
3162.000000  -0.012895
3199.000000  0.015484
3232.000000  -0.013290
3266.000000  0.018307
3284.000000  -0.009282
3318.000000  0.002351
3357.000000  0.007507
3373.000000  -0.011560
3407.000000  0.010150
3425.000000  -0.006834
3440.000000  0.004946
3483.000000  0.006705
3534.000000  0.017774
3579.000000  -0.006607
3628.000000  -0.008665
3675.000000  0.014130
3731.000000  -0.000386
3775.000000  -0.009545
3813.000000  0.004492
3867.000000  0.005524
3908.000000  0.002979
3962.000000  0.005010
4006.000000  0.017138
4078.000000  0.006940
4149.000000  -0.014584
4222.000000  0.009721
4271.000000  -0.013630
4306.000000  -0.010001
4354.000000  0.019984
4397.000000  -0.024368
4464.000000  0.025717
4498.000000  -0.018408
4534.000000  0.004977
4587.000000  0.002934
4632.000000  0.017292
4708.000000  0.011926
4770.000000  -0.020162
4818.000000  0.009963
4879.000000  -0.002664
4920.000000  -0.010877
4953.000000  -0.006218
4982.000000  -0.007579
5045.000000  0.027259
5109.000000  -0.017663
5164.000000  0.006382
5182.000000  -0.003360
5221.000000  0.009444
5260.000000  -0.009263
5318.000000  0.006693
5362.000000  0.006873
5418.000000  -0.000616
5430.000000  -0.024889
5467.000000  0.039447
5497.000000  -0.020346
5533.000000  -0.006320
5570.000000  0.007538
5604.000000  -0.008588
5647.000000  0.022967
5680.000000  -0.016055
5723.000000  0.013144
5763.000000  -0.003526
5812.000000  0.005872
5812.000000  -0.049883
5842.000000  0.042300
5885.000000  0.001153
5937.000000  0.024696
5986.000000  -0.005954
6045.000000  0.008283
6046.000000  -0.035445
6120.000000  0.032546
6143.000000  -0.031157
6190.000000  0.045337
6245.000000  0.003754
6260.000000  -0.045123
6317.000000  0.047004
6369.000000  -0.019499
6406.000000  -0.005413
6452.000000  0.017576
6535.000000  0.018849
6578.000000  -0.030126
6619.000000  0.006889
6691.000000  0.004383
6720.000000  -0.009441
6766.000000  0.050488
6790.000000  -0.012853
6832.000000  0.036605
6888.000000  0.015023
6927.000000  -0.060956
6958.000000  -0.022499
6990.000000  0.042146
7049.000000  0.003517
7083.000000  -0.019357
7109.000000  -0.029928
7138.000000  -0.002975
7169.000000  0.003739
7205.000000  -0.017605
7256.000000  0.035215
7289.000000  -0.015540
7312.000000  -0.018925
7315.000000  -0.044588
7344.000000  0.071559
7379.000000  -0.004992
7408.000000  0.022475
7408.000000  -0.075780
7426.000000  0.008930
7457.000000  0.008140
7498.000000  0.007951
7538.000000  0.068864
7576.000000  -0.029221
7609.000000  0.003150
7638.000000  -0.014760
7663.000000  -0.040923
7689.000000  -0.009520
7700.000000  0.007455
7702.000000  -0.016181
7711.000000  0.007830
7733.000000  0.025727
7777.000000  0.005997
7813.000000  -0.012221
7838.000000  -0.006916
7852.000000  -0.020934
7858.000000  -0.003785
7900.000000  0.014695
7925.000000  0.006778
7954.000000  -0.005120
7967.000000  -0.004997
7983.000000  0.004441
8042.000000  0.028127
8042.000000  -0.035828
8081.000000  0.019970
8151.000000  0.001592
8210.000000  -0.002386
8218.000000  -0.010875
8268.000000  0.005644
8314.000000  0.008036
8333.000000  -0.010029
8363.000000  -0.013280
8404.000000  0.001788
8461.000000  0.018116
8498.000000  -0.012735
8522.000000  0.003077
8535.000000  -0.006902
8548.000000  0.010511
8565.000000  -0.017121
8589.000000  0.007049
8626.000000  0.004217
8645.000000  0.003198
8664.000000  0.004072
8690.000000  0.046898
8708.000000  -0.058797
8733.000000  0.002498
8754.000000  -0.008974
8763.000000  0.000445
8787.000000  0.005238
8803.000000  0.001220
8835.000000  0.000709
8869.000000  0.002740
8894.000000  -0.005363
8930.000000  -0.009464
8956.000000  0.018819
9003.000000  0.005857
9031.000000  -0.022027
9061.000000  0.020008
9072.000000  0.003633
9083.000000  0.001347
9098.000000  -0.000326
9114.000000  -0.013154
9135.000000  0.010496
9160.000000  -0.003105
9180.000000  0.022227
9206.000000  -0.022307
9231.000000  0.008999
9261.000000  -0.002087
9276.000000  0.001690
9306.000000  -0.000373
9332.000000  -0.003311
9353.000000  0.024441
9386.000000  -0.025909
9422.000000  0.012094
9441.000000  0.021848
9468.000000  -0.018365
9480.000000  -0.013797
9507.000000  0.021463
9511.000000  -0.042237
9525.000000  0.015629
9546.000000  0.014613
9573.000000  -0.010617
9606.000000  -0.010166
9632.000000  -0.004682
9650.000000  0.048192
9667.000000  -0.057468
9697.000000  0.005972
9732.000000  0.030794
9780.000000  0.020821
9809.000000  -0.026563
9853.000000  0.019098
9903.000000  -0.012056
9925.000000  -0.009365
9937.000000  -0.003942
9949.000000  -0.006660
9966.000000  -0.002700
9991.000000  0.020390
10009.000000  -0.001215
10037.000000  0.015469
10079.000000  0.010268
10104.000000  -0.046762
10123.000000  0.028976
10144.000000  -0.000906
10159.000000  -0.005929
10184.000000  0.023735
10209.000000  -0.003834
10215.000000  -0.002767
10239.000000  0.010467
10249.000000  -0.046051
10259.000000  0.060837
10277.000000  -0.013068
10289.000000  0.016968
10299.000000  -0.000989
10314.000000  -0.002216
10334.000000  0.022324
10337.000000  -0.002622
10345.000000  0.040871
10348.000000  0.001634
10360.000000  0.031417
10372.000000  -0.042800
10377.000000  -0.056907
10379.000000  0.085303
