269.000000  0.048779
345.000000  0.037807
385.000000  0.018779
439.000000  0.030196
491.000000  0.038158
542.000000  0.034597
585.000000  0.036422
649.000000  0.042739
692.000000  0.037130
763.000000  0.043523
823.000000  0.041551
894.000000  0.043279
952.000000  0.037299
1021.000000  0.044193
1095.000000  0.047430
1148.000000  0.040661
1204.000000  0.054081
1259.000000  0.050837
1293.000000  0.036236
1312.000000  0.025118
1342.000000  0.029526
1368.000000  0.014606
1382.000000  0.016572
1399.000000  0.005344
1420.000000  0.006960
1454.000000  0.020557
1496.000000  0.027976
1526.000000  0.023080
1546.000000  0.026611
1586.000000  0.038228
1605.000000  0.024417
1629.000000  0.024017
1680.000000  0.036321
1717.000000  0.048798
1752.000000  0.036555
1781.000000  0.033365
1802.000000  0.035848
1833.000000  0.041324
1867.000000  0.034402
1896.000000  0.025702
1919.000000  0.020591
1952.000000  0.032156
1993.000000  0.036014
2027.000000  0.038689
2084.000000  0.068111
2139.000000  0.049956
2171.000000  0.044528
2183.000000  0.023048
2204.000000  0.027578
2221.000000  0.021776
2254.000000  0.029739
2269.000000  0.024333
2304.000000  0.029772
2343.000000  0.041138
2379.000000  0.039393
2418.000000  0.038825
2458.000000  0.026508
2514.000000  0.038809
2564.000000  0.044394
2603.000000  0.030579
2635.000000  0.030010
2649.000000  0.038203
2685.000000  0.023180
2719.000000  0.024390
2749.000000  0.039094
2798.000000  0.033843
2815.000000  0.023848
2829.000000  0.013707
2857.000000  0.037839
2888.000000  0.038897
2898.000000  0.033711
2912.000000  0.024083
2941.000000  0.040303
2971.000000  0.036888
3001.000000  0.048152
3048.000000  0.037020
3076.000000  0.030865
3101.000000  0.034258
3133.000000  0.021017
3162.000000  0.016653
3199.000000  0.017994
3232.000000  0.016511
3266.000000  0.030484
3284.000000  0.022340
3318.000000  0.022210
3357.000000  0.030690
3373.000000  0.016611
3407.000000  0.030276
3425.000000  0.021392
3440.000000  0.014289
3483.000000  0.030077
3534.000000  0.045040
3579.000000  0.032442
3628.000000  0.031705
3675.000000  0.034753
3731.000000  0.040373
3775.000000  0.027763
3813.000000  0.038674
3867.000000  0.043063
3908.000000  0.044629
3962.000000  0.047248
4006.000000  0.045203
4078.000000  0.063255
4149.000000  0.050045
4222.000000  0.058201
4271.000000  0.045690
4306.000000  0.035374
4354.000000  0.040145
4397.000000  0.032786
4464.000000  0.054706
4498.000000  0.035280
4534.000000  0.038415
4587.000000  0.041430
4632.000000  0.048756
4708.000000  0.051375
4770.000000  0.044789
4818.000000  0.055559
4879.000000  0.047094
4920.000000  0.043468
4953.000000  0.026227
4982.000000  0.024921
5045.000000  0.044087
5109.000000  0.034848
5164.000000  0.039180
5182.000000  0.023710
5221.000000  0.030684
5260.000000  0.032774
5318.000000  0.039448
5362.000000  0.034225
5418.000000  0.039846
5430.000000  0.017155
5467.000000  0.053911
5497.000000  0.025331
5533.000000  0.030621
5570.000000  0.020088
5604.000000  0.027244
5647.000000  0.034994
5680.000000  0.033641
5723.000000  0.042639
5763.000000  0.030055
5812.000000  0.045224
5812.000000  0.000106
5842.000000  0.035701
5885.000000  0.035736
5937.000000  0.062323
5986.000000  0.052004
6045.000000  0.062767
6046.000000  0.001124
6120.000000  0.056261
6143.000000  0.020497
6190.000000  0.064320
6245.000000  0.052546
6260.000000  0.017182
6317.000000  0.061867
6369.000000  0.053771
6406.000000  0.050083
6452.000000  0.066125
6535.000000  0.076797
6578.000000  0.055997
6619.000000  0.059918
6691.000000  0.053889
6720.000000  0.042657
6766.000000  0.099977
6790.000000  0.090536
6832.000000  0.129112
6888.000000  0.146398
6927.000000  0.078674
6958.000000  0.065241
6990.000000  0.078585
7049.000000  0.110074
7083.000000  0.092174
7109.000000  0.053648
7138.000000  0.059583
7169.000000  0.062178
7205.000000  0.047849
7256.000000  0.080125
7289.000000  0.067744
7312.000000  0.045726
7315.000000  0.002898
7344.000000  0.057704
7379.000000  0.064655
7408.000000  0.089065
7408.000000  0.000192
7426.000000  0.015096
7457.000000  0.029034
7498.000000  0.037035
7538.000000  0.093152
7576.000000  0.083518
7609.000000  0.082101
7638.000000  0.065881
7663.000000  0.025515
7689.000000  0.022772
7700.000000  0.020070
7702.000000  0.002609
7711.000000  0.016990
7733.000000  0.044898
7777.000000  0.056300
7813.000000  0.036252
7838.000000  0.030880
7852.000000  0.009444
7858.000000  0.004205
7900.000000  0.017438
7925.000000  0.018608
7954.000000  0.025518
7967.000000  0.024397
7983.000000  0.016369
8042.000000  0.032162
8042.000000  0.000075
8081.000000  0.026006
8151.000000  0.038269
8210.000000  0.035517
8218.000000  0.019886
8268.000000  0.030978
8314.000000  0.034509
8333.000000  0.018225
8363.000000  0.018599
8404.000000  0.016515
8461.000000  0.039165
8498.000000  0.017723
8522.000000  0.025071
8535.000000  0.016486
8548.000000  0.022257
8565.000000  0.014157
8589.000000  0.018014
8626.000000  0.024421
8645.000000  0.023519
8664.000000  0.023247
8690.000000  0.036626
8708.000000  0.019433
8733.000000  0.014595
8754.000000  0.016931
8763.000000  0.010003
8787.000000  0.018200
8803.000000  0.022271
8835.000000  0.024082
8869.000000  0.021269
8894.000000  0.018549
8930.000000  0.012557
8956.000000  0.030169
9003.000000  0.031568
9031.000000  0.013533
9061.000000  0.027933
9072.000000  0.023827
9083.000000  0.022727
9098.000000  0.023753
9114.000000  0.016154
9135.000000  0.021929
9160.000000  0.030927
9180.000000  0.019432
9206.000000  0.025105
9231.000000  0.029556
9261.000000  0.031066
9276.000000  0.024368
9306.000000  0.027444
9332.000000  0.022073
9353.000000  0.045505
9386.000000  0.027522
9422.000000  0.036344
9441.000000  0.045916
9468.000000  0.041750
9480.000000  0.012609
9507.000000  0.039209
9511.000000  0.009610
9525.000000  0.021499
9546.000000  0.029767
9573.000000  0.025697
9606.000000  0.017624
9632.000000  0.010715
9650.000000  0.055850
9667.000000  0.009716
9697.000000  0.013030
9732.000000  0.040580
9780.000000  0.039571
9809.000000  0.034530
9853.000000  0.056689
9903.000000  0.040877
9925.000000  0.032914
9937.000000  0.032938
9949.000000  0.026367
9966.000000  0.021819
9991.000000  0.036625
10009.000000  0.038030
10037.000000  0.057198
10079.000000  0.067559
10104.000000  0.027413
10123.000000  0.046520
10144.000000  0.047940
10159.000000  0.041939
10184.000000  0.065362
10209.000000  0.057926
10215.000000  0.060124
10239.000000  0.071591
10249.000000  0.028023
10259.000000  0.088432
10277.000000  0.078205
10289.000000  0.085816
10299.000000  0.089217
10314.000000  0.088982
10334.000000  0.109548
10337.000000  0.113519
10345.000000  0.155887
10348.000000  0.158408
10360.000000  0.190674
10372.000000  0.149562
10377.000000  0.084123
10379.000000  0.175159
