216.000000  0.162206
288.000000  -0.044291
405.000000  0.039774
471.000000  -0.045815
544.000000  0.008330
602.000000  -0.039294
656.000000  0.045837
723.000000  -0.006271
795.000000  -0.001466
860.000000  0.009088
931.000000  0.021434
1011.000000  -0.013659
1095.000000  0.007809
1191.000000  -0.002432
1302.000000  0.029068
1373.000000  -0.057330
1447.000000  0.031790
1491.000000  -0.028617
1535.000000  0.001237
1579.000000  0.001019
1617.000000  0.010866
1667.000000  -0.037525
1717.000000  0.033244
1762.000000  0.007076
1808.000000  -0.009835
1869.000000  0.011168
1940.000000  0.002488
2016.000000  0.005537
2094.000000  0.001749
2152.000000  0.000255
2238.000000  0.003190
2316.000000  0.027604
2366.000000  -0.021807
2410.000000  -0.007774
2452.000000  0.000088
2530.000000  0.022321
2610.000000  -0.002362
2694.000000  0.016702
2793.000000  0.011000
2886.000000  -0.024108
2955.000000  -0.003438
3037.000000  0.010797
3112.000000  -0.039169
3182.000000  0.011343
3253.000000  -0.043980
3261.000000  0.019850
3331.000000  0.026276
3410.000000  0.025289
3493.000000  -0.005116
3586.000000  -0.025300
3664.000000  0.008877
3699.000000  -0.024497
3739.000000  0.026003
3789.000000  -0.008238
3840.000000  -0.021747
3879.000000  0.013494
3927.000000  0.009739
4007.000000  -0.057898
4062.000000  0.026543
4134.000000  0.035808
4219.000000  0.000474
4267.000000  -0.012564
4315.000000  -0.015548
4363.000000  0.030768
4412.000000  -0.021657
4460.000000  0.014118
4499.000000  -0.024766
4578.000000  0.033965
4672.000000  -0.039343
4765.000000  0.055335
4870.000000  0.024131
4970.000000  0.002571
5064.000000  -0.011210
5161.000000  -0.006801
5231.000000  0.022322
5315.000000  0.002516
5406.000000  -0.014172
5475.000000  -0.004591
5549.000000  0.001114
5629.000000  0.013624
5718.000000  -0.006725
5774.000000  0.015678
5835.000000  -0.036980
5927.000000  0.028276
6004.000000  0.016888
6095.000000  0.020156
6171.000000  -0.043695
6255.000000  0.023396
6359.000000  -0.014548
6444.000000  0.007229
6491.000000  -0.018646
6559.000000  0.016144
6613.000000  0.031676
6692.000000  -0.021351
6776.000000  0.026414
6851.000000  -0.022916
6931.000000  0.005859
7002.000000  -0.022332
7083.000000  0.002431
7147.000000  -0.033878
7238.000000  0.042337
7293.000000  0.056223
7338.000000  -0.018694
7389.000000  0.065914
7430.000000  0.066826
7431.000000  -0.024580
7473.000000  -0.198051
7512.000000  -0.021166
7576.000000  0.032775
7651.000000  0.000625
7697.000000  -0.010898
7731.000000  -0.003240
7797.000000  0.008903
7882.000000  -0.009147
7993.000000  0.021155
8230.000000  0.034699
8281.000000  -0.037456
8309.000000  -0.013152
8404.000000  0.026692
8407.000000  -0.027186
8450.000000  0.002069
8491.000000  0.008965
8536.000000  -0.063103
8544.000000  0.053776
8649.000000  0.007612
8740.000000  -0.010955
8766.000000  -0.003080
8772.000000  0.003486
8855.000000  0.060279
8938.000000  -0.049262
9001.000000  -0.025627
9077.000000  0.057066
9171.000000  0.004069
9255.000000  0.013130
9353.000000  -0.013294
9437.000000  0.013945
9527.000000  -0.011469
9647.000000  0.012149
9755.000000  0.003039
9840.000000  0.004455
9936.000000  -0.006884
10002.000000  0.002550
10083.000000  -0.014491
10156.000000  0.030298
10258.000000  -0.022421
10338.000000  -0.003901
10436.000000  0.025824
10526.000000  -0.008891
10624.000000  0.001103
10708.000000  -0.044292
10792.000000  0.060178
10879.000000  -0.024871
10978.000000  0.016907
11046.000000  -0.045883
11086.000000  0.013629
11212.000000  0.042180
11302.000000  0.000145
11383.000000  -0.003838
11470.000000  0.014139
11564.000000  0.002726
11634.000000  0.016839
11711.000000  -0.040349
11783.000000  -0.024853
11876.000000  0.037463
11960.000000  0.023520
12040.000000  -0.037802
12120.000000  0.022899
12186.000000  -0.013245
12258.000000  0.040438
12326.000000  -0.025029
12413.000000  0.078724
12465.000000  0.131040
12537.000000  -0.011170
12540.000000  -0.004391
12551.000000  -0.166576
12554.000000  -0.100618
12594.000000  0.008539
12634.000000  -0.006133
12657.000000  0.001577
12697.000000  0.002034
12701.000000  -0.045151
12742.000000  0.067363
12841.000000  0.006642
12937.000000  0.016655
13034.000000  0.030666
13097.000000  -0.023903
13179.000000  -0.022479
13209.000000  -0.012908
13256.000000  -0.057873
13334.000000  0.058882
13403.000000  0.022418
13513.000000  -0.010104
13589.000000  0.048382
13631.000000  -0.033220
13655.000000  -0.041867
13707.000000  0.006010
13794.000000  0.024091
13879.000000  0.006755
13962.000000  0.017898
14045.000000  0.001259
14126.000000  -0.005909
14150.000000  -0.019866
14232.000000  0.022880
14300.000000  -0.009706
14387.000000  0.020919
14474.000000  -0.000923
14549.000000  0.019653
14585.000000  -0.026176
14672.000000  -0.024284
14717.000000  0.008241
14762.000000  -0.066581
14796.000000  0.041388
14797.000000  -0.008369
14897.000000  0.004528
14988.000000  0.029024
15076.000000  0.014698
15149.000000  -0.010491
15220.000000  -0.016003
15295.000000  0.023586
15351.000000  -0.034712
15379.000000  0.037220
15388.000000  -0.037690
15463.000000  0.024904
15528.000000  -0.003171
15614.000000  0.010872
15698.000000  -0.006241
15764.000000  0.007013
15858.000000  0.010504
15914.000000  -0.038367
15949.000000  -0.026213
15978.000000  0.038195
16063.000000  0.001693
16146.000000  0.007798
16235.000000  0.007180
16353.000000  0.026930
16439.000000  -0.035030
16503.000000  0.018069
16584.000000  -0.010498
16655.000000  0.023148
16725.000000  0.007045
16778.000000  0.006430
16800.000000  -0.021751
16880.000000  0.004220
16980.000000  -0.024435
17072.000000  0.068762
17159.000000  -0.030101
17232.000000  -0.006045
17312.000000  -0.001870
17395.000000  -0.036397
17475.000000  0.036687
17561.000000  0.015411
17653.000000  0.015862
17729.000000  0.001991
17828.000000  0.064856
17923.000000  -0.041697
18001.000000  -0.034690
18104.000000  -0.000059
18227.000000  0.030539
18320.000000  0.017577
18419.000000  -0.057678
18507.000000  0.045321
18601.000000  0.053588
18715.000000  0.104094
18831.000000  -0.103383
18909.000000  0.008776
18991.000000  0.133620
19075.000000  0.088816
19159.000000  -0.030385
19262.000000  0.325954
19353.000000  -0.217492
19444.000000  -0.011759
19535.000000  0.255669
19620.000000  0.170680
19725.000000  -0.083709
19801.000000  -0.451708
19885.000000  0.274326
19969.000000  -0.067568
20118.000000  -0.435731
20192.000000  -0.025465
20265.000000  0.046652
20347.000000  -0.011107
20419.000000  0.048179
20518.000000  0.039428
20571.000000  -0.003102
20611.000000  -0.042729
20656.000000  -0.006215
20754.000000  0.024348
20849.000000  0.057815
20978.000000  -0.026531
21029.000000  0.016571
21093.000000  -0.020427
21217.000000  0.131910
21289.000000  -0.128983
21401.000000  0.021313
21503.000000  -0.009720
21573.000000  -0.161866
21634.000000  0.008767
21699.000000  0.007232
21757.000000  -0.017837
21808.000000  -0.021651
21862.000000  0.028313
21936.000000  -0.000732
22001.000000  -0.002462
22055.000000  0.012634
22106.000000  -0.023854
22158.000000  0.009056
22216.000000  -0.016350
22282.000000  0.029278
22364.000000  0.008865
22424.000000  -0.036048
22496.000000  0.010994
22564.000000  -0.016470
22621.000000  0.038890
22683.000000  0.000460
22741.000000  -0.016265
22802.000000  -0.001042
22862.000000  -0.032030
22921.000000  0.042996
22981.000000  -0.006553
23041.000000  0.003170
23101.000000  0.008767
23161.000000  -0.057951
23218.000000  0.040620
23281.000000  0.007016
23354.000000  0.003500
23433.000000  -0.004094
23505.000000  0.031988
23569.000000  -0.030353
23679.000000  0.011205
23764.000000  0.009134
23851.000000  -0.000256
23940.000000  0.022475
24025.000000  -0.012025
24126.000000  0.017343
24207.000000  -0.027317
24280.000000  0.043299
24366.000000  -0.010017
24441.000000  -0.007702
24481.000000  -0.036259
24596.000000  0.047053
24646.000000  -0.009440
24685.000000  0.011874
24744.000000  0.001048
24790.000000  -0.022194
24806.000000  -0.009192
24869.000000  -0.007195
24966.000000  0.014904
25083.000000  -0.007511
25174.000000  -0.036841
25260.000000  0.054756
25332.000000  0.000050
25418.000000  0.036882
25445.000000  -0.039407
25520.000000  0.019578
25602.000000  -0.013461
25690.000000  0.004016
25757.000000  0.001620
25833.000000  -0.005489
25903.000000  0.015690
25983.000000  0.045248
26070.000000  -0.025832
26150.000000  -0.002423
26222.000000  -0.037600
26306.000000  0.017467
26385.000000  -0.000122
26468.000000  -0.026609
26528.000000  0.024163
26628.000000  -0.014024
26701.000000  -0.022114
26759.000000  0.025442
26797.000000  0.133972
26884.000000  -0.147338
27002.000000  0.020478
27077.000000  -0.036766
27212.000000  0.069940
27291.000000  -0.026868
27386.000000  0.015930
27458.000000  -0.034949
27523.000000  0.035220
27601.000000  -0.013586
27676.000000  0.088559
27727.000000  0.007874
27794.000000  -0.033199
27848.000000  0.000436
27901.000000  -0.008822
27980.000000  0.052645
28037.000000  -0.063425
28098.000000  -0.002942
28231.000000  0.020044
28267.000000  0.005886
28311.000000  0.049502
28372.000000  -0.029431
28443.000000  0.055035
28522.000000  -0.020201
28640.000000  0.163315
28701.000000  0.020251
28720.000000  0.109465
28769.000000  -0.109102
28817.000000  0.037459
28847.000000  0.076253
28877.000000  0.007239
28890.000000  -0.078084
28942.000000  -0.211740
29000.000000  -0.002448
29074.000000  -0.095171
29152.000000  0.030980
29228.000000  -0.034471
29302.000000  -0.023019
29371.000000  0.020050
29482.000000  0.336162
29535.000000  -0.143582
29536.000000  -0.265721
29596.000000  0.332605
29665.000000  -0.091994
29767.000000  -0.025582
29840.000000  -0.051376
29948.000000  -0.024926
30060.000000  0.027574
30151.000000  -0.060241
30256.000000  -0.052356
30284.000000  -0.027731
30325.000000  0.080712
30378.000000  0.075697
30442.000000  0.002096
30452.000000  -0.057191
30497.000000  0.035254
30529.000000  0.101916
30540.000000  0.349552
30667.000000  -0.581130
30755.000000  -0.004687
30846.000000  0.035715
30921.000000  -0.039622
30987.000000  0.037386
31023.000000  0.000791
31040.000000  0.008480
31055.000000  -0.050368
31133.000000  0.000306
31229.000000  0.035414
31323.000000  0.021144
31424.000000  -0.034052
31501.000000  -0.002542
31557.000000  0.027233
31565.000000  -0.098802
31592.000000  0.080655
31605.000000  -0.036073
31678.000000  0.031750
31758.000000  0.007973
31859.000000  -0.002903
31961.000000  0.031389
32039.000000  -0.013889
32108.000000  0.012941
32173.000000  -0.014901
32247.000000  -0.004538
32315.000000  0.018896
32374.000000  0.005815
32397.000000  -0.018698
32465.000000  -0.003428
32550.000000  -0.058892
32607.000000  0.059729
32640.000000  -0.046701
32739.000000  0.073231
32811.000000  -0.048487
32914.000000  0.018851
32946.000000  0.012581
33007.000000  0.013792
33054.000000  -0.060258
33107.000000  0.042043
33186.000000  -0.018534
33251.000000  0.018614
33287.000000  -0.028035
33348.000000  0.018453
33396.000000  -0.010132
33475.000000  0.021586
33576.000000  0.013910
33682.000000  -0.006271
33750.000000  -0.023459
33817.000000  0.007379
33820.000000  -0.027038
33874.000000  0.025267
33986.000000  0.014241
34092.000000  -0.012246
34153.000000  -0.005863
34234.000000  0.014775
34312.000000  0.025090
34391.000000  0.002910
34474.000000  -0.019969
34566.000000  0.028032
34648.000000  -0.036028
34731.000000  0.020439
34808.000000  0.018283
34876.000000  -0.005985
34898.000000  -0.031110
34960.000000  0.027690
35054.000000  -0.016231
35136.000000  0.064014
35239.000000  -0.025509
35333.000000  -0.042064
35412.000000  -0.019463
35434.000000  0.001118
35502.000000  0.039609
35573.000000  -0.008180
35623.000000  0.064174
35680.000000  0.000472
35746.000000  -0.007590
35812.000000  0.001991
35902.000000  0.028344
35927.000000  -0.032089
35930.000000  -0.101153
35967.000000  0.026504
36015.000000  -0.000751
36051.000000  -0.029049
36057.000000  0.018345
36086.000000  -0.007662
36142.000000  0.021518
36256.000000  0.026988
36345.000000  0.003481
36407.000000  -0.018241
36474.000000  0.019123
36540.000000  0.002095
36563.000000  -0.022121
36567.000000  -0.023919
36570.000000  -0.029535
36652.000000  0.054552
36745.000000  -0.015749
36801.000000  0.006358
36921.000000  0.020282
37014.000000  0.016851
37092.000000  -0.027114
37164.000000  -0.029466
37267.000000  0.046959
37367.000000  -0.075485
37389.000000  0.030175
37446.000000  0.019648
37515.000000  -0.011074
37556.000000  -0.002520
37621.000000  0.004055
37685.000000  -0.024295
37732.000000  -0.014883
37800.000000  0.050799
37888.000000  0.013978
37924.000000  -0.076947
37948.000000  0.056431
37966.000000  -0.017001
38024.000000  0.027529
38166.000000  0.014387
38203.000000  0.011067
38239.000000  -0.033235
38272.000000  0.003434
38356.000000  0.009419
38434.000000  -0.002615
38543.000000  -0.000894
38616.000000  -0.012205
38630.000000  -0.013916
38633.000000  0.005988
38644.000000  0.006278
38733.000000  0.014894
38741.000000  -0.013003
38903.000000  0.000346
39028.000000  0.041871
39099.000000  -0.009565
39188.000000  -0.008980
39283.000000  0.009491
39373.000000  -0.017795
39462.000000  -0.002257
39539.000000  0.017566
39613.000000  0.032580
39626.000000  -0.078504
39630.000000  0.029967
39692.000000  0.034073
39740.000000  -0.055356
39805.000000  0.042255
39856.000000  -0.012869
39893.000000  -0.044087
39969.000000  0.050818
39978.000000  -0.011240
39980.000000  -0.005888
40024.000000  -0.000846
40094.000000  -0.011421
40166.000000  0.066695
40275.000000  -0.022669
40373.000000  0.004415
40445.000000  -0.003009
40451.000000  -0.032861
40454.000000  -0.007250
40551.000000  0.016543
40624.000000  0.014427
40701.000000  0.028609
40774.000000  -0.012815
40815.000000  -0.052440
40819.000000  0.026425
