995.000000  0.217729
1223.000000  0.155333
1403.000000  0.126864
1613.000000  0.143543
1827.000000  0.169565
2020.000000  0.161162
2219.000000  0.183450
2429.000000  0.184596
2689.000000  0.230144
2990.000000  0.239674
3067.000000  0.190857
3315.000000  0.265741
3406.000000  0.206171
3664.000000  0.242318
3831.000000  0.183538
4062.000000  0.204156
4135.000000  0.176216
4391.000000  0.234740
4451.000000  0.163710
4708.000000  0.230903
4816.000000  0.230328
5047.000000  0.245293
5248.000000  0.220793
5316.000000  0.196761
5534.000000  0.267712
5718.000000  0.246904
5917.000000  0.198610
5979.000000  0.178730
6143.000000  0.247518
6304.000000  0.307508
6476.000000  0.253321
6604.000000  0.195357
6767.000000  0.241526
6916.000000  0.246575
7067.000000  0.246266
7158.000000  0.155621
7285.000000  0.166781
7308.000000  0.129743
7445.000000  0.171042
7617.000000  0.221229
7835.000000  0.234134
8032.000000  0.241183
8239.000000  0.243675
8323.000000  0.213403
8549.000000  0.242555
8783.000000  0.257128
8935.000000  0.243028
9120.000000  0.238593
9265.000000  0.242428
9461.000000  0.243806
9729.000000  0.287380
9932.000000  0.283451
10096.000000  0.236907
10251.000000  0.252975
10337.000000  0.235717
10464.000000  0.221767
10595.000000  0.248050
10732.000000  0.272761
10825.000000  0.249269
10859.000000  0.217555
10866.000000  0.143313
10900.000000  0.138092
10949.000000  0.138390
11023.000000  0.182715
11104.000000  0.174524
11186.000000  0.199590
11242.000000  0.150994
11298.000000  0.144180
11375.000000  0.163663
11540.000000  0.231846
11708.000000  0.220362
11901.000000  0.258457
12043.000000  0.247419
12178.000000  0.248614
12343.000000  0.244236
12528.000000  0.263700
12740.000000  0.259221
12862.000000  0.223551
13000.000000  0.215206
13202.000000  0.292041
13458.000000  0.285299
13676.000000  0.285568
13759.000000  0.266008
13963.000000  0.325105
14138.000000  0.341140
14207.000000  0.330293
14310.000000  0.331466
14445.000000  0.331140
14574.000000  0.321285
14706.000000  0.352025
14891.000000  0.349893
15025.000000  0.262264
15153.000000  0.280803
15284.000000  0.280128
15422.000000  0.284257
15491.000000  0.291128
15639.000000  0.289106
15742.000000  0.285104
15819.000000  0.284306
15926.000000  0.286615
15967.000000  0.270979
16047.000000  0.280478
16128.000000  0.278140
16226.000000  0.282876
16345.000000  0.312458
16474.000000  0.283675
16622.000000  0.300048
16883.000000  0.408555
17154.000000  0.461093
17442.000000  0.454306
17654.000000  0.435705
17814.000000  0.433801
17990.000000  0.456885
18222.000000  0.491796
18455.000000  0.455000
18599.000000  0.464914
18811.000000  0.500468
19060.000000  0.541317
19305.000000  0.520569
19586.000000  0.576778
19822.000000  0.523454
20042.000000  0.404860
20200.000000  0.428582
20325.000000  0.404844
20450.000000  0.424951
20556.000000  0.393827
20772.000000  0.437447
21021.000000  0.467621
21246.000000  0.546850
21529.000000  0.501755
21753.000000  0.514726
22002.000000  0.578259
22297.000000  0.720348
22572.000000  0.722394
22771.000000  0.669069
22937.000000  0.600511
23088.000000  0.592584
23383.000000  0.825866
23554.000000  0.556715
23727.000000  0.541681
23813.000000  0.671057
23883.000000  0.623322
23987.000000  0.320796
24084.000000  0.287047
24202.000000  0.322407
24288.000000  0.363879
24372.000000  0.324558
24588.000000  0.422511
24711.000000  0.561730
24889.000000  0.627243
25042.000000  0.660071
25205.000000  0.522470
25426.000000  0.603916
25627.000000  0.564032
25848.000000  0.636452
26089.000000  0.650442
26319.000000  0.606696
26548.000000  0.620095
26669.000000  0.522891
26790.000000  0.500723
26907.000000  0.478270
27019.000000  0.502738
27121.000000  0.565413
27219.000000  0.524553
27328.000000  0.484260
27409.000000  0.650615
27513.000000  0.668935
27690.000000  0.678349
27833.000000  0.723406
27997.000000  0.704066
28117.000000  0.849263
28223.000000  1.093320
28364.000000  0.353209
28496.000000  0.359546
28713.000000  0.420373
28801.000000  0.359473
28876.000000  0.406486
29019.000000  0.441678
29170.000000  0.455416
29352.000000  0.487417
29540.000000  0.489309
29680.000000  0.481369
29867.000000  0.483144
29967.000000  0.496919
30088.000000  0.611370
30253.000000  0.752227
30397.000000  0.755336
30570.000000  0.634199
30745.000000  0.785167
30885.000000  0.921702
31019.000000  0.935845
31154.000000  0.373665
31326.000000  0.393983
31526.000000  0.412009
31744.000000  0.427132
31953.000000  0.447308
32153.000000  0.429599
32378.000000  0.459143
32521.000000  0.416106
32602.000000  0.416174
32689.000000  0.416620
32884.000000  0.482009
33048.000000  0.521783
33196.000000  0.502338
33370.000000  0.506517
33492.000000  0.545827
33553.000000  0.478289
33625.000000  0.428306
33680.000000  0.477204
33741.000000  0.502746
33819.000000  0.501943
33947.000000  0.590282
34012.000000  0.565494
34088.000000  0.618679
34094.000000  0.587835
34134.000000  0.327639
34228.000000  0.410983
34332.000000  0.498782
34527.000000  0.515354
34681.000000  0.606289
34826.000000  0.613223
34898.000000  0.485031
34995.000000  0.443492
35110.000000  0.478410
35183.000000  0.463357
35314.000000  0.460696
35410.000000  0.456995
35466.000000  0.446318
35531.000000  0.447677
35603.000000  0.519213
35690.000000  0.529451
35780.000000  0.564357
35839.000000  0.594689
35847.000000  0.466857
35851.000000  0.498470
35919.000000  0.521967
36072.000000  0.533949
36264.000000  0.559206
36418.000000  0.480039
36632.000000  0.556549
36794.000000  0.556874
36888.000000  0.459567
36963.000000  0.463755
36987.000000  0.377188
37034.000000  0.412782
37071.000000  0.425280
37126.000000  0.546683
37253.000000  0.394474
37455.000000  0.450394
37593.000000  0.476362
37765.000000  0.541797
37914.000000  0.719286
38049.000000  0.603251
38168.000000  0.636531
38310.000000  0.678652
38442.000000  0.658548
38561.000000  0.593754
38636.000000  0.519256
38672.000000  0.411510
38739.000000  0.444045
38791.000000  0.431333
38831.000000  0.445946
38876.000000  0.506064
38919.000000  0.640944
38971.000000  0.486524
39046.000000  0.495561
39129.000000  0.455024
39215.000000  0.415421
39315.000000  0.458987
39378.000000  0.450082
39431.000000  0.416639
39487.000000  0.441445
39535.000000  0.489879
39566.000000  0.432421
39567.000000  0.375903
39572.000000  0.377644
39638.000000  0.374544
39701.000000  0.379840
39787.000000  0.412631
39817.000000  0.451590
39866.000000  0.420470
39960.000000  0.429912
40018.000000  0.421157
40086.000000  0.434204
40151.000000  0.447327
40186.000000  0.412681
40235.000000  0.422625
40284.000000  0.433784
40313.000000  0.419050
40355.000000  0.419696
40380.000000  0.418115
40477.000000  0.437750
40533.000000  0.422907
40585.000000  0.428760
40641.000000  0.460584
40707.000000  0.433503
40751.000000  0.445537
40806.000000  0.456661
40817.000000  0.437843
