399.000000  0.097372
552.000000  -0.034349
668.000000  -0.005805
734.000000  -0.024276
817.000000  0.008196
914.000000  0.006854
1066.000000  0.010322
1245.000000  0.038237
1379.000000  -0.019552
1529.000000  -0.006037
1529.000000  -0.070862
1698.000000  0.081979
1841.000000  -0.011777
1955.000000  -0.003408
2104.000000  0.007544
2191.000000  0.002367
2243.000000  -0.039349
2315.000000  0.028901
2409.000000  0.007752
2524.000000  0.003143
2586.000000  -0.052438
2657.000000  0.002412
2739.000000  0.007210
2806.000000  -0.004744
2884.000000  -0.001171
2979.000000  0.009709
3050.000000  -0.001633
3096.000000  -0.004752
3181.000000  0.011059
3291.000000  0.014422
3379.000000  0.002269
3486.000000  -0.007323
3573.000000  0.007316
3649.000000  -0.012739
3734.000000  -0.012498
3813.000000  0.002749
3910.000000  -0.004127
3952.000000  0.010113
4036.000000  0.001191
4121.000000  0.008100
4229.000000  0.006268
4365.000000  0.023091
4525.000000  0.014348
4674.000000  0.003337
4848.000000  0.008664
5013.000000  0.004010
5136.000000  -0.013332
5217.000000  -0.052374
5299.000000  0.007289
5334.000000  -0.005611
5422.000000  -0.002184
5506.000000  -0.015463
5584.000000  0.005099
5660.000000  -0.001550
5771.000000  0.035164
5892.000000  -0.017518
6016.000000  -0.002353
6127.000000  -0.004804
6193.000000  -0.023343
6273.000000  0.005754
6364.000000  0.002965
6444.000000  -0.006930
6496.000000  -0.005370
6555.000000  -0.000905
6604.000000  -0.000077
6721.000000  0.037883
6867.000000  0.003434
7021.000000  0.012957
7208.000000  0.018446
7341.000000  -0.003292
7519.000000  0.036640
7672.000000  -0.025473
7720.000000  -0.012841
7901.000000  0.042956
7937.000000  -0.036079
8062.000000  -0.000230
8176.000000  -0.018056
8284.000000  -0.000829
8371.000000  -0.018949
8482.000000  0.024026
8624.000000  0.007558
8773.000000  0.007884
8897.000000  -0.009885
9037.000000  -0.013157
9177.000000  0.002567
9312.000000  -0.006842
9469.000000  0.021883
9489.000000  -0.042271
9564.000000  0.018045
9650.000000  0.023095
9768.000000  0.075902
9860.000000  0.006650
9996.000000  -0.004435
10138.000000  -0.007786
10315.000000  -0.036709
10396.000000  -0.086677
10414.000000  -0.018054
10492.000000  0.002950
10562.000000  0.006605
10592.000000  -0.005283
10630.000000  0.000989
10678.000000  -0.007083
10736.000000  0.001040
10786.000000  0.000430
10918.000000  0.020286
11002.000000  0.014280
11077.000000  -0.022033
11139.000000  0.000954
11208.000000  0.008917
11308.000000  -0.006360
11379.000000  -0.007741
11461.000000  0.005482
11520.000000  -0.005083
11576.000000  -0.003384
11627.000000  -0.002020
11680.000000  0.001131
11744.000000  0.004010
11827.000000  0.008357
11885.000000  -0.000347
11982.000000  0.009792
12136.000000  0.009586
12245.000000  0.015658
12360.000000  -0.024209
12485.000000  -0.003562
12612.000000  0.001559
12756.000000  0.008389
12798.000000  -0.005470
12937.000000  0.018470
13094.000000  0.008673
13152.000000  -0.012283
13306.000000  0.015857
13432.000000  0.005483
13597.000000  0.012893
13753.000000  -0.006598
13872.000000  -0.014612
13970.000000  -0.018497
14063.000000  0.000887
14127.000000  -0.025863
14205.000000  0.040975
14320.000000  0.005925
14521.000000  0.024592
14704.000000  0.029614
14874.000000  0.005960
14935.000000  -0.081947
15021.000000  -0.032095
15126.000000  0.060856
15176.000000  -0.045591
15244.000000  0.052041
15310.000000  0.008152
15382.000000  0.014046
15458.000000  -0.001733
15535.000000  0.005561
15629.000000  0.007698
15720.000000  -0.061142
15831.000000  0.038330
15970.000000  -0.013743
16107.000000  0.003547
16258.000000  0.016852
16390.000000  0.028563
16465.000000  0.001080
16546.000000  -0.063415
16652.000000  -0.011618
16737.000000  0.123562
16815.000000  0.013859
16876.000000  -0.106610
16889.000000  -0.052320
16944.000000  0.026079
16954.000000  -0.015169
17096.000000  -0.000698
17187.000000  -0.006919
17276.000000  0.015590
17373.000000  0.015604
17529.000000  0.015878
17596.000000  -0.016590
17697.000000  0.013618
17812.000000  0.018949
17899.000000  0.009286
18058.000000  0.035912
18170.000000  -0.018013
18255.000000  0.016500
18338.000000  -0.021982
18383.000000  -0.024789
18440.000000  0.002500
18505.000000  0.018095
18568.000000  0.017349
18618.000000  -0.089235
18627.000000  -0.043684
18629.000000  0.164224
18661.000000  -0.058716
18753.000000  0.021859
18857.000000  -0.033984
18966.000000  0.068550
19063.000000  -0.020399
19158.000000  -0.042305
19276.000000  0.001370
19377.000000  -0.032158
19474.000000  0.002943
19560.000000  0.018648
19653.000000  0.007091
19817.000000  0.043730
19955.000000  -0.002980
20106.000000  0.035663
20212.000000  0.084783
20262.000000  -0.234311
20292.000000  0.170484
20300.000000  -0.055674
20303.000000  -0.138889
20382.000000  0.069171
20466.000000  0.011510
20548.000000  -0.003190
20628.000000  -0.004956
20709.000000  -0.029110
20807.000000  0.013623
20887.000000  0.000061
20975.000000  0.020430
21094.000000  -0.006324
21136.000000  -0.018581
21300.000000  0.036057
21350.000000  -0.026501
21513.000000  0.051899
21638.000000  0.022649
21777.000000  -0.004215
21890.000000  0.025159
21989.000000  -0.024473
22097.000000  -0.037524
22203.000000  -0.019676
22319.000000  0.015117
22433.000000  -0.026393
22539.000000  0.112014
22576.000000  -0.030728
22649.000000  -0.042147
22716.000000  -0.006922
22791.000000  -0.008014
22871.000000  0.019990
22959.000000  0.017009
23029.000000  -0.090330
23113.000000  0.006915
23195.000000  0.084587
23313.000000  0.020919
23442.000000  0.014096
23588.000000  -0.068477
23749.000000  0.017346
23936.000000  -0.006134
24074.000000  -0.007713
24227.000000  -0.007960
24379.000000  0.009861
24495.000000  -0.023297
24590.000000  0.012936
24629.000000  -0.049293
24706.000000  0.005949
24790.000000  0.006785
24895.000000  0.024865
24977.000000  -0.033263
25065.000000  0.009308
25147.000000  -0.006689
25214.000000  0.022292
25363.000000  0.040566
25483.000000  0.002814
25616.000000  0.020855
25746.000000  0.022615
25887.000000  0.006553
26045.000000  0.114332
26177.000000  -0.016865
26316.000000  0.010713
26472.000000  -0.005187
26547.000000  -0.049692
26674.000000  0.110407
26776.000000  -0.094676
26815.000000  0.002734
26835.000000  0.105521
26874.000000  0.034804
26911.000000  0.200211
26983.000000  -0.550996
27063.000000  0.010052
27156.000000  0.010304
27273.000000  0.456054
27360.000000  -0.025363
27438.000000  -0.428878
27526.000000  0.010980
27596.000000  -0.010421
27669.000000  0.013909
27716.000000  -0.006299
27719.000000  -0.057973
27740.000000  0.484480
27746.000000  0.019690
27785.000000  -0.356362
27898.000000  -0.120970
27995.000000  0.012988
28111.000000  0.014578
28163.000000  -0.020738
28224.000000  -0.004572
28432.000000  0.040862
28564.000000  0.016873
28668.000000  -0.006294
28708.000000  -0.043857
28798.000000  0.007128
28884.000000  0.011716
28977.000000  0.003367
29057.000000  -0.016433
29157.000000  0.001726
29256.000000  -0.000168
29334.000000  0.018209
29342.000000  -0.047206
29415.000000  0.004063
29485.000000  0.005149
29570.000000  0.011037
29668.000000  0.015505
29778.000000  0.005933
29861.000000  -0.022041
29913.000000  0.001202
29938.000000  -0.004601
29949.000000  -0.023098
30045.000000  0.045345
30148.000000  -0.018478
30179.000000  -0.012680
30277.000000  0.009474
30412.000000  0.009970
30530.000000  -0.009132
30597.000000  -0.017477
30687.000000  0.005586
30889.000000  0.051350
30997.000000  -0.013215
31108.000000  0.014162
31227.000000  0.004931
31276.000000  -0.020043
31469.000000  0.046769
31645.000000  -0.009043
31768.000000  -0.013647
31846.000000  -0.043186
31953.000000  0.037118
32036.000000  -0.010891
32128.000000  0.006159
32204.000000  0.016281
32297.000000  0.004282
32386.000000  -0.019431
32473.000000  0.011693
32560.000000  0.004473
32644.000000  -0.032754
32721.000000  -0.005581
32800.000000  0.008396
32884.000000  -0.001539
32970.000000  -0.000200
33084.000000  0.006542
33216.000000  0.009918
33334.000000  -0.003663
33454.000000  -0.018897
33560.000000  0.021246
33691.000000  0.053968
33816.000000  -0.026257
33882.000000  -0.021004
34041.000000  0.022336
34222.000000  -0.003736
34397.000000  -0.004879
34549.000000  -0.004956
34626.000000  -0.034515
34726.000000  0.003573
34868.000000  0.045665
35001.000000  0.060396
35113.000000  0.000912
35238.000000  -0.006649
35308.000000  -0.021316
35463.000000  -0.012593
35613.000000  0.067181
35796.000000  -0.047887
35950.000000  0.008448
36067.000000  0.011914
36185.000000  -0.062524
36273.000000  0.084154
36363.000000  0.004403
36495.000000  0.065741
36587.000000  -0.057690
36626.000000  -0.009189
36659.000000  0.003158
36740.000000  0.101527
36778.000000  0.050092
36828.000000  0.088882
36834.000000  -0.276936
36885.000000  -0.115912
36966.000000  0.005329
37046.000000  0.037040
37093.000000  -0.004674
37258.000000  0.018045
37345.000000  -0.053389
37434.000000  0.009046
37517.000000  0.014044
37630.000000  0.066584
37693.000000  0.040564
37701.000000  0.066405
37776.000000  -0.219147
37852.000000  0.012584
37897.000000  -0.021840
37930.000000  -0.002396
37940.000000  0.008284
38036.000000  0.008498
38134.000000  0.013364
38229.000000  0.019188
38323.000000  -0.016814
38335.000000  -0.022768
38393.000000  0.025025
38488.000000  -0.003370
38583.000000  0.022283
38692.000000  0.005133
38739.000000  -0.026601
38783.000000  -0.007321
38831.000000  0.005284
38850.000000  -0.007527
38939.000000  -0.007389
39018.000000  0.042875
39046.000000  -0.056690
39132.000000  0.029628
39283.000000  0.014635
39385.000000  -0.005552
39488.000000  0.019337
39549.000000  -0.016033
39555.000000  -0.046888
39564.000000  0.005436
39623.000000  0.011465
39730.000000  0.017293
39836.000000  0.010161
39956.000000  0.008000
39963.000000  -0.047733
40052.000000  0.040138
40193.000000  0.026609
40264.000000  -0.020967
40264.000000  -0.055485
40287.000000  0.021588
40324.000000  0.007614
40346.000000  -0.014178
40451.000000  0.052944
40551.000000  0.005922
40644.000000  0.006882
40744.000000  0.011560
40799.000000  -0.004651
40816.000000  -0.054733
40819.000000  -0.028319
