816.000000  73.683640
1023.000000  80.073524
1031.000000  61.345840
1223.000000  82.379555
1365.000000  80.816994
1494.000000  78.746262
1667.000000  82.189880
1867.000000  82.432335
2080.000000  81.559525
2340.000000  81.438271
2665.000000  84.719536
2965.000000  82.200813
3238.000000  83.094048
3463.000000  80.633911
3537.000000  77.039787
3789.000000  80.653572
4012.000000  77.678665
4212.000000  78.873512
4408.000000  76.696709
4499.000000  75.620506
4670.000000  76.204773
4886.000000  76.020012
5006.000000  73.854485
5136.000000  67.599396
5226.000000  61.885380
5310.000000  62.694859
5427.000000  67.696449
5582.000000  70.648895
5754.000000  71.722069
5874.000000  65.433517
5973.000000  63.217579
6114.000000  47.565033
6286.000000  64.451118
6417.000000  58.793934
6543.000000  58.845745
6592.000000  55.673729
6687.000000  39.243435
6792.000000  38.755390
6888.000000  39.370956
6986.000000  36.756218
7108.000000  43.216175
7279.000000  54.945732
7404.000000  48.285233
7623.000000  59.001099
7873.000000  63.140633
8076.000000  62.106651
8195.000000  56.312870
8291.000000  53.729797
8482.000000  60.332977
8694.000000  61.643620
8849.000000  57.207905
8986.000000  56.525127
9086.000000  56.168789
9195.000000  56.127316
9313.000000  54.776104
9424.000000  49.576572
9585.000000  57.040436
9734.000000  62.754013
9901.000000  61.760586
10021.000000  47.460537
10157.000000  51.875191
10226.000000  39.584572
10300.000000  39.996021
10343.000000  38.682884
10487.000000  47.459858
10596.000000  52.420910
10686.000000  41.709618
10802.000000  51.881737
10960.000000  53.613235
11045.000000  53.520935
11181.000000  59.067471
11337.000000  57.644566
11498.000000  59.893860
11614.000000  61.576523
11729.000000  56.877144
11782.000000  46.351337
11869.000000  55.649727
11974.000000  54.704517
12091.000000  56.850647
12181.000000  55.312897
12328.000000  60.697289
12442.000000  57.363544
12629.000000  65.850327
12744.000000  62.365635
12929.000000  61.208870
13092.000000  62.122963
13218.000000  57.628571
13387.000000  62.624199
13503.000000  54.701382
13679.000000  65.497162
13917.000000  64.611504
14150.000000  68.373260
14347.000000  66.792450
14463.000000  60.953098
14550.000000  47.949047
14642.000000  45.319672
14740.000000  34.817627
14873.000000  40.151527
15027.000000  41.274338
15130.000000  38.333328
15225.000000  36.320309
15306.000000  34.070442
15390.000000  29.375801
15494.000000  41.918774
15647.000000  44.585197
15866.000000  50.862007
16000.000000  53.251129
16208.000000  54.695480
16428.000000  52.049416
16626.000000  54.066414
16796.000000  55.902107
16966.000000  45.047367
17170.000000  56.221928
17345.000000  52.309834
17536.000000  51.957829
17748.000000  51.301090
17918.000000  51.455467
18065.000000  57.207222
18197.000000  55.645298
18304.000000  55.289738
18449.000000  58.800621
18557.000000  57.707043
18640.000000  50.506897
18728.000000  59.214867
18790.000000  50.895393
18853.000000  47.027866
18991.000000  63.831066
19177.000000  66.835938
19352.000000  69.419724
19499.000000  68.929878
19610.000000  68.326538
19729.000000  57.995892
19839.000000  53.496899
19951.000000  46.313793
20042.000000  42.815186
20126.000000  33.273720
20230.000000  31.484560
20331.000000  45.223095
20449.000000  57.702591
20584.000000  68.818428
20639.000000  26.051437
20681.000000  14.418714
20741.000000  24.552839
20843.000000  53.169353
20979.000000  62.625301
21110.000000  61.679058
21337.000000  66.955902
21539.000000  65.541428
21688.000000  55.476589
21793.000000  50.843449
21842.000000  45.357712
21903.000000  36.464508
21980.000000  57.412540
22062.000000  67.455330
22159.000000  29.254904
22375.000000  39.248379
22586.000000  42.811863
22802.000000  42.512062
22947.000000  33.500362
23038.000000  27.946815
23107.000000  18.153351
23169.000000  22.315893
23225.000000  19.595758
23267.000000  59.335613
23334.000000  27.823824
23489.000000  28.937069
23601.000000  27.401043
23696.000000  30.986589
23716.000000  14.839212
23751.000000  20.288939
23853.000000  31.771275
24040.000000  30.832031
24203.000000  42.837791
24297.000000  38.033184
24375.000000  32.203388
24476.000000  21.792307
24520.000000  21.544209
24600.000000  30.456144
24652.000000  26.237089
24690.000000  15.189608
24708.000000  12.363742
24720.000000  9.629217
24777.000000  14.901848
24849.000000  23.728710
24920.000000  33.602139
25006.000000  38.100319
25105.000000  41.953342
25177.000000  41.232647
25277.000000  43.900768
25344.000000  30.384138
25421.000000  28.474686
25615.000000  39.246861
25776.000000  42.358093
25948.000000  35.428093
26106.000000  36.134693
26290.000000  40.131332
26461.000000  38.280998
26638.000000  36.453041
26846.000000  39.357327
27025.000000  37.610611
27143.000000  26.293282
27275.000000  29.008541
27387.000000  27.910181
27464.000000  27.521673
27678.000000  38.511074
27888.000000  36.220909
28088.000000  37.093838
28258.000000  34.124676
28386.000000  35.251316
28444.000000  29.388815
28546.000000  37.108940
28663.000000  42.212269
28790.000000  44.843048
28895.000000  47.855167
29018.000000  48.517838
29145.000000  54.217243
29269.000000  56.021645
29414.000000  57.899380
29551.000000  59.731720
29682.000000  62.565804
29783.000000  61.754303
29898.000000  64.122925
29994.000000  66.048920
30053.000000  68.267479
30078.000000  70.286507
30127.000000  35.572330
30209.000000  43.420536
30383.000000  25.489944
30519.000000  34.111008
30591.000000  30.322123
30700.000000  35.012005
30782.000000  31.239111
30922.000000  35.842945
31145.000000  45.607029
31294.000000  45.364407
31368.000000  32.840271
31393.000000  14.535564
31435.000000  21.585175
31495.000000  16.000017
31571.000000  29.303455
31643.000000  33.025272
31722.000000  17.476171
31798.000000  21.584743
31889.000000  23.193829
31983.000000  26.559958
32093.000000  31.153172
32204.000000  35.782074
32309.000000  32.715771
32441.000000  34.970909
32545.000000  34.512794
32677.000000  39.206501
32764.000000  36.827198
32874.000000  40.162910
32933.000000  31.978344
33051.000000  30.513153
33194.000000  36.082287
33274.000000  27.866796
33340.000000  31.519938
33428.000000  29.365322
33502.000000  29.605228
33590.000000  30.717621
33698.000000  35.257732
33818.000000  38.066517
33967.000000  37.830482
34099.000000  35.849655
34183.000000  31.601328
34280.000000  24.253164
34422.000000  22.770498
34554.000000  16.363964
34624.000000  15.268906
34703.000000  22.802053
34848.000000  33.024475
35019.000000  37.794865
35150.000000  39.106014
35190.000000  36.874321
35280.000000  31.738605
35329.000000  39.082664
35359.000000  38.813927
35386.000000  44.074009
35459.000000  46.288986
35557.000000  44.316639
35646.000000  11.430497
35666.000000  6.182284
35699.000000  20.991999
35769.000000  9.526370
35821.000000  9.719367
35859.000000  5.124938
35882.000000  3.915871
35938.000000  23.771059
36027.000000  30.552431
36195.000000  35.168369
36346.000000  34.707973
36441.000000  24.499916
36604.000000  30.812693
36741.000000  20.643911
36851.000000  22.929871
36927.000000  23.510344
37085.000000  24.155973
37160.000000  17.699146
37304.000000  22.679707
37447.000000  23.477404
37567.000000  25.257530
37637.000000  17.774334
37735.000000  17.566872
37818.000000  22.744825
37883.000000  22.025459
37949.000000  23.515654
38026.000000  28.628719
38081.000000  30.598549
38114.000000  30.958017
38174.000000  43.575443
38212.000000  42.312576
38238.000000  10.645853
38293.000000  19.086012
38320.000000  10.971064
38454.000000  27.906725
38589.000000  41.937511
38724.000000  27.995687
38850.000000  29.231421
38935.000000  22.240366
39005.000000  17.207270
39108.000000  25.326719
39255.000000  26.956356
39299.000000  22.778755
39346.000000  14.619171
39391.000000  14.158575
39394.000000  11.053929
39470.000000  6.075611
39541.000000  11.250793
39608.000000  10.850943
39688.000000  13.172717
39770.000000  15.838072
39841.000000  15.451372
39849.000000  2.223759
39891.000000  5.980375
39955.000000  6.168105
40011.000000  8.133568
40085.000000  15.170752
40181.000000  14.941667
40262.000000  17.695675
40305.000000  13.248393
40345.000000  12.267476
40356.000000  7.897728
40459.000000  13.984179
40508.000000  12.589164
40565.000000  14.566729
40627.000000  18.325119
40681.000000  16.842268
40720.000000  7.894166
40770.000000  16.006565
40803.000000  12.258957
40817.000000  14.953272
