995.000000  0.269048
1247.000000  0.216597
1499.000000  0.213654
1782.000000  0.265359
2101.000000  0.269740
2397.000000  0.308096
2773.000000  0.366245
3094.000000  0.352733
3330.000000  0.309417
3552.000000  0.309628
3807.000000  0.297791
4054.000000  0.377090
4435.000000  0.451637
4740.000000  0.395974
4954.000000  0.396169
5208.000000  0.353873
5394.000000  0.329969
5545.000000  0.262720
5708.000000  0.286249
5845.000000  0.285950
5985.000000  0.260034
6104.000000  0.270793
6243.000000  0.285216
6404.000000  0.264080
6603.000000  0.334811
6817.000000  0.340393
7054.000000  0.366282
7289.000000  0.353473
7507.000000  0.339223
7763.000000  0.387215
8042.000000  0.389996
8317.000000  0.363552
8578.000000  0.360343
8751.000000  0.320329
8751.000000  0.221606
8886.000000  0.325494
9048.000000  0.364959
9140.000000  0.292608
9224.000000  0.300556
9347.000000  0.309336
9517.000000  0.384779
9707.000000  0.360497
9890.000000  0.319864
10092.000000  0.368799
10342.000000  0.385136
10553.000000  0.381940
10770.000000  0.393367
11027.000000  0.409865
11270.000000  0.406119
11492.000000  0.423216
11678.000000  0.360909
11812.000000  0.347947
11893.000000  0.315312
12018.000000  0.340957
12154.000000  0.361897
12283.000000  0.358635
12465.000000  0.366582
12646.000000  0.404330
12815.000000  0.409756
12991.000000  0.401531
13170.000000  0.434208
13350.000000  0.444613
13567.000000  0.447266
13818.000000  0.482469
13990.000000  0.418157
14174.000000  0.404902
14363.000000  0.433670
14616.000000  0.477654
14923.000000  0.482790
15243.000000  0.554582
15526.000000  0.566683
15818.000000  0.560709
16100.000000  0.535226
16250.000000  0.500011
16470.000000  0.506938
16767.000000  0.495147
16963.000000  0.482879
17199.000000  0.493436
17442.000000  0.532164
17733.000000  0.635032
17981.000000  0.653021
18220.000000  0.660620
18376.000000  0.616847
18524.000000  0.607290
18774.000000  0.631275
19009.000000  0.561722
19196.000000  0.481940
19341.000000  0.472752
19522.000000  0.478135
19729.000000  0.500881
19878.000000  0.509699
19963.000000  0.442662
20048.000000  0.436150
20212.000000  0.530649
20422.000000  0.560382
20570.000000  0.551745
20645.000000  0.504773
20753.000000  0.480965
20944.000000  0.512972
21170.000000  0.587999
21446.000000  0.664540
21670.000000  0.670228
21866.000000  0.733121
21924.000000  0.651292
21981.000000  0.712186
22084.000000  0.457869
22292.000000  0.710392
22510.000000  0.803979
22862.000000  0.822706
23184.000000  0.833294
23497.000000  0.879679
23821.000000  0.822207
23997.000000  0.749760
24080.000000  0.591161
24224.000000  0.687212
24417.000000  0.673528
24624.000000  0.672621
24877.000000  0.717340
25171.000000  0.773091
25399.000000  0.725195
25506.000000  0.670537
25597.000000  0.719967
25836.000000  0.785488
26051.000000  0.745870
26255.000000  0.844754
26420.000000  0.790134
26593.000000  0.837731
26758.000000  0.576027
26889.000000  0.750326
26982.000000  0.751155
27057.000000  0.711232
27126.000000  0.698268
27241.000000  0.691263
27338.000000  0.762117
27443.000000  0.822832
27565.000000  0.877104
27744.000000  1.962560
27884.000000  0.778928
28059.000000  0.725480
28282.000000  1.442932
28433.000000  0.829261
28582.000000  0.752537
28712.000000  0.680331
28836.000000  0.801852
28945.000000  0.884206
29047.000000  0.755537
29108.000000  0.866504
29180.000000  0.737231
29202.000000  0.570084
29284.000000  0.746535
29381.000000  0.634086
29456.000000  0.520247
29551.000000  0.947199
29619.000000  1.108885
29761.000000  0.446643
29880.000000  0.445285
29902.000000  0.423425
29947.000000  0.385507
30080.000000  0.416780
30244.000000  0.471740
30411.000000  0.453141
30553.000000  0.475095
30714.000000  1.025175
30843.000000  0.465029
30884.000000  0.455857
30927.000000  0.415202
30992.000000  0.402938
31108.000000  0.429589
31206.000000  0.483557
31325.000000  0.435953
31347.000000  0.393591
31373.000000  0.376084
31376.000000  0.377647
31478.000000  0.414695
31521.000000  0.370977
31581.000000  0.407113
31742.000000  0.439134
31885.000000  0.445411
32036.000000  0.430483
32160.000000  0.467122
32318.000000  0.451124
32434.000000  0.475956
32539.000000  0.465124
32693.000000  0.517902
32788.000000  0.527593
32869.000000  0.436826
32961.000000  0.502769
33088.000000  0.570702
33226.000000  0.581991
33369.000000  0.536351
33521.000000  0.572428
33691.000000  0.610961
33940.000000  0.600487
34151.000000  0.560143
34394.000000  0.651404
34588.000000  0.541187
34751.000000  0.580692
34881.000000  0.570002
34951.000000  0.540332
35086.000000  0.606147
35233.000000  0.617739
35348.000000  0.608715
35452.000000  0.629653
35606.000000  0.720222
35773.000000  0.740915
35896.000000  0.497142
35947.000000  0.474251
36039.000000  0.510643
36109.000000  0.512964
36113.000000  0.420521
36206.000000  0.574850
36321.000000  0.527016
36581.000000  0.738683
36796.000000  0.736109
36975.000000  0.579244
37147.000000  0.594129
37308.000000  0.584730
37469.000000  0.569339
37588.000000  0.538965
37765.000000  0.570852
37901.000000  0.597930
38051.000000  0.614882
38226.000000  0.654270
38364.000000  0.556644
38490.000000  0.518682
38573.000000  0.572235
38606.000000  0.555268
38638.000000  0.540202
38698.000000  0.546068
38739.000000  0.533938
38743.000000  0.427322
38795.000000  0.429771
38905.000000  0.434948
38987.000000  0.489168
39084.000000  0.504177
39233.000000  0.510829
39426.000000  0.502646
39556.000000  0.497084
39679.000000  0.486168
39824.000000  0.506007
39897.000000  0.462660
39929.000000  0.654410
39963.000000  0.637860
39998.000000  0.633521
40119.000000  0.695179
40181.000000  0.688523
40277.000000  0.701904
40307.000000  0.561137
40349.000000  0.511234
40385.000000  0.640806
40386.000000  0.507644
40501.000000  0.436098
40517.000000  0.426490
40583.000000  0.438509
40667.000000  0.457640
40774.000000  0.472188
40797.000000  0.475528
40815.000000  0.413583
