269.000000  0.151316
342.000000  0.149066
378.000000  0.165009
412.000000  0.157969
464.000000  0.165090
505.000000  0.175769
541.000000  0.171921
562.000000  0.189483
585.000000  0.172364
640.000000  0.201738
707.000000  0.187898
765.000000  0.190917
786.000000  0.195495
832.000000  0.199504
875.000000  0.207593
919.000000  0.235270
958.000000  0.262670
990.000000  0.236896
1018.000000  0.228442
1049.000000  0.237291
1080.000000  0.235145
1114.000000  0.236578
1142.000000  0.234588
1183.000000  0.244018
1204.000000  0.258808
1237.000000  0.263645
1284.000000  0.246192
1317.000000  0.264111
1340.000000  0.260054
1397.000000  0.282217
1447.000000  0.275489
1481.000000  0.267559
1507.000000  0.298477
1533.000000  0.270240
1565.000000  0.276077
1599.000000  0.272772
1634.000000  0.301816
1666.000000  0.294561
1701.000000  0.295242
1722.000000  0.318203
1743.000000  0.309996
1780.000000  0.315730
1806.000000  0.317201
1827.000000  0.301852
1868.000000  0.318548
1905.000000  0.327652
1933.000000  0.350122
1967.000000  0.315970
2024.000000  0.356079
2060.000000  0.333036
2092.000000  0.342731
2146.000000  0.337651
2200.000000  0.361226
2232.000000  0.359792
2263.000000  0.355040
2281.000000  0.348991
2335.000000  0.369456
2367.000000  0.350167
2399.000000  0.375014
2437.000000  0.379597
2470.000000  0.377931
2507.000000  0.390407
2534.000000  0.401985
2566.000000  0.380841
2599.000000  0.385645
2633.000000  0.383303
2680.000000  0.395078
2724.000000  0.409385
2776.000000  0.415288
2826.000000  0.421330
2859.000000  0.409520
2924.000000  0.458164
2972.000000  0.423010
2986.000000  0.442203
3024.000000  0.431637
3055.000000  0.430978
3093.000000  0.441840
3126.000000  0.441710
3174.000000  0.442882
3206.000000  0.450347
3240.000000  0.451216
3277.000000  0.463938
3304.000000  0.454582
3331.000000  0.457478
3371.000000  0.464439
3406.000000  0.460113
3438.000000  0.466365
3483.000000  0.476021
3566.000000  0.488372
3632.000000  0.524763
3672.000000  0.492144
3719.000000  0.517171
3763.000000  0.544188
3804.000000  0.529192
3853.000000  0.516098
3887.000000  0.511674
3936.000000  0.536197
3970.000000  0.529571
4005.000000  0.554083
4041.000000  0.544397
4080.000000  0.533657
4113.000000  0.545747
4144.000000  0.581821
4173.000000  0.559771
4217.000000  0.558655
4252.000000  0.569389
4287.000000  0.568326
4323.000000  0.577065
4377.000000  0.574188
4408.000000  0.572969
4444.000000  0.610541
4479.000000  0.577291
4505.000000  0.578533
4552.000000  0.586887
4614.000000  0.596920
4654.000000  0.617747
4687.000000  0.628370
4706.000000  0.611756
4736.000000  0.604216
4756.000000  0.608904
4783.000000  0.636069
4819.000000  0.616877
4861.000000  0.615505
4897.000000  0.613482
4919.000000  0.647554
4997.000000  0.657012
5050.000000  0.641012
5073.000000  0.691255
5131.000000  0.681167
5176.000000  0.684282
5241.000000  0.669557
5290.000000  0.661281
5357.000000  0.680528
5423.000000  0.703634
5466.000000  0.736260
5504.000000  0.674569
5539.000000  0.728978
5572.000000  0.696715
5616.000000  0.784300
5639.000000  0.734209
5664.000000  0.741402
5693.000000  0.727430
5722.000000  0.709631
5748.000000  0.730847
5770.000000  0.775199
5815.000000  0.762330
5870.000000  0.751272
5907.000000  0.799447
5944.000000  0.762373
5973.000000  0.752718
6000.000000  0.781216
6032.000000  0.756970
6074.000000  0.754330
6141.000000  0.835333
6191.000000  0.776718
6249.000000  0.811494
6282.000000  0.798530
6330.000000  0.849205
6366.000000  0.828984
6410.000000  0.843726
6448.000000  0.863710
6477.000000  0.806421
6509.000000  0.863503
6551.000000  0.867350
6590.000000  0.851665
6611.000000  0.893119
6648.000000  0.863893
6679.000000  0.857281
6699.000000  0.834964
6717.000000  0.875180
6755.000000  0.861699
6790.000000  0.838948
6818.000000  0.858364
6847.000000  0.856640
6897.000000  0.882885
6935.000000  0.867612
6993.000000  0.888207
7032.000000  0.904752
7088.000000  0.883894
7134.000000  0.886995
7168.000000  0.891924
7208.000000  0.951200
7247.000000  0.953671
7274.000000  0.894694
7322.000000  0.944026
7374.000000  0.954109
7416.000000  0.911212
7440.000000  0.924176
7467.000000  0.986272
7497.000000  0.917982
7531.000000  0.948836
7559.000000  0.924115
7602.000000  0.938538
7649.000000  0.934636
7698.000000  0.917967
7747.000000  0.946404
7793.000000  0.991374
7839.000000  0.975241
7875.000000  1.005780
7933.000000  0.988987
7969.000000  0.978402
7999.000000  0.998648
8013.000000  0.951782
8049.000000  0.997589
8070.000000  1.006619
8087.000000  0.978175
8110.000000  1.015091
8136.000000  1.003543
8157.000000  1.003102
8178.000000  1.030402
8208.000000  1.044838
8245.000000  1.020953
8272.000000  1.007364
8296.000000  1.018472
8328.000000  1.051914
8359.000000  1.027262
8387.000000  1.020781
8428.000000  1.074701
8469.000000  1.051708
8520.000000  1.059371
8547.000000  1.036384
8586.000000  1.042361
8616.000000  1.081934
8637.000000  1.038332
8660.000000  1.027529
8685.000000  1.031639
8706.000000  1.059191
8728.000000  1.077588
8757.000000  1.045254
8782.000000  1.084623
8798.000000  1.042381
8816.000000  1.069796
8860.000000  1.051824
8901.000000  1.082451
8944.000000  1.148610
8975.000000  1.044941
9007.000000  1.113900
9019.000000  1.135512
9037.000000  1.082929
9064.000000  1.088776
9103.000000  1.104469
9124.000000  1.141079
9163.000000  1.070058
9211.000000  1.080665
9249.000000  1.099210
9299.000000  1.160484
9328.000000  1.134776
9346.000000  1.135984
9369.000000  1.138299
9386.000000  1.150549
9402.000000  1.118945
9422.000000  1.136789
9443.000000  1.123992
9471.000000  1.133495
9497.000000  1.157517
9535.000000  1.132868
9555.000000  1.200345
9575.000000  1.178194
9598.000000  1.189025
9618.000000  1.142042
9637.000000  1.175705
9664.000000  1.142115
9701.000000  1.155653
9720.000000  1.182216
9753.000000  1.213727
9787.000000  1.181327
9821.000000  1.160079
9839.000000  1.228211
9871.000000  1.212650
9895.000000  1.209028
9916.000000  1.197800
9945.000000  1.220839
9973.000000  1.168655
9998.000000  1.194618
10020.000000  1.165647
10037.000000  1.210114
10049.000000  1.223109
10057.000000  1.152651
10080.000000  1.174176
10087.000000  1.209706
10100.000000  1.226025
10131.000000  1.204215
10167.000000  1.208525
10207.000000  1.230480
10232.000000  1.225047
10255.000000  1.168712
10262.000000  1.224336
10294.000000  1.197914
10309.000000  1.219328
10316.000000  1.229397
10344.000000  1.219235
10370.000000  1.181126
10373.000000  1.193866
