995.000000  61.031429
1254.000000  65.947029
1477.000000  55.399406
1767.000000  62.126152
2119.000000  62.424934
2415.000000  64.364136
2802.000000  65.156723
3143.000000  65.181648
3453.000000  62.573780
3723.000000  65.027222
3961.000000  57.167709
4191.000000  61.343765
4467.000000  55.903721
4755.000000  54.515736
4982.000000  50.700706
5236.000000  51.491280
5448.000000  50.633602
5581.000000  50.452553
5703.000000  36.505272
5886.000000  48.451759
6066.000000  48.845936
6272.000000  49.519802
6503.000000  44.970016
6743.000000  48.710087
7018.000000  52.817719
7216.000000  48.880268
7460.000000  46.870636
7673.000000  47.628067
7854.000000  40.749653
8025.000000  33.297863
8191.000000  32.969776
8413.000000  36.662346
8593.000000  34.711388
8775.000000  35.925564
8922.000000  32.789330
9090.000000  35.127022
9194.000000  30.597391
9299.000000  25.101147
9431.000000  29.545910
9598.000000  35.813721
9792.000000  39.645256
9954.000000  33.572651
10067.000000  28.482903
10162.000000  29.603100
10283.000000  28.922199
10520.000000  36.776630
10788.000000  37.952442
11030.000000  41.266258
11091.000000  33.467979
11278.000000  36.507412
11468.000000  42.246193
11650.000000  41.896313
11789.000000  29.729826
11902.000000  22.863369
11994.000000  26.146254
12198.000000  39.292263
12461.000000  41.800137
12688.000000  44.155270
12945.000000  40.805496
13239.000000  48.363602
13539.000000  46.073723
13845.000000  47.702263
14083.000000  38.686596
14244.000000  32.646946
14457.000000  33.285255
14628.000000  35.203175
14799.000000  32.694401
14974.000000  31.163666
15180.000000  34.936325
15371.000000  34.972912
15589.000000  31.795988
15786.000000  30.280405
16001.000000  34.207737
16202.000000  30.146709
16427.000000  35.885296
16713.000000  42.785717
16953.000000  43.152283
17250.000000  50.623055
17470.000000  46.893700
17694.000000  42.479534
17915.000000  34.986134
18053.000000  24.241127
18209.000000  29.920471
18330.000000  30.068842
18457.000000  38.271404
18588.000000  37.651623
18776.000000  40.353287
18957.000000  41.578396
19156.000000  41.511219
19341.000000  37.086563
19418.000000  34.522259
19570.000000  40.193226
19727.000000  32.118145
19893.000000  30.507544
20078.000000  25.231892
20175.000000  23.039282
20277.000000  31.395180
20438.000000  33.831627
20623.000000  30.890741
20879.000000  39.207504
21107.000000  39.270653
21308.000000  36.216393
21540.000000  39.837326
21815.000000  40.691315
22037.000000  41.303806
22232.000000  38.207638
22342.000000  44.394707
22506.000000  42.688522
22758.000000  41.470474
23037.000000  37.081573
23256.000000  34.157902
23482.000000  32.996086
23706.000000  38.932076
23977.000000  44.330727
24125.000000  37.940346
24251.000000  44.926888
24358.000000  26.394627
24478.000000  30.876595
24596.000000  32.862598
24790.000000  54.209179
24964.000000  45.981796
25219.000000  59.859962
25319.000000  54.823238
25385.000000  40.911377
25553.000000  45.336227
25689.000000  52.162708
25866.000000  31.615326
26016.000000  30.465778
26177.000000  28.496433
26317.000000  32.393845
26511.000000  36.336185
26707.000000  54.840004
26860.000000  53.777523
27071.000000  55.689777
27266.000000  58.230186
27444.000000  58.925407
27581.000000  56.873775
27702.000000  46.624340
27831.000000  40.019341
27972.000000  32.312634
28166.000000  38.426800
28411.000000  41.694649
28640.000000  44.418079
28814.000000  42.922981
28930.000000  56.373596
29090.000000  49.482182
29287.000000  60.905617
29482.000000  19.209963
29706.000000  24.884113
29946.000000  27.193945
30150.000000  30.420177
30415.000000  60.101326
30699.000000  61.103344
30971.000000  63.116222
31258.000000  65.688667
31546.000000  36.290718
31817.000000  33.133366
32048.000000  29.756372
32239.000000  28.448236
32394.000000  27.309433
32558.000000  22.463320
32728.000000  22.590233
32934.000000  31.208368
33067.000000  35.671368
33162.000000  36.986664
33359.000000  36.821247
33542.000000  31.959768
33712.000000  20.703026
33767.000000  9.042906
33877.000000  29.368200
34110.000000  39.122948
34253.000000  37.313232
34394.000000  36.672283
34590.000000  43.205078
34787.000000  47.054985
34918.000000  46.728470
35000.000000  41.617077
35080.000000  12.165296
35159.000000  11.007560
35212.000000  15.659508
35372.000000  18.654457
35567.000000  23.533398
35771.000000  28.704239
35924.000000  18.726614
36000.000000  9.366405
36126.000000  7.193323
36225.000000  8.288335
36370.000000  15.776469
36483.000000  14.177987
36638.000000  12.850958
36793.000000  14.249776
36908.000000  14.655203
36965.000000  10.385663
37028.000000  13.649781
37169.000000  18.653912
37289.000000  14.598473
37460.000000  16.610323
37608.000000  16.884916
37771.000000  16.604616
37904.000000  9.063185
37995.000000  7.175484
38096.000000  13.933669
38183.000000  11.398988
38200.000000  5.209857
38225.000000  11.448219
38325.000000  14.617064
38436.000000  8.690250
38494.000000  4.637741
38543.000000  8.104964
38576.000000  3.392165
38712.000000  10.799144
38859.000000  15.998411
39041.000000  17.835976
39218.000000  18.733053
39346.000000  19.925180
39496.000000  18.455801
39641.000000  21.661127
39728.000000  10.487017
39733.000000  0.849637
39743.000000  1.794139
39788.000000  7.483129
39845.000000  4.836179
39877.000000  2.897572
39928.000000  5.780022
40017.000000  7.445849
40109.000000  8.720675
40205.000000  14.277586
40302.000000  14.107174
40358.000000  12.040174
40446.000000  6.827805
40531.000000  9.411621
40672.000000  19.660488
40769.000000  17.366800
40777.000000  1.703992
40795.000000  5.192737
40800.000000  1.015627
40822.000000  5.714055
