995.000000  0.162497
1254.000000  0.151914
1477.000000  0.108585
1767.000000  0.159739
2119.000000  0.170106
2415.000000  0.188693
2802.000000  0.231491
3143.000000  0.236373
3453.000000  0.228578
3723.000000  0.246801
3961.000000  0.175958
4191.000000  0.211992
4467.000000  0.189605
4755.000000  0.187261
4982.000000  0.182348
5236.000000  0.178079
5448.000000  0.177095
5581.000000  0.169941
5703.000000  0.095284
5886.000000  0.164228
6066.000000  0.175088
6272.000000  0.163201
6503.000000  0.148426
6743.000000  0.174739
7018.000000  0.215752
7216.000000  0.201647
7460.000000  0.167840
7673.000000  0.179734
7854.000000  0.148058
8025.000000  0.106165
8191.000000  0.103510
8413.000000  0.126530
8593.000000  0.111746
8775.000000  0.119065
8922.000000  0.104274
9090.000000  0.111237
9194.000000  0.091348
9299.000000  0.069256
9431.000000  0.099255
9598.000000  0.118060
9792.000000  0.144605
9954.000000  0.113808
10067.000000  0.089942
10162.000000  0.105831
10283.000000  0.093170
10520.000000  0.133845
10788.000000  0.162978
11030.000000  0.183924
11091.000000  0.127269
11278.000000  0.169847
11468.000000  0.188211
11650.000000  0.187620
11789.000000  0.116049
11902.000000  0.085030
11994.000000  0.090332
12198.000000  0.173202
12461.000000  0.192706
12688.000000  0.216655
12945.000000  0.191544
13239.000000  0.255856
13539.000000  0.259679
13845.000000  0.272749
14083.000000  0.184237
14244.000000  0.140296
14457.000000  0.146704
14628.000000  0.156620
14799.000000  0.140438
14974.000000  0.132355
15180.000000  0.170025
15371.000000  0.168604
15589.000000  0.135646
15786.000000  0.130216
16001.000000  0.169117
16202.000000  0.134336
16427.000000  0.179903
16713.000000  0.256363
16953.000000  0.258795
17250.000000  0.363573
17470.000000  0.294538
17694.000000  0.254173
17915.000000  0.180595
18053.000000  0.111107
18209.000000  0.143178
18330.000000  0.145503
18457.000000  0.217593
18588.000000  0.202209
18776.000000  0.220913
18957.000000  0.239067
19156.000000  0.251664
19341.000000  0.210029
19418.000000  0.171635
19570.000000  0.222425
19727.000000  0.159657
19893.000000  0.161869
20078.000000  0.125127
20175.000000  0.117743
20277.000000  0.169221
20438.000000  0.184196
20623.000000  0.167272
20879.000000  0.244092
21107.000000  0.239259
21308.000000  0.210617
21540.000000  0.261763
21815.000000  0.276788
22037.000000  0.265917
22232.000000  0.241099
22342.000000  0.290540
22506.000000  0.296153
22758.000000  0.276171
23037.000000  0.231249
23256.000000  0.195312
23482.000000  0.186887
23706.000000  0.248847
23977.000000  0.316713
24125.000000  0.253248
24251.000000  0.367532
24358.000000  0.138878
24478.000000  0.167792
24596.000000  0.187938
24790.000000  0.435606
24964.000000  0.311290
25219.000000  0.566539
25319.000000  0.467863
25385.000000  0.258380
25553.000000  0.319968
25689.000000  0.408571
25866.000000  0.169846
26016.000000  0.170430
26177.000000  0.143018
26317.000000  0.180548
26511.000000  0.215675
26707.000000  0.469293
26860.000000  0.445536
27071.000000  0.499444
27266.000000  0.520342
27444.000000  0.520018
27581.000000  0.493263
27702.000000  0.306846
27831.000000  0.248700
27972.000000  0.174596
28166.000000  0.242874
28411.000000  0.261696
28640.000000  0.308715
28814.000000  0.285583
28930.000000  0.489728
29090.000000  0.395749
29287.000000  0.621685
29482.000000  0.093715
29706.000000  0.132631
29946.000000  0.143134
30150.000000  0.173699
30415.000000  0.632239
30699.000000  0.695852
30971.000000  0.786604
31258.000000  0.840690
31546.000000  0.245780
31817.000000  0.216901
32048.000000  0.179955
32239.000000  0.174452
32394.000000  0.157521
32558.000000  0.122884
32728.000000  0.124545
32934.000000  0.205187
33067.000000  0.243631
33162.000000  0.247841
33359.000000  0.236794
33542.000000  0.210767
33712.000000  0.111032
33767.000000  0.039300
33877.000000  0.169667
34110.000000  0.266621
34253.000000  0.244491
34394.000000  0.254703
34590.000000  0.310144
34787.000000  0.379696
34918.000000  0.368840
35000.000000  0.296856
35080.000000  0.054468
35159.000000  0.050509
35212.000000  0.076856
35372.000000  0.093411
35567.000000  0.123981
35771.000000  0.162476
35924.000000  0.095282
36000.000000  0.043808
36126.000000  0.032714
36225.000000  0.037778
36370.000000  0.084678
36483.000000  0.070396
36638.000000  0.063667
36793.000000  0.071920
36908.000000  0.081189
36965.000000  0.050724
37028.000000  0.067903
37169.000000  0.098231
37289.000000  0.074583
37460.000000  0.085147
37608.000000  0.088299
37771.000000  0.089154
37904.000000  0.045850
37995.000000  0.033227
38096.000000  0.069528
38183.000000  0.055712
38200.000000  0.024120
38225.000000  0.054918
38325.000000  0.069277
38436.000000  0.036960
38494.000000  0.020136
38543.000000  0.034665
38576.000000  0.014912
38712.000000  0.047964
38859.000000  0.075953
39041.000000  0.091048
39218.000000  0.095906
39346.000000  0.104265
39496.000000  0.093018
39641.000000  0.115109
39728.000000  0.046586
39733.000000  0.003291
39743.000000  0.007312
39788.000000  0.031345
39845.000000  0.020050
39877.000000  0.012251
39928.000000  0.023306
40017.000000  0.030052
40109.000000  0.039402
40205.000000  0.065160
40302.000000  0.065218
40358.000000  0.052517
40446.000000  0.028937
40531.000000  0.042213
40672.000000  0.098870
40769.000000  0.080867
40777.000000  0.006913
40795.000000  0.020666
40800.000000  0.003926
40822.000000  0.023208
