995.000000  0.054309
1254.000000  0.058603
1292.000000  0.053111
1501.000000  0.053508
1781.000000  0.071254
2100.000000  0.061713
2410.000000  0.073063
2742.000000  0.068683
3057.000000  0.075765
3363.000000  0.083473
3662.000000  0.089908
3948.000000  0.085260
4229.000000  0.077722
4513.000000  0.086778
4770.000000  0.089854
4990.000000  0.095583
5243.000000  0.093835
5434.000000  0.088041
5614.000000  0.098699
5765.000000  0.084961
5977.000000  0.094698
6263.000000  0.091890
6531.000000  0.104488
6782.000000  0.093579
7060.000000  0.102109
7128.000000  0.104217
7430.000000  0.113377
7714.000000  0.129278
7991.000000  0.116788
8207.000000  0.133625
8478.000000  0.120677
8693.000000  0.148754
8894.000000  0.123139
9115.000000  0.140669
9302.000000  0.134445
9441.000000  0.134320
9535.000000  0.116754
9627.000000  0.117405
9761.000000  0.152571
9929.000000  0.121379
10106.000000  0.128105
10274.000000  0.143341
10508.000000  0.138338
10799.000000  0.135948
10960.000000  0.131506
11059.000000  0.138689
11164.000000  0.156975
11341.000000  0.125206
11548.000000  0.147105
11759.000000  0.135790
12018.000000  0.135656
12297.000000  0.131113
12533.000000  0.176265
12818.000000  0.162384
13080.000000  0.157138
13369.000000  0.155034
13680.000000  0.162649
13885.000000  0.147141
14062.000000  0.144484
14221.000000  0.146601
14355.000000  0.137547
14553.000000  0.158194
14757.000000  0.143151
14849.000000  0.154637
14948.000000  0.147108
15051.000000  0.168100
15108.000000  0.136945
15172.000000  0.138345
15258.000000  0.132439
15378.000000  0.139345
15407.000000  0.137852
15522.000000  0.133917
15680.000000  0.144712
15819.000000  0.137653
15953.000000  0.153020
16125.000000  0.146600
16431.000000  0.148280
16690.000000  0.144049
16941.000000  0.153335
17223.000000  0.152703
17578.000000  0.168263
17897.000000  0.151456
18148.000000  0.165463
18388.000000  0.171878
18608.000000  0.176651
18796.000000  0.170344
19016.000000  0.182831
19278.000000  0.177011
19472.000000  0.159132
19704.000000  0.188464
19917.000000  0.177219
20140.000000  0.163082
20338.000000  0.189384
20554.000000  0.187101
20749.000000  0.175657
20818.000000  0.174369
20971.000000  0.173139
21068.000000  0.172296
21233.000000  0.173046
21439.000000  0.166469
21661.000000  0.179123
21839.000000  0.162654
21978.000000  0.179379
22151.000000  0.174257
22445.000000  0.183224
22765.000000  0.184680
23053.000000  0.192777
23409.000000  0.183191
23754.000000  0.171100
24012.000000  0.173730
24263.000000  0.172684
24465.000000  0.163433
24639.000000  0.141903
24749.000000  0.160901
24788.000000  0.141941
24842.000000  0.140562
24872.000000  0.135780
25010.000000  0.144516
25154.000000  0.146551
25313.000000  0.137210
25487.000000  0.157478
25707.000000  0.150462
25876.000000  0.162746
26020.000000  0.147462
26259.000000  0.168519
26574.000000  0.155597
26945.000000  0.170990
27149.000000  0.173110
27308.000000  0.165350
27425.000000  0.155370
27562.000000  0.181187
27725.000000  0.150825
28000.000000  0.142966
28106.000000  0.134931
28274.000000  0.132217
28369.000000  0.142866
28483.000000  0.126192
28569.000000  0.125829
28653.000000  0.123908
28739.000000  0.134921
28819.000000  0.148776
28949.000000  0.140463
29136.000000  0.134141
29329.000000  0.138611
29489.000000  0.168615
29694.000000  0.135027
29941.000000  0.130610
30109.000000  0.145555
30212.000000  0.119764
30341.000000  0.128790
30576.000000  0.117829
30867.000000  0.120754
31104.000000  0.126264
31321.000000  0.118969
31471.000000  0.126594
31596.000000  0.112079
31647.000000  0.116003
31770.000000  0.116616
31819.000000  0.110849
31923.000000  0.096187
32045.000000  0.103956
32137.000000  0.095055
32258.000000  0.090183
32398.000000  0.093183
32477.000000  0.092870
32518.000000  0.093567
32557.000000  0.096710
32578.000000  0.082167
32657.000000  0.082408
32796.000000  0.083804
32934.000000  0.093481
33108.000000  0.085467
33235.000000  0.100754
33381.000000  0.108627
33521.000000  0.094032
33680.000000  0.092693
33858.000000  0.108809
34077.000000  0.101877
34327.000000  0.095946
34568.000000  0.113073
34775.000000  0.102816
35025.000000  0.172191
35270.000000  0.092859
35477.000000  0.096955
35684.000000  0.105735
35969.000000  0.109422
36322.000000  0.123619
36572.000000  0.173286
36690.000000  0.129728
36823.000000  0.110120
36900.000000  0.106039
37055.000000  0.108977
37105.000000  0.096601
37196.000000  0.079427
37305.000000  0.081400
37386.000000  0.076061
37506.000000  0.082015
37581.000000  0.071113
37649.000000  0.063679
37663.000000  0.065889
37686.000000  0.066682
37707.000000  0.065623
37780.000000  0.059052
37876.000000  0.076349
37953.000000  0.060812
37976.000000  0.050245
38074.000000  0.049859
38139.000000  0.047151
38211.000000  0.051847
38286.000000  0.047756
38337.000000  0.035453
38344.000000  0.032758
38425.000000  0.034751
38495.000000  0.034195
38531.000000  0.036832
38563.000000  0.029619
38630.000000  0.037737
38709.000000  0.033913
38812.000000  0.036481
38989.000000  0.034806
39096.000000  0.029489
39145.000000  0.027752
39224.000000  0.043767
39331.000000  0.032514
39393.000000  0.029360
39396.000000  0.041106
39396.000000  0.027341
39405.000000  0.025626
39473.000000  0.023516
39541.000000  0.029026
39625.000000  0.029113
39726.000000  0.029640
39787.000000  0.036088
39847.000000  0.025849
39880.000000  0.022416
39881.000000  0.026272
39954.000000  0.021817
40019.000000  0.022490
40121.000000  0.026882
40203.000000  0.023096
40286.000000  0.034053
40351.000000  0.020235
40405.000000  0.016287
40487.000000  0.019616
40593.000000  0.019077
40665.000000  0.019227
40779.000000  0.021172
40809.000000  0.017163
40812.000000  0.015420
40823.000000  0.014161
