816.000000  0.138503
1014.000000  0.137467
1209.000000  0.106551
1366.000000  0.080589
1569.000000  0.118586
1595.000000  0.049242
1875.000000  0.152043
2126.000000  0.152655
2352.000000  0.149142
2597.000000  0.171753
2766.000000  0.152244
2989.000000  0.179483
3182.000000  0.160168
3359.000000  0.153481
3503.000000  0.153046
3699.000000  0.169957
3893.000000  0.154781
4065.000000  0.144352
4212.000000  0.110760
4249.000000  0.041180
4350.000000  0.072860
4451.000000  0.059797
4536.000000  0.036071
4600.000000  0.052574
4648.000000  0.048910
4725.000000  0.067855
4856.000000  0.081024
4991.000000  0.095033
5072.000000  0.075542
5257.000000  0.123694
5459.000000  0.163029
5719.000000  0.160412
5972.000000  0.141729
6163.000000  0.109974
6323.000000  0.189872
6485.000000  0.188727
6649.000000  0.157842
6844.000000  0.163309
6949.000000  0.093025
6949.000000  0.000208
7047.000000  0.070501
7155.000000  0.096164
7345.000000  0.126992
7528.000000  0.131980
7724.000000  0.117651
7897.000000  0.134084
7930.000000  0.089035
8172.000000  0.150721
8388.000000  0.173768
8632.000000  0.171461
8869.000000  0.162227
9016.000000  0.139111
9185.000000  0.155257
9372.000000  0.179839
9535.000000  0.113193
9701.000000  0.154353
9898.000000  0.133102
10074.000000  0.131597
10199.000000  0.108611
10356.000000  0.086868
10541.000000  0.153155
10777.000000  0.204117
11015.000000  0.157972
11196.000000  0.134578
11373.000000  0.166744
11426.000000  0.084878
11652.000000  0.143583
11887.000000  0.156896
12085.000000  0.156803
12289.000000  0.147558
12496.000000  0.183568
12703.000000  0.142633
12865.000000  0.134183
13027.000000  0.137265
13181.000000  0.119981
13334.000000  0.134119
13353.000000  0.093457
13459.000000  0.132849
13550.000000  0.044528
13674.000000  0.123798
13786.000000  0.156992
13962.000000  0.198403
14095.000000  0.187873
14237.000000  0.194042
14370.000000  0.226825
14525.000000  0.186759
14661.000000  0.176743
14884.000000  0.231209
15115.000000  0.206092
15300.000000  0.148938
15580.000000  0.182218
15827.000000  0.197535
16109.000000  0.206799
16388.000000  0.198567
16673.000000  0.186444
16984.000000  0.204049
17216.000000  0.179463
17402.000000  0.106478
17586.000000  0.104332
17748.000000  0.102007
17919.000000  0.161734
17979.000000  0.168219
18226.000000  0.217596
18471.000000  0.216368
18651.000000  0.157402
18872.000000  0.153441
19188.000000  0.179464
19371.000000  0.167918
19518.000000  0.186424
19656.000000  0.185397
19729.000000  0.181026
19819.000000  0.181373
19929.000000  0.235877
19979.000000  0.212267
20135.000000  0.294486
20280.000000  0.245337
20354.000000  0.218335
20524.000000  0.285832
20711.000000  0.337698
20875.000000  0.362374
21087.000000  0.375538
21239.000000  0.404552
21329.000000  0.294927
21515.000000  0.355201
21662.000000  0.299253
21800.000000  0.297033
21886.000000  0.249509
21899.000000  0.079381
22035.000000  0.311490
22122.000000  0.379640
22206.000000  0.043766
22309.000000  0.061953
22466.000000  0.097970
22599.000000  0.093336
22755.000000  0.096121
22914.000000  0.307669
23006.000000  0.328630
23092.000000  0.573460
23133.000000  0.091893
23287.000000  0.128658
23417.000000  0.120466
23550.000000  0.114614
23679.000000  0.066765
23919.000000  0.131491
24103.000000  0.134130
24141.000000  0.066492
24241.000000  0.055991
24347.000000  0.080641
24522.000000  0.086899
24644.000000  0.115498
24707.000000  0.092807
24929.000000  0.129543
25148.000000  0.155366
25439.000000  0.186031
25648.000000  0.148780
25848.000000  0.126294
26047.000000  0.146936
26280.000000  0.157193
26484.000000  0.134422
26618.000000  0.146218
26781.000000  0.152906
27002.000000  0.193562
27199.000000  0.178524
27318.000000  0.189482
27425.000000  0.155078
27589.000000  0.230920
27807.000000  0.314426
28024.000000  0.308573
28303.000000  0.404674
28435.000000  0.151315
28596.000000  0.131718
28793.000000  0.222740
28979.000000  0.226658
29138.000000  0.141886
29347.000000  0.167385
29548.000000  0.239205
29602.000000  0.166079
29750.000000  0.215932
29863.000000  0.090238
30031.000000  0.101201
30168.000000  0.104149
30269.000000  0.091719
30441.000000  0.133741
30626.000000  0.150834
30800.000000  0.159340
30974.000000  0.177853
31082.000000  0.111609
31259.000000  0.145984
31409.000000  0.152015
31541.000000  0.160518
31653.000000  0.101871
31740.000000  0.080271
31838.000000  0.087618
31932.000000  0.078033
32039.000000  0.079496
32122.000000  0.094313
32168.000000  0.076534
32249.000000  0.098336
32330.000000  0.067775
32413.000000  0.072785
32498.000000  0.070429
32559.000000  0.067637
32639.000000  0.109323
32716.000000  0.078940
32782.000000  0.056893
32863.000000  0.057148
32973.000000  0.059615
33047.000000  0.076125
33144.000000  0.078430
33204.000000  0.086163
33294.000000  0.086161
33370.000000  0.071140
33451.000000  0.049690
33537.000000  0.075883
33617.000000  0.060243
33702.000000  0.065350
33840.000000  0.095634
33991.000000  0.099775
34061.000000  0.105865
34174.000000  0.183991
34326.000000  0.559505
34557.000000  0.574410
34851.000000  0.541536
35045.000000  0.538738
35178.000000  0.629150
35286.000000  0.589947
35378.000000  0.574975
35481.000000  0.358454
35592.000000  0.398375
35700.000000  0.387519
35744.000000  0.179414
35768.000000  0.025038
35845.000000  0.029374
35878.000000  0.030819
35959.000000  0.168870
36058.000000  0.264547
36107.000000  0.405835
36165.000000  0.423097
36211.000000  0.682712
36261.000000  0.043445
36297.000000  0.058172
36384.000000  0.048506
36456.000000  0.058556
36520.000000  0.055335
36595.000000  0.064916
36699.000000  0.085335
36714.000000  0.061968
36730.000000  0.012278
36827.000000  0.026185
36929.000000  0.051375
37067.000000  0.063067
37155.000000  0.061355
37297.000000  0.075240
37380.000000  0.075462
37481.000000  0.069439
37565.000000  0.058352
37727.000000  0.100491
37943.000000  0.128904
38059.000000  0.127311
38136.000000  0.062736
38205.000000  0.044697
38230.000000  0.065303
38283.000000  0.075021
38336.000000  0.068545
38368.000000  0.089553
38419.000000  0.059790
38424.000000  0.050384
38497.000000  0.040723
38500.000000  0.004140
38502.000000  0.002713
38544.000000  0.051440
38612.000000  0.044890
38726.000000  0.079224
38891.000000  0.079418
39052.000000  0.095225
39147.000000  0.097615
39229.000000  0.080135
39356.000000  0.135633
39411.000000  0.081772
39502.000000  0.099659
39538.000000  0.066165
39571.000000  0.062477
39608.000000  0.035651
39656.000000  0.017042
39738.000000  0.029220
39807.000000  0.044212
39923.000000  0.049875
39944.000000  0.044430
40034.000000  0.059312
40180.000000  0.143594
40221.000000  0.084002
40323.000000  0.112494
40444.000000  0.063259
40526.000000  0.055173
40563.000000  0.031670
40611.000000  0.025917
40677.000000  0.036208
40715.000000  0.017656
40751.000000  0.015780
