995.000000  0.060137
1248.000000  0.000519
1502.000000  -0.004246
1784.000000  0.009607
2063.000000  -0.000736
2395.000000  0.003912
2669.000000  -0.001658
2992.000000  0.009732
3304.000000  0.009000
3567.000000  0.011449
3853.000000  -0.017113
4142.000000  0.005766
4443.000000  0.001493
4672.000000  0.001222
4741.000000  0.016664
5044.000000  -0.001482
5277.000000  -0.013622
5460.000000  0.006672
5725.000000  0.001533
5872.000000  -0.004873
5977.000000  -0.001801
6129.000000  -0.011566
6348.000000  0.006407
6570.000000  0.004418
6765.000000  0.002108
7037.000000  0.019829
7281.000000  0.000772
7569.000000  -0.007290
7825.000000  0.003634
8035.000000  -0.002331
8226.000000  0.008363
8469.000000  -0.006612
8731.000000  -0.001767
8848.000000  -0.001533
8946.000000  0.005360
9032.000000  -0.000180
9122.000000  -0.009602
9154.000000  -0.005487
9252.000000  0.001757
9352.000000  -0.000942
9465.000000  0.004355
9621.000000  0.011436
9761.000000  0.000493
9931.000000  -0.000371
10083.000000  -0.005558
10236.000000  -0.001468
10381.000000  0.003283
10639.000000  0.022601
10980.000000  -0.003375
11340.000000  0.006891
11644.000000  -0.010066
11893.000000  0.014051
12109.000000  -0.003057
12301.000000  0.009779
12478.000000  -0.006550
12646.000000  -0.001966
12863.000000  0.013584
13098.000000  0.004507
13358.000000  -0.003560
13612.000000  -0.002922
13843.000000  0.025579
14058.000000  -0.011230
14208.000000  -0.002402
14315.000000  -0.014287
14457.000000  0.006252
14620.000000  0.012958
14751.000000  -0.005834
14805.000000  0.000535
14970.000000  0.001814
15154.000000  -0.005556
15309.000000  0.004843
15526.000000  0.004776
15718.000000  0.002388
15955.000000  -0.008577
16207.000000  0.012264
16489.000000  0.018918
16768.000000  -0.021799
17109.000000  0.023654
17414.000000  -0.018335
17754.000000  0.004957
18032.000000  0.000020
18330.000000  -0.014417
18548.000000  -0.006584
18732.000000  0.007206
18974.000000  0.005686
19211.000000  0.012531
19456.000000  0.005708
19686.000000  0.003583
19915.000000  0.011835
20212.000000  0.003771
20422.000000  -0.011425
20582.000000  0.009004
20744.000000  -0.005192
20915.000000  0.016592
21120.000000  0.015438
21346.000000  -0.036714
21570.000000  0.014722
21697.000000  0.003162
21812.000000  -0.006607
21995.000000  0.012135
22151.000000  -0.017944
22319.000000  0.004817
22423.000000  0.008852
22487.000000  -0.044271
22635.000000  0.002743
22674.000000  0.014503
22855.000000  -0.009841
23121.000000  0.008088
23395.000000  0.003552
23632.000000  0.015616
23893.000000  -0.022793
24083.000000  -0.000404
24219.000000  0.004540
24403.000000  -0.008767
24541.000000  0.000822
24767.000000  -0.000817
25057.000000  -0.002165
25270.000000  0.008905
25467.000000  0.003398
25664.000000  0.010345
25771.000000  -0.027722
25877.000000  0.019948
25988.000000  -0.007369
26107.000000  0.002577
26217.000000  -0.006228
26319.000000  -0.016949
26408.000000  0.013280
26522.000000  0.001223
26649.000000  -0.011372
26717.000000  -0.000998
26752.000000  -0.002509
26788.000000  -0.013366
26934.000000  -0.001182
27125.000000  0.017485
27311.000000  0.004775
27511.000000  -0.017723
27594.000000  0.016995
27660.000000  0.007011
27816.000000  -0.029896
27990.000000  -0.012281
28090.000000  0.009179
28152.000000  -0.014913
28192.000000  0.002677
28335.000000  0.001884
28476.000000  0.003933
28574.000000  -0.001903
28750.000000  -0.005734
28858.000000  0.004793
29003.000000  -0.014312
29107.000000  0.002923
29226.000000  0.013141
29324.000000  -0.015482
29389.000000  0.014019
29456.000000  0.003626
29488.000000  -0.024690
29564.000000  0.006903
29631.000000  0.002008
29764.000000  0.001498
29982.000000  0.000557
30077.000000  -0.008784
30189.000000  0.011628
30320.000000  -0.012256
30472.000000  -0.003403
30571.000000  0.008260
30667.000000  -0.015444
30699.000000  -0.007294
30726.000000  0.003972
30794.000000  -0.001130
30877.000000  0.015316
30964.000000  -0.014922
31115.000000  -0.010252
31228.000000  0.012172
31341.000000  -0.008921
31446.000000  -0.000290
31528.000000  0.000032
31705.000000  0.012555
31894.000000  -0.010902
31956.000000  0.010815
31969.000000  -0.018419
32059.000000  -0.006353
32102.000000  -0.001311
32134.000000  0.001369
32155.000000  -0.013526
32180.000000  0.001533
32244.000000  -0.001029
32304.000000  0.005015
32344.000000  0.004045
32496.000000  -0.010282
32713.000000  0.004922
32909.000000  0.007920
33053.000000  -0.007891
33132.000000  -0.005293
33234.000000  -0.008456
33299.000000  0.012761
33375.000000  -0.017104
33464.000000  0.005047
33581.000000  -0.006488
33730.000000  -0.001809
33753.000000  0.002191
33803.000000  0.000482
33880.000000  0.002783
34004.000000  -0.004952
34090.000000  0.006206
34177.000000  -0.002741
34258.000000  0.003050
34350.000000  0.000682
34481.000000  0.014934
34625.000000  -0.012407
34749.000000  0.010294
34929.000000  -0.002119
35049.000000  0.011707
35169.000000  -0.010983
35181.000000  0.000164
35265.000000  0.001584
35363.000000  -0.002824
35473.000000  0.001332
35578.000000  0.003626
35688.000000  -0.011869
35864.000000  0.004863
36010.000000  0.015347
36165.000000  -0.013366
36339.000000  -0.002254
36546.000000  0.007260
36732.000000  0.007936
36794.000000  -0.002659
36919.000000  -0.004634
37049.000000  0.011288
37189.000000  -0.004655
37204.000000  -0.011370
37269.000000  0.000540
37353.000000  0.000801
37522.000000  0.005704
37691.000000  0.003476
37815.000000  -0.006632
37884.000000  -0.010107
37952.000000  0.008069
37978.000000  -0.007772
38094.000000  -0.002912
38175.000000  0.008980
38249.000000  -0.011575
38334.000000  -0.003396
38580.000000  -0.003320
38635.000000  -0.000028
38671.000000  -0.008120
38837.000000  0.002307
38928.000000  0.006811
39013.000000  -0.009734
39084.000000  -0.006765
39208.000000  -0.002829
39265.000000  0.004469
39316.000000  -0.005604
39347.000000  -0.003392
39456.000000  -0.001024
39561.000000  0.001733
39697.000000  0.003300
39763.000000  -0.001071
39941.000000  0.004253
40059.000000  0.010590
40204.000000  -0.005174
40378.000000  -0.011344
40458.000000  -0.005130
40509.000000  0.003137
40562.000000  0.001363
40650.000000  -0.008998
40729.000000  -0.000334
40776.000000  -0.004512
40816.000000  -0.002227
40820.000000  0.009180
