269.000000  0.055769
339.000000  -0.023016
388.000000  -0.002992
426.000000  -0.003432
462.000000  0.002793
500.000000  0.001717
549.000000  -0.000238
595.000000  0.002087
623.000000  -0.010629
695.000000  0.021834
705.000000  -0.028585
755.000000  0.011986
818.000000  0.016748
890.000000  0.005370
959.000000  -0.000495
994.000000  -0.019152
1048.000000  0.019893
1084.000000  -0.011735
1109.000000  -0.005025
1142.000000  0.000004
1179.000000  0.003990
1255.000000  0.011634
1268.000000  -0.030925
1309.000000  0.011436
1339.000000  0.003929
1354.000000  -0.015100
1380.000000  0.019616
1425.000000  0.011133
1462.000000  -0.015695
1486.000000  -0.022792
1532.000000  0.018173
1564.000000  0.003085
1618.000000  0.003780
1669.000000  0.010350
1719.000000  0.007036
1731.000000  -0.032247
1785.000000  0.025183
1822.000000  -0.003512
1869.000000  -0.003232
1905.000000  0.005543
1945.000000  -0.004091
1983.000000  -0.005219
2019.000000  0.001029
2053.000000  -0.002060
2097.000000  -0.007486
2140.000000  0.008359
2184.000000  -0.000835
2229.000000  -0.001962
2261.000000  -0.001926
2278.000000  -0.008474
2296.000000  -0.005545
2308.000000  -0.008562
2335.000000  0.020581
2362.000000  -0.003109
2383.000000  -0.004353
2408.000000  0.013745
2429.000000  0.000038
2466.000000  0.003929
2511.000000  -0.011605
2526.000000  -0.010196
2546.000000  -0.000085
2558.000000  -0.005813
2567.000000  -0.000266
2582.000000  0.008961
2597.000000  0.000373
2622.000000  0.005955
2649.000000  -0.003262
2677.000000  -0.006529
2696.000000  0.001350
2723.000000  0.002343
2752.000000  0.020198
2789.000000  -0.012334
2824.000000  0.002497
2857.000000  -0.004749
2896.000000  0.018113
2945.000000  -0.005153
2990.000000  0.001297
3036.000000  0.002199
3072.000000  -0.009478
3132.000000  0.015507
3134.000000  -0.037654
3203.000000  0.033390
3203.000000  -0.043300
3282.000000  0.047223
3334.000000  0.001278
3361.000000  0.001240
3410.000000  -0.002314
3468.000000  -0.008559
3501.000000  -0.008679
3551.000000  0.001401
3598.000000  0.001010
3631.000000  0.000234
3633.000000  -0.019976
3679.000000  0.016486
3723.000000  0.007429
3767.000000  -0.006494
3813.000000  -0.000864
3845.000000  -0.004577
3891.000000  0.008139
3953.000000  -0.000707
3990.000000  -0.002469
4043.000000  0.003373
4091.000000  0.004323
4122.000000  -0.003130
4188.000000  0.018746
4211.000000  -0.005167
4243.000000  -0.003296
4276.000000  0.016088
4335.000000  -0.000274
4335.000000  -0.060456
4388.000000  0.080892
4439.000000  -0.011786
4441.000000  -0.060555
4477.000000  0.054635
4490.000000  -0.049001
4532.000000  0.042133
4577.000000  0.005717
4600.000000  0.001010
4633.000000  -0.013139
4672.000000  -0.012679
4712.000000  0.012602
4742.000000  -0.027475
4769.000000  -0.000710
4795.000000  -0.001729
4822.000000  -0.002094
4850.000000  -0.002257
4874.000000  0.001816
4909.000000  0.016068
4938.000000  0.013350
4958.000000  -0.012485
4968.000000  -0.000856
4983.000000  -0.001119
4992.000000  -0.022495
5012.000000  0.018346
5052.000000  -0.005524
5093.000000  0.012874
5137.000000  0.006271
5162.000000  -0.007116
5200.000000  -0.000990
5245.000000  0.012882
5281.000000  -0.006741
5315.000000  0.025200
5345.000000  -0.029966
5379.000000  -0.000562
5410.000000  0.001812
5459.000000  0.003109
5460.000000  -0.038567
5492.000000  0.046223
5540.000000  0.003727
5591.000000  0.011406
5627.000000  -0.016000
5661.000000  0.001225
5689.000000  -0.004608
5731.000000  0.004336
5771.000000  0.002135
5804.000000  -0.004420
5831.000000  -0.002928
5877.000000  0.015076
5928.000000  0.002983
5958.000000  -0.000239
6014.000000  0.009229
6053.000000  -0.003613
6086.000000  0.003072
6109.000000  -0.001124
6145.000000  0.006981
6159.000000  -0.013913
6208.000000  0.032843
6217.000000  -0.084913
6249.000000  0.096370
6274.000000  0.011999
6305.000000  -0.058302
6342.000000  -0.005393
6352.000000  -0.006235
6388.000000  0.032506
6427.000000  -0.003091
6457.000000  -0.009159
6482.000000  0.011874
6516.000000  -0.018305
6545.000000  -0.013983
6574.000000  0.026987
6605.000000  0.011349
6641.000000  -0.020673
6679.000000  -0.013387
6701.000000  -0.003171
6745.000000  0.031030
6775.000000  -0.020464
6813.000000  -0.012230
6847.000000  0.004111
6896.000000  0.016344
6943.000000  -0.015880
7028.000000  0.027941
7078.000000  -0.010892
7138.000000  0.000207
7199.000000  0.032429
7267.000000  0.013750
7315.000000  -0.041988
7354.000000  -0.039056
7398.000000  0.040880
7443.000000  0.001778
7459.000000  -0.021993
7497.000000  0.032005
7540.000000  0.015855
7585.000000  -0.034247
7607.000000  0.029455
7655.000000  0.002054
7699.000000  -0.062753
7735.000000  -0.004510
7765.000000  -0.007719
7783.000000  -0.006262
7803.000000  -0.002204
7827.000000  0.046212
7837.000000  -0.041193
7860.000000  0.046617
7901.000000  0.001782
7956.000000  0.006285
8005.000000  -0.002037
8088.000000  0.068047
8150.000000  0.015392
8198.000000  -0.006975
8217.000000  -0.050365
8247.000000  0.039090
8267.000000  -0.006820
8286.000000  -0.089047
8315.000000  0.011706
8343.000000  0.007058
8360.000000  -0.009264
8387.000000  0.001619
8417.000000  0.007131
8437.000000  -0.008127
8461.000000  0.100141
8491.000000  -0.091858
8518.000000  0.098489
8547.000000  0.028899
8578.000000  0.007931
8612.000000  0.011708
8634.000000  -0.071124
8664.000000  0.014520
8703.000000  0.017383
8750.000000  0.007681
8780.000000  -0.163111
8795.000000  -0.004756
8801.000000  0.021682
8821.000000  -0.015260
8840.000000  -0.004101
8866.000000  0.010252
8884.000000  -0.012556
8925.000000  0.011617
8961.000000  -0.002876
9008.000000  0.011748
9042.000000  0.002484
9085.000000  0.028443
9097.000000  -0.043897
9103.000000  0.007999
9141.000000  0.026317
9164.000000  -0.022912
9185.000000  0.007834
9243.000000  0.020409
9312.000000  -0.006901
9379.000000  -0.005569
9426.000000  -0.002609
9427.000000  -0.037010
9477.000000  0.048397
9517.000000  -0.012709
9564.000000  0.008663
9579.000000  -0.028002
9618.000000  0.017215
9643.000000  -0.012319
9644.000000  -0.022910
9668.000000  0.013693
9690.000000  -0.001148
9710.000000  0.003556
9729.000000  -0.006071
9752.000000  0.002939
9769.000000  -0.000541
9779.000000  0.003669
9786.000000  -0.002508
9791.000000  -0.000484
9802.000000  -0.011566
9836.000000  0.032513
9873.000000  -0.019265
9894.000000  0.008642
9923.000000  -0.001311
9955.000000  0.000091
9989.000000  -0.008630
10013.000000  -0.001426
10030.000000  -0.008802
10033.000000  -0.004206
10054.000000  0.009168
10084.000000  0.008688
10116.000000  -0.000921
10131.000000  -0.003595
10139.000000  0.000875
10156.000000  0.001507
10180.000000  -0.003152
10187.000000  -0.003519
10229.000000  0.017789
10245.000000  -0.013710
10284.000000  0.005641
10289.000000  -0.017568
10312.000000  0.015557
10333.000000  -0.006853
10363.000000  0.010140
10366.000000  -0.016748
10375.000000  0.010250
