269.000000  14.044048
339.000000  20.252314
388.000000  24.818377
426.000000  27.956196
462.000000  26.814981
500.000000  36.165062
549.000000  27.362949
595.000000  27.811575
623.000000  33.397408
695.000000  20.675655
705.000000  40.227760
755.000000  30.518066
818.000000  24.103706
890.000000  22.007339
959.000000  22.627296
994.000000  31.589979
1048.000000  20.597401
1084.000000  25.832996
1109.000000  25.044779
1142.000000  29.291880
1179.000000  26.740084
1255.000000  23.023140
1268.000000  36.109863
1309.000000  28.658369
1339.000000  29.069094
1354.000000  35.411434
1380.000000  28.143707
1425.000000  21.852884
1462.000000  28.567638
1486.000000  41.993191
1532.000000  36.105980
1564.000000  30.081268
1618.000000  28.175497
1669.000000  25.063437
1719.000000  30.567404
1731.000000  38.286865
1785.000000  24.106424
1822.000000  29.544369
1869.000000  28.101231
1905.000000  27.641150
1945.000000  35.504498
1983.000000  29.378662
2019.000000  29.221899
2053.000000  31.090534
2097.000000  35.673779
2140.000000  31.128603
2184.000000  31.507158
2229.000000  29.943773
2261.000000  38.836964
2278.000000  40.299442
2296.000000  34.945427
2308.000000  42.513638
2335.000000  30.385834
2362.000000  30.775230
2383.000000  32.453850
2408.000000  27.862417
2429.000000  26.874928
2466.000000  26.317511
2511.000000  35.499092
2526.000000  31.924767
2546.000000  45.763294
2558.000000  37.816738
2567.000000  37.241875
2582.000000  31.277027
2597.000000  38.975063
2622.000000  31.472605
2649.000000  29.830669
2677.000000  34.381878
2696.000000  34.095852
2723.000000  41.281403
2752.000000  26.504707
2789.000000  36.526249
2824.000000  31.273985
2857.000000  31.771759
2896.000000  23.612858
2945.000000  27.179796
2990.000000  26.999277
3036.000000  25.654661
3072.000000  29.929104
3132.000000  24.506422
3134.000000  43.804668
3203.000000  30.403698
3203.000000  56.935371
3282.000000  25.572666
3334.000000  28.295225
3361.000000  25.559538
3410.000000  26.580528
3468.000000  26.696793
3501.000000  30.875391
3551.000000  33.227108
3598.000000  34.425377
3631.000000  32.397331
3633.000000  43.792294
3679.000000  32.894924
3723.000000  30.106619
3767.000000  32.793541
3813.000000  33.099155
3845.000000  33.882076
3891.000000  32.607796
3953.000000  33.872753
3990.000000  35.150574
4043.000000  32.689270
4091.000000  32.909821
4122.000000  29.579185
4188.000000  28.349001
4211.000000  29.319080
4243.000000  30.377493
4276.000000  27.925154
4335.000000  26.868292
4335.000000  49.037415
4388.000000  23.264753
4439.000000  23.936253
4441.000000  46.171032
4477.000000  23.665428
4490.000000  38.597397
4532.000000  26.424965
4577.000000  26.234659
4600.000000  25.775347
4633.000000  29.440229
4672.000000  30.029387
4712.000000  36.381653
4742.000000  36.737366
4769.000000  36.795555
4795.000000  34.094841
4822.000000  36.089428
4850.000000  38.487701
4874.000000  33.549122
4909.000000  35.388813
4938.000000  35.010704
4958.000000  38.233463
4968.000000  34.383537
4983.000000  35.532959
4992.000000  43.303398
5012.000000  35.474503
5052.000000  36.506119
5093.000000  36.548756
5137.000000  30.901331
5162.000000  33.853680
5200.000000  32.711391
5245.000000  33.146523
5281.000000  37.042564
5315.000000  25.740204
5345.000000  35.121540
5379.000000  32.915081
5410.000000  35.935097
5459.000000  35.062828
5460.000000  47.902916
5492.000000  27.060492
5540.000000  26.803831
5591.000000  24.967192
5627.000000  28.364758
5661.000000  31.162193
5689.000000  30.730408
5731.000000  30.253559
5771.000000  29.623465
5804.000000  30.177671
5831.000000  31.221703
5877.000000  30.250353
5928.000000  30.239079
5958.000000  30.673834
6014.000000  25.167728
6053.000000  24.196062
6086.000000  24.053349
6109.000000  24.782442
6145.000000  23.981670
6159.000000  26.315483
6208.000000  20.345324
6217.000000  38.157475
6249.000000  21.845802
6274.000000  15.064064
6305.000000  23.337763
6342.000000  24.785383
6352.000000  26.611753
6388.000000  20.940378
6427.000000  21.674765
6457.000000  22.741661
6482.000000  28.621441
6516.000000  22.719511
6545.000000  24.658772
6574.000000  22.361799
6605.000000  19.318113
6641.000000  25.726736
6679.000000  25.958794
6701.000000  25.580109
6745.000000  19.979713
6775.000000  24.695465
6813.000000  26.926559
6847.000000  29.461782
6896.000000  28.446964
6943.000000  28.165478
7028.000000  22.805046
7078.000000  26.448160
7138.000000  24.702000
7199.000000  21.006168
7267.000000  19.950710
7315.000000  21.245499
7354.000000  28.954214
7398.000000  22.158243
7443.000000  21.667267
7459.000000  25.288322
7497.000000  20.570679
7540.000000  17.059837
7585.000000  21.562567
7607.000000  20.658051
7655.000000  17.609983
7699.000000  28.700241
7735.000000  27.178198
7765.000000  29.036999
7783.000000  34.906422
7803.000000  30.017069
7827.000000  22.639400
7837.000000  34.944332
7860.000000  19.677639
7901.000000  19.372589
7956.000000  20.024725
8005.000000  20.992727
8088.000000  16.276461
8150.000000  16.036867
8198.000000  13.902815
8217.000000  15.706245
8247.000000  13.947335
8267.000000  13.206882
8286.000000  20.048203
8315.000000  22.094614
8343.000000  18.751463
8360.000000  21.417976
8387.000000  20.106197
8417.000000  15.790346
8437.000000  20.136982
8461.000000  12.919077
8491.000000  16.415703
8518.000000  9.487869
8547.000000  8.054052
8578.000000  7.627443
8612.000000  9.133039
8634.000000  13.531740
8664.000000  8.482152
8703.000000  8.832340
8750.000000  11.357077
8780.000000  18.212864
8795.000000  17.236107
8801.000000  14.297194
8821.000000  17.791046
8840.000000  16.481781
8866.000000  17.088411
8884.000000  17.621109
8925.000000  16.757710
8961.000000  17.216032
9008.000000  15.132226
9042.000000  16.220980
9085.000000  11.879197
9097.000000  17.316219
9103.000000  17.645544
9141.000000  13.878846
9164.000000  16.217607
9185.000000  15.172596
9243.000000  13.652587
9312.000000  12.732178
9379.000000  15.245667
9426.000000  13.525133
9427.000000  22.250887
9477.000000  11.942717
9517.000000  14.875999
9564.000000  14.508475
9579.000000  19.762787
9618.000000  13.740609
9643.000000  14.613535
9644.000000  19.267300
9668.000000  15.210735
9690.000000  20.635975
9710.000000  15.505632
9729.000000  15.002304
9752.000000  14.564240
9769.000000  13.837114
9779.000000  12.172042
9786.000000  12.308655
9791.000000  13.266429
9802.000000  18.224966
9836.000000  19.876606
9873.000000  10.934443
9894.000000  11.886843
9923.000000  10.259989
9955.000000  8.490506
9989.000000  9.764568
10013.000000  8.338947
10030.000000  9.228166
10033.000000  9.312842
10054.000000  9.185528
10084.000000  9.056365
10116.000000  8.635589
10131.000000  8.672914
10139.000000  9.034917
10156.000000  7.949872
10180.000000  8.526162
10187.000000  8.487157
10229.000000  5.871521
10245.000000  5.634980
10284.000000  7.011189
10289.000000  5.990335
10312.000000  5.821643
10333.000000  5.125397
10363.000000  5.014332
10366.000000  5.317246
10375.000000  3.094687
