269.000000  0.011465
339.000000  0.010106
388.000000  0.012115
426.000000  0.013228
462.000000  0.013589
500.000000  0.022056
549.000000  0.014605
595.000000  0.015872
623.000000  0.015382
695.000000  0.014022
705.000000  0.016649
755.000000  0.016453
818.000000  0.017499
890.000000  0.017243
959.000000  0.019507
994.000000  0.019237
1048.000000  0.016091
1084.000000  0.017448
1109.000000  0.015213
1142.000000  0.018827
1179.000000  0.018174
1255.000000  0.018681
1268.000000  0.017156
1309.000000  0.017073
1339.000000  0.019224
1354.000000  0.017358
1380.000000  0.020376
1425.000000  0.017931
1462.000000  0.019070
1486.000000  0.017680
1532.000000  0.024493
1564.000000  0.020212
1618.000000  0.020097
1669.000000  0.020989
1719.000000  0.030795
1731.000000  0.022928
1785.000000  0.020258
1822.000000  0.025204
1869.000000  0.022119
1905.000000  0.023773
1945.000000  0.032457
1983.000000  0.022349
2019.000000  0.022640
2053.000000  0.023776
2097.000000  0.025845
2140.000000  0.025441
2184.000000  0.024964
2229.000000  0.022270
2261.000000  0.032040
2278.000000  0.028532
2296.000000  0.020367
2308.000000  0.020615
2335.000000  0.022025
2362.000000  0.020565
2383.000000  0.020735
2408.000000  0.022277
2429.000000  0.021036
2466.000000  0.022274
2511.000000  0.027136
2526.000000  0.018300
2546.000000  0.033003
2558.000000  0.020053
2567.000000  0.019199
2582.000000  0.019363
2597.000000  0.027424
2622.000000  0.022393
2649.000000  0.019442
2677.000000  0.021080
2696.000000  0.021302
2723.000000  0.031645
2752.000000  0.023458
2789.000000  0.029977
2824.000000  0.024898
2857.000000  0.023486
2896.000000  0.023890
2945.000000  0.023960
2990.000000  0.024487
3036.000000  0.023725
3072.000000  0.025498
3132.000000  0.024703
3134.000000  0.028985
3203.000000  0.031299
3203.000000  0.039933
3282.000000  0.026681
3334.000000  0.031767
3361.000000  0.028402
3410.000000  0.028837
3468.000000  0.028290
3501.000000  0.027411
3551.000000  0.031186
3598.000000  0.033640
3631.000000  0.031147
3633.000000  0.036215
3679.000000  0.030265
3723.000000  0.030129
3767.000000  0.031269
3813.000000  0.031550
3845.000000  0.029754
3891.000000  0.034920
3953.000000  0.034026
3990.000000  0.034988
4043.000000  0.033395
4091.000000  0.038925
4122.000000  0.035010
4188.000000  0.035915
4211.000000  0.036671
4243.000000  0.035911
4276.000000  0.038184
4335.000000  0.040129
4335.000000  0.039498
4388.000000  0.036657
4439.000000  0.034196
4441.000000  0.040936
4477.000000  0.031966
4490.000000  0.035024
4532.000000  0.034691
4577.000000  0.036203
4600.000000  0.036132
4633.000000  0.037558
4672.000000  0.033209
4712.000000  0.051778
4742.000000  0.036803
4769.000000  0.036352
4795.000000  0.035714
4822.000000  0.033693
4850.000000  0.035779
4874.000000  0.037501
4909.000000  0.041595
4938.000000  0.048458
4958.000000  0.047500
4968.000000  0.039310
4983.000000  0.042405
4992.000000  0.039823
5012.000000  0.038970
5052.000000  0.038047
5093.000000  0.046432
5137.000000  0.038788
5162.000000  0.040618
5200.000000  0.038493
5245.000000  0.045507
5281.000000  0.050488
5315.000000  0.038572
5345.000000  0.044415
5379.000000  0.039813
5410.000000  0.046671
5459.000000  0.046423
5460.000000  0.045007
5492.000000  0.034852
5540.000000  0.035860
5591.000000  0.036895
5627.000000  0.038213
5661.000000  0.043465
5689.000000  0.040439
5731.000000  0.041700
5771.000000  0.041285
5804.000000  0.040790
5831.000000  0.042071
5877.000000  0.046790
5928.000000  0.048830
5958.000000  0.053868
6014.000000  0.041301
6053.000000  0.037580
6086.000000  0.038606
6109.000000  0.040213
6145.000000  0.040041
6159.000000  0.041159
6208.000000  0.037903
6217.000000  0.037764
6249.000000  0.045186
6274.000000  0.032630
6305.000000  0.034383
6342.000000  0.035372
6352.000000  0.040074
6388.000000  0.038202
6427.000000  0.037168
6457.000000  0.036225
6482.000000  0.056090
6516.000000  0.035212
6545.000000  0.034166
6574.000000  0.038074
6605.000000  0.034121
6641.000000  0.041893
6679.000000  0.038126
6701.000000  0.036466
6745.000000  0.034037
6775.000000  0.038291
6813.000000  0.041345
6847.000000  0.045341
6896.000000  0.054298
6943.000000  0.043683
7028.000000  0.041638
7078.000000  0.046454
7138.000000  0.043180
7199.000000  0.044092
7267.000000  0.046377
7315.000000  0.038806
7354.000000  0.039803
7398.000000  0.039492
7443.000000  0.039135
7459.000000  0.040534
7497.000000  0.039206
7540.000000  0.035908
7585.000000  0.036777
7607.000000  0.043799
7655.000000  0.035390
7699.000000  0.044817
7735.000000  0.038572
7765.000000  0.048348
7783.000000  0.044910
7803.000000  0.036854
7827.000000  0.037646
7837.000000  0.049149
7860.000000  0.033595
7901.000000  0.032837
7956.000000  0.036033
8005.000000  0.037988
8088.000000  0.041378
8150.000000  0.043729
8198.000000  0.036241
8217.000000  0.033200
8247.000000  0.034251
8267.000000  0.031123
8286.000000  0.028253
8315.000000  0.035590
8343.000000  0.030519
8360.000000  0.033673
8387.000000  0.033290
8417.000000  0.025031
8437.000000  0.034195
8461.000000  0.034502
8491.000000  0.026215
8518.000000  0.024657
8547.000000  0.024345
8578.000000  0.023167
8612.000000  0.028851
8634.000000  0.033542
8664.000000  0.021503
8703.000000  0.024055
8750.000000  0.032549
8780.000000  0.018865
8795.000000  0.017761
8801.000000  0.017340
8821.000000  0.022780
8840.000000  0.016691
8866.000000  0.019598
8884.000000  0.017447
8925.000000  0.018773
8961.000000  0.019112
9008.000000  0.018310
9042.000000  0.020520
9085.000000  0.018712
9097.000000  0.019002
9103.000000  0.021632
9141.000000  0.020636
9164.000000  0.020297
9185.000000  0.019865
9243.000000  0.021455
9312.000000  0.018847
9379.000000  0.022254
9426.000000  0.019100
9427.000000  0.023340
9477.000000  0.021162
9517.000000  0.020772
9564.000000  0.022884
9579.000000  0.027172
9618.000000  0.021608
9643.000000  0.017599
9644.000000  0.019283
9668.000000  0.018156
9690.000000  0.023959
9710.000000  0.018288
9729.000000  0.018619
9752.000000  0.016040
9769.000000  0.015425
9779.000000  0.014558
9786.000000  0.014545
9791.000000  0.014290
9802.000000  0.019588
9836.000000  0.029242
9873.000000  0.011965
9894.000000  0.014414
9923.000000  0.012074
9955.000000  0.010491
9989.000000  0.010874
10013.000000  0.009260
10030.000000  0.008882
10033.000000  0.008492
10054.000000  0.009296
10084.000000  0.011011
10116.000000  0.009459
10131.000000  0.009549
10139.000000  0.009595
10156.000000  0.009095
10180.000000  0.009763
10187.000000  0.008564
10229.000000  0.007316
10245.000000  0.006155
10284.000000  0.008774
10289.000000  0.005767
10312.000000  0.007185
10333.000000  0.005762
10363.000000  0.005514
10366.000000  0.005313
10375.000000  0.003590
