4067.000000  95.502228
6300.000000  91.038605
8490.000000  89.076614
11727.000000  88.481316
14439.000000  88.442238
17118.000000  88.797127
18748.000000  89.957275
19153.000000  82.248390
20130.000000  87.336960
20357.000000  73.205360
20959.000000  81.751228
22413.000000  84.256195
23925.000000  81.602295
25553.000000  85.487488
27879.000000  83.505890
31591.000000  85.081337
33839.000000  86.702187
35302.000000  81.650368
36117.000000  75.769936
37577.000000  77.529594
38640.000000  79.789444
40058.000000  66.714516
41656.000000  72.449013
42584.000000  24.138844
43603.000000  15.496278
44130.000000  36.025173
44738.000000  20.105862
45221.000000  58.002220
46371.000000  76.106834
47143.000000  82.471069
48808.000000  82.288017
49430.000000  76.372910
51753.000000  80.959427
53939.000000  77.512207
56196.000000  74.237785
57315.000000  60.611504
58042.000000  60.784061
59386.000000  55.608795
60636.000000  58.356792
62103.000000  67.678917
65101.000000  69.743225
67349.000000  60.182858
68241.000000  23.621655
69100.000000  44.542568
69958.000000  40.629318
70766.000000  67.748428
72247.000000  45.590866
72824.000000  16.319496
73714.000000  48.444069
75000.000000  62.140991
75259.000000  23.870289
75546.000000  20.702822
76201.000000  52.003311
76942.000000  39.535969
77651.000000  59.959328
78559.000000  67.521019
80773.000000  70.552567
82194.000000  56.799942
83368.000000  72.023079
85555.000000  65.486977
86609.000000  23.015097
87019.000000  47.064941
88028.000000  51.067425
88864.000000  61.200226
89856.000000  65.284142
90645.000000  42.463570
91218.000000  40.546902
91959.000000  35.220860
92958.000000  34.497814
93659.000000  38.700459
94805.000000  60.428249
97322.000000  64.218178
100211.000000  63.255585
102446.000000  59.639214
105035.000000  63.688225
105855.000000  47.612793
107557.000000  50.420673
108262.000000  40.351505
109966.000000  53.823708
111175.000000  59.370415
113167.000000  58.735157
116371.000000  57.201523
119355.000000  47.460011
121707.000000  46.502178
123027.000000  35.071789
124447.000000  46.337555
125746.000000  37.328251
127530.000000  37.489521
128185.000000  12.231592
128872.000000  8.244831
129921.000000  17.200310
131037.000000  20.622997
131820.000000  18.664557
132504.000000  14.227480
133424.000000  2.756238
134120.000000  8.533866
134977.000000  6.144896
135395.000000  27.568266
135622.000000  3.183713
136021.000000  2.777854
136600.000000  13.410778
137228.000000  31.483967
137718.000000  13.195496
138279.000000  4.150099
138519.000000  3.098285
139001.000000  22.381239
139448.000000  25.001648
139939.000000  27.114513
140831.000000  25.028484
141402.000000  22.947865
141902.000000  21.664057
142741.000000  20.951500
143596.000000  18.847679
144306.000000  19.516699
144749.000000  14.805900
144942.000000  1.973204
145311.000000  8.418994
145425.000000  1.906180
145591.000000  2.649015
146238.000000  4.845466
146507.000000  2.287930
146531.000000  2.534486
146578.000000  0.306592
146707.000000  0.225334
147016.000000  0.046198
147297.000000  0.067942
147613.000000  0.006796
148288.000000  5.146763
149195.000000  15.200655
149496.000000  16.551294
149992.000000  5.076982
150362.000000  0.551904
150673.000000  7.787274
150701.000000  1.032980
150702.000000  0.062018
150773.000000  2.705252
150780.000000  0.053133
150956.000000  16.431684
151097.000000  17.886581
151106.000000  3.792727
151447.000000  2.980744
151756.000000  5.312001
151933.000000  1.532698
152087.000000  1.443001
152246.000000  1.171766
152272.000000  0.727525
152610.000000  3.140091
153098.000000  5.302798
153453.000000  5.215170
153784.000000  6.188805
153913.000000  3.325023
154089.000000  10.069160
154544.000000  10.697844
154974.000000  8.754796
155333.000000  10.622611
155490.000000  5.862728
155690.000000  13.824193
155879.000000  6.703573
155920.000000  3.243798
156238.000000  2.475094
156822.000000  18.772377
157277.000000  9.165636
157740.000000  1.908549
158261.000000  10.510262
158387.000000  5.809594
158387.000000  0.075294
159145.000000  6.896850
159644.000000  5.838978
160110.000000  1.960593
160375.000000  8.434478
160430.000000  2.550525
160512.000000  2.213493
