995.000000  95.949493
1492.000000  91.273224
1827.000000  89.423141
2125.000000  88.164665
2412.000000  84.879044
2609.000000  84.143921
2819.000000  86.946373
3014.000000  85.526588
3219.000000  84.456940
3465.000000  81.285820
3700.000000  83.582008
3983.000000  85.323547
4179.000000  84.773003
4332.000000  84.937782
4456.000000  85.371605
4518.000000  85.092155
4612.000000  85.073837
4846.000000  74.069611
4984.000000  86.038147
5118.000000  84.730026
5320.000000  80.617752
5474.000000  87.385117
5687.000000  81.457489
5856.000000  70.357964
6056.000000  77.015465
6214.000000  79.548737
6393.000000  75.373779
6593.000000  71.859871
6781.000000  86.279800
6946.000000  81.170166
7113.000000  85.842239
7302.000000  86.516632
7528.000000  69.650345
7678.000000  86.450928
7986.000000  85.895058
8241.000000  85.353065
8567.000000  86.115929
8778.000000  85.541832
8976.000000  85.603203
9120.000000  80.420975
9279.000000  80.222572
9439.000000  84.618469
9616.000000  79.213478
9739.000000  82.811943
9928.000000  77.716057
10125.000000  80.817505
10272.000000  81.705017
10428.000000  80.981575
10600.000000  74.971237
10758.000000  77.348503
10936.000000  82.786331
11063.000000  82.864494
11132.000000  81.109589
11180.000000  81.268433
11298.000000  77.629890
11449.000000  80.391281
11599.000000  80.137100
11748.000000  79.410629
11892.000000  76.051239
12081.000000  80.799278
12271.000000  80.874687
12545.000000  79.718620
12904.000000  71.076103
13162.000000  76.467308
13385.000000  77.852036
13633.000000  74.804893
13902.000000  74.423210
14195.000000  70.343506
14544.000000  74.701279
14992.000000  65.955124
15294.000000  70.716743
15586.000000  68.453308
15823.000000  68.018768
16055.000000  55.475052
16405.000000  57.847775
16707.000000  61.590885
16945.000000  64.098183
17155.000000  59.710068
17353.000000  52.019344
17581.000000  55.019016
17810.000000  58.143711
18034.000000  54.560471
18321.000000  48.294674
18547.000000  45.283283
18719.000000  9.566561
18905.000000  32.858120
19181.000000  36.367695
19517.000000  46.251709
19920.000000  45.774082
20261.000000  36.685371
20663.000000  43.327015
21027.000000  38.346634
21337.000000  29.293564
21598.000000  34.869934
21726.000000  20.745829
21919.000000  18.861452
22136.000000  29.058945
22375.000000  24.152948
22606.000000  34.749886
22811.000000  26.549250
22928.000000  15.137164
23073.000000  41.948360
23309.000000  59.620129
23477.000000  58.915241
23567.000000  60.880905
23668.000000  62.829906
23819.000000  60.635208
24007.000000  63.575417
24234.000000  59.280701
24434.000000  57.162685
24665.000000  60.350471
24848.000000  53.684731
24995.000000  55.670052
25187.000000  49.686993
25368.000000  44.492371
25532.000000  51.007454
25770.000000  54.629631
26000.000000  47.474201
26218.000000  44.541309
26421.000000  38.771557
26619.000000  39.695168
26840.000000  37.250813
27100.000000  34.858738
27411.000000  30.986441
27679.000000  11.402836
27861.000000  14.211813
28041.000000  37.380653
28134.000000  22.682505
28215.000000  13.527767
28299.000000  10.830650
28390.000000  31.121984
28509.000000  25.606701
28631.000000  20.595167
28799.000000  25.096140
28888.000000  17.195122
29153.000000  21.299421
29381.000000  23.658487
29630.000000  26.587482
29807.000000  22.299427
29926.000000  22.533285
30069.000000  21.141335
30238.000000  18.577829
30284.000000  4.954802
30446.000000  17.533388
30568.000000  21.041021
30673.000000  13.342136
30751.000000  13.813474
30828.000000  9.717049
30943.000000  9.020388
31124.000000  19.089750
31304.000000  19.617430
31494.000000  22.944693
31685.000000  26.564173
31898.000000  34.285488
32167.000000  28.788069
32467.000000  28.511253
32670.000000  4.389667
32888.000000  23.078041
33085.000000  23.280930
33241.000000  31.666214
33371.000000  29.818794
33453.000000  8.967233
33506.000000  7.918490
33611.000000  12.362159
33766.000000  22.707380
33907.000000  26.483154
33937.000000  10.635939
34079.000000  24.359755
34095.000000  0.108420
34163.000000  15.910503
34259.000000  21.089939
34353.000000  23.130449
34530.000000  19.613422
34713.000000  21.779398
34803.000000  4.243509
34903.000000  0.572959
35020.000000  13.782789
35094.000000  12.034195
35315.000000  23.051592
35373.000000  16.130039
35391.000000  0.480402
35477.000000  12.077516
35570.000000  7.276400
35625.000000  3.284109
35676.000000  8.168156
35700.000000  0.719742
35799.000000  9.967469
35901.000000  5.320330
35933.000000  1.422675
35958.000000  0.625333
36018.000000  0.057018
36137.000000  7.325345
36246.000000  1.998615
36350.000000  7.184075
36449.000000  5.738107
36620.000000  16.508718
36780.000000  24.479134
36899.000000  21.738089
36979.000000  4.122628
37057.000000  2.438917
37084.000000  0.736445
37228.000000  29.576727
37315.000000  29.475292
37387.000000  13.026327
37434.000000  11.748554
37513.000000  0.087558
37675.000000  38.471436
37755.000000  30.436596
37837.000000  18.695656
37900.000000  16.715292
37924.000000  22.333330
38020.000000  27.273073
38108.000000  24.583097
38192.000000  20.981970
38250.000000  17.846891
38308.000000  12.414770
38374.000000  13.411305
38428.000000  4.039521
38491.000000  7.837245
38568.000000  4.458894
38687.000000  4.461260
38753.000000  2.157371
38786.000000  13.920166
38846.000000  27.634203
39031.000000  34.043320
39115.000000  30.251709
39240.000000  31.402782
39336.000000  24.370382
39428.000000  9.798863
39465.000000  3.533874
39559.000000  11.376871
39665.000000  19.762970
39759.000000  17.142368
39846.000000  18.499916
39886.000000  15.209854
39887.000000  0.095446
39977.000000  18.003771
40165.000000  20.453648
40328.000000  16.094288
40549.000000  17.385176
40618.000000  15.840083
40732.000000  24.508478
40814.000000  8.876365
40821.000000  0.983048
40827.000000  1.120478
