399.000000  39.163746
560.000000  40.858032
670.000000  41.656956
732.000000  25.224632
827.000000  31.470406
962.000000  41.995609
1132.000000  47.823292
1263.000000  41.178429
1438.000000  46.682800
1618.000000  41.504459
1759.000000  42.187447
1887.000000  39.664970
2019.000000  35.371399
2136.000000  35.999264
2246.000000  34.198822
2343.000000  32.004635
2421.000000  25.643366
2530.000000  25.773249
2633.000000  24.687811
2703.000000  16.601906
2781.000000  18.283922
2888.000000  24.110891
3032.000000  26.271534
3196.000000  23.977140
3345.000000  27.286407
3445.000000  23.899174
3568.000000  26.928598
3748.000000  30.656975
3930.000000  31.719234
4098.000000  32.811737
4224.000000  30.534437
4322.000000  22.535246
4418.000000  23.587379
4495.000000  21.453707
4600.000000  18.490747
4670.000000  12.772621
4731.000000  11.723509
4867.000000  18.044544
4954.000000  19.911303
5085.000000  26.021538
5208.000000  25.160429
5392.000000  32.654953
5596.000000  33.533993
5713.000000  29.040459
5819.000000  26.335112
5918.000000  26.530153
6002.000000  21.758320
6094.000000  26.155689
6192.000000  20.927338
6290.000000  26.097834
6375.000000  25.286766
6459.000000  25.552357
6563.000000  22.022011
6647.000000  19.143471
6740.000000  22.727526
6821.000000  28.159575
6893.000000  37.476616
6996.000000  41.390533
7110.000000  40.013428
7184.000000  40.966278
7262.000000  43.922626
7406.000000  33.928173
7507.000000  19.537186
7632.000000  27.408478
7701.000000  39.979477
7749.000000  8.765505
7798.000000  6.503128
7867.000000  7.862895
7918.000000  6.578748
7969.000000  6.947626
8023.000000  7.206973
8193.000000  15.614801
8313.000000  23.755610
8438.000000  23.251068
8608.000000  28.213457
8730.000000  29.188745
8852.000000  29.162342
8987.000000  21.347609
9122.000000  22.840816
9264.000000  20.567562
9386.000000  23.832647
9519.000000  24.753880
9642.000000  25.088655
9794.000000  29.221306
9936.000000  24.593338
10082.000000  23.169416
10227.000000  24.476336
10386.000000  22.732140
10487.000000  21.651726
10598.000000  22.687340
10668.000000  12.236914
10776.000000  19.538994
10941.000000  26.258648
11062.000000  25.165697
11243.000000  28.806253
11402.000000  22.233700
11546.000000  22.576948
11692.000000  22.479067
11838.000000  19.712315
11965.000000  20.300917
12115.000000  14.469112
12283.000000  15.842107
12423.000000  14.435207
12585.000000  15.110426
12645.000000  8.907546
12730.000000  7.196533
12853.000000  13.889795
12959.000000  12.300100
13094.000000  13.403605
13221.000000  14.170185
13365.000000  16.793367
13447.000000  12.411222
13511.000000  7.531511
13581.000000  12.297021
13631.000000  5.735495
13710.000000  8.963532
13786.000000  10.908082
13887.000000  11.348843
13997.000000  10.985092
14086.000000  10.744422
14197.000000  14.241446
14299.000000  13.116932
14445.000000  23.311436
14600.000000  23.287516
14722.000000  19.742466
14852.000000  20.562241
14925.000000  17.592140
14995.000000  13.068557
15068.000000  15.719593
15154.000000  19.344204
15294.000000  23.815701
15426.000000  19.000978
15529.000000  20.177496
15619.000000  17.465048
15723.000000  14.889653
15802.000000  12.553759
15888.000000  16.523998
16053.000000  18.141281
16144.000000  13.812449
16218.000000  11.263431
16300.000000  13.643928
16384.000000  13.769826
16471.000000  13.383989
16564.000000  12.852653
16641.000000  13.361755
16714.000000  14.306360
16794.000000  15.935287
16923.000000  16.330246
16982.000000  16.184130
17220.000000  30.408558
17368.000000  23.419794
17533.000000  24.455597
17704.000000  27.169302
17746.000000  25.355879
17889.000000  23.447607
18097.000000  25.721724
18259.000000  21.789841
18437.000000  21.456392
18564.000000  22.628979
18657.000000  17.317419
18757.000000  17.603088
18829.000000  19.325409
18855.000000  17.500530
18875.000000  25.618244
18924.000000  25.648386
19052.000000  30.422863
19116.000000  28.292418
19170.000000  19.375856
19250.000000  21.312609
19353.000000  23.770077
19457.000000  17.418142
19563.000000  19.693096
19659.000000  14.302041
19740.000000  14.193198
19840.000000  13.797962
19956.000000  18.480679
20131.000000  17.202612
20237.000000  16.113190
20304.000000  15.356265
20438.000000  16.128496
20629.000000  18.751507
20751.000000  16.667955
20910.000000  17.678682
21050.000000  18.465086
21236.000000  28.923861
21332.000000  27.964905
21373.000000  31.178335
21414.000000  23.985600
21616.000000  32.473225
21665.000000  19.565641
21816.000000  30.633917
21935.000000  29.359425
22043.000000  25.401300
22110.000000  23.980867
22207.000000  21.182455
22253.000000  2.939361
22341.000000  22.494867
22400.000000  21.249243
22533.000000  18.439373
22638.000000  17.318563
22669.000000  16.812756
22804.000000  20.926432
22941.000000  25.376081
23081.000000  32.097343
23200.000000  21.583574
23338.000000  20.961039
23479.000000  25.267786
23593.000000  18.480597
23706.000000  17.384418
23886.000000  25.763680
23990.000000  21.328085
24128.000000  23.464819
24311.000000  35.114742
24430.000000  41.409119
24477.000000  12.676295
24550.000000  18.212885
24647.000000  20.462727
24739.000000  15.084830
24815.000000  23.801275
24896.000000  29.733255
25032.000000  27.285007
25167.000000  34.377396
25292.000000  32.184937
25446.000000  37.304832
25558.000000  35.394314
25648.000000  45.116817
25728.000000  12.473806
25814.000000  12.530354
25927.000000  12.875542
26017.000000  11.175163
26127.000000  19.772667
26218.000000  31.506205
26392.000000  41.010670
26473.000000  37.799675
26589.000000  41.920177
26672.000000  48.125381
26757.000000  16.695795
26840.000000  37.227230
26925.000000  46.159313
27010.000000  43.494308
27102.000000  47.090294
27185.000000  12.004457
27266.000000  12.436360
27344.000000  10.327462
27431.000000  11.817044
27545.000000  32.226295
27683.000000  40.886688
27802.000000  50.478489
27873.000000  52.326756
27961.000000  5.216240
27974.000000  55.978035
28014.000000  3.865900
28058.000000  3.608188
28081.000000  3.336391
28187.000000  8.942329
28266.000000  9.415903
28348.000000  10.935841
28468.000000  15.000650
28519.000000  16.561100
28632.000000  16.142447
28717.000000  8.121073
28849.000000  12.210276
28865.000000  7.994364
28934.000000  10.396993
29030.000000  10.348175
29063.000000  6.946028
29121.000000  3.636004
29234.000000  8.378848
29325.000000  8.695925
29444.000000  11.293556
29448.000000  3.496418
29543.000000  10.435219
29623.000000  10.168594
29676.000000  9.268645
29724.000000  3.013172
29843.000000  6.615796
29948.000000  11.168659
30079.000000  12.465901
30175.000000  8.425604
30219.000000  7.247358
30228.000000  1.484748
30292.000000  4.589310
30410.000000  6.974667
30504.000000  8.081818
30575.000000  9.025827
30650.000000  10.435252
30742.000000  13.532998
30800.000000  9.579813
30883.000000  12.282296
30920.000000  4.711043
31062.000000  7.530489
31153.000000  8.999428
31243.000000  11.050973
31328.000000  11.540550
31400.000000  10.957313
31484.000000  10.697626
31567.000000  12.813105
31626.000000  12.768642
31664.000000  8.834118
31666.000000  7.848372
31698.000000  5.362656
31816.000000  8.886400
31912.000000  8.502989
32017.000000  11.488257
32106.000000  13.285973
32201.000000  19.663712
32299.000000  24.806190
32331.000000  22.231880
32420.000000  25.489071
32464.000000  22.465601
32573.000000  32.249962
32656.000000  22.985771
32762.000000  23.648148
32864.000000  23.787189
32983.000000  23.765059
32993.000000  32.885475
33001.000000  7.550387
33057.000000  23.133938
33079.000000  19.176962
33192.000000  8.045621
33274.000000  28.134939
33385.000000  43.932022
33461.000000  8.434150
33529.000000  7.341372
33537.000000  1.454750
33544.000000  2.230786
33579.000000  21.831900
33593.000000  14.757795
33697.000000  6.913064
33781.000000  9.370996
33844.000000  14.296055
33907.000000  8.559747
33975.000000  6.895658
34021.000000  3.058107
34045.000000  1.576408
34081.000000  2.447891
34122.000000  2.153808
34175.000000  4.468033
34259.000000  7.899570
34346.000000  9.613174
34454.000000  12.082084
34554.000000  12.702181
34634.000000  9.406018
34688.000000  10.336912
34765.000000  11.318705
34796.000000  9.739327
34927.000000  17.431519
35068.000000  18.492817
35200.000000  20.440800
35282.000000  10.096234
35356.000000  10.665641
35383.000000  7.323554
35438.000000  3.240466
35516.000000  5.654636
35613.000000  7.961294
35739.000000  11.084698
35808.000000  9.970205
35817.000000  1.958027
35837.000000  4.851000
35840.000000  0.427134
35896.000000  3.409855
35995.000000  6.314366
36094.000000  9.051496
36196.000000  11.808680
36287.000000  10.715507
36327.000000  6.968206
36337.000000  6.085652
36339.000000  0.483444
36376.000000  1.969139
36448.000000  4.161659
36544.000000  6.902319
36631.000000  9.108844
36712.000000  11.341310
36800.000000  11.273107
36884.000000  11.189921
36961.000000  10.697777
37038.000000  11.387363
37109.000000  12.976785
37213.000000  15.483321
37262.000000  8.756163
37353.000000  11.629979
37434.000000  11.349652
37518.000000  14.341503
37543.000000  10.010408
37612.000000  10.854795
37690.000000  15.403400
37772.000000  17.771795
37848.000000  15.265259
37868.000000  7.228740
37939.000000  11.798528
38012.000000  20.150719
38076.000000  28.918053
38105.000000  20.292788
38183.000000  5.774056
38241.000000  4.700919
38275.000000  2.419363
38299.000000  2.399582
38396.000000  5.594559
38479.000000  7.563906
38651.000000  14.415494
38808.000000  16.122984
38953.000000  16.508814
39115.000000  17.284775
39268.000000  19.001402
39352.000000  12.884342
39457.000000  12.280280
39536.000000  11.187134
39628.000000  14.657553
39653.000000  10.397691
39710.000000  14.423484
39722.000000  10.977597
39806.000000  6.372849
39884.000000  6.466656
39928.000000  4.569216
39942.000000  2.494608
39948.000000  11.469258
39992.000000  7.881244
40035.000000  5.126064
40073.000000  5.755998
40160.000000  10.455700
40243.000000  14.561526
40344.000000  10.198428
40429.000000  10.771046
40488.000000  16.771746
40538.000000  11.588839
40540.000000  3.954317
40661.000000  6.967644
40742.000000  9.607289
40769.000000  4.572989
40774.000000  1.150696
40776.000000  1.587203
40799.000000  7.107323
40818.000000  1.798541
