816.000000  0.265628
1073.000000  -0.045633
1289.000000  -0.027364
1605.000000  0.049403
1872.000000  -0.010501
2099.000000  0.032100
2342.000000  0.032522
2624.000000  0.013205
2924.000000  0.001391
3158.000000  0.000700
3353.000000  -0.059371
3558.000000  0.030213
3745.000000  0.001736
3937.000000  0.016632
4095.000000  -0.047399
4240.000000  -0.006899
4358.000000  -0.061172
4437.000000  0.034989
4541.000000  -0.032067
4674.000000  0.076409
4755.000000  -0.038957
4817.000000  -0.034459
4912.000000  0.025942
5080.000000  0.051649
5278.000000  0.007194
5409.000000  -0.011585
5608.000000  0.055069
5826.000000  0.001007
6028.000000  0.005885
6211.000000  -0.015934
6421.000000  0.067754
6630.000000  -0.000462
6820.000000  -0.036555
7044.000000  0.014891
7229.000000  -0.022028
7364.000000  -0.004877
7442.000000  -0.054783
7518.000000  -0.014503
7610.000000  0.028098
7685.000000  0.000108
7820.000000  0.003814
8013.000000  0.046113
8250.000000  0.051737
8498.000000  0.006986
8736.000000  -0.006462
8974.000000  0.003290
9194.000000  0.021408
9372.000000  -0.036893
9535.000000  0.015435
9696.000000  -0.001370
9868.000000  -0.024842
10029.000000  0.033209
10121.000000  -0.050917
10256.000000  0.004593
10418.000000  0.036464
10551.000000  0.062033
10721.000000  0.051626
10884.000000  0.022777
11075.000000  -0.005875
11228.000000  -0.029821
11317.000000  -0.071127
11399.000000  -0.021187
11502.000000  0.062749
11649.000000  -0.069145
11798.000000  0.041821
11939.000000  0.111116
11964.000000  -0.092910
12058.000000  0.046550
12174.000000  -0.060469
12283.000000  0.028002
12401.000000  -0.017389
12583.000000  0.118034
12750.000000  -0.054872
12871.000000  -0.115261
13043.000000  0.047532
13197.000000  -0.098971
13332.000000  0.049019
13443.000000  -0.070554
13481.000000  0.058415
13587.000000  0.069179
13699.000000  0.003088
13809.000000  0.017599
13907.000000  -0.034460
13998.000000  -0.053657
14100.000000  -0.028776
14224.000000  0.054642
14348.000000  -0.000738
14436.000000  -0.029800
14561.000000  0.026493
14687.000000  0.020990
14835.000000  -0.004843
15092.000000  0.106648
15331.000000  -0.027965
15590.000000  0.045517
15825.000000  0.040708
16045.000000  -0.038941
16216.000000  -0.023140
16391.000000  -0.004592
16483.000000  0.002293
16576.000000  0.012691
16659.000000  0.013106
16771.000000  0.039378
16835.000000  -0.050823
16958.000000  0.116121
17068.000000  0.000323
17174.000000  -0.300423
17307.000000  0.286934
17399.000000  -0.015726
17457.000000  -0.062787
17531.000000  -0.023516
17691.000000  0.091485
17863.000000  0.031061
17972.000000  -0.308471
18079.000000  -0.002778
18225.000000  0.036274
18404.000000  0.029214
18518.000000  -0.022327
18606.000000  0.227385
18679.000000  0.200662
18833.000000  0.000971
18958.000000  -0.108354
19104.000000  0.115466
19251.000000  -0.061557
19459.000000  0.022740
19652.000000  -0.196727
19878.000000  -0.071161
20101.000000  -0.046535
20300.000000  -0.077002
20409.000000  0.028491
20510.000000  0.030676
20639.000000  -0.078598
20747.000000  0.007297
20829.000000  -0.005220
20982.000000  0.016948
21083.000000  0.003052
21203.000000  -0.015722
21315.000000  0.016084
21435.000000  0.076223
21548.000000  0.202322
21713.000000  -0.003264
21907.000000  0.185097
22038.000000  -0.456440
22158.000000  0.007023
22367.000000  0.015801
22526.000000  0.209341
22658.000000  0.148086
22756.000000  0.076740
22875.000000  -0.048980
23083.000000  -0.036459
23221.000000  -0.328507
23362.000000  0.017211
23534.000000  0.024224
23710.000000  -0.009584
23880.000000  0.003885
24052.000000  -0.014344
24181.000000  0.028944
24333.000000  -0.031688
24451.000000  -0.003881
24606.000000  0.440784
24778.000000  0.050106
25043.000000  0.118966
25247.000000  -0.297616
25460.000000  -0.106561
25518.000000  -0.261290
25644.000000  0.050902
25786.000000  0.046885
25923.000000  -0.011174
26100.000000  0.071392
26218.000000  0.017076
26289.000000  0.025725
26389.000000  -0.066270
26510.000000  -0.003957
26565.000000  -0.053247
26674.000000  0.082428
26752.000000  -0.172131
26835.000000  0.017075
26968.000000  0.071709
27132.000000  -0.002083
27302.000000  0.040722
27476.000000  0.018441
27621.000000  -0.031936
27760.000000  -0.017555
27818.000000  0.012910
27997.000000  0.085856
28120.000000  0.024794
28203.000000  -0.096528
28299.000000  0.014826
28421.000000  0.044992
28585.000000  0.015162
28768.000000  0.020921
28936.000000  -0.052070
29007.000000  0.012576
29086.000000  -0.102303
29194.000000  0.026912
29303.000000  -0.031051
29431.000000  -0.005522
29598.000000  0.162863
29688.000000  0.009604
29866.000000  0.062067
30051.000000  0.021509
30260.000000  0.007176
30441.000000  0.068635
30649.000000  -0.014368
30829.000000  0.104816
30963.000000  -0.299724
31103.000000  -0.098233
31179.000000  -0.017058
31295.000000  0.000708
31345.000000  -0.023559
31491.000000  0.061930
31616.000000  0.016223
31816.000000  0.054070
31960.000000  0.014722
32133.000000  0.077481
32229.000000  0.037996
32341.000000  -0.027538
32462.000000  -0.162237
32589.000000  0.268322
32730.000000  -0.061500
32892.000000  -0.178993
33058.000000  0.057068
33277.000000  -0.070501
33457.000000  -0.015005
33642.000000  -0.005246
33873.000000  0.018697
34087.000000  0.038799
34218.000000  -0.039591
34263.000000  -0.052699
34407.000000  0.005018
34627.000000  0.051132
34788.000000  0.062143
34890.000000  0.012760
34983.000000  -0.154813
35103.000000  -0.014726
35231.000000  0.015732
35315.000000  0.005382
35411.000000  -0.015859
35540.000000  0.005598
35688.000000  0.036993
35830.000000  -0.005038
35961.000000  -0.009113
36120.000000  0.014206
36296.000000  0.022465
36453.000000  0.019414
36651.000000  0.035115
36877.000000  0.021368
37040.000000  0.002658
37216.000000  -0.005007
37342.000000  -0.018878
37465.000000  -0.025401
37558.000000  -0.044681
37630.000000  0.010346
37719.000000  0.021351
37758.000000  0.066614
37785.000000  -0.102400
37804.000000  -0.071829
37807.000000  0.000340
37840.000000  0.010596
37840.000000  -0.038952
37906.000000  0.048881
37995.000000  0.027693
38058.000000  -0.041784
38093.000000  -0.001436
38126.000000  -0.012248
38130.000000  -0.008282
38322.000000  0.053972
38374.000000  -0.020677
38509.000000  0.040898
38601.000000  -0.008573
38688.000000  -0.021473
38739.000000  -0.002847
38744.000000  -0.038559
38752.000000  0.008767
38853.000000  0.032171
38972.000000  0.028075
39077.000000  -0.027167
39191.000000  0.053508
39271.000000  -0.047518
39371.000000  0.052103
39467.000000  -0.050836
39551.000000  -0.008035
39611.000000  0.021328
39616.000000  -0.059523
39696.000000  0.042542
39811.000000  0.070805
39938.000000  -0.038622
40063.000000  -0.009934
40160.000000  0.003633
40188.000000  -0.046284
40215.000000  0.070175
40322.000000  -0.049494
40414.000000  0.000612
40513.000000  0.036400
40606.000000  0.003147
40637.000000  -0.010912
40650.000000  -0.080666
40699.000000  0.015872
40745.000000  0.010524
40769.000000  -0.027638
40813.000000  0.031380
40817.000000  -0.029590
