816.000000  0.140125
1073.000000  0.132958
1289.000000  0.105490
1605.000000  0.133543
1872.000000  0.138577
2099.000000  0.144395
2342.000000  0.155925
2624.000000  0.181201
2924.000000  0.183341
3158.000000  0.183820
3353.000000  0.129052
3558.000000  0.143332
3745.000000  0.150423
3937.000000  0.161599
4095.000000  0.103484
4240.000000  0.095407
4358.000000  0.053501
4437.000000  0.047978
4541.000000  0.045318
4674.000000  0.099379
4755.000000  0.072802
4817.000000  0.046514
4912.000000  0.073947
5080.000000  0.101087
5278.000000  0.103549
5409.000000  0.092983
5608.000000  0.134371
5826.000000  0.132873
6028.000000  0.103956
6211.000000  0.128193
6421.000000  0.160664
6630.000000  0.180205
6820.000000  0.134184
7044.000000  0.148439
7229.000000  0.127085
7364.000000  0.114942
7442.000000  0.066697
7518.000000  0.055383
7610.000000  0.076234
7685.000000  0.063103
7820.000000  0.093032
8013.000000  0.127105
8250.000000  0.175730
8498.000000  0.169569
8736.000000  0.165450
8974.000000  0.169508
9194.000000  0.169559
9372.000000  0.128310
9535.000000  0.132731
9696.000000  0.125756
9868.000000  0.121555
10029.000000  0.136485
10121.000000  0.109837
10256.000000  0.107407
10418.000000  0.128691
10551.000000  0.182267
10721.000000  0.211241
10884.000000  0.250296
11075.000000  0.251586
11228.000000  0.220444
11317.000000  0.157415
11399.000000  0.112576
11502.000000  0.172132
11649.000000  0.123895
11798.000000  0.157598
11939.000000  0.263702
11964.000000  0.184404
12058.000000  0.199830
12174.000000  0.142080
12283.000000  0.166330
12401.000000  0.157793
12583.000000  0.274849
12750.000000  0.230103
12871.000000  0.074119
13043.000000  0.100726
13197.000000  0.074133
13332.000000  0.090527
13443.000000  0.057866
13481.000000  0.112484
13587.000000  0.167906
13699.000000  0.185350
13809.000000  0.207444
13907.000000  0.165952
13998.000000  0.099544
14100.000000  0.073776
14224.000000  0.133248
14348.000000  0.143701
14436.000000  0.105741
14561.000000  0.123229
14687.000000  0.145351
14835.000000  0.147900
15092.000000  0.209948
15331.000000  0.195352
15590.000000  0.240049
15825.000000  0.254988
16045.000000  0.227656
16216.000000  0.219089
16391.000000  0.237556
16483.000000  0.232259
16576.000000  0.234735
16659.000000  0.271326
16771.000000  0.292734
16835.000000  0.270549
16958.000000  0.366562
17068.000000  0.352696
17174.000000  0.062260
17307.000000  0.340339
17399.000000  0.329487
17457.000000  0.258222
17531.000000  0.250897
17691.000000  0.315313
17863.000000  0.343595
17972.000000  0.051735
18079.000000  0.062092
18225.000000  0.075138
18404.000000  0.086961
18518.000000  0.082416
18606.000000  0.302659
18679.000000  0.521505
18833.000000  0.518204
18958.000000  0.397628
19104.000000  0.525309
19251.000000  0.453710
19459.000000  0.497375
19652.000000  0.283773
19878.000000  0.221821
20101.000000  0.155722
20300.000000  0.096547
20409.000000  0.114547
20510.000000  0.133924
20639.000000  0.072302
20747.000000  0.079094
20829.000000  0.070768
20982.000000  0.082753
21083.000000  0.079727
21203.000000  0.081896
21315.000000  0.094830
21435.000000  0.160850
21548.000000  0.369685
21713.000000  0.349074
21907.000000  0.540812
22038.000000  0.078548
22158.000000  0.087598
22367.000000  0.113876
22526.000000  0.319157
22658.000000  0.459249
22756.000000  0.527441
22875.000000  0.483359
23083.000000  0.456993
23221.000000  0.133019
23362.000000  0.133705
23534.000000  0.160486
23710.000000  0.122369
23880.000000  0.142682
24052.000000  0.128900
24181.000000  0.140568
24333.000000  0.116519
24451.000000  0.123896
24606.000000  0.522338
24778.000000  0.578516
25043.000000  0.697332
25247.000000  0.409662
25460.000000  0.312632
25518.000000  0.051290
25644.000000  0.111429
25786.000000  0.145604
25923.000000  0.130719
26100.000000  0.192129
26218.000000  0.210168
26289.000000  0.212862
26389.000000  0.164664
26510.000000  0.184629
26565.000000  0.137419
26674.000000  0.183599
26752.000000  0.054843
26835.000000  0.067864
26968.000000  0.120329
27132.000000  0.134364
27302.000000  0.149589
27476.000000  0.158417
27621.000000  0.134385
27760.000000  0.111807
27818.000000  0.124811
27997.000000  0.188737
28120.000000  0.227360
28203.000000  0.137566
28299.000000  0.152077
28421.000000  0.196932
28585.000000  0.202064
28768.000000  0.229246
28936.000000  0.176174
29007.000000  0.176943
29086.000000  0.077619
29194.000000  0.098300
29303.000000  0.077587
29431.000000  0.096671
29598.000000  0.240917
29688.000000  0.250597
29866.000000  0.295911
30051.000000  0.327273
30260.000000  0.329258
30441.000000  0.360551
30649.000000  0.364565
30829.000000  0.479355
30963.000000  0.190735
31103.000000  0.096486
31179.000000  0.070447
31295.000000  0.067959
31345.000000  0.067090
31491.000000  0.089277
31616.000000  0.109520
31816.000000  0.179066
31960.000000  0.180040
32133.000000  0.251136
32229.000000  0.300753
32341.000000  0.280129
32462.000000  0.119825
32589.000000  0.314718
32730.000000  0.329227
32892.000000  0.153414
33058.000000  0.194338
33277.000000  0.132478
33457.000000  0.102478
33642.000000  0.128234
33873.000000  0.130356
34087.000000  0.151394
34218.000000  0.114536
34263.000000  0.071378
34407.000000  0.088902
34627.000000  0.130329
34788.000000  0.186861
34890.000000  0.205113
34983.000000  0.039610
35103.000000  0.043638
35231.000000  0.053359
35315.000000  0.053062
35411.000000  0.047263
35540.000000  0.048015
35688.000000  0.072646
35830.000000  0.054528
35961.000000  0.061385
36120.000000  0.062865
36296.000000  0.086764
36453.000000  0.088312
36651.000000  0.112186
36877.000000  0.130851
37040.000000  0.144827
37216.000000  0.142572
37342.000000  0.129642
37465.000000  0.100031
37558.000000  0.075315
37630.000000  0.065644
37719.000000  0.088296
37758.000000  0.176748
37785.000000  0.067364
37804.000000  0.005914
37807.000000  0.005918
37840.000000  0.037654
37840.000000  0.000099
37906.000000  0.032527
37995.000000  0.039355
38058.000000  0.023136
38093.000000  0.022685
38126.000000  0.009801
38130.000000  0.011635
38322.000000  0.045375
38374.000000  0.040120
38509.000000  0.059665
38601.000000  0.050232
38688.000000  0.048867
38739.000000  0.038905
38744.000000  0.004923
38752.000000  0.003867
38853.000000  0.034487
38972.000000  0.046812
39077.000000  0.051939
39191.000000  0.076569
39271.000000  0.048616
39371.000000  0.054019
39467.000000  0.048990
39551.000000  0.047903
39611.000000  0.070294
39616.000000  0.014326
39696.000000  0.047823
39811.000000  0.086403
39938.000000  0.081400
40063.000000  0.074519
40160.000000  0.064617
40188.000000  0.026638
40215.000000  0.094857
40322.000000  0.058515
40414.000000  0.062626
40513.000000  0.066485
40606.000000  0.090778
40637.000000  0.080313
40650.000000  0.010988
40699.000000  0.022503
40745.000000  0.014677
40769.000000  0.015344
40813.000000  0.027855
40817.000000  0.003930
