4067.000000  0.809342
4537.000000  0.583518
5243.000000  0.395484
6130.000000  0.408454
6382.000000  0.408940
7110.000000  0.524789
8312.000000  0.676066
9470.000000  0.867598
10622.000000  0.866375
11872.000000  0.907471
12991.000000  0.964581
14061.000000  0.997741
15369.000000  1.106184
16484.000000  1.128237
17507.000000  1.085319
18367.000000  1.095636
19047.000000  1.114037
19631.000000  0.943797
20249.000000  1.051103
20783.000000  1.246798
21241.000000  0.663493
22146.000000  0.777894
22694.000000  0.741223
24216.000000  1.009979
25163.000000  0.913200
26368.000000  1.120861
27657.000000  1.146185
28433.000000  1.016663
29427.000000  0.861768
30173.000000  1.035028
31512.000000  1.181784
32550.000000  1.288993
34339.000000  1.465139
35051.000000  1.305939
36539.000000  1.265909
37537.000000  0.891598
38962.000000  1.299045
40165.000000  1.280431
41065.000000  1.262739
41984.000000  1.283383
42490.000000  0.931052
42867.000000  1.024420
43360.000000  0.859806
43917.000000  0.982630
44410.000000  0.836530
44671.000000  0.636552
45646.000000  0.965899
46979.000000  1.155789
48649.000000  1.280900
49551.000000  1.101821
50938.000000  1.164062
51687.000000  1.013479
52900.000000  1.091639
53636.000000  1.020208
54901.000000  1.018745
55601.000000  1.082271
57330.000000  1.337085
58225.000000  1.193702
60266.000000  1.662559
61906.000000  1.958452
63660.000000  1.870869
64966.000000  1.819540
66728.000000  1.921118
67529.000000  1.517365
68400.000000  1.624494
69186.000000  1.575280
70135.000000  1.779593
70837.000000  1.914125
71757.000000  2.041423
72915.000000  2.213297
74419.000000  2.701060
75774.000000  3.218889
77086.000000  2.956834
77724.000000  2.108072
79067.000000  2.410722
80258.000000  2.152010
81717.000000  2.324387
82509.000000  1.947988
83300.000000  1.738583
83838.000000  1.486349
84702.000000  2.106916
85244.000000  1.796614
85546.000000  1.946956
85842.000000  1.696204
86429.000000  1.681967
87330.000000  1.536530
87850.000000  1.732756
88579.000000  2.052010
89041.000000  2.138344
89632.000000  2.050636
90222.000000  2.260535
90708.000000  1.876500
91249.000000  2.579959
92110.000000  2.502743
92941.000000  2.811064
93977.000000  2.621815
95218.000000  3.070991
95949.000000  2.814128
96858.000000  3.228192
97702.000000  1.891006
98669.000000  3.527875
99751.000000  2.999848
100169.000000  2.839888
101578.000000  3.640382
102222.000000  4.283077
103215.000000  2.100847
104036.000000  1.987559
104769.000000  2.558724
105480.000000  2.064033
107031.000000  3.378812
107613.000000  2.835592
108403.000000  3.569665
108822.000000  3.766266
109509.000000  4.453789
110342.000000  6.173691
110782.000000  3.080134
111119.000000  2.400811
111413.000000  2.627742
112480.000000  4.036228
113304.000000  3.644907
114773.000000  3.493499
115866.000000  2.219713
116640.000000  3.285108
117447.000000  1.876178
117956.000000  1.661240
118457.000000  1.908840
119212.000000  1.764139
119953.000000  1.828859
120406.000000  1.910937
120943.000000  2.117085
121545.000000  1.510134
122086.000000  2.035096
122322.000000  3.154064
122950.000000  1.582150
123400.000000  1.699712
123857.000000  3.383504
124284.000000  3.409519
125177.000000  3.653344
125585.000000  3.440998
126346.000000  3.155376
126681.000000  1.544253
126902.000000  1.619312
127256.000000  1.438145
127767.000000  1.718740
128030.000000  1.510648
128594.000000  1.593740
129006.000000  1.576687
129479.000000  3.267702
129811.000000  3.136124
130695.000000  2.784037
131633.000000  1.815629
132389.000000  1.773776
133014.000000  1.608407
133612.000000  1.638049
134045.000000  1.688144
134591.000000  1.646181
134975.000000  1.649391
135421.000000  1.590959
135667.000000  1.569445
136213.000000  1.703535
136805.000000  1.735719
137369.000000  1.689561
138036.000000  1.759676
138406.000000  1.629665
138626.000000  1.710746
138974.000000  1.690190
139501.000000  1.884863
139825.000000  1.808253
139978.000000  1.577619
140781.000000  1.750946
141266.000000  1.805940
142023.000000  1.848583
142666.000000  1.885949
143373.000000  1.789176
143931.000000  2.052326
144464.000000  1.875508
144774.000000  1.686640
145378.000000  1.747929
145917.000000  1.828938
146493.000000  1.883587
147232.000000  1.885938
147639.000000  1.875240
148272.000000  1.770600
149036.000000  1.912028
149521.000000  1.904074
149937.000000  1.871939
150237.000000  1.874019
150576.000000  1.779720
150886.000000  1.770142
151240.000000  1.810395
151635.000000  1.836819
151958.000000  1.766268
152123.000000  1.667748
152340.000000  1.809991
152432.000000  1.877012
152684.000000  1.831643
152884.000000  1.935948
153069.000000  2.069855
153218.000000  2.085165
153387.000000  2.277329
153630.000000  2.341152
153959.000000  1.747797
154723.000000  1.966773
155447.000000  2.035418
155773.000000  2.018260
156291.000000  1.792425
156891.000000  1.980246
157428.000000  2.081764
157908.000000  1.913499
158115.000000  1.855302
158430.000000  1.794177
158843.000000  1.958242
159260.000000  1.960528
159641.000000  1.872889
159822.000000  2.015503
160111.000000  2.014555
160176.000000  1.877218
160360.000000  1.796947
160422.000000  1.840874
160426.000000  1.797592
160479.000000  1.875668
160480.000000  1.655912
160562.000000  1.708570
