4067.000000  0.608402
4537.000000  0.478582
5243.000000  0.268965
6130.000000  0.284596
6382.000000  0.277533
7110.000000  0.391762
8312.000000  0.529319
9470.000000  0.692603
10622.000000  0.697785
11872.000000  0.733234
12991.000000  0.774503
14061.000000  0.793130
15369.000000  0.890675
16484.000000  0.890789
17507.000000  0.858531
18367.000000  0.833366
19047.000000  0.860869
19631.000000  0.689514
20249.000000  0.764422
20783.000000  0.971260
21241.000000  0.373872
22146.000000  0.506328
22694.000000  0.463668
24216.000000  0.710515
25163.000000  0.620512
26368.000000  0.788311
27657.000000  0.807884
28433.000000  0.647785
29427.000000  0.509295
30173.000000  0.673415
31512.000000  0.803802
32550.000000  0.897932
34339.000000  1.042892
35051.000000  0.880073
36539.000000  0.829291
37537.000000  0.448855
38962.000000  0.854315
40165.000000  0.795128
41065.000000  0.807024
41984.000000  0.798578
42490.000000  0.469257
42867.000000  0.513099
43360.000000  0.354556
43917.000000  0.513665
44410.000000  0.290619
44671.000000  0.163349
45646.000000  0.444389
46979.000000  0.616194
48649.000000  0.764116
49551.000000  0.566555
50938.000000  0.576818
51687.000000  0.437336
52900.000000  0.527785
53636.000000  0.409960
54901.000000  0.462082
55601.000000  0.518474
57330.000000  0.741966
58225.000000  0.604688
60266.000000  0.967019
61906.000000  1.265139
63660.000000  1.192113
64966.000000  1.090492
66728.000000  1.188566
67529.000000  0.793194
68400.000000  0.884412
69186.000000  0.826361
70135.000000  1.039867
70837.000000  1.143282
71757.000000  1.288134
72915.000000  1.363818
74419.000000  1.872370
75774.000000  2.386454
77086.000000  2.096769
77724.000000  1.246204
79067.000000  1.511258
80258.000000  1.254499
81717.000000  1.420574
82509.000000  1.059347
83300.000000  0.857669
83838.000000  0.577433
84702.000000  1.190400
85244.000000  0.868965
85546.000000  1.044862
85842.000000  0.783837
86429.000000  0.792680
87330.000000  0.610664
87850.000000  0.834943
88579.000000  1.089885
89041.000000  1.168728
89632.000000  1.113190
90222.000000  1.259911
90708.000000  0.874357
91249.000000  1.622987
92110.000000  1.444865
92941.000000  1.786442
93977.000000  1.623041
95218.000000  2.031847
95949.000000  1.702462
96858.000000  2.192621
97702.000000  0.867405
98669.000000  2.438869
99751.000000  1.953833
100169.000000  1.677421
101578.000000  2.525467
102222.000000  3.126371
103215.000000  0.976704
104036.000000  0.892898
104769.000000  1.425405
105480.000000  0.949301
107031.000000  2.206063
107613.000000  1.601665
108403.000000  2.410106
108822.000000  2.559144
109509.000000  3.222558
110342.000000  4.953836
110782.000000  1.897345
111119.000000  1.173123
111413.000000  1.468605
112480.000000  2.798818
113304.000000  2.405960
114773.000000  2.196748
115866.000000  0.942964
116640.000000  2.012271
117447.000000  0.660583
117956.000000  0.452680
118457.000000  0.633480
119212.000000  0.520205
119953.000000  0.561645
120406.000000  0.615202
120943.000000  0.870495
121545.000000  0.222645
122086.000000  0.760345
122322.000000  1.839829
122950.000000  0.287083
123400.000000  0.290525
123857.000000  2.064257
124284.000000  2.086398
125177.000000  2.285536
125585.000000  2.109715
126346.000000  1.824966
126681.000000  0.204823
126902.000000  0.206440
127256.000000  0.146760
127767.000000  0.265645
128030.000000  0.169148
128594.000000  0.219277
129006.000000  0.179971
129479.000000  1.918762
129811.000000  1.719726
130695.000000  1.425208
131633.000000  0.413535
132389.000000  0.317222
133014.000000  0.271767
133612.000000  0.232199
134045.000000  0.259247
134591.000000  0.288917
134975.000000  0.240977
135421.000000  0.182931
135667.000000  0.150058
136213.000000  0.235492
136805.000000  0.326346
137369.000000  0.237192
138036.000000  0.323673
138406.000000  0.264436
138626.000000  0.233663
138974.000000  0.239351
139501.000000  0.380697
139825.000000  0.310110
139978.000000  0.102725
140781.000000  0.279189
141266.000000  0.321692
142023.000000  0.430467
142666.000000  0.360471
143373.000000  0.335288
143931.000000  0.499761
144464.000000  0.327337
144774.000000  0.180599
145378.000000  0.291038
145917.000000  0.309322
146493.000000  0.400370
147232.000000  0.392154
147639.000000  0.368896
148272.000000  0.278367
149036.000000  0.430351
149521.000000  0.344042
149937.000000  0.301001
150237.000000  0.304792
150576.000000  0.300128
150886.000000  0.179160
151240.000000  0.214177
151635.000000  0.250586
151958.000000  0.208676
152123.000000  0.120516
152340.000000  0.195230
152432.000000  0.302700
152684.000000  0.304941
152884.000000  0.381573
153069.000000  0.472069
153218.000000  0.472153
153387.000000  0.648364
153630.000000  0.763028
153959.000000  0.232027
154723.000000  0.366773
155447.000000  0.427763
155773.000000  0.356584
156291.000000  0.201552
156891.000000  0.414494
157428.000000  0.472361
157908.000000  0.371528
158115.000000  0.206680
158430.000000  0.194084
158843.000000  0.272017
159260.000000  0.336185
159641.000000  0.304242
159822.000000  0.433732
160111.000000  0.436301
160176.000000  0.222711
160360.000000  0.194480
160422.000000  0.219339
160426.000000  0.196417
160479.000000  0.220480
160480.000000  0.002778
160562.000000  0.085237
