995.000000  0.209989
1230.000000  -0.040202
1437.000000  -0.031272
1714.000000  0.021284
1967.000000  0.035431
2233.000000  0.015214
2518.000000  0.035366
2747.000000  -0.010194
2830.000000  -0.026634
3161.000000  0.071599
3261.000000  -0.043359
3541.000000  0.012905
3855.000000  0.032920
4144.000000  -0.036066
4386.000000  0.033957
4664.000000  0.005485
4896.000000  0.006074
5167.000000  0.010184
5415.000000  -0.008056
5495.000000  -0.113579
5661.000000  -0.000282
5790.000000  0.031169
5908.000000  -0.029116
6063.000000  0.012704
6256.000000  0.032783
6320.000000  -0.024947
6490.000000  0.049559
6580.000000  -0.017816
6751.000000  0.065743
6920.000000  -0.066275
7071.000000  -0.001145
7127.000000  -0.034692
7245.000000  -0.009357
7363.000000  0.015000
7481.000000  -0.028319
7622.000000  -0.002284
7809.000000  0.037605
8073.000000  0.028848
8300.000000  0.046708
8525.000000  -0.034828
8774.000000  0.028283
9039.000000  -0.009446
9247.000000  -0.004311
9460.000000  0.006876
9648.000000  0.013474
9815.000000  -0.039651
10001.000000  0.033062
10161.000000  -0.081739
10337.000000  0.018914
10382.000000  -0.017972
10484.000000  0.012644
10537.000000  0.014198
10659.000000  0.031242
10764.000000  -0.020431
10875.000000  0.035390
10970.000000  -0.045147
11052.000000  0.013948
11136.000000  -0.035379
11238.000000  0.014340
11284.000000  -0.023489
11360.000000  -0.028390
11456.000000  0.010857
11591.000000  0.011917
11651.000000  -0.007673
11747.000000  -0.008680
11862.000000  0.037371
11976.000000  -0.019153
12035.000000  -0.007318
12143.000000  0.016214
12181.000000  -0.008903
12296.000000  0.025465
12443.000000  0.015057
12578.000000  0.015447
12699.000000  -0.026171
12840.000000  -0.011366
12985.000000  0.003900
13080.000000  -0.009459
13164.000000  -0.024887
13280.000000  0.027257
13476.000000  0.012136
13531.000000  -0.022780
13604.000000  0.045036
13677.000000  -0.013827
13844.000000  0.053074
13988.000000  -0.018657
14173.000000  0.055250
14348.000000  0.009102
14556.000000  0.036289
14668.000000  -0.001057
14830.000000  0.000082
15010.000000  0.053914
15192.000000  0.030174
15357.000000  -0.031491
15489.000000  -0.010949
15689.000000  0.009060
15980.000000  0.029491
16198.000000  0.024583
16451.000000  -0.009415
16678.000000  -0.025929
16905.000000  -0.017606
17143.000000  -0.000954
17395.000000  -0.042200
17670.000000  0.088583
17871.000000  -0.029786
18043.000000  0.004412
18199.000000  -0.045742
18361.000000  -0.004527
18472.000000  -0.025284
18591.000000  0.039966
18720.000000  -0.070801
18794.000000  -0.001494
18924.000000  0.011076
19024.000000  -0.010698
19137.000000  -0.030635
19243.000000  0.062552
19321.000000  0.021362
19409.000000  -0.012586
19485.000000  0.029245
19607.000000  -0.039882
19733.000000  0.048549
19902.000000  -0.001678
20097.000000  0.065177
20253.000000  -0.095422
20345.000000  0.113986
20429.000000  -0.089854
20523.000000  0.116443
20619.000000  -0.132228
20715.000000  -0.003723
20817.000000  -0.003409
20920.000000  0.116240
21052.000000  -0.006689
21155.000000  0.016880
21302.000000  -0.034616
21459.000000  0.030374
21664.000000  0.212346
21922.000000  -0.284442
22084.000000  0.004500
22279.000000  0.002858
22463.000000  0.021853
22757.000000  0.274401
23007.000000  0.005896
23131.000000  -0.058704
23247.000000  -0.168251
23382.000000  0.056876
23572.000000  0.111598
23776.000000  -0.017594
23923.000000  -0.088822
24184.000000  0.070859
24472.000000  0.075557
24766.000000  -0.010227
24983.000000  0.019755
25158.000000  -0.215060
25377.000000  0.026753
25560.000000  0.013701
25759.000000  0.020832
25920.000000  -0.047890
26140.000000  0.259607
26336.000000  0.210103
26598.000000  0.105001
26828.000000  -0.608971
27013.000000  -0.062805
27184.000000  -0.048458
27305.000000  -0.004157
27403.000000  -0.028524
27542.000000  0.058183
27721.000000  0.064401
27864.000000  0.027767
28010.000000  0.043785
28123.000000  -0.070406
28222.000000  -0.015795
28337.000000  0.026505
28474.000000  0.029824
28674.000000  0.006625
28796.000000  -0.044874
28904.000000  -0.032743
29049.000000  0.102494
29215.000000  -0.041100
29383.000000  -0.084312
29543.000000  -0.023889
29692.000000  -0.018125
29850.000000  -0.002109
29956.000000  0.001795
30030.000000  -0.009838
30118.000000  -0.001453
30252.000000  0.029783
30388.000000  0.077928
30499.000000  -0.028397
30669.000000  -0.023037
30925.000000  0.012294
31032.000000  0.001024
31168.000000  0.058568
31345.000000  0.053415
31515.000000  -0.007208
31688.000000  0.004429
31826.000000  -0.112608
31950.000000  -0.000024
32060.000000  -0.010518
32163.000000  0.096669
32291.000000  0.042717
32454.000000  0.136900
32642.000000  0.035962
32718.000000  0.027975
32758.000000  -0.156255
32829.000000  0.106593
32898.000000  -0.028270
32965.000000  0.048556
33004.000000  -0.158222
33043.000000  -0.106567
33086.000000  0.042619
33100.000000  0.123637
33137.000000  0.356494
33156.000000  -0.234143
33185.000000  0.049078
33220.000000  0.027098
33255.000000  0.065421
33316.000000  0.126306
33391.000000  0.073403
33425.000000  -0.546040
33450.000000  -0.016478
33472.000000  0.005717
33480.000000  -0.099847
33481.000000  -0.007025
33554.000000  -0.058022
33620.000000  -0.017474
33720.000000  0.017982
33739.000000  -0.016325
33899.000000  0.022770
34037.000000  -0.009401
34140.000000  0.014399
34317.000000  0.062900
34473.000000  0.002342
34636.000000  -0.045269
34713.000000  -0.021086
34791.000000  0.019789
34861.000000  -0.007729
34958.000000  -0.010500
35023.000000  0.036231
35137.000000  0.052718
35241.000000  -0.080741
35296.000000  -0.000095
35401.000000  0.012271
35479.000000  -0.002273
35600.000000  0.033595
35677.000000  0.008499
35728.000000  -0.016743
35732.000000  -0.006674
35791.000000  -0.004875
35857.000000  -0.013645
35925.000000  -0.018079
35939.000000  0.021897
35990.000000  -0.036481
36055.000000  0.018105
36115.000000  -0.008104
36214.000000  0.004845
36354.000000  0.060508
36437.000000  -0.037497
36501.000000  0.012282
36591.000000  0.004864
36648.000000  0.010245
36740.000000  0.026874
36853.000000  0.021150
37018.000000  -0.017740
37177.000000  0.042649
37284.000000  -0.004544
37376.000000  -0.104393
37450.000000  -0.012773
37540.000000  0.013806
37634.000000  0.061844
37731.000000  0.020902
37830.000000  0.027518
37914.000000  0.746202
38009.000000  -0.774020
38046.000000  -0.073313
38116.000000  0.136834
38212.000000  -0.031788
38304.000000  0.064950
38388.000000  -0.000631
38456.000000  0.006266
38521.000000  -0.011601
38563.000000  -0.064858
38616.000000  0.015211
38669.000000  -0.054684
38678.000000  -0.009499
38710.000000  -0.064202
38822.000000  0.007556
38892.000000  0.139102
39018.000000  0.025492
39142.000000  0.013543
39250.000000  -0.058492
39305.000000  -0.054376
39320.000000  -0.026334
39348.000000  -0.024588
39382.000000  0.018086
39411.000000  -0.008681
39474.000000  -0.028581
39523.000000  0.008472
39586.000000  -0.015629
39673.000000  0.040810
39764.000000  0.006923
39811.000000  0.010169
39853.000000  -0.043263
39946.000000  0.021013
40049.000000  0.047272
40113.000000  -0.061280
40178.000000  0.002537
40218.000000  0.313108
40277.000000  -0.320841
40282.000000  0.003855
40308.000000  0.004701
40337.000000  -0.013240
40364.000000  -0.014078
40366.000000  -0.010040
40426.000000  0.032622
40478.000000  0.018599
40559.000000  0.015221
40595.000000  -0.030050
40647.000000  0.022400
40732.000000  0.031867
40786.000000  -0.000534
40817.000000  -0.016171
40822.000000  -0.030688
