4067.000000  0.900108
4794.000000  -0.054350
5642.000000  -0.437561
6559.000000  0.250607
7920.000000  0.296527
9303.000000  0.162304
10591.000000  0.091312
11433.000000  -0.307756
12400.000000  0.046785
13892.000000  0.330593
15453.000000  0.002703
16934.000000  0.153625
17609.000000  -0.239313
18473.000000  0.004781
19054.000000  -0.340621
19800.000000  -0.097053
20440.000000  0.081969
21030.000000  0.030358
21705.000000  0.021474
22474.000000  0.097502
23248.000000  0.109699
23506.000000  -0.109963
24127.000000  0.139417
24653.000000  -0.248017
25484.000000  0.304587
26618.000000  -0.009116
27551.000000  -0.149551
28329.000000  0.058499
29500.000000  0.031298
30839.000000  0.324099
32074.000000  -0.039172
32930.000000  -0.055391
33387.000000  -0.315735
33889.000000  -0.163979
34675.000000  0.258057
36169.000000  0.299554
37048.000000  -0.011035
37826.000000  -0.000578
38991.000000  0.103604
40377.000000  0.044955
41181.000000  0.015173
42293.000000  0.153296
43298.000000  -0.360355
44524.000000  0.386293
45292.000000  0.006335
46340.000000  0.647120
47687.000000  0.994897
48690.000000  1.376533
49265.000000  0.260900
51153.000000  -0.484919
51483.000000  -0.619054
53390.000000  2.111834
56097.000000  -4.147583
57425.000000  -0.035769
58456.000000  0.546483
59770.000000  -0.393664
60183.000000  -0.706941
60601.000000  -0.038298
61184.000000  0.254616
62218.000000  0.133783
63517.000000  0.320512
64414.000000  -0.116534
65190.000000  -0.150161
65993.000000  -0.295856
66768.000000  0.174573
67400.000000  -0.167501
67617.000000  0.118441
68162.000000  0.479124
69028.000000  -0.425692
69755.000000  -0.043133
70392.000000  -0.123793
71601.000000  0.997870
72821.000000  0.313369
73658.000000  0.092333
74601.000000  0.252808
76024.000000  0.594414
77137.000000  0.295181
78045.000000  -0.671751
78851.000000  -0.809008
79587.000000  0.539003
80559.000000  -0.074363
81469.000000  0.060122
82606.000000  0.146118
83896.000000  0.169974
84879.000000  0.939331
86146.000000  -2.377808
86973.000000  0.310226
88280.000000  -0.328818
89573.000000  0.006750
90562.000000  1.081303
91652.000000  0.711450
92578.000000  -0.806154
93313.000000  0.542808
94080.000000  -0.532630
95412.000000  0.984216
96359.000000  -0.249186
97611.000000  -1.279711
98361.000000  -0.263112
99264.000000  -0.140667
100301.000000  0.294425
101287.000000  0.136131
102789.000000  0.496129
104055.000000  -0.495152
104855.000000  -0.529509
105772.000000  0.160849
106335.000000  -0.255133
106739.000000  -0.063968
107524.000000  0.569619
108374.000000  0.214668
109281.000000  -0.289230
110451.000000  0.407942
111446.000000  0.155446
112104.000000  0.001087
112680.000000  0.146479
113232.000000  1.223451
113532.000000  0.969669
114783.000000  -2.670781
115213.000000  -0.762463
115768.000000  0.035694
116762.000000  1.428525
117373.000000  1.438554
118036.000000  0.743294
118766.000000  -3.448338
118847.000000  0.285683
119268.000000  0.578528
119807.000000  -0.084275
120077.000000  -0.162870
120145.000000  -0.402333
120362.000000  -0.089543
120746.000000  2.330268
121388.000000  -1.661661
121724.000000  0.128333
122099.000000  -1.296827
122533.000000  0.257999
122648.000000  -0.070588
123045.000000  0.804440
123757.000000  -0.375421
124178.000000  -0.246149
124388.000000  -0.150326
124666.000000  0.014076
124980.000000  -0.017126
125755.000000  0.266535
126680.000000  -0.294829
127116.000000  0.107241
127722.000000  -0.069653
128921.000000  0.311314
129721.000000  -0.067320
130281.000000  0.105494
131183.000000  -0.212849
132188.000000  0.527606
133158.000000  -0.207486
134158.000000  -0.069661
135218.000000  0.121394
136406.000000  0.201137
137001.000000  0.401170
137526.000000  -0.926930
138069.000000  0.559465
138980.000000  -0.443007
140114.000000  0.637487
141639.000000  -0.263803
142445.000000  0.021270
143578.000000  -0.114499
144350.000000  0.352570
145157.000000  -0.450426
145576.000000  0.062859
145988.000000  -0.211405
146447.000000  0.104450
146680.000000  -0.158511
146802.000000  0.054813
147198.000000  0.382763
147223.000000  0.117242
147617.000000  -0.552647
148417.000000  0.206021
149289.000000  -0.091638
149788.000000  -0.207637
150613.000000  0.146073
151441.000000  0.139424
152040.000000  -0.097050
152479.000000  0.032975
152885.000000  -0.015442
153566.000000  -0.191209
154134.000000  0.131292
154596.000000  0.014481
154715.000000  0.119821
154884.000000  -0.283454
154890.000000  -0.065397
154912.000000  -0.087255
155129.000000  0.116272
155689.000000  -0.048671
156244.000000  0.338406
156386.000000  0.125884
156705.000000  -0.291343
156836.000000  -0.109694
157229.000000  0.048178
157615.000000  0.071610
158238.000000  0.132109
158694.000000  0.294477
159178.000000  -0.089032
159890.000000  -0.024063
160099.000000  -0.044401
160473.000000  -0.045404
160565.000000  -0.108475
