4067.000000  0.900108
4794.000000  0.845758
5642.000000  0.408197
6559.000000  0.658804
7920.000000  0.955331
9303.000000  1.117635
10591.000000  1.208947
11433.000000  0.901191
12400.000000  0.947976
13892.000000  1.278569
15453.000000  1.281272
16934.000000  1.434896
17609.000000  1.195583
18473.000000  1.200364
19054.000000  0.859744
19800.000000  0.762690
20440.000000  0.844659
21030.000000  0.875017
21705.000000  0.896491
22474.000000  0.993993
23248.000000  1.103692
23506.000000  0.993729
24127.000000  1.133146
24653.000000  0.885129
25484.000000  1.189716
26618.000000  1.180600
27551.000000  1.031049
28329.000000  1.089548
29500.000000  1.120846
30839.000000  1.444945
32074.000000  1.405773
32930.000000  1.350382
33387.000000  1.034646
33889.000000  0.870668
34675.000000  1.128724
36169.000000  1.428278
37048.000000  1.417243
37826.000000  1.416665
38991.000000  1.520270
40377.000000  1.565225
41181.000000  1.580398
42293.000000  1.733694
43298.000000  1.373338
44524.000000  1.759631
45292.000000  1.765966
46340.000000  2.413086
47687.000000  3.407983
48690.000000  4.784516
49265.000000  5.045416
51153.000000  4.560498
51483.000000  3.941443
53390.000000  6.053277
56097.000000  1.905694
57425.000000  1.869925
58456.000000  2.416408
59770.000000  2.022744
60183.000000  1.315803
60601.000000  1.277505
61184.000000  1.532121
62218.000000  1.665903
63517.000000  1.986416
64414.000000  1.869881
65190.000000  1.719720
65993.000000  1.423864
66768.000000  1.598438
67400.000000  1.430936
67617.000000  1.549377
68162.000000  2.028501
69028.000000  1.602809
69755.000000  1.559676
70392.000000  1.435883
71601.000000  2.433753
72821.000000  2.747122
73658.000000  2.839455
74601.000000  3.092263
76024.000000  3.686677
77137.000000  3.981857
78045.000000  3.310106
78851.000000  2.501098
79587.000000  3.040101
80559.000000  2.965738
81469.000000  3.025859
82606.000000  3.171977
83896.000000  3.341951
84879.000000  4.281282
86146.000000  1.903475
86973.000000  2.213701
88280.000000  1.884883
89573.000000  1.891633
90562.000000  2.972935
91652.000000  3.684386
92578.000000  2.878231
93313.000000  3.421039
94080.000000  2.888409
95412.000000  3.872625
96359.000000  3.623439
97611.000000  2.343728
98361.000000  2.080616
99264.000000  1.939949
100301.000000  2.234374
101287.000000  2.370505
102789.000000  2.866634
104055.000000  2.371482
104855.000000  1.841973
105772.000000  2.002822
106335.000000  1.747689
106739.000000  1.683721
107524.000000  2.253340
108374.000000  2.468007
109281.000000  2.178778
110451.000000  2.586720
111446.000000  2.742165
112104.000000  2.743252
112680.000000  2.889731
113232.000000  4.113182
113532.000000  5.082851
114783.000000  2.412071
115213.000000  1.649608
115768.000000  1.685301
116762.000000  3.113827
117373.000000  4.552381
118036.000000  5.295675
118766.000000  1.847337
118847.000000  2.133021
119268.000000  2.711549
119807.000000  2.627274
120077.000000  2.464404
120145.000000  2.062071
120362.000000  1.972528
120746.000000  4.302796
121388.000000  2.641135
121724.000000  2.769468
122099.000000  1.472641
122533.000000  1.730639
122648.000000  1.660051
123045.000000  2.464491
123757.000000  2.089070
124178.000000  1.842921
124388.000000  1.692595
124666.000000  1.706671
124980.000000  1.689545
125755.000000  1.956079
126680.000000  1.661250
127116.000000  1.768491
127722.000000  1.698838
128921.000000  2.010152
129721.000000  1.942831
130281.000000  2.048326
131183.000000  1.835476
132188.000000  2.363082
133158.000000  2.155596
134158.000000  2.085935
135218.000000  2.207329
136406.000000  2.408466
137001.000000  2.809636
137526.000000  1.882706
138069.000000  2.442171
138980.000000  1.999164
140114.000000  2.636650
141639.000000  2.372848
142445.000000  2.394118
143578.000000  2.279618
144350.000000  2.632188
145157.000000  2.181762
145576.000000  2.244622
145988.000000  2.033216
146447.000000  2.137666
146680.000000  1.979155
146802.000000  2.033968
147198.000000  2.416731
147223.000000  2.533973
147617.000000  1.981327
148417.000000  2.187348
149289.000000  2.095710
149788.000000  1.888072
150613.000000  2.034145
151441.000000  2.173569
152040.000000  2.076519
152479.000000  2.109494
152885.000000  2.094052
153566.000000  1.902843
154134.000000  2.034135
154596.000000  2.048616
154715.000000  2.168437
154884.000000  1.884983
154890.000000  1.819587
154912.000000  1.732331
155129.000000  1.848603
155689.000000  1.799933
156244.000000  2.138338
156386.000000  2.264223
156705.000000  1.972879
156836.000000  1.863185
157229.000000  1.911363
157615.000000  1.982973
158238.000000  2.115082
158694.000000  2.409559
159178.000000  2.320527
159890.000000  2.296464
160099.000000  2.252063
160473.000000  2.206659
160565.000000  2.098184
