399.000000  0.073812
566.000000  0.001382
674.000000  -0.009890
753.000000  -0.036287
825.000000  0.002871
885.000000  0.015144
1001.000000  0.015231
1164.000000  0.021262
1338.000000  0.020261
1459.000000  -0.034211
1600.000000  0.012414
1742.000000  0.032428
1875.000000  -0.044484
1998.000000  0.004543
2019.000000  -0.027645
2151.000000  0.027720
2295.000000  -0.010709
2418.000000  -0.009965
2536.000000  -0.010596
2633.000000  -0.004989
2797.000000  0.015543
2983.000000  0.019595
3151.000000  0.013509
3302.000000  0.001867
3425.000000  -0.012127
3585.000000  0.005319
3711.000000  -0.011634
3770.000000  -0.006383
3859.000000  0.023878
4011.000000  0.019262
4180.000000  0.019206
4349.000000  0.009167
4572.000000  -0.008324
4745.000000  -0.020607
4886.000000  -0.003831
5032.000000  -0.004254
5096.000000  -0.038164
5147.000000  -0.044781
5201.000000  0.003100
5258.000000  0.039625
5348.000000  0.010260
5480.000000  0.019760
5628.000000  0.015257
5773.000000  -0.004327
5929.000000  -0.022781
6065.000000  -0.010203
6179.000000  -0.006349
6275.000000  0.001933
6374.000000  0.038853
6498.000000  0.025532
6677.000000  0.032649
6856.000000  0.045927
6937.000000  -0.048943
7071.000000  0.009431
7219.000000  -0.006486
7320.000000  -0.087903
7380.000000  -0.043164
7467.000000  0.039631
7576.000000  0.009592
7665.000000  -0.011167
7760.000000  0.008343
7906.000000  0.020458
8042.000000  -0.009497
8215.000000  0.037054
8366.000000  -0.029384
8478.000000  -0.020525
8535.000000  -0.043698
8601.000000  0.019626
8698.000000  0.027496
8785.000000  0.017576
8892.000000  -0.009895
8993.000000  -0.025713
9085.000000  -0.006012
9166.000000  0.005869
9238.000000  0.005985
9357.000000  0.047252
9489.000000  0.032904
9611.000000  -0.023909
9752.000000  -0.047797
9967.000000  0.051525
10162.000000  -0.019786
10347.000000  0.032972
10459.000000  -0.047907
10548.000000  -0.033713
10629.000000  -0.000034
10713.000000  0.006911
10821.000000  0.056403
10922.000000  -0.007172
11059.000000  0.089009
11183.000000  0.000308
11304.000000  0.010403
11409.000000  0.008596
11507.000000  0.104397
11590.000000  -0.265102
11660.000000  0.000820
11733.000000  -0.005793
11823.000000  0.005355
11907.000000  0.021838
11986.000000  -0.016559
12083.000000  0.003000
12231.000000  0.016115
12399.000000  -0.007493
12437.000000  -0.023124
12589.000000  0.031300
12752.000000  0.013637
12947.000000  0.017157
13121.000000  -0.003194
13283.000000  -0.020414
13444.000000  -0.000193
13580.000000  0.000692
13734.000000  -0.004231
13893.000000  -0.013282
14001.000000  -0.011155
14066.000000  -0.033254
14150.000000  0.005451
14216.000000  -0.002564
14280.000000  0.003323
14333.000000  -0.008802
14384.000000  -0.009313
14457.000000  0.032271
14618.000000  0.028040
14758.000000  0.011730
14848.000000  -0.040427
14960.000000  0.036655
15097.000000  0.015717
15240.000000  0.007641
15386.000000  -0.015335
15535.000000  0.002585
15664.000000  -0.004948
15825.000000  0.020527
15956.000000  -0.029419
16109.000000  0.004657
16246.000000  -0.008117
16382.000000  0.016831
16526.000000  -0.015910
16680.000000  0.005357
16818.000000  -0.007677
16908.000000  -0.003318
17015.000000  -0.009622
17123.000000  0.019334
17274.000000  0.019872
17416.000000  -0.019529
17583.000000  0.032940
17722.000000  -0.020935
17910.000000  0.030622
18112.000000  -0.005404
18287.000000  0.000869
18442.000000  0.004711
18604.000000  0.012955
18773.000000  -0.010981
18926.000000  -0.001967
19015.000000  -0.023415
19195.000000  0.088884
19286.000000  0.067842
19371.000000  -0.185660
19455.000000  0.003671
19498.000000  0.129996
19532.000000  0.007993
19594.000000  0.034599
19703.000000  0.100054
19765.000000  -0.253902
19838.000000  0.010959
19923.000000  0.137769
20024.000000  0.043346
20166.000000  -0.071851
20261.000000  -0.042699
20315.000000  -0.106754
20365.000000  -0.027069
20457.000000  0.062911
20480.000000  0.043884
20526.000000  -0.059181
20557.000000  -0.055701
20558.000000  -0.028083
20640.000000  0.048996
20733.000000  -0.010827
20842.000000  0.011865
20926.000000  -0.003964
21000.000000  -0.003783
21062.000000  -0.004595
21108.000000  -0.004424
21148.000000  -0.026759
21201.000000  0.004412
21277.000000  0.036933
21373.000000  -0.003497
21450.000000  -0.005909
21548.000000  0.007355
21641.000000  0.015524
21666.000000  -0.033262
21727.000000  0.020991
21873.000000  0.025907
22016.000000  -0.002046
22141.000000  0.013366
22187.000000  -0.032789
22304.000000  0.001417
22454.000000  0.016967
22604.000000  0.004358
22764.000000  0.002462
22870.000000  -0.008269
22967.000000  0.006286
23095.000000  -0.002663
23176.000000  -0.008512
23195.000000  -0.056415
23230.000000  -0.004765
23313.000000  0.015740
23404.000000  0.004258
23434.000000  -0.011671
23456.000000  -0.007138
23506.000000  0.010273
23641.000000  0.029607
23828.000000  0.039095
24048.000000  0.009715
24234.000000  0.006038
24373.000000  -0.014536
24495.000000  0.004958
24604.000000  -0.026590
24705.000000  -0.023369
24804.000000  -0.000238
24881.000000  0.017480
24892.000000  -0.042968
24955.000000  0.024372
24973.000000  -0.017734
25059.000000  -0.001682
25138.000000  0.002623
25164.000000  -0.011428
25228.000000  0.085680
25354.000000  0.054013
25503.000000  0.023149
25624.000000  -0.016165
25713.000000  -0.076696
25825.000000  -0.021125
25929.000000  0.002397
26131.000000  0.049304
26304.000000  0.005360
26494.000000  0.013331
26639.000000  -0.010886
26768.000000  -0.034441
26869.000000  -0.000900
26950.000000  0.037482
27051.000000  0.104876
27151.000000  0.024625
27220.000000  0.028908
27279.000000  -0.262176
27339.000000  -0.001169
27388.000000  -0.005176
27442.000000  0.040633
27532.000000  0.214860
27647.000000  -0.011382
27663.000000  -0.159492
27754.000000  0.108894
27867.000000  0.069908
27886.000000  -0.168997
27950.000000  0.025537
28018.000000  0.008612
28113.000000  -0.053515
28214.000000  0.080578
28319.000000  -0.030982
28427.000000  0.000987
28524.000000  -0.039653
28655.000000  -0.008530
28689.000000  -0.036836
28810.000000  0.020605
28902.000000  -0.009262
28959.000000  -0.003396
29029.000000  -0.010123
29097.000000  0.043621
29161.000000  0.034596
29231.000000  0.007585
29306.000000  -0.013016
29383.000000  -0.063896
29454.000000  0.081408
29625.000000  -0.036529
29776.000000  0.086074
29897.000000  0.017722
30037.000000  0.005406
30137.000000  -0.037734
30227.000000  -0.048290
30305.000000  -0.036709
30391.000000  0.026652
30482.000000  -0.037330
30593.000000  -0.014396
30668.000000  -0.006308
30799.000000  0.015750
30908.000000  0.007832
30979.000000  0.003471
31048.000000  0.014139
31135.000000  0.000643
31216.000000  -0.003412
31305.000000  0.004875
31418.000000  -0.027305
31521.000000  -0.003516
31655.000000  0.022585
31720.000000  0.023029
31792.000000  0.018494
31866.000000  -0.035510
31943.000000  0.049222
32032.000000  0.001566
32156.000000  0.003010
32226.000000  -0.098052
32299.000000  -0.019928
32379.000000  0.042708
32392.000000  -0.045589
32429.000000  0.286173
32438.000000  -0.061731
32472.000000  0.093107
32485.000000  -0.079590
32504.000000  0.045322
32530.000000  0.105919
32538.000000  0.173274
32579.000000  -0.134161
32612.000000  -0.016981
32669.000000  -0.126390
32678.000000  -0.098788
32711.000000  0.014988
32833.000000  -0.014891
32889.000000  -0.122522
32946.000000  -0.026858
33030.000000  0.050644
33080.000000  -0.032981
33163.000000  0.017364
33253.000000  0.089794
33360.000000  -0.172745
33403.000000  -0.010112
33417.000000  -0.011217
33442.000000  0.346681
33481.000000  -0.341331
33573.000000  0.012758
33658.000000  0.011045
33799.000000  0.024796
33963.000000  0.013315
34033.000000  -0.037098
34142.000000  0.013344
34238.000000  0.005176
34300.000000  0.004163
34382.000000  -0.010271
34422.000000  -0.013770
34447.000000  -0.012824
34448.000000  -0.021504
34538.000000  0.017890
34647.000000  0.013963
34742.000000  0.011257
34914.000000  0.031533
35091.000000  -0.007379
35214.000000  0.006465
35298.000000  0.002579
35349.000000  -0.029746
35429.000000  -0.000370
35471.000000  -0.007149
35496.000000  -0.009937
35498.000000  -0.027367
35556.000000  0.016083
35643.000000  0.004324
35724.000000  0.010724
35816.000000  0.011760
35911.000000  0.010420
35997.000000  0.001991
36057.000000  -0.006282
36128.000000  0.067708
36209.000000  -0.059966
36236.000000  -0.016787
36324.000000  -0.000236
36431.000000  0.047425
36563.000000  -0.004953
36608.000000  -0.051993
36681.000000  -0.007313
36766.000000  0.015421
36854.000000  0.006446
36949.000000  0.002534
36979.000000  -0.021148
37004.000000  -0.016657
37113.000000  0.041473
37128.000000  -0.028488
37146.000000  0.025117
37227.000000  -0.024647
37298.000000  0.010395
37379.000000  0.008637
37476.000000  0.006847
37550.000000  -0.010416
37627.000000  0.019146
37711.000000  0.001718
37786.000000  -0.016151
37865.000000  0.006125
37963.000000  0.013792
38037.000000  0.020602
38047.000000  -0.071382
38118.000000  0.027230
38204.000000  0.018253
38307.000000  0.037331
38430.000000  -0.027433
38536.000000  -0.023230
38584.000000  -0.015548
38618.000000  0.003646
38662.000000  -0.011237
38720.000000  -0.002576
38812.000000  0.022171
38897.000000  0.003527
38992.000000  0.016719
39088.000000  -0.008122
39179.000000  0.005174
39217.000000  -0.004533
39242.000000  0.003981
39260.000000  -0.026398
39330.000000  -0.007531
39414.000000  0.010995
39510.000000  0.035106
39627.000000  0.014589
39753.000000  -0.024417
39880.000000  0.011332
39992.000000  0.009014
40148.000000  0.035521
40311.000000  0.025693
40386.000000  -0.053101
40464.000000  -0.005693
40470.000000  -0.044503
40540.000000  0.024428
40618.000000  -0.016318
40666.000000  0.021162
40720.000000  -0.003095
40731.000000  -0.060507
40778.000000  0.020996
40818.000000  -0.009860
