816.000000  0.148344
1002.000000  -0.022937
1176.000000  -0.019982
1339.000000  0.000018
1512.000000  0.022170
1749.000000  0.039454
1993.000000  -0.000586
2033.000000  -0.105894
2291.000000  0.128310
2552.000000  0.007922
2855.000000  0.017112
2925.000000  -0.054646
3164.000000  0.080534
3402.000000  -0.041647
3454.000000  -0.078270
3657.000000  0.071354
3861.000000  -0.009637
4033.000000  0.033390
4098.000000  -0.093528
4318.000000  0.107099
4523.000000  -0.023845
4687.000000  -0.028038
4832.000000  -0.024237
4940.000000  -0.044752
5043.000000  0.007216
5139.000000  -0.003435
5238.000000  0.003562
5338.000000  0.019060
5443.000000  0.009341
5532.000000  -0.068803
5648.000000  -0.011470
5753.000000  0.013034
5871.000000  0.025108
6006.000000  0.024085
6149.000000  -0.006625
6258.000000  0.000089
6442.000000  0.018460
6618.000000  0.008131
6751.000000  -0.003629
6772.000000  -0.063456
6924.000000  0.061258
7047.000000  -0.003560
7137.000000  -0.045850
7223.000000  -0.001926
7386.000000  0.021833
7425.000000  -0.022491
7565.000000  0.008073
7688.000000  -0.000536
7809.000000  0.000207
7935.000000  0.003106
8065.000000  0.046556
8113.000000  -0.048797
8191.000000  -0.002785
8327.000000  0.020547
8364.000000  -0.036160
8497.000000  0.050288
8606.000000  -0.023470
8709.000000  -0.019726
8836.000000  -0.012348
8975.000000  0.028067
9098.000000  -0.014448
9207.000000  -0.024251
9309.000000  0.002983
9421.000000  0.002274
9487.000000  0.014399
9561.000000  -0.014991
9677.000000  0.022599
9809.000000  0.006037
9854.000000  -0.027713
9997.000000  0.030138
10178.000000  0.022124
10279.000000  -0.011309
10520.000000  0.047913
10736.000000  -0.012487
10926.000000  0.001259
11164.000000  0.023836
11386.000000  0.013930
11551.000000  -0.018789
11660.000000  0.002645
11861.000000  0.001679
12079.000000  -0.002457
12169.000000  -0.033567
12349.000000  0.070048
12526.000000  -0.027943
12717.000000  0.019740
12918.000000  0.034459
13136.000000  0.018791
13290.000000  -0.014689
13366.000000  -0.061805
13435.000000  -0.018475
13521.000000  0.029331
13550.000000  -0.029171
13613.000000  0.016301
13676.000000  -0.005801
13766.000000  0.011973
13872.000000  0.016043
14020.000000  -0.008912
14143.000000  0.013272
14254.000000  -0.040784
14478.000000  0.055215
14713.000000  0.011140
14915.000000  0.048750
15123.000000  -0.009012
15276.000000  -0.031894
15444.000000  0.043765
15562.000000  -0.035754
15637.000000  -0.039219
15761.000000  -0.061399
15868.000000  0.008029
16028.000000  0.044797
16192.000000  -0.004169
16349.000000  0.018753
16494.000000  0.019694
16627.000000  -0.007076
16749.000000  0.058183
16846.000000  -0.144006
16959.000000  0.026658
17074.000000  0.042503
17148.000000  -0.037886
17210.000000  0.013583
17313.000000  0.102100
17470.000000  0.147771
17624.000000  0.014003
17743.000000  -0.040244
17889.000000  0.041617
18015.000000  0.014468
18169.000000  -0.133860
18344.000000  0.162035
18464.000000  -0.256394
18623.000000  0.018864
18774.000000  0.024088
18938.000000  -0.024327
19093.000000  0.099780
19239.000000  -0.069231
19369.000000  -0.009842
19499.000000  -0.032037
19635.000000  0.021517
19774.000000  -0.088149
19927.000000  0.153614
20076.000000  -0.137026
20243.000000  0.035337
20417.000000  0.173587
20583.000000  0.030932
20794.000000  0.090825
20983.000000  -0.005887
21137.000000  0.156535
21314.000000  -0.556013
21494.000000  0.005223
21569.000000  -0.017309
21729.000000  0.014770
21846.000000  -0.002373
21954.000000  -0.004858
22099.000000  0.042649
22173.000000  -0.062856
22253.000000  -0.005902
22464.000000  0.059901
22656.000000  0.346428
22869.000000  0.015692
23079.000000  0.024663
23234.000000  -0.017271
23400.000000  0.003684
23573.000000  0.109186
23717.000000  -0.040816
23882.000000  0.046977
24053.000000  -0.005623
24189.000000  -0.114428
24304.000000  -0.411834
24398.000000  0.005971
24473.000000  -0.009887
24611.000000  0.035042
24697.000000  0.004073
24728.000000  -0.052050
24838.000000  0.063478
24915.000000  -0.056669
24981.000000  -0.000802
25082.000000  0.032038
25156.000000  0.026121
25253.000000  0.108709
25333.000000  -0.039332
25425.000000  -0.064664
25542.000000  0.177404
25640.000000  -0.128940
25736.000000  0.123540
25839.000000  0.003233
25907.000000  -0.168884
25992.000000  -0.010684
26071.000000  -0.068092
26206.000000  0.048715
26293.000000  -0.000595
26458.000000  0.043881
26661.000000  0.081614
26805.000000  0.102109
26881.000000  0.045456
26985.000000  0.066886
27056.000000  -0.379615
27138.000000  -0.015190
27255.000000  0.028876
27379.000000  0.168460
27511.000000  -0.096432
27568.000000  -0.086391
27640.000000  0.002645
27647.000000  -0.058843
27669.000000  0.016158
27741.000000  -0.001554
27799.000000  -0.004853
27880.000000  0.011905
27956.000000  0.008470
28074.000000  0.048996
28199.000000  -0.001061
28321.000000  0.003625
28369.000000  -0.058568
28410.000000  0.015188
28498.000000  0.053008
28529.000000  -0.061587
28564.000000  0.018751
28604.000000  0.003169
28607.000000  -0.034971
28640.000000  0.038836
28720.000000  -0.014534
28749.000000  -0.034631
28770.000000  -0.028051
28818.000000  0.019988
28939.000000  0.015319
29055.000000  0.030115
29211.000000  0.043681
29317.000000  -0.012453
29376.000000  -0.067613
29458.000000  -0.010226
29490.000000  0.010589
29532.000000  0.005449
29588.000000  0.008150
29679.000000  0.011676
29835.000000  0.019450
29953.000000  0.000249
30044.000000  -0.014660
30171.000000  0.024930
30243.000000  0.004281
30400.000000  0.005919
30566.000000  0.038506
30781.000000  -0.008287
30959.000000  0.020127
31063.000000  -0.075288
31142.000000  0.006643
31208.000000  -0.008116
31291.000000  0.006165
31325.000000  -0.002471
31346.000000  0.018434
31348.000000  -0.063976
31469.000000  0.030732
31598.000000  0.009165
31723.000000  0.006018
31843.000000  0.007088
31924.000000  -0.012695
32048.000000  0.008868
32166.000000  0.029793
32251.000000  -0.049976
32351.000000  -0.001470
32425.000000  0.001976
32511.000000  0.011172
32571.000000  0.008385
32607.000000  -0.049465
32658.000000  0.022222
32721.000000  -0.000544
32776.000000  -0.010038
32834.000000  -0.022593
32880.000000  0.005952
32928.000000  -0.005331
33022.000000  0.085005
33094.000000  0.050443
33178.000000  0.033731
33256.000000  -0.026283
33291.000000  -0.050400
33296.000000  0.006253
33328.000000  -0.099368
33392.000000  0.000246
33475.000000  0.007392
33533.000000  0.008014
33596.000000  0.098132
33721.000000  0.033758
33839.000000  0.017298
33995.000000  -0.033154
34133.000000  -0.055678
34217.000000  -0.004741
34250.000000  -0.057070
34333.000000  0.031472
34405.000000  0.005055
34514.000000  0.024627
34585.000000  -0.020362
34708.000000  0.017067
34830.000000  0.014601
34923.000000  -0.006614
35157.000000  0.046661
35302.000000  0.012902
35450.000000  -0.014416
35606.000000  0.001911
35731.000000  0.034275
35936.000000  0.061526
36160.000000  0.022012
36387.000000  0.132345
36606.000000  -0.214644
36742.000000  -0.016903
36844.000000  -0.003412
36921.000000  0.020316
37037.000000  0.150941
37233.000000  0.083395
37393.000000  -0.025052
37506.000000  -0.075179
37621.000000  -0.033903
37718.000000  -0.047154
37801.000000  -0.076523
37871.000000  0.012199
37944.000000  -0.029027
38016.000000  -0.024507
38021.000000  -0.027420
38056.000000  -0.034300
38099.000000  0.026889
38132.000000  0.005598
38194.000000  0.063590
38298.000000  -0.018603
38439.000000  0.032378
38549.000000  0.036231
38682.000000  -0.077492
38846.000000  0.115907
38974.000000  0.012460
39101.000000  0.030483
39240.000000  -0.093808
39297.000000  -0.042087
39361.000000  0.018716
39440.000000  -0.100031
39483.000000  -0.018950
39525.000000  0.018383
39569.000000  -0.011371
39576.000000  -0.018536
39601.000000  0.128627
39652.000000  0.004396
39722.000000  0.018675
39810.000000  -0.019791
39869.000000  -0.021263
39915.000000  -0.016433
39964.000000  -0.016583
39976.000000  -0.006340
40036.000000  -0.033477
40090.000000  -0.030354
40205.000000  0.246052
40268.000000  -0.027397
40328.000000  -0.005610
40399.000000  -0.026313
40455.000000  -0.018424
40515.000000  -0.122139
40534.000000  -0.031453
40575.000000  -0.003162
40657.000000  0.028722
40724.000000  -0.058897
40756.000000  0.006905
40760.000000  -0.028729
40790.000000  0.012534
40825.000000  -0.004670
