2285.000000  0.355107
2760.000000  -0.063149
3137.000000  -0.083609
3609.000000  0.083023
4442.000000  0.066427
5383.000000  0.128177
6212.000000  0.052620
7034.000000  -0.043093
7718.000000  -0.054673
8507.000000  -0.004991
9408.000000  0.113737
10175.000000  -0.082229
10773.000000  -0.094735
11397.000000  0.085728
12092.000000  0.022256
12618.000000  -0.040609
12949.000000  -0.131679
13235.000000  -0.021195
13692.000000  0.007931
14236.000000  0.087822
14688.000000  -0.042349
15091.000000  -0.040915
15532.000000  -0.027680
15974.000000  -0.056358
16702.000000  0.156641
17457.000000  -0.016190
18189.000000  -0.015588
18953.000000  0.009917
19485.000000  -0.034412
19769.000000  -0.159322
19957.000000  -0.059904
20190.000000  0.096980
20715.000000  0.069464
21276.000000  0.047972
21736.000000  -0.013571
22211.000000  0.016294
22457.000000  -0.154560
22799.000000  0.022820
23242.000000  0.027679
23718.000000  0.031873
24103.000000  -0.045688
24405.000000  -0.008309
24746.000000  -0.063933
25096.000000  0.020355
25577.000000  0.017345
25962.000000  0.055026
26391.000000  -0.029478
26822.000000  0.004233
27123.000000  -0.044482
27367.000000  0.031049
27918.000000  0.097789
28678.000000  0.098304
29522.000000  0.078649
30245.000000  -0.105025
31055.000000  0.080911
31906.000000  0.034472
32769.000000  -0.015883
33491.000000  0.021136
34097.000000  -0.122679
34759.000000  0.124417
35360.000000  0.005896
35789.000000  -0.038513
36194.000000  -0.074862
36670.000000  -0.060097
37029.000000  -0.094299
37330.000000  -0.031392
37642.000000  0.047672
37997.000000  -0.032948
38376.000000  0.156651
38683.000000  0.111079
39012.000000  -0.110343
39551.000000  0.039364
39815.000000  -0.259714
40117.000000  0.059040
40509.000000  0.050002
40938.000000  0.064031
41384.000000  0.013500
42120.000000  0.034406
42885.000000  0.019167
43557.000000  0.095669
44276.000000  0.017535
44962.000000  -0.008918
45690.000000  0.030553
46106.000000  -0.092400
46729.000000  -0.024746
47598.000000  0.161372
48294.000000  0.001518
48796.000000  -0.135504
49126.000000  -0.143868
49459.000000  0.031356
49807.000000  0.116213
50429.000000  0.104717
50915.000000  -0.130661
51184.000000  -0.163215
51761.000000  0.162993
52109.000000  0.102450
52539.000000  0.012139
53119.000000  0.083255
53582.000000  0.096865
53800.000000  -0.090078
53943.000000  -0.044336
54229.000000  0.050703
54558.000000  0.138580
54940.000000  0.073373
55430.000000  0.069615
56149.000000  0.224486
56756.000000  -0.191528
57105.000000  -0.679582
57292.000000  -0.073887
57650.000000  0.121565
58114.000000  0.394157
58685.000000  0.288820
59391.000000  -0.346025
60077.000000  0.018585
60647.000000  0.119082
61137.000000  -0.118985
61680.000000  -0.216330
62050.000000  0.104106
62419.000000  -0.055016
62822.000000  0.084136
63472.000000  0.196178
63734.000000  0.060916
64193.000000  -0.245281
64458.000000  -0.187474
64595.000000  -0.053228
64869.000000  0.164232
65004.000000  -0.239570
65302.000000  0.086686
65634.000000  0.029449
66057.000000  -0.008990
66413.000000  -0.094860
66900.000000  0.033616
67330.000000  0.311974
67567.000000  -0.465801
68097.000000  0.199175
68483.000000  0.074121
68779.000000  -0.105902
69042.000000  0.001024
69458.000000  0.030678
69993.000000  0.142108
70532.000000  -0.012488
71126.000000  -0.086227
71674.000000  -0.001420
72352.000000  -0.019055
72985.000000  0.250787
73637.000000  0.125237
74062.000000  -0.264211
74488.000000  0.024357
75012.000000  -0.217296
75404.000000  0.560332
75665.000000  -0.166313
75825.000000  0.026245
76096.000000  0.467114
76405.000000  -0.001940
76676.000000  -0.138117
77090.000000  -0.021665
77414.000000  0.142423
77636.000000  0.585509
78276.000000  -1.422481
78598.000000  -0.144614
78836.000000  -0.007395
79062.000000  -0.050552
79374.000000  1.204358
79758.000000  0.750919
80233.000000  -1.751934
80370.000000  -0.126992
80645.000000  0.052856
81303.000000  0.220219
81901.000000  -0.082948
82492.000000  -0.018650
82859.000000  0.015316
83083.000000  0.091522
83496.000000  0.130582
83762.000000  -0.330380
84115.000000  0.285235
84366.000000  -0.156398
84658.000000  0.070057
84940.000000  0.235514
85631.000000  0.229150
86135.000000  0.107732
86298.000000  -0.079495
86441.000000  -0.533948
86530.000000  0.053925
86594.000000  0.235380
86770.000000  -0.518594
87215.000000  0.015787
87456.000000  -0.079087
87781.000000  0.128917
88010.000000  -0.097165
88132.000000  -0.125961
88196.000000  0.021170
88500.000000  0.039699
88835.000000  0.036931
89065.000000  -0.018261
89193.000000  -0.039663
89308.000000  0.014961
89360.000000  -0.011296
89629.000000  0.110512
89721.000000  -0.109479
89892.000000  -0.017277
90116.000000  0.029763
90378.000000  0.022251
90389.000000  -0.010317
90694.000000  -0.041172
90914.000000  0.019575
91243.000000  0.046659
91287.000000  -0.081016
91436.000000  0.055460
91496.000000  -0.050008
