2285.000000  72.349953
2760.000000  75.625740
3137.000000  67.848717
3609.000000  74.818329
4442.000000  76.701561
5383.000000  79.329346
6212.000000  80.918251
7034.000000  78.138084
7718.000000  76.158104
8507.000000  73.629059
9408.000000  77.693848
10175.000000  73.199020
10773.000000  68.394272
11397.000000  73.055641
12092.000000  71.535507
12618.000000  69.102943
12949.000000  61.023773
13235.000000  59.106434
13692.000000  60.858334
14236.000000  65.125381
14688.000000  63.376110
15091.000000  59.276432
15532.000000  55.557434
15974.000000  48.287277
16702.000000  60.871170
17457.000000  54.484665
18189.000000  56.833424
18953.000000  49.711128
19485.000000  41.273708
19769.000000  20.690670
19957.000000  19.229712
20190.000000  35.980614
20715.000000  34.317856
21276.000000  36.918533
21736.000000  43.141888
22211.000000  44.901478
22457.000000  25.478802
22799.000000  22.647577
23242.000000  15.445690
23718.000000  26.479765
24103.000000  21.229362
24405.000000  21.359858
24746.000000  15.415859
25096.000000  17.302916
25577.000000  19.087332
25962.000000  23.750711
26391.000000  20.689043
26822.000000  21.056101
27123.000000  17.386761
27367.000000  20.034805
27918.000000  27.796778
28678.000000  33.880989
29522.000000  37.569889
30245.000000  31.341007
31055.000000  35.920135
31906.000000  38.308052
32769.000000  37.135406
33491.000000  37.390965
34097.000000  30.672831
34759.000000  35.988884
35360.000000  36.869205
35789.000000  34.701942
36194.000000  31.139246
36670.000000  27.518150
37029.000000  20.120079
37330.000000  17.951908
37642.000000  21.752825
37997.000000  19.334934
38376.000000  28.288498
38683.000000  35.687855
39012.000000  29.773289
39551.000000  31.749599
39815.000000  13.409267
40117.000000  18.596052
40509.000000  23.410393
40938.000000  25.193596
41384.000000  26.364145
42120.000000  27.248264
42885.000000  32.338955
43557.000000  31.988537
44276.000000  31.197205
44962.000000  36.420288
45690.000000  30.652580
46106.000000  27.489698
46729.000000  25.197279
47598.000000  36.198044
48294.000000  35.708973
48796.000000  43.665062
49126.000000  17.949884
49459.000000  18.294516
49807.000000  23.381927
50429.000000  43.273861
50915.000000  35.529472
51184.000000  24.457891
51761.000000  36.036476
52109.000000  42.180153
52539.000000  41.905941
53119.000000  46.216331
53582.000000  49.486374
53800.000000  45.852604
53943.000000  42.550007
54229.000000  46.264530
54558.000000  50.021149
54940.000000  52.795155
55430.000000  54.636921
56149.000000  59.628098
56756.000000  55.557133
57105.000000  24.612724
57292.000000  18.199842
57650.000000  28.352865
58114.000000  51.203144
58685.000000  58.957680
59391.000000  47.710854
60077.000000  48.567806
60647.000000  47.805862
61137.000000  48.339577
61680.000000  33.703449
62050.000000  37.642990
62419.000000  36.679771
62822.000000  42.324791
63472.000000  50.699623
63734.000000  53.321953
64193.000000  43.512260
64458.000000  35.992363
64595.000000  32.236526
64869.000000  42.067997
65004.000000  27.885279
65302.000000  33.239464
65634.000000  35.003651
66057.000000  34.510792
66413.000000  27.597523
66900.000000  30.025938
67330.000000  46.403984
67567.000000  16.920572
68097.000000  33.061501
68483.000000  37.583454
68779.000000  30.808691
69042.000000  30.234730
69458.000000  32.963501
69993.000000  40.551395
70532.000000  38.388283
71126.000000  34.994186
71674.000000  33.718227
72352.000000  32.164062
72985.000000  44.806664
73637.000000  46.245007
74062.000000  37.434448
74488.000000  38.832081
75012.000000  27.614794
75404.000000  50.171364
75665.000000  46.018688
75825.000000  46.296127
76096.000000  59.952484
76405.000000  59.299404
76676.000000  55.694901
77090.000000  55.896263
77414.000000  58.095421
77636.000000  67.603981
78276.000000  28.267288
78598.000000  17.938755
78836.000000  16.957981
79062.000000  12.730124
79374.000000  60.856258
79758.000000  70.847946
80233.000000  27.082506
80370.000000  19.013315
80645.000000  21.909103
81303.000000  35.363991
81901.000000  31.468111
82492.000000  30.693594
82859.000000  30.489100
83083.000000  34.838547
83496.000000  41.674408
83762.000000  23.137192
84115.000000  38.135574
84366.000000  32.148563
84658.000000  34.939442
84940.000000  45.037407
85631.000000  50.638432
86135.000000  53.414589
86298.000000  47.263741
86441.000000  32.552082
86530.000000  35.529278
86594.000000  44.192612
86770.000000  17.889709
87215.000000  18.740623
87456.000000  13.272576
87781.000000  22.896578
88010.000000  16.060106
88132.000000  4.312654
88196.000000  6.391100
88500.000000  10.364861
88835.000000  13.435089
89065.000000  11.896439
89193.000000  8.030726
89308.000000  9.721088
89360.000000  8.780827
89629.000000  17.569895
89721.000000  8.865735
89892.000000  7.189178
90116.000000  9.835797
90378.000000  11.375403
90389.000000  10.949340
90694.000000  7.149944
90914.000000  8.741318
91243.000000  13.073164
91287.000000  5.752358
91436.000000  11.092566
91496.000000  6.071047
