2285.000000  0.027742
2760.000000  0.004203
3137.000000  0.003963
3609.000000  -0.006536
4442.000000  -0.001738
5383.000000  0.004273
6212.000000  -0.003549
7034.000000  0.007333
7718.000000  -0.006020
8507.000000  0.011703
9408.000000  -0.010409
10175.000000  0.000129
10773.000000  0.000961
11397.000000  0.000205
12092.000000  -0.001526
12618.000000  0.000560
12949.000000  0.001826
13235.000000  -0.000631
13692.000000  -0.001030
14236.000000  0.001516
14688.000000  0.000180
15091.000000  0.002883
15532.000000  0.002440
15974.000000  0.008504
16702.000000  0.004933
17457.000000  0.047061
18189.000000  -0.033190
18953.000000  0.082944
19485.000000  0.079812
19769.000000  0.152018
19957.000000  -0.181341
20190.000000  -0.064914
20715.000000  0.154416
21276.000000  0.016810
21736.000000  -0.137761
22211.000000  -0.020124
22457.000000  0.090280
22799.000000  0.137906
23242.000000  0.511586
23718.000000  -0.487040
24103.000000  0.065780
24405.000000  -0.022088
24746.000000  -0.010409
25096.000000  0.002373
25577.000000  -0.010083
25962.000000  -0.003848
26391.000000  0.020180
26822.000000  0.011705
27123.000000  -0.024899
27367.000000  0.002578
27918.000000  -0.000023
28678.000000  0.008651
29522.000000  0.013504
30245.000000  -0.007137
31055.000000  -0.014771
31906.000000  -0.008924
32769.000000  0.007395
33491.000000  0.008876
34097.000000  0.004261
34759.000000  0.009920
35360.000000  -0.014172
35789.000000  0.031564
36194.000000  -0.035136
36670.000000  -0.005382
37029.000000  0.045671
37330.000000  -0.027165
37642.000000  -0.016829
37997.000000  -0.001049
38376.000000  0.041488
38683.000000  -0.037890
39012.000000  -0.008494
39551.000000  0.014752
39815.000000  0.004924
40117.000000  -0.020195
40509.000000  -0.040348
40938.000000  0.104579
41384.000000  -0.007969
42120.000000  0.023164
42885.000000  -0.170445
43557.000000  0.219705
44276.000000  0.072881
44962.000000  -0.237884
45690.000000  0.260495
46106.000000  -0.040365
46729.000000  0.070236
47598.000000  -0.197060
48294.000000  0.036503
48796.000000  -0.458161
49126.000000  0.686199
49459.000000  0.093388
49807.000000  0.033135
50429.000000  -0.679300
50915.000000  -0.012851
51184.000000  0.002329
51761.000000  -0.002360
52109.000000  -0.014332
52539.000000  0.008085
53119.000000  -0.012396
53582.000000  -0.002637
53800.000000  0.013794
53943.000000  0.009772
54229.000000  -0.009814
54558.000000  -0.000755
54940.000000  0.005856
55430.000000  -0.007789
56149.000000  -0.004308
56756.000000  -0.001046
57105.000000  0.000458
57292.000000  -0.003543
57650.000000  -0.005761
58114.000000  -0.092400
58685.000000  0.005162
59391.000000  0.000142
60077.000000  -0.010345
60647.000000  0.162155
61137.000000  -0.148603
61680.000000  0.169855
62050.000000  0.030066
62419.000000  -0.062048
62822.000000  -0.074869
63472.000000  -0.072564
63734.000000  -0.020350
64193.000000  -0.007700
64458.000000  -0.001046
64595.000000  0.000548
64869.000000  0.009656
65004.000000  -0.005852
65302.000000  0.010187
65634.000000  -0.005167
66057.000000  0.002636
66413.000000  -0.002324
66900.000000  -0.004065
67330.000000  0.005252
67567.000000  0.006291
68097.000000  -0.011139
68483.000000  -0.000290
68779.000000  -0.004520
69042.000000  -0.000193
69458.000000  0.001291
69993.000000  -0.000384
70532.000000  0.000917
71126.000000  -0.001542
71674.000000  0.006805
72352.000000  -0.000305
72985.000000  -0.003650
73637.000000  0.007244
74062.000000  -0.008786
74488.000000  -0.001384
75012.000000  0.011375
75404.000000  -0.011260
75665.000000  -0.001554
75825.000000  -0.000164
76096.000000  -0.001386
76405.000000  0.001069
76676.000000  0.000268
77090.000000  0.002634
77414.000000  0.000711
77636.000000  0.014898
78276.000000  -0.018844
78598.000000  -0.000114
78836.000000  -0.000318
79062.000000  0.000894
79374.000000  -0.001367
79758.000000  0.005839
80233.000000  -0.000006
80370.000000  -0.000652
80645.000000  -0.004189
81303.000000  0.002923
81901.000000  -0.000353
82492.000000  0.003165
82859.000000  -0.007455
83083.000000  0.006746
83496.000000  -0.007634
83762.000000  -0.000195
84115.000000  0.004922
84366.000000  -0.004061
84658.000000  0.009032
84940.000000  -0.008841
85631.000000  -0.000255
86135.000000  0.006134
86298.000000  -0.006862
86441.000000  -0.000806
86530.000000  -0.001931
86594.000000  -0.000894
86770.000000  0.002924
87215.000000  0.000335
87456.000000  -0.001855
87781.000000  -0.000098
88010.000000  0.005324
88132.000000  0.002007
88196.000000  -0.007240
88500.000000  0.002666
88835.000000  -0.001691
89065.000000  -0.000892
89193.000000  0.007707
89308.000000  -0.007966
89360.000000  -0.001461
89629.000000  0.008275
89721.000000  -0.008523
89892.000000  0.013029
90116.000000  -0.010585
90378.000000  0.001660
90389.000000  -0.004409
90694.000000  0.002173
90914.000000  0.009304
91243.000000  -0.002067
91287.000000  -0.009378
91436.000000  -0.001269
91496.000000  0.001173
