399.000000  0.192150
550.000000  0.145161
637.000000  0.154738
733.000000  0.154556
847.000000  0.170612
1038.000000  0.189410
1174.000000  0.190133
1354.000000  0.220282
1500.000000  0.233770
1627.000000  0.214355
1781.000000  0.201421
1787.000000  0.107498
1949.000000  0.199288
2069.000000  0.216179
2204.000000  0.220270
2323.000000  0.207891
2425.000000  0.187614
2537.000000  0.198554
2712.000000  0.205907
2857.000000  0.229004
2984.000000  0.236406
3136.000000  0.244748
3290.000000  0.250679
3417.000000  0.243594
3567.000000  0.241513
3694.000000  0.264348
3860.000000  0.292710
4037.000000  0.276308
4203.000000  0.300970
4321.000000  0.310302
4459.000000  0.287849
4498.000000  0.233380
4674.000000  0.320942
4806.000000  0.330267
4901.000000  0.316628
5032.000000  0.323934
5166.000000  0.324885
5292.000000  0.329830
5484.000000  0.347459
5650.000000  0.345976
5770.000000  0.288889
5849.000000  0.271330
5924.000000  0.318600
5996.000000  0.343991
6099.000000  0.331856
6231.000000  0.408977
6319.000000  0.367913
6490.000000  0.381903
6628.000000  0.366263
6676.000000  0.272167
6676.000000  0.205973
6682.000000  0.207244
6687.000000  0.204737
6744.000000  0.272843
6860.000000  0.247066
6982.000000  0.249342
6999.000000  0.194865
7124.000000  0.278863
7246.000000  0.250168
7263.000000  0.170475
7392.000000  0.261370
7421.000000  0.187635
7501.000000  0.233286
7557.000000  0.237744
7607.000000  0.227044
7656.000000  0.234985
7704.000000  0.250451
7764.000000  0.234807
7823.000000  0.208280
7863.000000  0.223547
7941.000000  0.250165
8084.000000  0.300736
8224.000000  0.315063
8364.000000  0.346994
8599.000000  0.344841
8761.000000  0.356507
8931.000000  0.354432
9085.000000  0.355635
9175.000000  0.276557
9262.000000  0.315065
9366.000000  0.347791
9476.000000  0.371937
9642.000000  0.397075
9678.000000  0.283287
9841.000000  0.373911
10005.000000  0.381943
10187.000000  0.403563
10323.000000  0.394445
10453.000000  0.373656
10613.000000  0.399313
10731.000000  0.354919
10874.000000  0.388005
11023.000000  0.380633
11141.000000  0.357360
11239.000000  0.358084
11373.000000  0.364905
11559.000000  0.384085
11695.000000  0.360444
11829.000000  0.430456
11946.000000  0.368626
12088.000000  0.397938
12107.000000  0.311020
12271.000000  0.421166
12374.000000  0.419222
12485.000000  0.384378
12593.000000  0.381271
12671.000000  0.363185
12759.000000  0.363085
12847.000000  0.390597
12939.000000  0.390877
13058.000000  0.402568
13163.000000  0.406085
13281.000000  0.417306
13375.000000  0.403981
13452.000000  0.393470
13543.000000  0.393934
13650.000000  0.397827
13788.000000  0.426730
13885.000000  0.433668
14028.000000  0.426244
14120.000000  0.406806
14142.000000  0.318019
14255.000000  0.443552
14462.000000  0.445830
14613.000000  0.490637
14753.000000  0.438136
14926.000000  0.431858
15036.000000  0.427597
15171.000000  0.444865
15334.000000  0.466699
15490.000000  0.473254
15548.000000  0.383796
15705.000000  0.447886
15842.000000  0.441155
16005.000000  0.471442
16164.000000  0.467439
16309.000000  0.465228
16457.000000  0.447072
16559.000000  0.450957
16652.000000  0.444404
16781.000000  0.500483
16814.000000  0.403003
16957.000000  0.501329
17124.000000  0.482605
17283.000000  0.479547
17427.000000  0.484175
17595.000000  0.479047
17724.000000  0.466573
17858.000000  0.472234
17932.000000  0.456203
18031.000000  0.484185
18137.000000  0.496833
18291.000000  0.538352
18429.000000  0.526254
18477.000000  0.451136
18593.000000  0.530394
18714.000000  0.499809
18837.000000  0.498759
19000.000000  0.541383
19137.000000  0.570431
19212.000000  0.620686
19297.000000  0.574890
19406.000000  0.688314
19513.000000  0.468505
19601.000000  0.479535
19690.000000  0.477561
19791.000000  0.658964
19913.000000  0.688309
20047.000000  0.644963
20211.000000  0.727912
20396.000000  0.769787
20559.000000  0.701132
20656.000000  0.683024
20770.000000  0.574930
20849.000000  0.606332
20905.000000  0.576601
20962.000000  0.597569
21014.000000  0.589234
21061.000000  0.526863
21130.000000  0.536011
21159.000000  0.560896
21221.000000  0.560270
21303.000000  0.568842
21359.000000  0.547240
21421.000000  0.558787
21499.000000  0.557041
21591.000000  0.555279
21703.000000  0.544158
21839.000000  0.640760
21928.000000  0.757362
21952.000000  0.655255
21990.000000  0.745186
22043.000000  0.694488
22168.000000  0.717521
22321.000000  0.832850
22468.000000  0.906850
22595.000000  0.940324
22659.000000  1.078694
22676.000000  0.720746
22786.000000  0.914815
22864.000000  0.917745
22964.000000  0.452183
23047.000000  0.450545
23131.000000  0.448730
23236.000000  0.462548
23324.000000  0.452150
23376.000000  0.448212
23441.000000  0.458582
23513.000000  0.459300
23595.000000  0.474806
23696.000000  0.509443
23714.000000  0.432972
23859.000000  0.538976
23991.000000  0.519617
24145.000000  0.505811
24302.000000  0.557442
24404.000000  0.479157
24492.000000  0.448255
24586.000000  0.478152
24740.000000  0.488530
24942.000000  0.551922
25060.000000  0.595316
25157.000000  0.498668
25192.000000  0.442318
25239.000000  0.442383
25311.000000  0.427890
25407.000000  0.416943
25491.000000  0.458121
25572.000000  0.431895
25673.000000  0.448244
25772.000000  0.438738
25798.000000  0.423644
25865.000000  0.405668
25929.000000  0.409638
25974.000000  0.403583
26040.000000  0.399774
26104.000000  0.409368
26161.000000  0.406088
26247.000000  0.457167
26303.000000  0.429769
26375.000000  0.422850
26467.000000  0.427784
26568.000000  0.439396
26676.000000  0.417488
26705.000000  0.403639
26736.000000  0.395911
26826.000000  0.486195
26937.000000  0.422403
27032.000000  0.436309
27121.000000  0.440505
27220.000000  0.430333
27377.000000  0.431391
27552.000000  0.484607
27592.000000  0.391898
27709.000000  0.458587
27752.000000  0.420501
27766.000000  0.397519
27769.000000  0.384472
27830.000000  0.405729
27872.000000  0.388761
27967.000000  0.456762
28065.000000  0.432908
28147.000000  0.469754
28228.000000  0.426853
28246.000000  0.403811
28314.000000  0.467523
28393.000000  0.484024
28482.000000  0.477884
28593.000000  0.487260
28625.000000  0.384566
28765.000000  0.495516
28938.000000  0.484407
29065.000000  0.455397
29203.000000  0.528183
29353.000000  0.485573
29376.000000  0.411665
29536.000000  0.520191
29639.000000  0.534144
29734.000000  0.478377
29833.000000  0.511314
29993.000000  0.543520
30137.000000  0.526323
30262.000000  0.524246
30353.000000  0.517282
30411.000000  0.474370
30499.000000  0.544976
30544.000000  0.516624
30602.000000  0.560222
30641.000000  0.605323
30806.000000  0.437815
30931.000000  0.441849
31097.000000  0.457198
31266.000000  0.471438
31323.000000  0.465871
31474.000000  0.487004
31601.000000  0.493013
31711.000000  0.500677
31878.000000  0.533358
32054.000000  0.527264
32158.000000  0.492061
32341.000000  0.519257
32411.000000  0.473289
32497.000000  0.484858
32582.000000  0.514203
32669.000000  0.496378
32752.000000  0.489312
32832.000000  0.490742
32927.000000  0.452009
33039.000000  0.528354
33168.000000  0.513018
33330.000000  0.547491
33475.000000  0.521878
33649.000000  0.554808
33831.000000  0.559481
33866.000000  0.451073
33930.000000  0.497059
34104.000000  0.549135
34152.000000  0.459720
34270.000000  0.549680
34389.000000  0.541327
34480.000000  0.494145
34564.000000  0.518411
34654.000000  0.504081
34752.000000  0.535157
34834.000000  0.517891
34933.000000  0.535591
35018.000000  0.530647
35107.000000  0.536688
35230.000000  0.520536
35303.000000  0.557626
35409.000000  0.642194
35493.000000  0.486627
35602.000000  0.655914
35784.000000  0.713130
35884.000000  0.695442
35975.000000  0.712917
36042.000000  0.729479
36122.000000  0.499721
36143.000000  0.480087
36217.000000  0.523600
36249.000000  0.483407
36312.000000  0.616441
36371.000000  0.463571
36453.000000  0.469518
36594.000000  0.488500
36810.000000  0.533051
36926.000000  0.513585
37027.000000  0.461321
37140.000000  0.527673
37166.000000  0.456831
37269.000000  0.502206
37330.000000  0.512292
37401.000000  0.514771
37412.000000  0.503885
37481.000000  0.451666
37569.000000  0.469027
37668.000000  0.476674
37772.000000  0.494126
37882.000000  0.503447
37942.000000  0.505867
38012.000000  0.475887
38090.000000  0.498038
38197.000000  0.498350
38317.000000  0.536410
38421.000000  0.498359
38427.000000  0.435705
38436.000000  0.440534
38496.000000  0.464205
38547.000000  0.439182
38601.000000  0.445580
38655.000000  0.466005
38688.000000  0.434407
38726.000000  0.428235
38777.000000  0.437091
38866.000000  0.454785
38944.000000  0.512457
39068.000000  0.493666
39163.000000  0.484286
39309.000000  0.520640
39323.000000  0.464423
39401.000000  0.475394
39476.000000  0.485006
39576.000000  0.506694
39633.000000  0.508660
39652.000000  0.470247
39653.000000  0.443871
39707.000000  0.507478
39724.000000  0.425142
39761.000000  0.441165
39802.000000  0.401707
39934.000000  0.471152
40082.000000  0.499127
40131.000000  0.394051
40192.000000  0.450785
40251.000000  0.413842
40254.000000  0.430340
40370.000000  0.450169
40468.000000  0.464966
40562.000000  0.455106
40641.000000  0.463827
40649.000000  0.417302
40704.000000  0.446591
40729.000000  0.427208
40740.000000  0.421335
40820.000000  0.430922
