995.000000  0.159099
1267.000000  0.141142
1518.000000  0.123649
1545.000000  0.034765
1836.000000  0.141794
1902.000000  0.104916
2211.000000  0.181305
2563.000000  0.198484
2882.000000  0.234185
3293.000000  0.278215
3615.000000  0.241840
3894.000000  0.204049
4170.000000  0.198418
4442.000000  0.212830
4691.000000  0.134254
4903.000000  0.138434
5099.000000  0.142355
5146.000000  0.125463
5391.000000  0.200447
5575.000000  0.173837
5748.000000  0.168189
5891.000000  0.167196
6029.000000  0.135208
6205.000000  0.122519
6416.000000  0.188939
6611.000000  0.130512
6810.000000  0.112861
7065.000000  0.144547
7351.000000  0.180284
7642.000000  0.194203
7738.000000  0.144963
8025.000000  0.209818
8325.000000  0.242019
8603.000000  0.208428
8809.000000  0.158755
8934.000000  0.129941
9012.000000  0.065018
9099.000000  0.049496
9169.000000  0.070584
9232.000000  0.056996
9376.000000  0.105444
9522.000000  0.118575
9710.000000  0.149518
9851.000000  0.114158
9996.000000  0.115714
10096.000000  0.074838
10185.000000  0.056481
10309.000000  0.063787
10460.000000  0.119669
10638.000000  0.114301
10874.000000  0.155214
11076.000000  0.134020
11291.000000  0.128112
11453.000000  0.102942
11624.000000  0.084898
11718.000000  0.060482
11803.000000  0.065305
11951.000000  0.101111
12123.000000  0.096586
12275.000000  0.103775
12419.000000  0.100280
12577.000000  0.113393
12780.000000  0.130580
13019.000000  0.168064
13228.000000  0.110173
13454.000000  0.103330
13633.000000  0.093471
13796.000000  0.088329
13922.000000  0.044755
13947.000000  0.030690
14073.000000  0.048873
14210.000000  0.047346
14342.000000  0.046298
14488.000000  0.075307
14527.000000  0.064236
14806.000000  0.108840
15056.000000  0.133753
15300.000000  0.139962
15543.000000  0.129940
15785.000000  0.153438
16012.000000  0.130350
16194.000000  0.098988
16352.000000  0.089372
16445.000000  0.095211
16568.000000  0.107569
16869.000000  0.236966
17159.000000  0.214408
17363.000000  0.186517
17572.000000  0.168909
17807.000000  0.223035
18075.000000  0.246286
18349.000000  0.198702
18526.000000  0.172228
18665.000000  0.130487
18831.000000  0.133553
19022.000000  0.149632
19194.000000  0.168402
19328.000000  0.172229
19485.000000  0.124360
19772.000000  0.195270
20009.000000  0.224658
20158.000000  0.168295
20434.000000  0.273299
20705.000000  0.286650
20975.000000  0.293566
21153.000000  0.275395
21325.000000  0.168242
21579.000000  0.176394
21679.000000  0.180611
21938.000000  0.225459
22121.000000  0.222037
22291.000000  0.142121
22485.000000  0.288681
22672.000000  0.111158
22826.000000  0.092376
22919.000000  0.067988
23069.000000  0.136565
23267.000000  0.192508
23486.000000  0.215880
23661.000000  0.204145
23812.000000  0.236489
23907.000000  0.219556
24096.000000  0.211072
24275.000000  0.212455
24487.000000  0.230433
24663.000000  0.253318
24807.000000  0.174271
24985.000000  0.185511
25105.000000  0.193771
25227.000000  0.202920
25377.000000  0.213441
25534.000000  0.196748
25704.000000  0.209134
25904.000000  0.214566
26102.000000  0.175253
26420.000000  0.336549
26631.000000  0.212720
26930.000000  0.279506
27133.000000  0.339965
27235.000000  0.264211
27366.000000  0.285238
27533.000000  0.282070
27741.000000  0.343182
27940.000000  0.325385
28132.000000  0.337938
28282.000000  0.260505
28377.000000  0.185990
28491.000000  0.255084
28666.000000  0.364175
28919.000000  0.463467
29017.000000  0.090280
29101.000000  0.274996
29219.000000  0.320303
29447.000000  0.111488
29563.000000  0.078616
29655.000000  0.084813
29751.000000  0.094881
29870.000000  0.049670
29966.000000  0.084583
30077.000000  0.144550
30157.000000  0.175813
30306.000000  0.223527
30412.000000  0.052552
30513.000000  0.037293
30616.000000  0.042380
30752.000000  0.041293
30853.000000  0.042430
30926.000000  0.027038
31003.000000  0.080255
31172.000000  0.062151
31385.000000  0.077303
31543.000000  0.077577
31711.000000  0.109221
31906.000000  0.126125
32089.000000  0.117258
32155.000000  0.103693
32334.000000  0.182833
32456.000000  0.167692
32583.000000  0.389588
32744.000000  0.468952
32969.000000  0.735191
33152.000000  0.196581
33350.000000  0.164597
33537.000000  0.141872
33749.000000  0.154053
33980.000000  0.170644
34249.000000  0.442103
34491.000000  0.459776
34774.000000  0.495999
34957.000000  0.286172
35089.000000  0.232140
35207.000000  0.163496
35292.000000  0.205732
35341.000000  0.324400
35357.000000  0.290424
35421.000000  0.509853
35422.000000  0.169575
35471.000000  0.057061
35569.000000  0.078764
35761.000000  0.098150
35928.000000  0.100321
36122.000000  0.389286
36260.000000  0.426790
36413.000000  0.493358
36615.000000  0.486973
36813.000000  0.539882
36987.000000  0.801113
37186.000000  0.797065
37416.000000  0.771643
37590.000000  0.541632
37674.000000  0.442489
37752.000000  0.494197
37802.000000  0.775731
37891.000000  0.071896
37966.000000  0.091589
38220.000000  0.362190
38351.000000  0.340876
38439.000000  0.263845
38464.000000  0.221850
38550.000000  0.245013
38634.000000  0.220944
38716.000000  0.288570
38790.000000  0.163611
38892.000000  0.043550
38905.000000  0.172851
38961.000000  0.163220
39025.000000  0.118444
39054.000000  0.044446
39054.000000  0.000122
39129.000000  0.045790
39208.000000  0.091970
39259.000000  0.021617
39345.000000  0.025295
39432.000000  0.028997
39518.000000  0.049962
39637.000000  0.073332
39764.000000  0.069552
39918.000000  0.076579
40055.000000  0.078508
40184.000000  0.058058
40213.000000  0.033785
40272.000000  0.044524
40305.000000  0.032960
40308.000000  0.002772
40314.000000  0.051877
40475.000000  0.142156
40570.000000  0.137372
40636.000000  0.263670
40743.000000  0.081067
40808.000000  0.084709
40815.000000  0.013431
