995.000000  0.240059
1186.000000  -0.085434
1368.000000  -0.026888
1567.000000  0.004489
1785.000000  0.034220
2010.000000  -0.000089
2241.000000  0.053421
2466.000000  -0.011957
2551.000000  -0.000410
2877.000000  0.030497
3191.000000  0.037055
3514.000000  -0.008081
3571.000000  -0.123172
3913.000000  0.143898
4184.000000  -0.015374
4456.000000  -0.028348
4797.000000  0.055029
5061.000000  -0.020556
5136.000000  -0.077863
5383.000000  0.089839
5633.000000  0.000014
5875.000000  0.015004
6060.000000  -0.008612
6261.000000  -0.028594
6436.000000  -0.007542
6581.000000  -0.027235
6741.000000  0.024090
6851.000000  -0.050717
6984.000000  -0.033896
7081.000000  -0.023981
7222.000000  0.028341
7369.000000  0.040080
7605.000000  0.052454
7840.000000  0.010485
8031.000000  -0.049603
8219.000000  0.018822
8435.000000  -0.022524
8652.000000  0.023340
8823.000000  -0.015383
9018.000000  0.009962
9133.000000  -0.021716
9264.000000  -0.002365
9346.000000  -0.021907
9363.000000  -0.048302
9445.000000  0.010125
9538.000000  -0.019763
9636.000000  0.032023
9811.000000  0.020436
9957.000000  0.026793
10094.000000  0.020997
10254.000000  -0.004271
10410.000000  -0.005573
10549.000000  0.035501
10670.000000  -0.076414
10814.000000  0.118172
10922.000000  -0.106653
11042.000000  0.040757
11160.000000  -0.023685
11280.000000  0.020468
11418.000000  -0.027084
11604.000000  0.006090
11761.000000  -0.001101
11823.000000  0.014408
11955.000000  0.027303
12060.000000  -0.000700
12191.000000  -0.011283
12285.000000  -0.018995
12403.000000  0.018037
12540.000000  -0.015568
12694.000000  0.031987
12832.000000  0.010713
12980.000000  -0.012811
13133.000000  0.099295
13287.000000  -0.053086
13479.000000  0.046198
13670.000000  -0.009285
13853.000000  0.018392
13998.000000  0.009961
14167.000000  0.059524
14295.000000  -0.031808
14488.000000  0.003702
14662.000000  -0.044539
14793.000000  0.011770
14916.000000  -0.021801
15017.000000  -0.018924
15130.000000  0.022662
15199.000000  -0.002598
15307.000000  0.008078
15442.000000  0.001617
15576.000000  -0.015596
15716.000000  -0.005307
15854.000000  -0.005275
16062.000000  0.057508
16229.000000  0.020439
16453.000000  0.017616
16610.000000  -0.031619
16788.000000  0.010130
16989.000000  0.031325
17221.000000  -0.013953
17418.000000  -0.013767
17576.000000  -0.025337
17701.000000  -0.021936
17858.000000  0.032005
18044.000000  -0.011440
18177.000000  0.026104
18322.000000  0.000054
18453.000000  0.078461
18688.000000  0.115164
18872.000000  -0.124784
19063.000000  0.024891
19232.000000  -0.047267
19371.000000  0.022142
19503.000000  -0.067311
19657.000000  0.040369
19747.000000  -0.061630
19876.000000  0.016049
20090.000000  0.124737
20366.000000  0.107827
20643.000000  0.005848
20912.000000  0.035339
21160.000000  0.030068
21397.000000  0.024175
21621.000000  -0.092222
21846.000000  -0.055978
21999.000000  0.098801
22162.000000  -0.115029
22262.000000  -0.016997
22337.000000  0.037948
22403.000000  0.030520
22511.000000  0.086009
22639.000000  0.078275
22833.000000  0.069150
23091.000000  0.131056
23302.000000  -0.069523
23450.000000  -0.053348
23604.000000  -0.048643
23720.000000  -0.213454
23842.000000  0.289558
23942.000000  -0.561898
24087.000000  0.655335
24307.000000  -0.597148
24364.000000  -0.010864
24477.000000  0.023866
24584.000000  -0.092284
24690.000000  -0.022383
24756.000000  0.066727
24815.000000  0.053462
24954.000000  0.007707
25086.000000  0.088314
25247.000000  0.098133
25395.000000  -0.008991
25627.000000  -0.068968
25690.000000  -0.098111
25759.000000  -0.014447
25871.000000  0.093875
26043.000000  -0.056594
26186.000000  -0.013020
26361.000000  0.116115
26560.000000  0.001069
26717.000000  -0.050395
26818.000000  -0.083224
26930.000000  -0.039059
27033.000000  0.023974
27152.000000  0.147011
27312.000000  -0.196340
27464.000000  -0.011535
27597.000000  0.006263
27697.000000  -0.023290
27782.000000  0.015947
27915.000000  0.261473
28104.000000  0.101747
28307.000000  0.158617
28529.000000  -0.443091
28709.000000  -0.049374
28881.000000  0.224366
29048.000000  -0.207396
29216.000000  -0.020615
29425.000000  0.068593
29608.000000  0.057164
29706.000000  -0.056471
29807.000000  -0.033002
30000.000000  0.062145
30232.000000  0.031595
30412.000000  0.011037
30631.000000  0.037495
30846.000000  0.020854
31028.000000  -0.085747
31135.000000  -0.024139
31271.000000  -0.048257
31431.000000  0.016614
31585.000000  0.030182
31739.000000  0.047059
31906.000000  0.133138
32018.000000  0.025598
32107.000000  0.044382
32184.000000  -0.132756
32288.000000  -0.173674
32407.000000  0.022354
32538.000000  0.032766
32686.000000  0.042016
32886.000000  0.362803
33072.000000  0.050052
33208.000000  -0.464680
33315.000000  -0.011773
33380.000000  0.017032
33483.000000  -0.066322
33537.000000  0.002501
33687.000000  0.027581
33772.000000  0.111663
33855.000000  0.004054
33897.000000  -0.014089
33967.000000  -0.026944
34087.000000  0.002437
34211.000000  -0.000316
34254.000000  -0.031178
34299.000000  -0.036450
34358.000000  -0.008017
34432.000000  0.032934
34528.000000  0.037667
34628.000000  -0.011454
34688.000000  -0.010392
34712.000000  -0.024966
34742.000000  0.033426
34793.000000  0.029993
34863.000000  0.001840
34999.000000  0.133799
35113.000000  0.003008
35219.000000  0.049403
35322.000000  -0.242761
35410.000000  -0.057463
35495.000000  -0.000009
35599.000000  0.017498
35705.000000  -0.011145
35790.000000  0.001003
35905.000000  0.013516
36046.000000  0.020399
36154.000000  0.008953
36266.000000  -0.025436
36344.000000  -0.010361
36452.000000  0.037124
36498.000000  -0.052125
36552.000000  0.004615
36609.000000  -0.011096
36642.000000  0.002658
36661.000000  -0.037359
36711.000000  0.016615
36730.000000  -0.006885
36758.000000  -0.003828
36773.000000  -0.001821
36834.000000  0.010312
36898.000000  0.032591
36977.000000  -0.011064
37013.000000  -0.003810
37037.000000  -0.034457
37098.000000  0.035706
37183.000000  0.015880
37268.000000  0.038538
37347.000000  0.000132
37396.000000  -0.014147
37451.000000  0.017201
37520.000000  0.007259
37604.000000  0.018148
37635.000000  -0.021797
37704.000000  -0.030112
37759.000000  0.005481
37830.000000  0.129898
37883.000000  -0.136532
37952.000000  0.020120
38022.000000  0.000578
38157.000000  0.064860
38298.000000  0.141762
38407.000000  -0.063550
38527.000000  0.003509
38697.000000  0.020372
38886.000000  0.013581
39067.000000  -0.030809
39158.000000  -0.104158
39262.000000  -0.033199
39322.000000  0.007153
39381.000000  0.108176
39398.000000  -0.057644
39415.000000  -0.005065
39418.000000  -0.127862
39420.000000  0.024776
39422.000000  0.200711
39485.000000  -0.173268
39575.000000  -0.026309
39628.000000  0.028944
39723.000000  0.016295
39848.000000  0.029029
39970.000000  0.012248
40072.000000  -0.003960
40191.000000  -0.026523
40272.000000  -0.029621
40342.000000  0.012100
40386.000000  -0.003775
40389.000000  -0.036223
40493.000000  0.027016
40539.000000  0.016764
40597.000000  0.007394
40648.000000  0.020377
40716.000000  -0.025678
40744.000000  -0.017426
40791.000000  0.062377
40824.000000  0.009928
40824.000000  -0.111968
