995.000000  0.240059
1186.000000  0.154625
1368.000000  0.127737
1567.000000  0.132226
1785.000000  0.166446
2010.000000  0.166357
2241.000000  0.219778
2466.000000  0.207821
2551.000000  0.207411
2877.000000  0.237907
3191.000000  0.274962
3514.000000  0.266881
3571.000000  0.143709
3913.000000  0.287607
4184.000000  0.272234
4456.000000  0.243886
4797.000000  0.298915
5061.000000  0.278359
5136.000000  0.200496
5383.000000  0.290335
5633.000000  0.290350
5875.000000  0.305354
6060.000000  0.296742
6261.000000  0.268148
6436.000000  0.260606
6581.000000  0.233371
6741.000000  0.257461
6851.000000  0.206745
6984.000000  0.172849
7081.000000  0.148867
7222.000000  0.177209
7369.000000  0.217288
7605.000000  0.269743
7840.000000  0.280228
8031.000000  0.230625
8219.000000  0.249447
8435.000000  0.226923
8652.000000  0.250263
8823.000000  0.234881
9018.000000  0.244843
9133.000000  0.223127
9264.000000  0.220762
9346.000000  0.198855
9363.000000  0.150553
9445.000000  0.160678
9538.000000  0.140915
9636.000000  0.172939
9811.000000  0.193375
9957.000000  0.220168
10094.000000  0.241165
10254.000000  0.236894
10410.000000  0.231321
10549.000000  0.266821
10670.000000  0.190408
10814.000000  0.308580
10922.000000  0.201927
11042.000000  0.242684
11160.000000  0.218999
11280.000000  0.239468
11418.000000  0.212384
11604.000000  0.218474
11761.000000  0.217374
11823.000000  0.231781
11955.000000  0.259085
12060.000000  0.258385
12191.000000  0.247102
12285.000000  0.228107
12403.000000  0.246144
12540.000000  0.230576
12694.000000  0.262562
12832.000000  0.273275
12980.000000  0.260464
13133.000000  0.359759
13287.000000  0.306672
13479.000000  0.352870
13670.000000  0.343585
13853.000000  0.361978
13998.000000  0.371938
14167.000000  0.431462
14295.000000  0.399654
14488.000000  0.403356
14662.000000  0.358817
14793.000000  0.370587
14916.000000  0.348786
15017.000000  0.329862
15130.000000  0.352524
15199.000000  0.349926
15307.000000  0.358004
15442.000000  0.359621
15576.000000  0.344025
15716.000000  0.338718
15854.000000  0.333443
16062.000000  0.390951
16229.000000  0.411390
16453.000000  0.429006
16610.000000  0.397387
16788.000000  0.407517
16989.000000  0.438842
17221.000000  0.424890
17418.000000  0.411123
17576.000000  0.385785
17701.000000  0.363849
17858.000000  0.395854
18044.000000  0.384414
18177.000000  0.410518
18322.000000  0.410572
18453.000000  0.489033
18688.000000  0.604197
18872.000000  0.479414
19063.000000  0.504304
19232.000000  0.457037
19371.000000  0.479180
19503.000000  0.411868
19657.000000  0.452238
19747.000000  0.390608
19876.000000  0.406658
20090.000000  0.531394
20366.000000  0.639221
20643.000000  0.645069
20912.000000  0.680408
21160.000000  0.710476
21397.000000  0.734651
21621.000000  0.642429
21846.000000  0.586452
21999.000000  0.685253
22162.000000  0.570224
22262.000000  0.553227
22337.000000  0.591175
22403.000000  0.621695
22511.000000  0.707704
22639.000000  0.785979
22833.000000  0.855129
23091.000000  0.986185
23302.000000  0.916662
23450.000000  0.863314
23604.000000  0.814671
23720.000000  0.601218
23842.000000  0.890776
23942.000000  0.328878
24087.000000  0.984214
24307.000000  0.387066
24364.000000  0.376202
24477.000000  0.400068
24584.000000  0.307784
24690.000000  0.285401
24756.000000  0.352128
24815.000000  0.405590
24954.000000  0.413298
25086.000000  0.501611
25247.000000  0.599744
25395.000000  0.590753
25627.000000  0.521785
25690.000000  0.423673
25759.000000  0.409227
25871.000000  0.503102
26043.000000  0.446508
26186.000000  0.433488
26361.000000  0.549603
26560.000000  0.550671
26717.000000  0.500276
26818.000000  0.417052
26930.000000  0.377993
27033.000000  0.401967
27152.000000  0.548979
27312.000000  0.352639
27464.000000  0.341104
27597.000000  0.347366
27697.000000  0.324077
27782.000000  0.340024
27915.000000  0.601497
28104.000000  0.703244
28307.000000  0.861861
28529.000000  0.418770
28709.000000  0.369396
28881.000000  0.593762
29048.000000  0.386367
29216.000000  0.365752
29425.000000  0.434345
29608.000000  0.491509
29706.000000  0.435037
29807.000000  0.402035
30000.000000  0.464180
30232.000000  0.495775
30412.000000  0.506812
30631.000000  0.544306
30846.000000  0.565160
31028.000000  0.479413
31135.000000  0.455274
31271.000000  0.407017
31431.000000  0.423631
31585.000000  0.453813
31739.000000  0.500872
31906.000000  0.634010
32018.000000  0.659609
32107.000000  0.703991
32184.000000  0.571235
32288.000000  0.397561
32407.000000  0.419915
32538.000000  0.452681
32686.000000  0.494696
32886.000000  0.857499
33072.000000  0.907551
33208.000000  0.442871
33315.000000  0.431098
33380.000000  0.448130
33483.000000  0.381808
33537.000000  0.384310
33687.000000  0.411890
33772.000000  0.523554
33855.000000  0.527608
33897.000000  0.513519
33967.000000  0.486575
34087.000000  0.489011
34211.000000  0.488696
34254.000000  0.457518
34299.000000  0.421068
34358.000000  0.413050
34432.000000  0.445984
34528.000000  0.483651
34628.000000  0.472197
34688.000000  0.461806
34712.000000  0.436840
34742.000000  0.470266
34793.000000  0.500259
34863.000000  0.502100
34999.000000  0.635899
35113.000000  0.638907
35219.000000  0.688309
35322.000000  0.445548
35410.000000  0.388085
35495.000000  0.388076
35599.000000  0.405574
35705.000000  0.394429
35790.000000  0.395431
35905.000000  0.408948
36046.000000  0.429347
36154.000000  0.438300
36266.000000  0.412864
36344.000000  0.402504
36452.000000  0.439628
36498.000000  0.387503
36552.000000  0.392118
36609.000000  0.381022
36642.000000  0.383680
36661.000000  0.346321
36711.000000  0.362935
36730.000000  0.356051
36758.000000  0.352222
36773.000000  0.350401
36834.000000  0.360713
36898.000000  0.393304
36977.000000  0.382241
37013.000000  0.378430
37037.000000  0.343974
37098.000000  0.379680
37183.000000  0.395560
37268.000000  0.434098
37347.000000  0.434231
37396.000000  0.420084
37451.000000  0.437285
37520.000000  0.444543
37604.000000  0.462692
37635.000000  0.440894
37704.000000  0.410782
37759.000000  0.416264
37830.000000  0.546162
37883.000000  0.409630
37952.000000  0.429750
38022.000000  0.430328
38157.000000  0.495188
38298.000000  0.636950
38407.000000  0.573400
38527.000000  0.576908
38697.000000  0.597280
38886.000000  0.610861
39067.000000  0.580052
39158.000000  0.475894
39262.000000  0.442696
39322.000000  0.449848
39381.000000  0.558025
39398.000000  0.500381
39415.000000  0.495316
39418.000000  0.367454
39420.000000  0.392230
39422.000000  0.592941
39485.000000  0.419673
39575.000000  0.393363
39628.000000  0.422307
39723.000000  0.438602
39848.000000  0.467631
39970.000000  0.479879
40072.000000  0.475919
40191.000000  0.449396
40272.000000  0.419775
40342.000000  0.431875
40386.000000  0.428101
40389.000000  0.391878
40493.000000  0.418894
40539.000000  0.435658
40597.000000  0.443052
40648.000000  0.463429
40716.000000  0.437751
40744.000000  0.420325
40791.000000  0.482702
40824.000000  0.492630
40824.000000  0.380662
