2285.000000  0.512905
2904.000000  -0.133941
3499.000000  -0.046795
4119.000000  0.080687
4798.000000  0.076374
5295.000000  -0.006440
5622.000000  -0.002892
6525.000000  0.130009
6896.000000  -0.030865
7556.000000  0.002255
8235.000000  0.016620
9029.000000  0.050077
9515.000000  -0.001480
10405.000000  0.101312
11266.000000  0.051465
12008.000000  -0.111636
12676.000000  -0.085063
13349.000000  -0.033769
14115.000000  0.058553
14768.000000  0.111821
15273.000000  -0.051148
15776.000000  0.002184
16351.000000  0.060477
16919.000000  -0.074931
17343.000000  -0.063678
17906.000000  -0.088307
18506.000000  0.035091
19167.000000  0.087275
19790.000000  -0.026856
20147.000000  -0.112007
20526.000000  -0.013033
21028.000000  0.025265
21542.000000  0.032796
22059.000000  0.030439
22485.000000  -0.016278
22994.000000  0.037850
23406.000000  -0.131785
23866.000000  0.055140
24187.000000  -0.004530
24571.000000  0.121851
24906.000000  -0.019196
25189.000000  -0.056653
25543.000000  0.083646
25959.000000  0.009529
26469.000000  -0.013861
26896.000000  0.015552
27277.000000  0.105381
27620.000000  0.099129
27891.000000  -0.167704
28146.000000  0.018816
28326.000000  -0.064844
28541.000000  0.077947
28831.000000  0.080769
29419.000000  0.028067
29809.000000  -0.195617
30160.000000  -0.057351
30576.000000  0.264941
31070.000000  -0.178822
31530.000000  -0.014708
32108.000000  -0.035457
32477.000000  -0.085883
33033.000000  0.195556
33386.000000  -0.121781
33635.000000  -0.035020
34191.000000  0.178859
34694.000000  0.126263
35099.000000  0.017000
35382.000000  0.058270
35891.000000  -0.163905
36418.000000  0.088019
36970.000000  0.070891
37385.000000  -0.159566
37776.000000  -0.143957
38182.000000  0.076911
38514.000000  0.020076
39016.000000  0.018532
39461.000000  -0.003179
39956.000000  -0.040566
40260.000000  0.026326
40502.000000  0.031172
40708.000000  0.046229
40872.000000  -0.062542
41058.000000  0.003985
41286.000000  0.046220
41739.000000  0.080902
42144.000000  0.133558
42700.000000  0.013802
43279.000000  0.127019
43833.000000  -0.146470
44334.000000  0.072038
44962.000000  -0.039271
45504.000000  0.150476
45909.000000  -0.128049
46297.000000  -0.039020
46795.000000  0.412620
47310.000000  -0.107638
47822.000000  0.044518
48285.000000  -0.131255
48672.000000  -0.011163
49011.000000  0.190984
49396.000000  -0.000900
49989.000000  -0.546672
50363.000000  -0.110704
50712.000000  0.580351
51021.000000  0.214480
51241.000000  0.726001
51476.000000  -1.459303
51782.000000  0.074656
52194.000000  0.013712
52647.000000  0.759075
53374.000000  0.183495
53774.000000  -0.603184
54344.000000  0.285627
54689.000000  0.097667
55034.000000  0.058159
55482.000000  0.293521
55890.000000  0.077519
56459.000000  -1.163482
56967.000000  0.070919
57423.000000  -0.031195
57995.000000  -0.058404
58343.000000  -0.080056
58811.000000  0.098670
59303.000000  -0.031135
59728.000000  -0.008911
60155.000000  0.084751
60691.000000  0.167538
61133.000000  -0.069253
61382.000000  -0.063275
61599.000000  -0.170150
61979.000000  0.016420
62362.000000  0.049152
62794.000000  0.070392
63170.000000  0.017596
63556.000000  0.151909
63816.000000  0.282302
64173.000000  1.189116
64477.000000  -1.653926
64798.000000  -0.014910
65305.000000  0.139426
65682.000000  -0.134395
65978.000000  -0.017335
66384.000000  0.024103
66925.000000  0.014760
67367.000000  -0.030921
67706.000000  -0.028710
68038.000000  0.121802
68304.000000  -0.055464
68603.000000  0.256225
68905.000000  0.025607
69393.000000  0.190724
69880.000000  -0.200557
70207.000000  -0.056348
70604.000000  -0.183346
70916.000000  0.032687
71255.000000  -0.047151
71622.000000  0.061068
71963.000000  0.035744
72273.000000  0.057705
72833.000000  0.348834
73532.000000  0.543435
74176.000000  -0.198677
74788.000000  0.146214
75256.000000  0.195503
75778.000000  -0.141976
76165.000000  0.037783
76492.000000  -0.425077
76835.000000  -0.241235
76987.000000  -0.127864
77057.000000  -0.389360
77164.000000  0.315843
77282.000000  -0.241510
77430.000000  0.032170
77649.000000  1.170023
78022.000000  -0.690199
78293.000000  0.330355
78612.000000  0.138443
78807.000000  -0.344991
79086.000000  -0.637213
79450.000000  0.231213
80004.000000  0.185668
80736.000000  0.044744
81513.000000  -0.012121
81922.000000  -0.143586
82299.000000  -0.136068
82576.000000  -0.093086
82851.000000  0.138365
83319.000000  -0.002508
83595.000000  0.229472
83728.000000  -0.040677
84010.000000  0.048654
84386.000000  -0.302399
84698.000000  -0.073577
84786.000000  -0.126162
84976.000000  -0.004488
85121.000000  0.162081
85286.000000  0.404892
85498.000000  0.244467
85722.000000  -0.109663
85962.000000  -0.184274
86158.000000  -0.477433
86320.000000  -0.016256
86389.000000  -0.017588
86675.000000  0.227754
86890.000000  0.000028
87277.000000  0.164660
87364.000000  -0.107751
87571.000000  0.045922
87894.000000  0.034838
88119.000000  0.214660
88234.000000  -0.342641
88330.000000  -0.022975
88451.000000  -0.100234
88660.000000  0.035262
88862.000000  -0.126484
89060.000000  0.059018
89183.000000  -0.011546
89299.000000  -0.025782
89385.000000  0.048432
89411.000000  -0.051433
89663.000000  0.056196
89899.000000  -0.042776
90178.000000  0.046053
90528.000000  0.043560
90759.000000  0.016502
91018.000000  0.029234
91182.000000  -0.066962
91238.000000  -0.039214
91307.000000  0.031024
91398.000000  0.034783
91495.000000  -0.065073
91507.000000  0.020142
