995.000000  8.725757
1481.000000  1.654532
1824.000000  1.220336
2124.000000  1.172148
2407.000000  1.027493
2639.000000  1.003178
2868.000000  1.164632
3060.000000  0.949865
3335.000000  0.868896
3501.000000  0.769253
3747.000000  0.803895
3969.000000  1.184896
4099.000000  1.149714
4236.000000  1.077171
4359.000000  1.134061
4531.000000  1.161824
4738.000000  0.927305
4854.000000  0.413637
4932.000000  0.899542
5039.000000  0.905422
5212.000000  1.001775
5312.000000  0.493778
5314.000000  0.123792
5387.000000  0.113876
5483.000000  0.245637
5639.000000  0.393427
5819.000000  0.502135
6016.000000  0.878664
6216.000000  1.018896
6344.000000  1.287854
6539.000000  0.146862
6722.000000  1.386901
6918.000000  1.727629
7190.000000  1.249717
7471.000000  1.318398
7709.000000  1.818030
8006.000000  2.194263
8291.000000  2.145228
8484.000000  1.196492
8653.000000  1.325005
8889.000000  1.780360
9301.000000  1.207690
9538.000000  1.531216
9802.000000  1.226597
9989.000000  1.465102
10237.000000  1.308450
10489.000000  1.289044
10691.000000  1.363954
10828.000000  1.537470
11013.000000  1.261787
11190.000000  1.221254
11364.000000  1.247008
11521.000000  1.265935
11745.000000  1.646081
11989.000000  1.389411
12217.000000  1.552394
12431.000000  1.120485
12596.000000  0.310787
12762.000000  1.137437
12967.000000  1.137895
13202.000000  1.105616
13478.000000  0.935279
13751.000000  1.343306
14073.000000  1.037542
14371.000000  1.073927
14636.000000  0.844939
14930.000000  0.764060
15220.000000  0.799074
15552.000000  1.276806
15766.000000  0.758021
15974.000000  1.146060
16188.000000  0.523597
16416.000000  1.114640
16631.000000  0.544957
16861.000000  0.491042
17252.000000  1.104950
17570.000000  1.226086
17834.000000  1.031044
18046.000000  1.015709
18219.000000  0.906415
18405.000000  1.089311
18614.000000  1.137228
18744.000000  0.987317
18852.000000  0.649980
18995.000000  0.713145
19219.000000  0.599254
19505.000000  0.644888
19685.000000  0.558127
19897.000000  0.483236
20136.000000  0.441620
20362.000000  0.419826
20586.000000  0.421843
20779.000000  0.509941
20950.000000  0.501207
21119.000000  0.462456
21275.000000  0.458768
21449.000000  0.387585
21595.000000  0.387303
21680.000000  0.385085
21896.000000  0.552929
22005.000000  0.408425
22074.000000  0.388145
22178.000000  0.374082
22322.000000  0.615259
22501.000000  0.591925
22558.000000  0.372293
22628.000000  0.539675
22725.000000  0.955957
22854.000000  1.216635
22987.000000  1.271282
23113.000000  0.744951
23277.000000  0.750103
23520.000000  0.838502
23818.000000  0.888438
24119.000000  1.243939
24399.000000  0.698194
24554.000000  0.643250
24724.000000  0.409139
24937.000000  0.422402
25164.000000  0.641099
25336.000000  0.811576
25474.000000  0.893775
25566.000000  0.430245
25692.000000  0.454741
25835.000000  0.749203
26052.000000  1.102270
26248.000000  1.319203
26429.000000  1.236204
26604.000000  1.305722
26792.000000  1.260259
26974.000000  1.166947
27177.000000  1.178626
27393.000000  1.350652
27578.000000  1.166892
27748.000000  1.040128
27888.000000  0.841033
28059.000000  0.764100
28259.000000  0.944793
28489.000000  1.139430
28778.000000  1.126916
29067.000000  1.180002
29314.000000  1.259806
29550.000000  1.030893
29740.000000  1.110438
29895.000000  1.007926
30038.000000  0.772774
30153.000000  0.573463
30256.000000  0.534695
30326.000000  0.707817
30396.000000  0.746985
30482.000000  0.583517
30651.000000  0.689664
30812.000000  0.569524
31015.000000  0.710923
31241.000000  0.636554
31555.000000  0.794909
31776.000000  0.787288
31909.000000  0.718293
31928.000000  0.414145
31967.000000  0.487178
32028.000000  0.428545
32148.000000  0.448946
32292.000000  0.420826
32373.000000  0.433206
32524.000000  0.502595
32661.000000  0.454668
32800.000000  0.488596
32915.000000  0.462362
33013.000000  0.453328
33017.000000  0.414958
33090.000000  0.513920
33197.000000  0.503441
33318.000000  0.622691
33557.000000  0.731771
33776.000000  0.683792
33958.000000  0.690601
34142.000000  0.647281
34359.000000  0.561934
34600.000000  0.635633
34762.000000  0.541711
34859.000000  0.490037
34969.000000  0.656626
35121.000000  0.698407
35187.000000  0.620410
35252.000000  0.537220
35373.000000  0.641356
35422.000000  0.538140
35424.000000  0.478965
35512.000000  0.497649
35537.000000  0.429798
35652.000000  0.519499
35833.000000  0.610671
35922.000000  0.486194
36011.000000  0.426836
36137.000000  0.522751
36197.000000  0.516591
36243.000000  0.453778
36321.000000  0.468592
36415.000000  0.472192
36507.000000  0.445656
36600.000000  0.440235
36676.000000  0.499797
36722.000000  0.456393
36809.000000  0.463959
36888.000000  0.602252
36925.000000  0.525484
37015.000000  0.427085
37077.000000  0.587116
37146.000000  0.398003
37204.000000  0.425509
37284.000000  0.409335
37497.000000  0.468489
37656.000000  0.584173
37800.000000  0.642181
37879.000000  0.645437
37880.000000  0.409849
37936.000000  0.467880
37979.000000  0.420035
38115.000000  0.592306
38299.000000  0.594385
38450.000000  0.428423
38526.000000  0.431387
38617.000000  0.424297
38741.000000  0.540656
38916.000000  0.594554
39107.000000  0.622985
39259.000000  0.558858
39418.000000  0.537517
39480.000000  0.458610
39527.000000  0.434067
39536.000000  0.419136
39601.000000  0.413960
39660.000000  0.435586
39810.000000  0.429501
39876.000000  0.429535
39980.000000  0.449106
40045.000000  0.454425
40147.000000  0.485483
40174.000000  0.403298
40252.000000  0.567211
40314.000000  0.547106
40399.000000  0.531468
40505.000000  0.551742
40652.000000  0.500820
40727.000000  0.483530
40808.000000  0.504564
40824.000000  0.413102
