995.000000  8.376799
1481.000000  -6.854900
1824.000000  -0.436523
2124.000000  -0.041964
2407.000000  -0.152032
2639.000000  -0.042698
2868.000000  0.162564
3060.000000  -0.202034
3335.000000  -0.093753
3501.000000  -0.085134
3747.000000  0.014462
3969.000000  0.364053
4099.000000  -0.030195
4236.000000  -0.067620
4359.000000  0.062145
4531.000000  0.010455
4738.000000  -0.235557
4854.000000  -0.480208
4932.000000  0.479499
5039.000000  -0.005768
5212.000000  0.091098
5312.000000  -0.482965
5314.000000  -0.348121
5387.000000  -0.001389
5483.000000  0.117646
5639.000000  0.143610
5819.000000  0.091357
6016.000000  0.361677
6216.000000  0.143661
6344.000000  0.260679
6539.000000  -1.115718
6722.000000  1.159181
6918.000000  0.339549
7190.000000  -0.483846
7471.000000  0.087387
7709.000000  0.486456
8006.000000  0.350950
8291.000000  -0.048255
8484.000000  -0.915183
8653.000000  0.120462
8889.000000  0.429441
9301.000000  -0.563263
9538.000000  0.288077
9802.000000  -0.269333
9989.000000  0.206330
10237.000000  -0.149644
10489.000000  -0.026058
10691.000000  0.069734
10828.000000  0.181941
11013.000000  -0.282385
11190.000000  -0.042199
11364.000000  0.031614
11521.000000  0.009443
11745.000000  0.356363
11989.000000  -0.235822
12217.000000  0.134189
12431.000000  -0.401573
12596.000000  -0.805098
12762.000000  0.820762
12967.000000  -0.024439
13202.000000  -0.034032
13478.000000  -0.193741
13751.000000  0.429737
14073.000000  -0.314474
14371.000000  0.031404
14636.000000  -0.224052
14930.000000  -0.106425
15220.000000  0.043310
15552.000000  0.457115
15766.000000  -0.511472
15974.000000  0.348817
16188.000000  -0.566564
16416.000000  0.565861
16631.000000  -0.559615
16861.000000  -0.062575
17252.000000  0.545957
17570.000000  0.151559
17834.000000  -0.187019
18046.000000  -0.023325
18219.000000  -0.098539
18405.000000  0.183404
18614.000000  0.043400
18744.000000  -0.141375
18852.000000  -0.345742
18995.000000  0.061790
19219.000000  -0.111234
19505.000000  0.022229
19685.000000  -0.046628
19897.000000  -0.069579
20136.000000  -0.079097
20362.000000  0.003978
20586.000000  0.013139
20779.000000  0.077994
20950.000000  -0.010286
21119.000000  -0.049723
21275.000000  -0.019427
21449.000000  -0.048780
21595.000000  -0.003616
21680.000000  -0.000232
21896.000000  0.178747
22005.000000  -0.133765
22074.000000  -0.042475
22178.000000  -0.002316
22322.000000  0.249955
22501.000000  -0.017876
22558.000000  -0.231656
22628.000000  0.170653
22725.000000  0.399134
22854.000000  0.258539
22987.000000  0.040050
23113.000000  -0.514912
23277.000000  0.031127
23520.000000  0.066028
23818.000000  0.011068
24119.000000  0.378946
24399.000000  -0.542243
24554.000000  -0.059493
24724.000000  -0.215094
24937.000000  0.005169
25164.000000  0.200599
25336.000000  0.179274
25474.000000  0.074766
25566.000000  -0.436214
25692.000000  0.021346
25835.000000  0.290249
26052.000000  0.355116
26248.000000  0.193598
26429.000000  -0.073497
26604.000000  0.061845
26792.000000  -0.035096
26974.000000  -0.096968
27177.000000  -0.020790
27393.000000  0.181367
27578.000000  -0.189259
27748.000000  -0.108140
27888.000000  -0.231915
28059.000000  -0.035406
28259.000000  0.167494
28489.000000  0.167882
28778.000000  0.014135
29067.000000  0.018268
29314.000000  0.095119
29550.000000  -0.211278
29740.000000  0.039761
29895.000000  -0.075827
30038.000000  -0.340923
30153.000000  -0.089816
30256.000000  -0.016338
30326.000000  0.158931
30396.000000  0.030746
30482.000000  -0.154335
30651.000000  0.114833
30812.000000  -0.130599
31015.000000  0.150359
31241.000000  -0.084274
31555.000000  0.139651
31776.000000  0.010433
31909.000000  -0.082613
31928.000000  -0.273617
31967.000000  0.075653
32028.000000  -0.034222
32148.000000  0.000329
32292.000000  -0.036931
32373.000000  0.021548
32524.000000  0.050114
32661.000000  -0.038099
32800.000000  0.034135
32915.000000  -0.021711
33013.000000  0.000643
33017.000000  -0.035719
33090.000000  0.074130
33197.000000  0.017663
33318.000000  0.108364
33557.000000  0.087433
33776.000000  -0.048495
33958.000000  0.021835
34142.000000  -0.039845
34359.000000  -0.106550
34600.000000  0.055892
34762.000000  -0.066950
34859.000000  -0.040192
34969.000000  0.144619
35121.000000  0.036019
35187.000000  -0.067884
35252.000000  -0.067415
35373.000000  0.084550
35422.000000  -0.119818
35424.000000  -0.034415
35512.000000  0.035292
35537.000000  -0.098029
35652.000000  0.098620
35833.000000  0.107846
35922.000000  -0.148910
36011.000000  -0.047321
36137.000000  0.062841
36197.000000  0.040683
36243.000000  -0.070558
36321.000000  0.004280
36415.000000  0.026604
36507.000000  -0.022306
36600.000000  -0.005650
36676.000000  0.033983
36722.000000  -0.017304
36809.000000  -0.000674
36888.000000  0.119419
36925.000000  -0.080784
37015.000000  -0.087302
37077.000000  0.178045
37146.000000  -0.191356
37204.000000  0.018418
37284.000000  -0.014345
37497.000000  0.033594
37656.000000  0.090386
37800.000000  0.068935
37879.000000  0.022702
37880.000000  -0.218385
37936.000000  0.071855
37979.000000  -0.058427
38115.000000  0.150735
38299.000000  0.014057
38450.000000  -0.166485
38526.000000  0.002282
38617.000000  0.012288
38741.000000  0.105966
38916.000000  0.047615
39107.000000  0.010896
39259.000000  -0.064549
39418.000000  -0.020709
39480.000000  -0.058270
39527.000000  -0.017125
39536.000000  -0.019006
39601.000000  0.001698
39660.000000  0.005302
39810.000000  0.000749
39876.000000  -0.004412
39980.000000  0.013132
40045.000000  0.004372
40147.000000  -0.013121
40174.000000  -0.017270
40252.000000  0.136539
40314.000000  0.009386
40399.000000  -0.022106
40505.000000  0.027902
40652.000000  -0.056834
40727.000000  -0.007100
40808.000000  0.010149
40824.000000  -0.071411
