269.000000  0.070395
317.000000  -0.029623
343.000000  -0.014160
365.000000  0.002142
401.000000  0.017968
439.000000  -0.003117
479.000000  0.001829
525.000000  0.001531
553.000000  -0.005504
596.000000  0.013480
662.000000  0.005825
706.000000  0.001228
740.000000  -0.018125
795.000000  0.015750
833.000000  -0.001604
872.000000  -0.005950
912.000000  0.010378
959.000000  -0.006227
1003.000000  0.013094
1029.000000  -0.031891
1069.000000  0.023441
1120.000000  -0.003756
1164.000000  0.005045
1219.000000  0.014804
1252.000000  -0.011636
1307.000000  -0.000171
1333.000000  0.009835
1357.000000  -0.021207
1400.000000  -0.003814
1416.000000  -0.007434
1443.000000  0.028813
1468.000000  0.002643
1494.000000  -0.009984
1534.000000  0.011168
1564.000000  -0.000311
1598.000000  -0.017707
1627.000000  -0.004225
1643.000000  -0.005480
1660.000000  0.001048
1691.000000  0.001519
1730.000000  0.013949
1755.000000  -0.015193
1785.000000  0.013965
1826.000000  -0.003455
1854.000000  0.000019
1872.000000  0.006642
1905.000000  -0.003230
1928.000000  -0.002725
1960.000000  0.048519
2004.000000  -0.042867
2043.000000  0.001395
2089.000000  0.009474
2134.000000  -0.012707
2167.000000  0.007471
2209.000000  0.015367
2243.000000  -0.035942
2269.000000  0.014676
2282.000000  -0.014393
2289.000000  -0.011181
2299.000000  0.031153
2305.000000  -0.025937
2319.000000  -0.000203
2364.000000  0.012887
2393.000000  -0.011013
2419.000000  0.018996
2446.000000  -0.008270
2469.000000  0.001278
2493.000000  -0.005080
2540.000000  0.020510
2586.000000  -0.004499
2634.000000  -0.003242
2674.000000  0.026819
2696.000000  -0.016934
2720.000000  -0.019589
2742.000000  -0.001878
2767.000000  0.004818
2788.000000  -0.002501
2823.000000  0.009152
2847.000000  -0.003349
2898.000000  0.010736
2939.000000  0.007993
2974.000000  -0.004095
2991.000000  -0.023462
3023.000000  0.037485
3040.000000  -0.032598
3072.000000  0.012665
3090.000000  -0.007429
3111.000000  -0.003676
3131.000000  -0.005556
3156.000000  0.021240
3189.000000  0.019882
3200.000000  -0.042600
3231.000000  0.022997
3271.000000  0.009836
3301.000000  0.022682
3350.000000  -0.021546
3388.000000  -0.014955
3418.000000  -0.006442
3454.000000  0.035699
3482.000000  -0.020809
3505.000000  0.021927
3546.000000  0.004959
3552.000000  -0.067449
3590.000000  0.064401
3614.000000  -0.040061
3638.000000  0.009371
3665.000000  0.009139
3688.000000  -0.021904
3712.000000  -0.003903
3736.000000  0.011208
3758.000000  0.023665
3792.000000  0.042664
3797.000000  -0.094533
3823.000000  0.076034
3846.000000  -0.001540
3860.000000  -0.024768
3877.000000  -0.027404
3905.000000  0.046169
3922.000000  0.007534
3939.000000  -0.019633
3977.000000  0.003897
3998.000000  -0.039439
4035.000000  0.043107
4062.000000  -0.005152
4084.000000  -0.017525
4123.000000  0.046919
4127.000000  -0.032591
4145.000000  0.017833
4158.000000  -0.041428
4176.000000  0.046036
4198.000000  -0.043124
4225.000000  0.055707
4273.000000  0.022371
4320.000000  -0.012169
4364.000000  0.050310
4392.000000  -0.095417
4410.000000  0.000795
4460.000000  0.050573
4482.000000  -0.019084
4527.000000  0.038672
4545.000000  -0.058618
4569.000000  0.028805
4592.000000  0.026774
4625.000000  -0.001064
4655.000000  -0.052736
4702.000000  0.065992
4725.000000  -0.041344
4755.000000  -0.000207
4783.000000  -0.026327
4804.000000  0.030292
4826.000000  -0.029024
4836.000000  -0.015341
4857.000000  -0.007396
4887.000000  -0.001299
4904.000000  -0.008670
4925.000000  0.076148
4937.000000  -0.090746
4971.000000  0.097823
4991.000000  -0.005157
5012.000000  0.016492
5039.000000  -0.013546
5048.000000  -0.048905
5066.000000  -0.030749
5084.000000  0.026549
5093.000000  0.013751
5115.000000  -0.002557
5145.000000  0.000006
5175.000000  -0.000330
5178.000000  -0.064341
5205.000000  0.066173
5208.000000  -0.055653
5237.000000  0.050452
5250.000000  0.010255
5264.000000  -0.003826
5279.000000  -0.037424
5294.000000  -0.000030
5306.000000  0.000368
5318.000000  0.084817
5319.000000  -0.078904
5339.000000  0.014178
5351.000000  -0.005531
5372.000000  -0.004322
5383.000000  0.004214
5394.000000  0.001495
5408.000000  0.008138
5420.000000  -0.015880
5434.000000  0.006753
5450.000000  -0.000360
5474.000000  0.019482
5508.000000  0.005155
5558.000000  0.003214
5601.000000  -0.001382
5628.000000  -0.040316
5644.000000  -0.012720
5655.000000  0.006048
5683.000000  0.011682
5689.000000  -0.009990
5724.000000  0.007069
5744.000000  -0.002194
5792.000000  0.003728
5830.000000  0.042588
5861.000000  -0.018619
5904.000000  0.025649
5926.000000  -0.030259
5948.000000  -0.005844
5978.000000  0.002834
6008.000000  -0.013592
6051.000000  0.016663
6075.000000  -0.007062
6106.000000  0.011454
6124.000000  -0.021903
6183.000000  0.072595
6205.000000  -0.047986
6219.000000  0.029088
6230.000000  -0.061444
6258.000000  0.050701
6274.000000  0.036931
6286.000000  -0.014708
6295.000000  -0.010311
6303.000000  0.002935
6325.000000  0.052487
6335.000000  0.000708
6349.000000  0.005728
6361.000000  0.043703
6375.000000  -0.142804
6389.000000  0.000848
6406.000000  -0.007160
6409.000000  -0.032690
6418.000000  0.018684
6429.000000  -0.008874
6439.000000  0.011860
6466.000000  -0.015930
6492.000000  0.101192
6497.000000  -0.111139
6515.000000  0.124521
6540.000000  -0.013919
6565.000000  0.041245
6585.000000  -0.132166
6606.000000  0.001583
6635.000000  -0.001071
6658.000000  0.001448
6681.000000  -0.006438
6729.000000  0.020021
6742.000000  -0.018692
6787.000000  0.114984
6821.000000  -0.016465
6855.000000  -0.087806
6890.000000  0.120020
6929.000000  0.044968
6974.000000  0.040028
7008.000000  -0.016936
7049.000000  0.001906
7070.000000  -0.160058
7105.000000  0.105254
7139.000000  -0.056614
7187.000000  0.101638
7225.000000  -0.105459
7255.000000  0.039850
7301.000000  0.052831
7337.000000  -0.045760
7371.000000  -0.104563
7410.000000  0.012406
7421.000000  0.011682
7428.000000  0.008863
7439.000000  0.001866
7459.000000  0.109110
7473.000000  -0.063076
7483.000000  -0.001531
7530.000000  0.019263
7542.000000  -0.037772
7580.000000  -0.047982
7600.000000  -0.019468
7628.000000  -0.012212
7650.000000  0.031951
7663.000000  -0.010298
7692.000000  0.071266
7717.000000  -0.004009
7735.000000  -0.049893
7746.000000  0.010141
7775.000000  0.012857
7779.000000  -0.048033
7790.000000  -0.002555
7815.000000  0.021016
7835.000000  0.017081
7850.000000  -0.028209
7874.000000  0.001442
7887.000000  -0.010812
7904.000000  -0.005094
7940.000000  0.009943
7963.000000  0.005287
8000.000000  0.006099
8033.000000  -0.005709
8053.000000  0.021859
8080.000000  -0.025377
8105.000000  0.023224
8130.000000  0.037561
8159.000000  0.010541
8194.000000  -0.058477
8218.000000  0.033830
8233.000000  -0.020926
8249.000000  0.033610
8262.000000  -0.024831
8273.000000  0.013113
8283.000000  -0.080485
8295.000000  0.002218
8307.000000  0.007713
8325.000000  0.005873
8341.000000  -0.010481
8370.000000  0.011084
8390.000000  0.005424
8413.000000  -0.007797
8428.000000  -0.000305
8445.000000  0.000004
8473.000000  0.014880
8499.000000  0.013354
8524.000000  0.007326
8577.000000  0.003800
8599.000000  -0.001137
8641.000000  -0.012407
8682.000000  -0.000630
8710.000000  0.022691
8738.000000  -0.016553
8765.000000  -0.010446
8791.000000  0.009136
8825.000000  -0.002076
8848.000000  -0.010042
8874.000000  0.038364
8883.000000  -0.030767
8890.000000  0.011377
8909.000000  -0.012265
8923.000000  0.022198
8944.000000  0.006891
8953.000000  -0.046503
9007.000000  0.043431
9026.000000  -0.028385
9040.000000  0.017422
9064.000000  -0.031012
9070.000000  -0.013368
9101.000000  0.017594
9146.000000  0.016342
9171.000000  -0.022280
9179.000000  -0.001808
9198.000000  0.001715
9217.000000  0.010309
9255.000000  0.005928
9294.000000  -0.004053
9323.000000  -0.003911
9331.000000  -0.004690
9344.000000  0.003225
9363.000000  0.000392
9384.000000  -0.001423
9396.000000  0.015749
9422.000000  -0.011298
9428.000000  -0.011672
9438.000000  -0.000736
9447.000000  0.001284
9458.000000  0.001105
9470.000000  -0.000807
9481.000000  0.009906
9500.000000  0.016301
9516.000000  -0.005333
9544.000000  -0.014710
9570.000000  0.006267
9587.000000  -0.011249
9600.000000  0.008121
9617.000000  -0.005396
9638.000000  0.045945
9653.000000  -0.019837
9690.000000  0.014447
9713.000000  0.036674
9734.000000  -0.032356
9748.000000  0.007438
9765.000000  -0.036696
9776.000000  -0.018290
9776.000000  -0.013057
9790.000000  0.002511
9811.000000  0.009424
9833.000000  -0.007610
9854.000000  0.008076
9859.000000  -0.006660
9865.000000  0.011397
9868.000000  -0.005063
9879.000000  -0.000882
9886.000000  -0.001218
9908.000000  0.012001
9925.000000  -0.015186
9936.000000  0.009129
9951.000000  -0.001009
9959.000000  -0.013234
9968.000000  0.013267
9975.000000  -0.008525
9994.000000  0.002447
10015.000000  0.001637
10029.000000  0.016488
10038.000000  -0.004904
10056.000000  -0.003947
10077.000000  -0.003138
10115.000000  0.008878
10133.000000  -0.004298
10144.000000  -0.004704
10154.000000  -0.003046
10166.000000  0.011582
10174.000000  0.021729
10184.000000  -0.026032
10196.000000  0.006288
10202.000000  0.002437
10217.000000  0.016102
10229.000000  -0.030209
10239.000000  0.009380
10255.000000  -0.004758
10278.000000  0.006613
10291.000000  -0.004210
10305.000000  0.012162
10306.000000  -0.017859
10314.000000  0.001398
10333.000000  -0.003530
10350.000000  0.008113
10362.000000  -0.017592
10366.000000  -0.000422
10379.000000  0.007475
