269.000000  77.351151
317.000000  82.116768
343.000000  74.108856
365.000000  74.596786
401.000000  81.865295
439.000000  81.081024
479.000000  80.455009
525.000000  81.291138
553.000000  79.303345
596.000000  81.490379
662.000000  83.916222
706.000000  83.331100
740.000000  78.134697
795.000000  81.721130
833.000000  81.336830
872.000000  65.008789
912.000000  81.253685
959.000000  79.112076
1003.000000  82.273239
1029.000000  68.845917
1069.000000  77.892853
1120.000000  76.496979
1164.000000  65.864540
1219.000000  80.453720
1252.000000  76.981216
1307.000000  76.883827
1333.000000  77.776688
1357.000000  55.948128
1400.000000  69.639137
1416.000000  62.015869
1443.000000  77.962112
1468.000000  70.543251
1494.000000  72.699310
1534.000000  77.529182
1564.000000  76.355591
1598.000000  69.031548
1627.000000  66.127686
1643.000000  52.754265
1660.000000  64.709183
1691.000000  64.140640
1730.000000  70.919197
1755.000000  63.697659
1785.000000  70.930992
1826.000000  67.866425
1854.000000  65.880569
1872.000000  62.866360
1905.000000  67.637787
1928.000000  66.880455
1960.000000  77.933716
2004.000000  64.871178
2043.000000  67.179367
2089.000000  67.918686
2134.000000  63.751190
2167.000000  54.367085
2209.000000  58.935349
2243.000000  57.882927
2269.000000  65.188728
2282.000000  38.997444
2289.000000  43.556519
2299.000000  48.867954
2305.000000  48.628670
2319.000000  31.793440
2364.000000  48.541306
2393.000000  50.702030
2419.000000  63.088112
2446.000000  59.057331
2469.000000  60.833317
2493.000000  56.424671
2540.000000  66.591682
2586.000000  60.410191
2634.000000  61.455238
2674.000000  69.745483
2696.000000  61.603157
2720.000000  53.629200
2742.000000  52.298344
2767.000000  57.010479
2788.000000  52.735878
2823.000000  59.504986
2847.000000  56.396721
2898.000000  62.001633
2939.000000  63.092590
2974.000000  63.891197
2991.000000  46.087650
3023.000000  66.190361
3040.000000  47.569950
3072.000000  55.472557
3090.000000  55.117279
3111.000000  39.701302
3131.000000  45.311562
3156.000000  60.996361
3189.000000  61.380924
3200.000000  41.295547
3231.000000  60.024117
3271.000000  61.981655
3301.000000  66.451363
3350.000000  61.680458
3388.000000  54.166138
3418.000000  50.808079
3454.000000  66.365776
3482.000000  59.563416
3505.000000  60.997635
3546.000000  68.706169
3552.000000  12.632491
3590.000000  64.772621
3614.000000  48.284237
3638.000000  41.444077
3665.000000  58.174549
3688.000000  45.121929
3712.000000  42.009445
3736.000000  49.832279
3758.000000  57.246124
3792.000000  70.950050
3797.000000  8.354134
3823.000000  68.885887
3846.000000  68.022362
3860.000000  60.554401
3877.000000  42.224884
3905.000000  66.378822
3922.000000  68.361519
3939.000000  62.549240
3977.000000  62.649162
3998.000000  37.097969
4035.000000  63.375156
4062.000000  59.927666
4084.000000  53.546356
4123.000000  69.123062
4127.000000  58.899433
4145.000000  64.536049
4158.000000  36.533348
4176.000000  66.371651
4198.000000  48.903500
4225.000000  69.459854
4273.000000  71.146393
4320.000000  68.032982
4364.000000  76.639175
4392.000000  56.646202
4410.000000  59.317005
4460.000000  69.453468
4482.000000  67.374184
4527.000000  73.372711
4545.000000  59.515846
4569.000000  68.819427
4592.000000  72.162888
4625.000000  72.318115
4655.000000  60.249882
4702.000000  68.487762
4725.000000  66.792076
4755.000000  58.452148
4783.000000  59.654572
4804.000000  67.231758
4826.000000  60.403053
4836.000000  47.061932
4857.000000  45.545906
4887.000000  48.318306
4904.000000  32.017666
4925.000000  69.721657
4937.000000  16.033005
4971.000000  64.339149
4991.000000  69.136406
5012.000000  72.635513
5039.000000  69.489708
5048.000000  55.448105
5066.000000  40.850334
5084.000000  55.233429
5093.000000  56.938667
5115.000000  57.784672
5145.000000  53.961128
5175.000000  59.450191
5178.000000  8.541284
5205.000000  52.405262
5208.000000  9.020309
5237.000000  57.016678
5250.000000  59.132896
5264.000000  53.460682
5279.000000  33.314629
5294.000000  31.610241
5306.000000  42.169094
5318.000000  63.144833
5319.000000  46.301975
5339.000000  43.893826
5351.000000  48.073395
5372.000000  47.691750
5383.000000  40.087246
5394.000000  50.974266
5408.000000  51.654648
5420.000000  46.812584
5434.000000  47.644703
5450.000000  49.841965
5474.000000  48.865627
5508.000000  57.654469
5558.000000  59.960236
5601.000000  57.807659
5628.000000  32.320461
5644.000000  21.582371
5655.000000  32.217495
5683.000000  30.159452
5689.000000  24.097567
5724.000000  39.799423
5744.000000  38.010426
5792.000000  41.820473
5830.000000  56.713383
5861.000000  50.786762
5904.000000  57.673199
5926.000000  40.489162
5948.000000  37.519161
5978.000000  34.540657
6008.000000  38.710827
6051.000000  46.916237
6075.000000  43.383942
6106.000000  48.432369
6124.000000  38.716267
6183.000000  64.706169
6205.000000  36.889141
6219.000000  58.999538
6230.000000  32.153400
6258.000000  57.869328
6274.000000  64.409866
6286.000000  58.316837
6295.000000  60.905655
6303.000000  60.347260
6325.000000  70.421158
6335.000000  69.785919
6349.000000  71.427246
6361.000000  75.494400
6375.000000  45.868187
6389.000000  44.480316
6406.000000  39.734108
6409.000000  13.479501
6418.000000  28.936382
6429.000000  22.967581
6439.000000  26.114136
6466.000000  12.302975
6492.000000  65.745781
6497.000000  7.607728
6515.000000  66.365250
6540.000000  65.880699
6565.000000  71.821175
6585.000000  24.111492
6606.000000  31.468195
6635.000000  25.749392
6658.000000  25.640812
6681.000000  23.002880
6729.000000  38.543560
6742.000000  21.552319
6787.000000  67.540764
6821.000000  65.952194
6855.000000  28.812349
6890.000000  69.548935
6929.000000  75.251137
6974.000000  75.701988
7008.000000  75.149399
7049.000000  75.953308
7070.000000  49.100353
7105.000000  68.843529
7139.000000  62.315369
7187.000000  75.716568
7225.000000  60.722889
7255.000000  67.234573
7301.000000  71.649689
7337.000000  68.409882
7371.000000  38.868736
7410.000000  44.670540
7421.000000  50.549309
7428.000000  50.277954
7439.000000  47.188564
7459.000000  71.712128
7473.000000  64.149925
7483.000000  59.075695
7530.000000  67.910400
7542.000000  59.172653
7580.000000  46.490917
7600.000000  36.011593
7628.000000  27.833397
7650.000000  44.145374
7663.000000  25.810999
7692.000000  62.737621
7717.000000  56.342751
7735.000000  42.603634
7746.000000  49.498470
7775.000000  53.235340
7779.000000  36.662407
7790.000000  33.425541
7815.000000  43.680363
7835.000000  50.606506
7850.000000  38.577766
7874.000000  30.877644
7887.000000  31.735008
7904.000000  27.548313
7940.000000  31.899527
7963.000000  29.876455
8000.000000  26.275074
8033.000000  36.977211
8053.000000  38.234432
8080.000000  34.930061
8105.000000  40.250412
8130.000000  53.983051
8159.000000  59.819794
8194.000000  35.571255
8218.000000  52.160145
8233.000000  44.584415
8249.000000  55.466579
8262.000000  49.358376
8273.000000  52.430557
8283.000000  5.720907
8295.000000  6.626196
8307.000000  6.907858
8325.000000  9.315153
8341.000000  10.207287
8370.000000  19.325775
8390.000000  17.168711
8413.000000  11.647311
8428.000000  9.081680
8445.000000  12.649326
8473.000000  15.801949
8499.000000  35.913120
8524.000000  36.514965
8577.000000  39.719849
8599.000000  34.449131
8641.000000  35.085167
8682.000000  34.237160
8710.000000  43.546280
8738.000000  38.870342
8765.000000  31.679667
8791.000000  35.329323
8825.000000  36.498909
8848.000000  28.147161
8874.000000  45.086102
8883.000000  32.987041
8890.000000  30.887917
8909.000000  31.249928
8923.000000  38.391762
8944.000000  35.047997
8953.000000  20.853399
9007.000000  45.096786
9026.000000  31.508299
9040.000000  34.734161
9064.000000  15.180418
9070.000000  8.847655
9101.000000  25.317493
9146.000000  25.494055
9171.000000  19.635954
9179.000000  17.388939
9198.000000  16.391090
9217.000000  16.676205
9255.000000  21.798630
9294.000000  25.917297
9323.000000  23.382627
9331.000000  13.109988
9344.000000  24.688213
9363.000000  22.587322
9384.000000  20.865004
9396.000000  17.842787
9422.000000  24.268135
9428.000000  17.707912
9438.000000  12.865681
9447.000000  9.144400
9458.000000  16.050726
9470.000000  17.608868
9481.000000  22.478584
9500.000000  32.719242
9516.000000  20.881542
9544.000000  18.864159
9570.000000  19.798325
9587.000000  18.315250
9600.000000  16.737446
9617.000000  11.563616
9638.000000  36.456120
9653.000000  34.521488
9690.000000  41.163937
9713.000000  40.040649
9734.000000  39.004299
9748.000000  45.573223
9765.000000  28.275690
9776.000000  14.878234
9776.000000  0.057802
9790.000000  5.161403
9811.000000  7.805922
9833.000000  6.943950
9854.000000  5.344097
9859.000000  7.482686
9865.000000  11.789160
9868.000000  1.693065
9879.000000  13.364047
9886.000000  7.425511
9908.000000  14.890346
9925.000000  8.107731
9936.000000  9.306068
9951.000000  9.406374
9959.000000  3.871208
9968.000000  2.933929
9975.000000  1.601632
9994.000000  10.655236
10015.000000  13.453683
10029.000000  15.517254
10038.000000  16.160841
10056.000000  19.906767
10077.000000  16.581650
10115.000000  10.873177
10133.000000  10.550216
10144.000000  10.837757
10154.000000  11.755901
10166.000000  16.727854
10174.000000  16.483517
10184.000000  17.644245
10196.000000  15.687476
10202.000000  12.436674
10217.000000  16.940208
10229.000000  12.906734
10239.000000  20.072582
10255.000000  17.208878
10278.000000  19.668076
10291.000000  14.038636
10305.000000  11.832453
10306.000000  4.628060
10314.000000  8.152486
10333.000000  13.610907
10350.000000  5.576975
10362.000000  2.860579
10366.000000  0.760859
10379.000000  5.840595
