4067.000000  1.010910
4873.000000  -0.230987
5581.000000  -0.332337
6538.000000  0.178446
7764.000000  0.238892
9416.000000  0.283593
10561.000000  0.010480
11421.000000  -0.253522
12751.000000  0.227366
13935.000000  0.044510
15253.000000  -0.087907
16657.000000  0.106822
17507.000000  -0.097874
18350.000000  -0.193429
18976.000000  -0.011564
19204.000000  -0.441134
19498.000000  0.115733
20085.000000  0.315171
20950.000000  0.170380
21788.000000  0.028976
22618.000000  -0.088714
23538.000000  0.027693
24808.000000  0.021168
25504.000000  0.126668
26657.000000  -0.028265
27840.000000  0.112696
28955.000000  0.138108
30141.000000  -0.139363
31098.000000  -0.018523
31966.000000  -0.141477
33266.000000  0.326699
34445.000000  0.313260
35563.000000  -0.294451
36398.000000  0.038026
37074.000000  -0.308325
37301.000000  -0.396870
37811.000000  0.325001
38328.000000  0.096240
39083.000000  -0.039513
39776.000000  -0.083120
40841.000000  0.121153
41417.000000  -0.096730
42127.000000  0.125961
42779.000000  0.212516
43791.000000  0.148809
44651.000000  -0.035315
45076.000000  -0.019375
45517.000000  -0.456264
46208.000000  0.107179
47317.000000  -0.003937
48660.000000  0.507200
50126.000000  0.241057
51299.000000  -0.341114
52006.000000  -0.251349
52340.000000  -0.201950
52544.000000  -0.292414
52775.000000  0.030842
53183.000000  0.161262
54038.000000  0.446339
55437.000000  0.306209
56554.000000  0.079970
57574.000000  0.034055
58580.000000  -0.053283
59471.000000  0.017122
60230.000000  -0.034891
61405.000000  -0.186168
62736.000000  0.456875
64121.000000  -0.116586
65180.000000  -0.002243
66617.000000  0.053127
67852.000000  0.001371
69267.000000  -0.003617
70367.000000  0.427467
71619.000000  -0.592643
73126.000000  0.031229
74658.000000  0.443921
76109.000000  -0.054428
76911.000000  -0.379298
77654.000000  -0.140875
78366.000000  -0.018679
78960.000000  -0.080600
79616.000000  0.056364
80872.000000  0.055666
82090.000000  0.357790
83014.000000  -0.224326
83753.000000  0.033595
84541.000000  -0.048399
85664.000000  0.290655
86709.000000  0.170699
87534.000000  0.558203
88838.000000  -0.834533
90028.000000  0.368961
91925.000000  0.485120
93311.000000  -0.690495
94684.000000  0.320329
96103.000000  0.313203
97693.000000  0.164535
98749.000000  0.278538
100132.000000  -0.078114
101973.000000  0.076060
102892.000000  0.068961
103517.000000  -0.954285
104276.000000  -0.370716
105449.000000  0.610849
106210.000000  -0.284810
107213.000000  0.287344
108113.000000  0.486695
109125.000000  1.247481
110092.000000  -0.160625
111172.000000  -0.628001
112771.000000  2.421108
114169.000000  -3.460480
114901.000000  -0.230168
115985.000000  0.910413
116777.000000  0.086109
117928.000000  -1.246860
118732.000000  0.703862
119507.000000  -0.877678
120128.000000  0.161039
120780.000000  0.554612
121470.000000  0.657002
122188.000000  0.023444
123064.000000  -1.363217
124108.000000  0.339995
125226.000000  0.128612
125902.000000  0.161658
126982.000000  -0.038029
127794.000000  0.356163
128782.000000  0.236953
129685.000000  -1.156031
131176.000000  0.359496
132315.000000  0.253268
133786.000000  -0.001137
134833.000000  0.353236
135470.000000  -0.304103
136396.000000  -0.373132
137112.000000  0.127183
137868.000000  -0.116050
138430.000000  -0.125459
139017.000000  0.205179
139904.000000  0.214522
140595.000000  -0.532161
141143.000000  0.457149
141840.000000  -0.009406
142112.000000  -0.116451
142377.000000  -0.367584
142826.000000  -0.043012
143149.000000  0.179856
143515.000000  -0.179973
144205.000000  0.264884
144954.000000  0.103898
145131.000000  -0.211135
145335.000000  -0.207940
145780.000000  0.353589
146730.000000  0.111213
148045.000000  0.247757
149032.000000  0.167595
149551.000000  -0.840272
150138.000000  0.185596
150479.000000  -0.043968
150624.000000  -0.033051
150715.000000  -0.315045
150950.000000  0.350860
150965.000000  -0.390556
151280.000000  0.034765
151479.000000  0.042945
151650.000000  1.460073
152016.000000  0.261700
152058.000000  0.183071
152069.000000  -1.916730
152452.000000  0.227934
152929.000000  1.677201
153477.000000  0.331016
153531.000000  -0.000906
153774.000000  -0.719357
154585.000000  1.399195
154966.000000  -2.718045
155224.000000  -0.123440
155229.000000  -0.022144
155774.000000  0.146318
156351.000000  0.041531
157235.000000  0.295550
158068.000000  0.524359
158232.000000  -0.862370
158690.000000  0.439127
159315.000000  0.912473
159894.000000  -0.239675
160117.000000  -1.046653
160361.000000  -0.028119
160567.000000  -0.067250
160592.000000  -0.052909
160593.000000  0.095719
