4067.000000  0.730713
4873.000000  0.590092
5581.000000  0.246656
6538.000000  0.426451
7764.000000  0.645982
9416.000000  0.879388
10561.000000  0.892707
11421.000000  0.646117
12751.000000  0.880399
13935.000000  0.884466
15253.000000  0.781494
16657.000000  0.873778
17507.000000  0.781644
18350.000000  0.575748
18976.000000  0.512975
19204.000000  0.144699
19498.000000  0.192133
20085.000000  0.565107
20950.000000  0.700938
21788.000000  0.697960
22618.000000  0.618265
23538.000000  0.620006
24808.000000  0.640777
25504.000000  0.758133
26657.000000  0.688437
27840.000000  0.757823
28955.000000  0.938985
30141.000000  0.817203
31098.000000  0.812856
31966.000000  0.613196
33266.000000  0.916959
34445.000000  1.100332
35563.000000  0.942124
36398.000000  0.946478
37074.000000  0.679621
37301.000000  0.197309
37811.000000  0.600842
38328.000000  0.601007
39083.000000  0.591697
39776.000000  0.532414
40841.000000  0.592511
41417.000000  0.487719
42127.000000  0.614037
42779.000000  0.744648
43791.000000  0.918079
44651.000000  0.943707
45076.000000  0.871345
45517.000000  0.445617
46208.000000  0.562344
47317.000000  0.492698
48660.000000  0.682124
50126.000000  0.883143
51299.000000  0.790053
52006.000000  0.628210
52340.000000  0.397075
52544.000000  0.071012
52775.000000  0.079804
53183.000000  0.268785
54038.000000  0.707431
55437.000000  1.074998
56554.000000  1.037135
57574.000000  0.700309
58580.000000  1.031737
59471.000000  1.054875
60230.000000  0.860572
61405.000000  0.842593
62736.000000  1.030423
64121.000000  0.967114
65180.000000  0.884401
66617.000000  1.099942
67852.000000  1.129138
69267.000000  1.087224
70367.000000  1.115278
71619.000000  0.736996
73126.000000  0.955918
74658.000000  1.185998
76109.000000  1.214477
76911.000000  0.858220
77654.000000  0.726118
78366.000000  0.829626
78960.000000  0.661259
79616.000000  0.685542
80872.000000  0.838320
82090.000000  1.016175
83014.000000  0.890292
83753.000000  0.784311
84541.000000  0.841381
85664.000000  1.111927
86709.000000  1.120604
87534.000000  1.047840
88838.000000  0.988657
90028.000000  1.325229
91925.000000  1.325556
93311.000000  0.939513
94684.000000  1.321109
96103.000000  1.723020
97693.000000  1.774232
98749.000000  2.166344
100132.000000  1.873021
101973.000000  2.025184
102892.000000  2.137151
103517.000000  1.192918
104276.000000  0.743847
105449.000000  1.375088
106210.000000  1.098622
107213.000000  1.290719
108113.000000  1.915707
109125.000000  3.088635
110092.000000  2.824457
111172.000000  2.257990
112771.000000  4.717061
114169.000000  1.210858
114901.000000  0.985396
115985.000000  1.959072
116777.000000  0.672029
117928.000000  0.672156
118732.000000  0.571030
119507.000000  0.569155
120128.000000  0.518091
120780.000000  1.212446
121470.000000  1.828800
122188.000000  1.876234
123064.000000  0.522359
124108.000000  0.804271
125226.000000  0.834006
125902.000000  1.003980
126982.000000  1.084976
127794.000000  1.243576
128782.000000  1.628460
129685.000000  0.593084
131176.000000  0.867763
132315.000000  0.923309
133786.000000  1.051677
134833.000000  1.229336
135470.000000  0.979841
136396.000000  0.817347
137112.000000  0.577905
137868.000000  0.618609
138430.000000  0.541995
139017.000000  0.720706
139904.000000  0.788199
140595.000000  0.537220
141143.000000  0.710955
141840.000000  0.751493
142112.000000  0.726969
142377.000000  0.314666
142826.000000  0.312863
143149.000000  0.478681
143515.000000  0.398085
144205.000000  0.612060
144954.000000  0.547566
145131.000000  0.246077
145335.000000  0.237931
145780.000000  0.656168
146730.000000  0.606598
148045.000000  0.877273
149032.000000  1.018125
149551.000000  0.256291
150138.000000  0.389143
150479.000000  0.327647
150624.000000  0.114942
150715.000000  0.058886
150950.000000  0.186366
150965.000000  0.032320
151280.000000  0.139847
151479.000000  0.127768
151650.000000  1.392994
152016.000000  1.637808
152058.000000  1.813167
152069.000000  0.029270
152452.000000  0.142449
152929.000000  1.878157
153477.000000  2.349790
153531.000000  2.151798
153774.000000  1.559015
154585.000000  2.939655
154966.000000  0.216278
155224.000000  0.159933
155229.000000  0.005435
155774.000000  0.192829
156351.000000  0.307004
157235.000000  0.623993
158068.000000  0.915017
158232.000000  0.203850
158690.000000  0.674578
159315.000000  1.278045
159894.000000  1.211451
160117.000000  0.201400
160361.000000  0.161178
160567.000000  0.179464
160592.000000  0.091306
160593.000000  0.249206
