995.000000  0.169286
1209.000000  0.138321
1408.000000  0.122823
1611.000000  0.126876
1774.000000  0.138607
2019.000000  0.165975
2214.000000  0.178272
2468.000000  0.181258
2567.000000  0.137842
2854.000000  0.189604
2956.000000  0.187461
3230.000000  0.221208
3480.000000  0.228032
3786.000000  0.198620
4029.000000  0.172461
4284.000000  0.169810
4525.000000  0.175132
4602.000000  0.124720
4859.000000  0.205480
5120.000000  0.182819
5355.000000  0.188586
5556.000000  0.165386
5725.000000  0.195235
5941.000000  0.202747
6146.000000  0.233758
6228.000000  0.202521
6437.000000  0.168035
6611.000000  0.181615
6766.000000  0.173901
6984.000000  0.186844
7123.000000  0.178556
7268.000000  0.152209
7416.000000  0.142977
7625.000000  0.131977
7780.000000  0.119128
7987.000000  0.130361
8183.000000  0.137675
8441.000000  0.172089
8583.000000  0.171962
8830.000000  0.172953
9095.000000  0.205066
9309.000000  0.183200
9574.000000  0.230308
9756.000000  0.246622
9901.000000  0.178509
9989.000000  0.132267
10178.000000  0.177299
10334.000000  0.172460
10492.000000  0.183630
10680.000000  0.199413
10793.000000  0.163279
10914.000000  0.138596
11036.000000  0.083426
11078.000000  0.059322
11192.000000  0.091214
11271.000000  0.116753
11405.000000  0.102189
11560.000000  0.171821
11691.000000  0.141825
11788.000000  0.125536
11889.000000  0.123835
11956.000000  0.086463
12028.000000  0.108225
12132.000000  0.113190
12226.000000  0.092834
12310.000000  0.086088
12427.000000  0.090676
12577.000000  0.123825
12723.000000  0.164140
12868.000000  0.158581
13028.000000  0.129794
13259.000000  0.153303
13517.000000  0.185663
13759.000000  0.211361
14010.000000  0.232131
14252.000000  0.259243
14404.000000  0.209087
14547.000000  0.200944
14804.000000  0.240415
15127.000000  0.246577
15397.000000  0.239001
15636.000000  0.308857
15805.000000  0.240194
16020.000000  0.268847
16214.000000  0.210812
16362.000000  0.167796
16450.000000  0.174115
16576.000000  0.183005
16687.000000  0.185336
16844.000000  0.270255
17014.000000  0.278917
17132.000000  0.293209
17307.000000  0.342874
17416.000000  0.132104
17552.000000  0.156996
17665.000000  0.123395
17750.000000  0.076110
17801.000000  0.258473
17891.000000  0.060528
17999.000000  0.183760
18089.000000  0.182579
18153.000000  0.140010
18291.000000  0.198433
18517.000000  0.307503
18724.000000  0.375368
19018.000000  0.411391
19215.000000  0.243738
19437.000000  0.234990
19650.000000  0.189845
19800.000000  0.168250
19973.000000  0.225994
20105.000000  0.184485
20187.000000  0.165343
20271.000000  0.187138
20331.000000  0.182145
20387.000000  0.203142
20434.000000  0.164231
20575.000000  0.316649
20752.000000  0.444440
20858.000000  0.579530
20926.000000  0.134751
20941.000000  0.088450
20953.000000  0.077557
20966.000000  0.074803
21078.000000  0.111784
21192.000000  0.357494
21262.000000  0.339075
21328.000000  0.238855
21397.000000  0.207581
21506.000000  0.246680
21612.000000  0.243837
21733.000000  0.217448
21859.000000  0.171224
21983.000000  0.159548
22086.000000  0.193153
22210.000000  0.217443
22401.000000  0.266202
22538.000000  0.153389
22685.000000  0.112646
22816.000000  0.112007
22938.000000  0.113464
23090.000000  0.101480
23235.000000  0.086257
23443.000000  0.111846
23642.000000  0.138493
23799.000000  0.153402
23941.000000  0.153943
24064.000000  0.236846
24197.000000  0.080529
24294.000000  0.048895
24385.000000  0.081718
24549.000000  0.101813
24669.000000  0.095797
24776.000000  0.097908
24980.000000  0.190829
25234.000000  0.216398
25430.000000  0.152955
25612.000000  0.165022
25823.000000  0.229574
26021.000000  0.237329
26248.000000  0.204670
26430.000000  0.197243
26617.000000  0.204138
26859.000000  0.238458
27023.000000  0.215438
27210.000000  0.294430
27403.000000  0.366723
27610.000000  0.387410
27783.000000  0.369748
27866.000000  0.487608
27976.000000  0.470098
28115.000000  0.599973
28261.000000  0.441776
28428.000000  0.504678
28629.000000  0.550335
28837.000000  0.583339
29038.000000  0.580835
29201.000000  0.571460
29390.000000  0.150792
29494.000000  0.103893
29575.000000  0.091332
29673.000000  0.103817
29771.000000  0.598386
29864.000000  0.092736
29974.000000  0.124876
30096.000000  0.116067
30221.000000  0.336101
30374.000000  0.371780
30542.000000  0.385260
30671.000000  0.347245
30820.000000  0.150411
30970.000000  0.172673
31099.000000  0.352989
31216.000000  0.347689
31332.000000  0.347002
31380.000000  0.051545
31442.000000  0.053678
31522.000000  0.062207
31609.000000  0.159207
31634.000000  0.183468
31643.000000  0.080607
31672.000000  0.097009
31712.000000  0.123629
31782.000000  0.219022
31864.000000  0.211046
31964.000000  0.483056
32099.000000  0.753751
32253.000000  0.153192
32355.000000  0.146859
32502.000000  0.184667
32612.000000  0.223620
32708.000000  0.214442
32804.000000  0.241048
32875.000000  0.195728
32969.000000  0.205710
33037.000000  0.197439
33053.000000  0.139746
33105.000000  0.140234
33179.000000  0.186990
33297.000000  0.203603
33350.000000  0.197754
33393.000000  0.206535
33424.000000  0.195943
33475.000000  0.258574
33510.000000  0.235824
33601.000000  0.087077
33753.000000  0.108524
33935.000000  0.148253
34105.000000  0.151356
34179.000000  0.119080
34272.000000  0.055413
34393.000000  0.072451
34476.000000  0.072821
34557.000000  0.038058
34635.000000  0.093578
34819.000000  0.138887
34960.000000  0.078706
35111.000000  0.079383
35235.000000  0.082350
35340.000000  0.062849
35406.000000  0.049211
35494.000000  0.049587
35589.000000  0.067841
35657.000000  0.081903
35714.000000  0.035249
35827.000000  0.030407
35870.000000  0.017242
35943.000000  0.054407
36076.000000  0.069282
36147.000000  0.049507
36198.000000  0.020251
36323.000000  0.043847
36447.000000  0.043848
36509.000000  0.032339
36552.000000  0.035779
36614.000000  0.049600
36670.000000  0.066841
36765.000000  0.088823
36961.000000  0.111809
37069.000000  0.140702
37207.000000  0.152278
37343.000000  0.112062
37461.000000  0.122415
37578.000000  0.076831
37682.000000  0.111399
37747.000000  0.117155
37888.000000  0.117812
37972.000000  0.096905
38102.000000  0.099954
38261.000000  0.105985
38411.000000  0.110706
38555.000000  0.130408
38611.000000  0.055166
38661.000000  0.069599
38694.000000  0.113889
38780.000000  0.153377
38891.000000  0.180579
38985.000000  0.193775
39077.000000  0.236271
39170.000000  0.247873
39209.000000  0.280631
39260.000000  0.157351
39348.000000  0.231333
39398.000000  0.217330
39410.000000  0.134828
39447.000000  0.158648
39458.000000  0.034094
39478.000000  0.026990
39527.000000  0.013691
39591.000000  0.026327
39647.000000  0.027732
39712.000000  0.045559
39812.000000  0.054551
39905.000000  0.064794
39961.000000  0.049922
39979.000000  0.027147
39983.000000  0.003446
40050.000000  0.034006
40106.000000  0.027692
40180.000000  0.042914
40218.000000  0.033663
40269.000000  0.032227
40324.000000  0.047053
40371.000000  0.047006
40388.000000  0.021078
40490.000000  0.044198
40535.000000  0.050375
40592.000000  0.050868
40643.000000  0.063924
40721.000000  0.063760
40743.000000  0.057297
40796.000000  0.071324
40818.000000  0.066079
40819.000000  0.005367
