269.000000  0.167575
336.000000  0.033084
378.000000  -0.016036
438.000000  0.000983
498.000000  0.005866
540.000000  0.005345
580.000000  0.000947
637.000000  0.014008
704.000000  0.007839
777.000000  0.011017
829.000000  0.011284
885.000000  -0.000564
928.000000  0.019165
972.000000  -0.009331
985.000000  0.000184
1040.000000  0.001019
1061.000000  0.018925
1105.000000  -0.006423
1128.000000  -0.006808
1162.000000  -0.000621
1190.000000  0.032847
1200.000000  -0.008200
1236.000000  -0.003697
1270.000000  -0.000357
1316.000000  0.012037
1354.000000  0.009525
1398.000000  -0.004698
1426.000000  0.010591
1465.000000  -0.004745
1498.000000  -0.010515
1531.000000  0.005261
1556.000000  0.014528
1611.000000  -0.005983
1661.000000  0.029805
1704.000000  0.000057
1713.000000  -0.008206
1770.000000  0.027445
1784.000000  -0.004195
1838.000000  0.015282
1869.000000  -0.014604
1890.000000  0.014945
1908.000000  -0.011835
1939.000000  0.016327
1969.000000  0.017211
2014.000000  -0.029207
2061.000000  0.019413
2101.000000  -0.007386
2138.000000  0.000939
2179.000000  0.026098
2197.000000  0.004997
2205.000000  -0.007741
2225.000000  0.006231
2250.000000  -0.017480
2278.000000  0.000187
2289.000000  0.021729
2314.000000  -0.010773
2347.000000  0.005263
2365.000000  0.009705
2392.000000  -0.008102
2413.000000  0.022353
2448.000000  -0.002390
2484.000000  -0.009384
2505.000000  0.002459
2528.000000  0.021386
2557.000000  -0.020651
2580.000000  0.032454
2600.000000  -0.019725
2629.000000  0.000061
2649.000000  0.007701
2667.000000  0.006149
2684.000000  0.022621
2716.000000  -0.004616
2739.000000  0.000123
2759.000000  -0.014989
2781.000000  0.000880
2802.000000  0.015367
2837.000000  0.034356
2881.000000  -0.003036
2904.000000  -0.010326
2962.000000  -0.000278
3002.000000  0.025862
3022.000000  -0.026761
3038.000000  0.009213
3054.000000  0.021412
3090.000000  -0.026340
3124.000000  0.013006
3158.000000  0.010023
3184.000000  0.009273
3214.000000  -0.020761
3239.000000  0.024595
3280.000000  -0.018147
3311.000000  0.025366
3343.000000  0.017745
3375.000000  0.000439
3403.000000  -0.002462
3415.000000  -0.002544
3450.000000  -0.001837
3496.000000  0.029184
3543.000000  -0.028722
3595.000000  0.028161
3641.000000  -0.011451
3687.000000  0.010395
3725.000000  0.012036
3777.000000  0.002300
3831.000000  -0.017614
3858.000000  0.026219
3888.000000  0.025290
3925.000000  -0.025846
3970.000000  0.007247
3999.000000  0.030045
4024.000000  -0.021944
4051.000000  0.014471
4066.000000  -0.013991
4108.000000  0.022666
4169.000000  -0.002110
4211.000000  0.033030
4254.000000  -0.027908
4311.000000  0.052486
4331.000000  -0.013377
4363.000000  -0.020332
4403.000000  0.003692
4437.000000  -0.012584
4479.000000  0.044048
4521.000000  -0.002719
4537.000000  -0.027662
4579.000000  0.015169
4610.000000  0.002718
4645.000000  0.026542
4685.000000  0.036723
4727.000000  -0.071737
4770.000000  0.031388
4801.000000  0.024526
4847.000000  0.001722
4887.000000  -0.007264
4918.000000  -0.008557
4963.000000  0.012411
5021.000000  0.041918
5076.000000  0.012678
5102.000000  -0.034785
5132.000000  0.009457
5162.000000  0.024874
5212.000000  -0.038122
5245.000000  0.018497
5282.000000  0.011165
5330.000000  0.026080
5390.000000  0.028493
5450.000000  -0.034531
5513.000000  -0.008004
5560.000000  0.033368
5588.000000  0.023975
5622.000000  -0.004007
5674.000000  0.001703
5754.000000  -0.026684
5808.000000  0.047142
5859.000000  0.016296
5912.000000  -0.040314
5935.000000  0.029741
6000.000000  0.030626
6028.000000  -0.027156
6069.000000  0.010381
6126.000000  0.023775
6185.000000  -0.032717
6263.000000  0.029406
6331.000000  0.019911
6369.000000  0.006595
6396.000000  0.010335
6452.000000  -0.004690
6499.000000  -0.028365
6557.000000  0.026514
6590.000000  -0.008500
6635.000000  0.042505
6690.000000  -0.035286
6723.000000  0.019767
6757.000000  0.007438
6809.000000  0.023762
6856.000000  -0.009240
6900.000000  0.008970
6953.000000  0.008221
6988.000000  -0.003035
7032.000000  -0.008466
7053.000000  -0.015700
7105.000000  0.037281
7126.000000  -0.018294
7149.000000  0.004384
7170.000000  0.042502
7197.000000  0.018507
7233.000000  -0.014702
7263.000000  0.040230
7304.000000  0.006078
7334.000000  -0.046529
7353.000000  -0.024731
7380.000000  0.081464
7394.000000  -0.032753
7440.000000  -0.039299
7478.000000  0.010902
7521.000000  0.019354
7537.000000  0.021664
7550.000000  -0.005153
7580.000000  0.018582
7604.000000  -0.037985
7628.000000  -0.025844
7673.000000  0.038082
7695.000000  0.001371
7730.000000  0.022159
7771.000000  -0.016047
7801.000000  0.023016
7861.000000  -0.004469
7897.000000  0.011365
7928.000000  -0.023208
7961.000000  0.034597
7992.000000  -0.036173
8020.000000  0.017576
8052.000000  0.051171
8081.000000  -0.013584
8097.000000  -0.037372
8119.000000  0.007725
8158.000000  0.028195
8184.000000  -0.001532
8242.000000  0.022448
8272.000000  -0.010517
8282.000000  0.039047
8315.000000  -0.075799
8328.000000  0.034868
8354.000000  4.021111
8445.000000  -4.049579
8483.000000  0.060856
8525.000000  -0.032141
8548.000000  -0.000454
8579.000000  0.041114
8598.000000  -0.001743
8611.000000  -0.042222
8643.000000  -0.007554
8685.000000  0.051407
8713.000000  -0.045433
8759.000000  0.030456
8823.000000  -0.001744
8863.000000  -0.006378
8918.000000  0.026787
8971.000000  -0.003731
9019.000000  0.008305
9061.000000  -0.004795
9085.000000  0.005617
9119.000000  0.050532
9165.000000  -0.059015
9177.000000  0.048721
9196.000000  0.027293
9230.000000  -0.059648
9254.000000  0.023928
9284.000000  -0.008096
9313.000000  -0.002304
9333.000000  0.016649
9383.000000  -0.002877
9400.000000  -0.025628
9423.000000  0.092091
9462.000000  -0.026115
9493.000000  -0.030504
9525.000000  0.030640
9540.000000  -0.038573
9547.000000  0.006142
9555.000000  -0.002079
9560.000000  0.013518
9583.000000  0.054739
9605.000000  -0.022583
9613.000000  -0.020773
9639.000000  -0.013565
9662.000000  0.065542
9683.000000  0.009078
9712.000000  -0.038678
9744.000000  -0.047186
9762.000000  0.019614
9789.000000  0.075075
9813.000000  -0.025427
9837.000000  -0.002191
9862.000000  0.024516
9898.000000  -0.047332
9922.000000  -0.009207
9949.000000  0.021265
9982.000000  -0.012266
10000.000000  -0.000549
10015.000000  0.000005
10033.000000  0.017709
10050.000000  -0.031668
10077.000000  0.036053
10097.000000  0.066730
10120.000000  -0.014236
10136.000000  0.007066
10153.000000  -0.053661
10187.000000  0.036865
10229.000000  -0.042232
10252.000000  -0.009312
10281.000000  0.053957
10294.000000  -0.004177
10314.000000  0.024574
10357.000000  -0.026637
10377.000000  -0.007141
