576.000000  69.256035
723.000000  81.929527
906.000000  81.773224
1102.000000  82.787437
1307.000000  81.331299
1493.000000  82.510986
1663.000000  81.217644
1845.000000  82.226051
2013.000000  81.424843
2170.000000  82.679459
2325.000000  78.468994
2495.000000  75.623558
2621.000000  73.830772
2748.000000  75.942268
2900.000000  76.748642
3064.000000  78.968727
3187.000000  74.853088
3289.000000  61.690331
3392.000000  66.543037
3457.000000  53.290760
3590.000000  66.672394
3738.000000  74.211800
3874.000000  71.788498
3993.000000  70.998802
4094.000000  64.909042
4213.000000  68.716469
4286.000000  69.678650
4327.000000  54.045834
4369.000000  48.632915
4456.000000  52.465702
4561.000000  69.832275
4718.000000  71.045944
4859.000000  70.372719
4999.000000  67.338997
5150.000000  72.693024
5298.000000  69.500084
5485.000000  70.042160
5501.000000  44.986355
5639.000000  68.056839
5765.000000  66.900040
5876.000000  67.245735
5976.000000  55.681713
5980.000000  20.760395
6024.000000  52.156662
6100.000000  60.349434
6148.000000  62.018360
6205.000000  64.139343
6298.000000  65.451126
6408.000000  62.536652
6493.000000  57.933472
6569.000000  52.431957
6626.000000  43.577717
6659.000000  44.693726
6688.000000  39.383526
6813.000000  58.221687
6881.000000  31.416264
6950.000000  48.859669
7023.000000  61.097343
7159.000000  65.144554
7288.000000  59.179615
7387.000000  61.668945
7542.000000  65.986343
7727.000000  68.535408
7771.000000  56.321823
7927.000000  64.360466
8092.000000  64.835411
8242.000000  63.625000
8278.000000  47.178448
8412.000000  57.070396
8558.000000  60.489376
8678.000000  56.780594
8815.000000  58.222954
8926.000000  59.236252
9069.000000  57.410538
9197.000000  56.983109
9251.000000  44.663971
9421.000000  62.410259
9536.000000  55.532158
9730.000000  59.020859
9951.000000  70.684021
10144.000000  72.828003
10334.000000  69.704742
10475.000000  64.102272
10522.000000  49.063538
10657.000000  57.147579
10793.000000  55.951298
10916.000000  55.184246
11067.000000  58.633865
11277.000000  59.836983
11359.000000  51.329475
11569.000000  61.570072
11763.000000  61.617916
11961.000000  59.538036
12146.000000  60.357815
12313.000000  55.353210
12378.000000  42.092628
12484.000000  48.550308
12614.000000  53.029655
12784.000000  56.331490
12945.000000  56.540306
13063.000000  50.771244
13188.000000  45.882580
13349.000000  48.668446
13548.000000  55.031902
13729.000000  56.439793
13833.000000  49.964935
13904.000000  50.655758
14003.000000  50.591499
14093.000000  30.420694
14194.000000  37.889919
14308.000000  42.095238
14427.000000  36.286449
14591.000000  44.134903
14659.000000  31.064615
14778.000000  43.622334
14901.000000  49.753353
15010.000000  43.093269
15083.000000  40.142506
15159.000000  40.704578
15251.000000  38.871265
15330.000000  37.064186
15402.000000  37.733456
15512.000000  39.603886
15569.000000  25.738298
15641.000000  31.526915
15760.000000  37.961166
15905.000000  39.162037
16041.000000  42.448486
16154.000000  46.794308
16346.000000  51.761013
16430.000000  43.520466
16504.000000  47.446529
16593.000000  46.194283
16761.000000  52.390335
16946.000000  57.805504
17030.000000  51.651657
17128.000000  48.243488
17230.000000  51.108170
17336.000000  51.950420
17406.000000  48.647141
17494.000000  45.024174
17608.000000  49.928127
17726.000000  52.148891
17808.000000  54.099804
17879.000000  50.788055
17948.000000  48.873413
18031.000000  53.241486
18110.000000  50.772255
18220.000000  52.799953
18406.000000  52.037163
18562.000000  59.636646
18729.000000  57.469852
18915.000000  55.791862
19092.000000  52.543713
19280.000000  47.755577
19439.000000  51.276661
19541.000000  47.400112
19652.000000  52.677750
19752.000000  50.898254
19849.000000  51.673553
19929.000000  46.982479
19987.000000  51.261475
20076.000000  40.640511
20154.000000  37.614025
20212.000000  35.430450
20319.000000  46.506664
20416.000000  38.381641
20527.000000  41.823708
20628.000000  40.469612
20727.000000  39.201427
20819.000000  37.222404
20919.000000  41.630451
21048.000000  43.878155
21123.000000  38.466099
21224.000000  43.811512
21369.000000  41.988979
21516.000000  41.733559
21677.000000  52.914261
21788.000000  48.656635
21853.000000  48.882343
21968.000000  53.861763
22051.000000  46.819866
22138.000000  58.988319
22192.000000  53.247070
22269.000000  49.636833
22371.000000  55.453960
22527.000000  55.562168
22707.000000  68.322594
22812.000000  57.777237
22895.000000  56.991570
23053.000000  59.296219
23240.000000  67.151558
23387.000000  66.721329
23541.000000  66.928238
23702.000000  67.512726
23859.000000  69.012260
24018.000000  66.713066
24147.000000  67.357056
24278.000000  76.268547
24420.000000  37.778942
24481.000000  30.956598
24581.000000  33.443451
24687.000000  36.684185
24729.000000  29.139072
24802.000000  32.194241
24897.000000  29.402328
24987.000000  30.348885
25071.000000  28.447527
25229.000000  43.783310
25365.000000  35.832504
25470.000000  30.708733
25568.000000  44.742004
25672.000000  57.228004
25816.000000  64.208946
25977.000000  59.668015
26186.000000  55.895988
26375.000000  59.299843
26492.000000  45.862774
26613.000000  47.125496
26701.000000  42.680855
26790.000000  37.676559
26852.000000  31.948957
26914.000000  28.960224
26955.000000  24.910158
26979.000000  22.159019
26992.000000  42.660145
27008.000000  55.211109
27056.000000  65.727753
27107.000000  52.514290
27148.000000  39.104870
27164.000000  36.958309
27183.000000  43.687077
27229.000000  36.028404
27314.000000  41.836895
27413.000000  65.825996
27533.000000  68.129097
27635.000000  66.215172
27728.000000  61.601151
27848.000000  63.987202
27966.000000  59.754349
28075.000000  54.789742
28204.000000  56.195824
28299.000000  55.324711
28373.000000  44.970207
28457.000000  50.884361
28561.000000  49.279209
28644.000000  36.651638
28719.000000  39.945175
28790.000000  38.811375
28871.000000  35.272041
28931.000000  21.313553
28979.000000  32.253925
29065.000000  27.880022
29080.000000  15.221951
29112.000000  29.983906
29124.000000  18.372540
29157.000000  31.502625
29185.000000  54.209370
29220.000000  51.053036
29248.000000  45.186825
29266.000000  50.992233
29300.000000  43.401398
29332.000000  38.237488
29363.000000  35.735107
29393.000000  28.697821
29424.000000  22.083004
29462.000000  15.464666
29505.000000  17.486649
29557.000000  20.273075
29602.000000  10.792171
29637.000000  16.423311
29716.000000  27.005009
29814.000000  33.460068
29904.000000  32.210289
29981.000000  27.896482
30017.000000  25.952778
30073.000000  30.409340
30209.000000  36.564404
30303.000000  33.832806
30401.000000  34.101486
30498.000000  34.992832
30566.000000  34.522442
30593.000000  37.547771
30688.000000  17.095697
30837.000000  29.322332
30905.000000  33.241264
31005.000000  39.309448
31092.000000  34.784664
31220.000000  33.073185
31354.000000  31.825861
31443.000000  29.977020
31548.000000  25.967554
31631.000000  27.920187
31746.000000  29.264460
31848.000000  28.575399
31935.000000  26.051781
31996.000000  24.439850
32081.000000  35.312931
32130.000000  38.616623
32143.000000  42.071507
32147.000000  11.907328
32198.000000  41.100460
32264.000000  44.307987
32329.000000  46.104149
32395.000000  39.660126
32490.000000  38.197044
32535.000000  27.305218
32589.000000  21.012087
32652.000000  20.539713
32687.000000  21.695377
32735.000000  44.171299
32829.000000  42.695450
32919.000000  21.301298
32999.000000  25.010672
33112.000000  27.483574
33227.000000  26.096163
33312.000000  22.504730
33409.000000  19.333727
33537.000000  29.198816
33610.000000  23.007402
33708.000000  20.425406
33794.000000  19.156927
33877.000000  19.872305
33967.000000  17.782368
34078.000000  23.764591
34152.000000  20.803625
34277.000000  25.790163
34365.000000  17.401321
34498.000000  28.614435
34531.000000  11.347363
34687.000000  30.432743
34791.000000  26.043207
34853.000000  30.277210
34866.000000  24.110561
34921.000000  10.847372
35081.000000  15.252153
35197.000000  23.556618
35232.000000  14.676413
35240.000000  5.535014
35264.000000  12.088217
35283.000000  4.651641
35320.000000  5.997267
35409.000000  16.111500
35493.000000  19.457201
35589.000000  21.431799
35669.000000  23.025742
35749.000000  30.125967
35804.000000  30.129072
35840.000000  21.160107
35915.000000  23.783754
36012.000000  26.898777
36118.000000  25.887712
36207.000000  22.020821
36309.000000  23.604332
36416.000000  24.512024
36495.000000  23.489923
36602.000000  27.630976
36667.000000  20.588106
36738.000000  22.250090
36822.000000  25.459021
36906.000000  26.366564
36980.000000  22.112400
37071.000000  23.117579
37114.000000  15.146470
37166.000000  14.777519
37225.000000  16.686436
37284.000000  17.589920
37344.000000  14.550060
37403.000000  15.761159
37458.000000  16.342419
37494.000000  17.606613
37519.000000  21.370796
37560.000000  24.586580
37649.000000  28.770876
37741.000000  33.534958
37844.000000  33.734524
37902.000000  34.586559
37962.000000  14.603175
38021.000000  15.938826
38103.000000  39.608349
38183.000000  16.591692
38210.000000  14.769244
38222.000000  8.576896
38247.000000  15.900509
38258.000000  4.765138
38279.000000  14.777157
38281.000000  3.230328
38389.000000  17.555403
38482.000000  14.255164
38563.000000  14.491047
38622.000000  15.669600
38686.000000  17.229435
38753.000000  18.140163
38830.000000  21.574362
38917.000000  20.743349
38956.000000  10.032092
39076.000000  24.006443
39182.000000  23.936594
39265.000000  25.339481
39305.000000  18.180044
39362.000000  22.020241
39417.000000  18.375711
39487.000000  19.187626
39576.000000  21.664757
39658.000000  19.087536
39697.000000  17.429682
39722.000000  7.197693
39805.000000  14.503219
39901.000000  13.053085
39985.000000  23.579178
40026.000000  18.611002
40080.000000  11.850101
40119.000000  17.041998
40194.000000  20.039934
40224.000000  9.525354
40282.000000  10.815062
40366.000000  19.413792
40418.000000  18.896183
40486.000000  19.611637
40522.000000  21.502235
40570.000000  19.571482
40595.000000  22.182627
40669.000000  17.195690
40710.000000  8.634589
40747.000000  4.023365
40790.000000  11.597194
40820.000000  4.162167
