995.000000  0.258780
1251.000000  -0.040355
1442.000000  -0.038362
1666.000000  0.028637
1914.000000  0.016306
2159.000000  0.039751
2483.000000  0.013522
2701.000000  0.017825
3021.000000  0.064310
3317.000000  0.004094
3613.000000  0.008977
3882.000000  -0.009869
4202.000000  0.016063
4478.000000  0.007605
4702.000000  -0.045849
4976.000000  0.060445
5236.000000  0.008623
5449.000000  -0.071393
5503.000000  -0.087634
5633.000000  0.017411
5775.000000  -0.006728
5911.000000  0.002496
6039.000000  0.012656
6058.000000  -0.078594
6258.000000  0.112264
6468.000000  0.023705
6694.000000  0.014259
6892.000000  -0.017080
7100.000000  0.011424
7280.000000  -0.000720
7474.000000  0.044692
7702.000000  -0.028518
7942.000000  -0.014352
8185.000000  0.029686
8383.000000  -0.041428
8515.000000  -0.037685
8660.000000  -0.000517
8792.000000  0.002678
8961.000000  0.038234
9111.000000  -0.001625
9284.000000  0.015487
9500.000000  0.019940
9663.000000  -0.014833
9870.000000  0.027613
10140.000000  0.008955
10364.000000  0.043965
10580.000000  -0.026314
10765.000000  -0.009786
10925.000000  0.008627
11076.000000  -0.020222
11164.000000  -0.067049
11341.000000  0.066384
11591.000000  0.037298
11807.000000  0.013340
12060.000000  0.002085
12281.000000  0.040183
12532.000000  -0.037291
12739.000000  0.014325
12777.000000  -0.070578
12902.000000  0.052190
13039.000000  -0.019552
13135.000000  0.007327
13240.000000  0.092090
13440.000000  -0.119486
13627.000000  0.064433
13871.000000  0.031107
14125.000000  0.008357
14403.000000  0.014314
14653.000000  0.029825
14910.000000  -0.003618
15125.000000  -0.043406
15371.000000  0.008624
15609.000000  -0.001097
15655.000000  -0.098961
15849.000000  0.044394
16084.000000  0.100084
16333.000000  0.054150
16575.000000  0.011878
16711.000000  -0.060705
16902.000000  -0.046204
17067.000000  0.012640
17226.000000  -0.044519
17384.000000  0.040345
17530.000000  -0.024346
17571.000000  -0.082219
17704.000000  0.072152
17808.000000  0.002355
17953.000000  0.051946
18010.000000  -0.063448
18142.000000  0.019060
18215.000000  0.000183
18312.000000  0.033808
18364.000000  -0.076731
18449.000000  0.012290
18542.000000  -0.019250
18643.000000  -0.009145
18756.000000  0.033047
18928.000000  0.085177
19236.000000  0.028143
19468.000000  -0.052019
19700.000000  0.043480
19991.000000  0.011173
20245.000000  0.058703
20456.000000  0.019768
20725.000000  0.034967
20906.000000  -0.202822
21026.000000  0.066121
21202.000000  0.066788
21347.000000  -0.032956
21450.000000  0.024209
21587.000000  0.022969
21763.000000  0.054586
21982.000000  0.000729
22179.000000  0.064533
22335.000000  -0.063589
22523.000000  -0.025387
22697.000000  0.093989
22823.000000  -0.091336
22983.000000  0.001526
23132.000000  -0.020149
23361.000000  0.043138
23606.000000  0.082347
23852.000000  0.043396
24057.000000  0.037722
24225.000000  -0.202197
24435.000000  -0.078017
24648.000000  -0.012935
24891.000000  0.126832
25122.000000  0.008843
25363.000000  0.224587
25564.000000  -0.109174
25736.000000  -0.233663
25881.000000  -0.123303
25995.000000  0.002179
26110.000000  -0.037837
26222.000000  0.044230
26390.000000  0.055370
26523.000000  -0.015253
26684.000000  0.016757
26887.000000  -0.022114
27119.000000  -0.015427
27325.000000  0.062198
27551.000000  0.044732
27764.000000  0.050575
27821.000000  -0.101500
27929.000000  0.007836
28110.000000  0.037613
28324.000000  0.004102
28537.000000  0.001001
28706.000000  -0.013045
28893.000000  0.052850
29007.000000  -0.046726
29213.000000  0.015039
29391.000000  0.009992
29574.000000  0.052922
29823.000000  -0.037435
30197.000000  0.024947
30440.000000  0.001303
30656.000000  -0.006173
30858.000000  -0.001368
31003.000000  -0.020000
31149.000000  -0.040167
31368.000000  0.044298
31546.000000  0.008071
31714.000000  -0.023698
31878.000000  -0.030754
31981.000000  -0.077226
32113.000000  0.006869
32257.000000  0.000667
32395.000000  0.006403
32567.000000  0.027787
32757.000000  0.324512
33021.000000  -0.114260
33216.000000  -0.008739
33412.000000  -0.035567
33630.000000  -0.051311
33829.000000  0.050474
34040.000000  -0.015288
34190.000000  -0.071655
34325.000000  -0.003520
34466.000000  0.045152
34594.000000  -0.030242
34701.000000  0.054114
34785.000000  -0.064274
34889.000000  0.087751
34982.000000  0.043344
35048.000000  -0.258938
35128.000000  -0.035110
35209.000000  0.365152
35362.000000  0.046973
35503.000000  -0.051944
35648.000000  0.057092
35808.000000  0.098062
36016.000000  -0.086177
36264.000000  -0.035526
36395.000000  -0.018318
36452.000000  -0.039656
36504.000000  0.144604
36574.000000  -0.487313
36642.000000  0.565930
36685.000000  -0.546044
36775.000000  0.467332
36805.000000  0.103625
36906.000000  -0.616968
37009.000000  0.021303
37138.000000  0.025986
37384.000000  0.063187
37600.000000  0.022118
37783.000000  0.053385
37899.000000  -0.076010
37973.000000  0.006357
38072.000000  0.019212
38164.000000  0.050742
38230.000000  -0.056177
38325.000000  -0.033271
38494.000000  0.005735
38665.000000  0.046801
38851.000000  -0.005006
38958.000000  -0.050415
39040.000000  -0.012274
39080.000000  -0.001997
39111.000000  0.090516
39124.000000  -0.047891
39141.000000  0.023719
39197.000000  0.027739
39228.000000  -0.026054
39279.000000  0.049442
39301.000000  -0.009848
39340.000000  0.081637
39377.000000  0.012327
39400.000000  -0.009483
39465.000000  -0.270833
39467.000000  -0.063058
39514.000000  0.022025
39597.000000  0.006952
39678.000000  0.039385
39794.000000  0.021756
39882.000000  0.005302
39898.000000  -0.074399
39918.000000  0.021523
40006.000000  -0.015491
40116.000000  0.023133
40246.000000  0.083105
40388.000000  0.018656
40461.000000  -0.092611
40557.000000  0.049776
40638.000000  -0.020699
40726.000000  0.009333
40792.000000  -0.001831
40817.000000  -0.062770
