995.000000  0.162299
1251.000000  -0.019318
1442.000000  -0.041960
1666.000000  0.022884
1914.000000  0.012039
2159.000000  0.029820
2483.000000  0.007547
2701.000000  0.011518
3021.000000  0.049078
3317.000000  0.002796
3613.000000  -0.003269
3882.000000  -0.016789
4202.000000  0.021306
4478.000000  -0.002786
4702.000000  -0.037909
4976.000000  0.043241
5236.000000  0.003339
5449.000000  -0.070985
5503.000000  -0.098668
5633.000000  0.034111
5775.000000  -0.004284
5911.000000  0.003967
6039.000000  0.006490
6058.000000  -0.073264
6258.000000  0.099956
6468.000000  0.017655
6694.000000  -0.001552
6892.000000  -0.008961
7100.000000  0.006278
7280.000000  -0.009343
7474.000000  0.030945
7702.000000  -0.028415
7942.000000  -0.009851
8185.000000  0.025966
8383.000000  -0.035610
8515.000000  -0.035939
8660.000000  -0.015077
8792.000000  0.013303
8961.000000  0.032325
9111.000000  -0.008150
9284.000000  0.005760
9500.000000  0.029221
9663.000000  -0.016985
9870.000000  0.026156
10140.000000  0.008274
10364.000000  0.037036
10580.000000  -0.031871
10765.000000  -0.021928
10925.000000  0.024225
11076.000000  -0.023039
11164.000000  -0.075583
11341.000000  0.061724
11591.000000  0.045199
11807.000000  -0.008114
12060.000000  0.009527
12281.000000  0.014901
12532.000000  -0.028432
12739.000000  0.019017
12777.000000  -0.090096
12902.000000  0.046345
13039.000000  0.002219
13135.000000  0.011362
13240.000000  0.050826
13440.000000  -0.102949
13627.000000  0.064973
13871.000000  0.023619
14125.000000  0.019825
14403.000000  0.008295
14653.000000  0.022651
14910.000000  -0.026640
15125.000000  -0.036245
15371.000000  0.004923
15609.000000  -0.015234
15655.000000  -0.087964
15849.000000  0.057926
16084.000000  0.100284
16333.000000  0.029272
16575.000000  0.002691
16711.000000  -0.040076
16902.000000  -0.049914
17067.000000  0.026437
17226.000000  -0.038029
17384.000000  0.027354
17530.000000  -0.036562
17571.000000  -0.056970
17704.000000  0.061885
17808.000000  -0.015092
17953.000000  0.068252
18010.000000  -0.055354
18142.000000  0.022930
18215.000000  -0.009053
18312.000000  0.026269
18364.000000  -0.059267
18449.000000  0.011616
18542.000000  -0.012223
18643.000000  -0.018359
18756.000000  0.015486
18928.000000  0.056398
19236.000000  0.040065
19468.000000  -0.041939
19700.000000  0.017024
19991.000000  0.029760
20245.000000  0.048236
20456.000000  -0.005241
20725.000000  0.020569
20906.000000  -0.178444
21026.000000  0.057518
21202.000000  0.062854
21347.000000  -0.025399
21450.000000  0.021459
21587.000000  0.004752
21763.000000  0.086082
21982.000000  -0.018090
22179.000000  0.043509
22335.000000  -0.068575
22523.000000  -0.006981
22697.000000  0.100595
22823.000000  -0.085351
22983.000000  -0.004388
23132.000000  -0.024831
23361.000000  0.043048
23606.000000  0.084570
23852.000000  0.031546
24057.000000  0.038148
24225.000000  -0.182388
24435.000000  -0.085599
24648.000000  -0.020027
24891.000000  0.111496
25122.000000  0.020990
25363.000000  0.187618
25564.000000  -0.081193
25736.000000  -0.304061
25881.000000  -0.042083
25995.000000  -0.022090
26110.000000  -0.008442
26222.000000  0.013569
26390.000000  0.025142
26523.000000  -0.018475
26684.000000  0.042972
26887.000000  -0.002505
27119.000000  -0.011206
27325.000000  0.028738
27551.000000  0.049509
27764.000000  0.030619
27821.000000  -0.094293
27929.000000  0.006572
28110.000000  0.016047
28324.000000  0.016004
28537.000000  0.012907
28706.000000  -0.007177
28893.000000  0.035868
29007.000000  -0.029793
29213.000000  0.006475
29391.000000  0.011956
29574.000000  0.024789
29823.000000  0.006526
30197.000000  0.013910
30440.000000  0.008383
30656.000000  -0.038708
30858.000000  0.005461
31003.000000  -0.009589
31149.000000  -0.051326
31368.000000  0.054657
31546.000000  0.008291
31714.000000  -0.029978
31878.000000  -0.022582
31981.000000  -0.075419
32113.000000  0.012324
32257.000000  -0.005359
32395.000000  -0.004141
32567.000000  0.048441
32757.000000  0.145922
33021.000000  0.022357
33216.000000  -0.013368
33412.000000  -0.044305
33630.000000  -0.032872
33829.000000  0.042129
34040.000000  -0.008568
34190.000000  -0.069371
34325.000000  0.023148
34466.000000  0.020693
34594.000000  -0.015847
34701.000000  0.029829
34785.000000  -0.036572
34889.000000  0.064844
34982.000000  0.068149
35048.000000  -0.252277
35128.000000  -0.038838
35209.000000  0.366752
35362.000000  0.039741
35503.000000  -0.034546
35648.000000  0.055776
35808.000000  0.054567
36016.000000  -0.054565
36264.000000  -0.068942
36395.000000  -0.010970
36452.000000  -0.038873
36504.000000  0.162369
36574.000000  -0.463616
36642.000000  0.553542
36685.000000  -0.571949
36775.000000  0.503632
36805.000000  0.072627
36906.000000  -0.568423
37009.000000  0.009807
37138.000000  0.026279
37384.000000  0.060110
37600.000000  0.018738
37783.000000  -0.028314
37899.000000  -0.004158
37973.000000  -0.007778
38072.000000  0.041321
38164.000000  0.013613
38230.000000  -0.029113
38325.000000  -0.020015
38494.000000  0.006218
38665.000000  0.021203
38851.000000  0.007269
38958.000000  -0.038412
39040.000000  -0.001257
39080.000000  -0.003481
39111.000000  0.062864
39124.000000  -0.038918
39141.000000  0.019442
39197.000000  0.051686
39228.000000  0.000797
39279.000000  0.007237
39301.000000  0.005488
39340.000000  0.089380
39377.000000  0.006971
39400.000000  0.011924
39465.000000  -0.264085
39467.000000  -0.049673
39514.000000  0.011685
39597.000000  0.011895
39678.000000  0.017752
39794.000000  0.012021
39882.000000  0.013055
39898.000000  -0.054621
39918.000000  0.005845
40006.000000  0.010239
40116.000000  0.008190
40246.000000  0.052320
40388.000000  0.007844
40461.000000  -0.054012
40557.000000  0.034353
40638.000000  0.006820
40726.000000  -0.007634
40792.000000  -0.000788
40817.000000  -0.050814
