995.000000  0.218947
1195.000000  -0.048616
1394.000000  -0.002913
1594.000000  -0.011010
1799.000000  0.006283
2019.000000  0.030507
2279.000000  0.040620
2521.000000  -0.033461
2585.000000  -0.035475
2865.000000  0.058834
3154.000000  0.014052
3239.000000  -0.028526
3551.000000  0.093437
3897.000000  -0.012916
4164.000000  -0.001062
4289.000000  -0.063297
4555.000000  0.029919
4658.000000  -0.034960
4946.000000  0.041394
5204.000000  0.021134
5485.000000  0.006046
5720.000000  0.018614
5895.000000  -0.041299
6029.000000  -0.043610
6079.000000  -0.015154
6288.000000  0.007962
6493.000000  0.033711
6678.000000  -0.023958
6717.000000  -0.022672
6850.000000  0.029813
7012.000000  0.019142
7159.000000  0.017804
7257.000000  -0.062084
7368.000000  -0.021932
7485.000000  0.001200
7598.000000  0.020480
7805.000000  0.025343
8034.000000  -0.012020
8209.000000  -0.015808
8437.000000  0.054332
8524.000000  -0.028503
8678.000000  0.022796
8867.000000  0.018566
9053.000000  -0.003621
9144.000000  -0.046351
9323.000000  0.038558
9540.000000  0.010131
9653.000000  -0.015571
9838.000000  0.074654
9934.000000  -0.081332
10127.000000  0.023282
10348.000000  0.020988
10545.000000  -0.014528
10674.000000  0.014631
10741.000000  -0.051561
10876.000000  0.019915
11010.000000  -0.042830
11124.000000  0.016797
11271.000000  0.027881
11399.000000  -0.030966
11509.000000  -0.028578
11629.000000  0.000002
11737.000000  0.073008
11831.000000  -0.059453
11919.000000  -0.022389
12022.000000  -0.004310
12098.000000  0.020941
12184.000000  -0.006960
12221.000000  -0.018354
12271.000000  -0.025994
12371.000000  0.013688
12471.000000  0.011027
12578.000000  0.000208
12699.000000  0.011972
12808.000000  -0.006201
12897.000000  -0.009385
12961.000000  -0.017540
13049.000000  0.006758
13140.000000  0.018052
13228.000000  0.018838
13330.000000  0.000389
13470.000000  0.013234
13637.000000  -0.005769
13704.000000  0.014502
13849.000000  0.004990
13995.000000  0.032887
14214.000000  0.049555
14344.000000  0.005310
14623.000000  0.049309
14837.000000  0.032258
15060.000000  0.035101
15311.000000  0.005012
15509.000000  0.021278
15690.000000  0.026230
15912.000000  -0.020582
16120.000000  0.050996
16300.000000  -0.010562
16521.000000  -0.040049
16677.000000  -0.065776
16868.000000  -0.001963
17058.000000  0.063427
17229.000000  -0.087787
17410.000000  0.008558
17566.000000  -0.029378
17697.000000  -0.051877
17815.000000  0.018790
17942.000000  0.045714
18017.000000  -0.008929
18118.000000  -0.022602
18211.000000  0.017314
18301.000000  0.026764
18425.000000  -0.014973
18566.000000  0.035338
18779.000000  -0.008664
18976.000000  0.069872
19149.000000  0.002266
19328.000000  -0.011610
19530.000000  0.016078
19703.000000  0.044604
19916.000000  -0.087338
20106.000000  0.076241
20247.000000  -0.097907
20431.000000  0.034072
20608.000000  0.021729
20780.000000  -0.017853
20986.000000  0.015429
21236.000000  0.009667
21502.000000  0.034342
21729.000000  -0.019611
21912.000000  0.084985
22114.000000  -0.032427
22250.000000  -0.037633
22354.000000  0.030594
22434.000000  -0.123861
22591.000000  0.173141
22768.000000  -0.010229
22961.000000  0.024580
23149.000000  0.007023
23338.000000  0.001040
23474.000000  0.054003
23562.000000  0.006858
23672.000000  -0.056685
23807.000000  0.082146
23926.000000  0.018769
24084.000000  0.046597
24245.000000  0.069883
24447.000000  0.056956
24696.000000  0.117705
24926.000000  0.153983
25094.000000  -0.545890
25211.000000  -0.252982
25358.000000  0.281601
25491.000000  -0.199444
25632.000000  0.022561
25767.000000  -0.015524
25871.000000  -0.013797
26005.000000  0.140339
26197.000000  0.062381
26387.000000  0.134235
26598.000000  0.080163
26762.000000  -0.261045
26883.000000  -0.053546
27027.000000  0.014790
27175.000000  0.122323
27300.000000  0.043827
27413.000000  0.041516
27516.000000  -0.336953
27582.000000  -0.047637
27644.000000  -0.013220
27703.000000  -0.024558
27791.000000  0.058773
27890.000000  0.417381
27984.000000  0.078471
28136.000000  0.141139
28245.000000  -0.658640
28341.000000  -0.045198
28430.000000  0.009603
28557.000000  0.302836
28798.000000  0.190715
28982.000000  0.037678
29124.000000  -0.033430
29280.000000  -0.108709
29413.000000  -0.112815
29584.000000  0.043307
29784.000000  -0.014531
29928.000000  -0.070748
30057.000000  -0.054224
30131.000000  -0.161312
30212.000000  0.006944
30275.000000  0.086592
30294.000000  -0.016052
30363.000000  -0.038112
30483.000000  0.200846
30593.000000  0.106378
30674.000000  0.236521
30742.000000  -0.420159
30790.000000  0.081227
30854.000000  -0.268851
30945.000000  0.097199
31063.000000  0.017263
31192.000000  0.243830
31281.000000  -0.076586
31375.000000  -0.266234
31477.000000  0.001167
31627.000000  0.152482
31791.000000  0.065368
31998.000000  -0.042815
32247.000000  0.016021
32414.000000  -0.033634
32610.000000  -0.083874
32782.000000  -0.030987
32862.000000  -0.005467
32932.000000  -0.031171
32991.000000  0.015586
33067.000000  0.000782
33178.000000  -0.004148
33280.000000  -0.011209
33332.000000  0.010536
33450.000000  0.056181
33562.000000  -0.033615
33636.000000  -0.004785
33732.000000  0.006331
33882.000000  0.003136
33980.000000  -0.008038
34017.000000  -0.008705
34036.000000  -0.047759
34054.000000  0.005787
34118.000000  0.047623
34315.000000  0.018858
34481.000000  0.033448
34660.000000  0.039970
34794.000000  -0.044506
34927.000000  0.027196
34995.000000  -0.056740
35060.000000  -0.005143
35126.000000  -0.028625
35252.000000  0.074149
35376.000000  -0.020452
35474.000000  0.006529
35547.000000  0.010230
35657.000000  -0.024495
35780.000000  0.052586
35834.000000  -0.026413
35853.000000  -0.055579
35871.000000  -0.009743
35873.000000  0.026342
35948.000000  -0.006065
36059.000000  0.018442
36102.000000  -0.001752
36156.000000  -0.042393
36177.000000  -0.000625
36206.000000  -0.019562
36254.000000  0.065564
36351.000000  0.004313
36386.000000  -0.010210
36460.000000  -0.031821
36583.000000  0.040374
36643.000000  -0.027025
36689.000000  -0.009523
36829.000000  0.019370
36890.000000  -0.019819
36922.000000  0.005366
37036.000000  -0.002944
37157.000000  0.056347
37216.000000  -0.017706
37315.000000  0.047630
37400.000000  -0.064083
37477.000000  0.016005
37568.000000  0.030742
37648.000000  -0.000173
37736.000000  -0.041023
37816.000000  0.003760
37844.000000  0.008618
37954.000000  0.007874
38014.000000  0.039353
38124.000000  0.010186
38221.000000  -0.017052
38345.000000  -0.015903
38478.000000  0.031020
38547.000000  -0.017562
38602.000000  -0.025125
38718.000000  0.089382
38882.000000  -0.024060
38989.000000  -0.023420
39082.000000  -0.049853
39140.000000  0.017845
39188.000000  0.003565
39266.000000  0.013554
39383.000000  -0.014985
39478.000000  0.019173
39558.000000  0.020789
39646.000000  0.025277
39693.000000  -0.052045
39708.000000  -0.011833
39735.000000  0.074685
39757.000000  0.020122
39775.000000  -0.033221
39851.000000  0.047873
39904.000000  -0.129348
39971.000000  0.029405
40083.000000  -0.021282
40166.000000  0.012590
40272.000000  0.001840
40336.000000  0.012688
40410.000000  0.025956
40464.000000  -0.044612
40513.000000  -0.009148
40571.000000  0.021996
40632.000000  -0.006952
40680.000000  0.000294
40743.000000  0.017871
40812.000000  0.014649
40820.000000  -0.016732
40823.000000  -0.036683
