816.000000  0.213600
1021.000000  -0.043248
1205.000000  -0.030281
1385.000000  -0.019285
1621.000000  0.029845
1880.000000  0.033161
2126.000000  0.036618
2356.000000  -0.012113
2630.000000  0.038428
2911.000000  -0.019223
3097.000000  -0.020604
3299.000000  -0.000653
3443.000000  -0.020916
3587.000000  -0.022848
3733.000000  0.014081
3882.000000  -0.033901
4031.000000  0.031357
4188.000000  0.015862
4283.000000  -0.054236
4395.000000  -0.028814
4512.000000  0.019612
4591.000000  -0.005914
4700.000000  0.028752
4861.000000  0.023741
4878.000000  -0.056970
5062.000000  0.096453
5247.000000  -0.026659
5436.000000  0.031648
5591.000000  -0.012741
5813.000000  0.047576
5987.000000  -0.039041
6100.000000  -0.053760
6282.000000  0.025203
6529.000000  0.019978
6713.000000  -0.003248
6870.000000  -0.025629
6967.000000  -0.011903
7090.000000  0.011170
7248.000000  0.004323
7417.000000  0.028139
7594.000000  0.026528
7759.000000  -0.006185
7868.000000  -0.029677
7938.000000  -0.043185
8015.000000  0.043200
8089.000000  0.001949
8203.000000  0.042098
8437.000000  0.027322
8684.000000  -0.031587
8917.000000  0.032513
9135.000000  0.037539
9379.000000  -0.016333
9576.000000  -0.017199
9675.000000  -0.043810
9687.000000  -0.093017
9793.000000  0.066217
9937.000000  0.053302
10086.000000  0.035404
10127.000000  -0.057031
10320.000000  0.065803
10498.000000  -0.043719
10621.000000  -0.023712
10758.000000  -0.035591
10916.000000  0.037794
11057.000000  -0.008624
11222.000000  0.011802
11233.000000  -0.090041
11379.000000  0.096474
11543.000000  0.023966
11686.000000  -0.003982
11772.000000  -0.030567
11841.000000  -0.002905
11889.000000  -0.061418
11937.000000  -0.002628
12007.000000  0.019533
12093.000000  0.047315
12268.000000  0.003091
12439.000000  -0.000825
12573.000000  0.019250
12766.000000  0.023939
13009.000000  0.053434
13225.000000  0.005325
13410.000000  -0.007618
13619.000000  0.015644
13662.000000  0.058368
13962.000000  0.011228
14240.000000  0.208121
14466.000000  -0.229854
14690.000000  0.035626
14972.000000  0.244209
15253.000000  -0.149028
15494.000000  -0.043347
15666.000000  -0.038352
15760.000000  -0.039087
15861.000000  -0.052387
15985.000000  0.065087
16137.000000  0.029633
16278.000000  0.017700
16417.000000  -0.033516
16587.000000  0.004783
16744.000000  -0.120108
16781.000000  0.006335
16976.000000  0.035590
17017.000000  -0.029794
17146.000000  0.050511
17309.000000  -0.009656
17501.000000  0.020733
17691.000000  0.063717
17762.000000  -0.069112
17985.000000  0.089168
18201.000000  -0.018512
18449.000000  0.046149
18668.000000  -0.057694
18900.000000  -0.004547
19124.000000  0.014656
19364.000000  -0.050276
19456.000000  -0.094980
19500.000000  -0.033848
19596.000000  -0.009047
19701.000000  0.152737
19874.000000  0.063999
20037.000000  -0.031293
20159.000000  0.009150
20256.000000  -0.041979
20371.000000  0.035631
20497.000000  -0.075924
20644.000000  -0.004582
20811.000000  0.035661
20998.000000  0.043221
21221.000000  0.018474
21471.000000  0.019006
21716.000000  0.026761
21979.000000  -0.023844
22224.000000  0.454612
22414.000000  -0.070416
22575.000000  -0.282187
22658.000000  -0.058970
22870.000000  -0.127639
23018.000000  0.040830
23202.000000  0.032903
23331.000000  0.058312
23479.000000  -0.095102
23630.000000  0.092456
23785.000000  0.010759
23948.000000  0.000025
24073.000000  -0.013186
24227.000000  0.024783
24401.000000  0.008477
24635.000000  0.063520
24792.000000  -0.048679
24946.000000  -0.083183
25107.000000  0.038942
25271.000000  0.068317
25421.000000  0.042818
25565.000000  -0.285028
25740.000000  0.160411
25946.000000  0.008551
26186.000000  0.097673
26423.000000  0.073529
26686.000000  -0.022977
26871.000000  -0.036524
27048.000000  0.001156
27288.000000  0.043212
27503.000000  -0.031222
27668.000000  0.175074
27793.000000  0.029547
27987.000000  -0.384481
28252.000000  0.012820
28471.000000  0.005484
28698.000000  -0.001019
28950.000000  0.185144
29174.000000  -0.189347
29419.000000  0.002915
29499.000000  -0.067505
29703.000000  0.050623
29824.000000  -0.049834
29947.000000  0.016321
30125.000000  -0.003854
30242.000000  0.036744
30421.000000  0.095759
30623.000000  0.013101
30816.000000  0.042404
31058.000000  -0.020150
31305.000000  0.071377
31478.000000  0.024553
31674.000000  -0.129045
31843.000000  0.005085
31965.000000  -0.153044
32011.000000  -0.034291
32101.000000  0.100041
32235.000000  -0.069071
32352.000000  0.080771
32414.000000  0.006251
32507.000000  0.168050
32565.000000  0.171813
32672.000000  -0.173102
32699.000000  -0.094377
32724.000000  0.066423
32771.000000  -0.110575
32899.000000  0.187842
33021.000000  0.216957
33144.000000  -0.536807
33243.000000  0.650204
33306.000000  -0.100531
33323.000000  -0.602558
33416.000000  0.006695
33452.000000  -0.025546
33490.000000  0.009970
33533.000000  -0.016232
33540.000000  0.002763
33641.000000  0.010016
33759.000000  0.049032
33877.000000  0.001186
33930.000000  -0.029117
34001.000000  0.047268
34091.000000  0.027290
34232.000000  0.036463
34409.000000  -0.014572
34645.000000  0.026149
34862.000000  -0.005618
35040.000000  -0.024873
35216.000000  0.013072
35375.000000  0.001445
35507.000000  0.026853
35693.000000  -0.012976
35843.000000  -0.014973
36007.000000  -0.008837
36163.000000  -0.005707
36401.000000  0.033486
36545.000000  -0.046326
36669.000000  -0.017849
36687.000000  -0.045558
36750.000000  0.065158
36841.000000  -0.018304
36932.000000  -0.002716
37056.000000  0.064762
37142.000000  -0.064947
37229.000000  0.007507
37346.000000  0.025996
37431.000000  -0.039785
37573.000000  -0.006306
37694.000000  0.035776
37800.000000  0.030583
37960.000000  0.057134
38004.000000  -0.117583
38190.000000  0.118240
38333.000000  0.029711
38414.000000  0.033996
38472.000000  0.037270
38496.000000  -0.263081
38530.000000  0.009762
38640.000000  0.044769
38839.000000  0.030464
38993.000000  -0.022141
39095.000000  0.020098
39126.000000  -0.021706
39208.000000  0.025561
39219.000000  -0.073193
39293.000000  0.041141
39361.000000  -0.012984
39469.000000  0.042459
39568.000000  -0.016559
39623.000000  -0.012266
39647.000000  -0.019276
39736.000000  -0.002841
39821.000000  0.001197
39855.000000  0.002001
39914.000000  0.030824
39938.000000  -0.031676
39941.000000  -0.025351
39944.000000  -0.006460
39993.000000  0.033473
40071.000000  -0.008491
40153.000000  0.026910
40267.000000  0.000495
40356.000000  -0.008731
40392.000000  -0.002566
40493.000000  0.032943
40554.000000  -0.019928
40644.000000  0.010693
40725.000000  0.017389
40806.000000  0.016391
40821.000000  -0.068245
40822.000000  0.012190
