816.000000  0.213600
1021.000000  0.170352
1205.000000  0.140071
1385.000000  0.120786
1621.000000  0.150631
1880.000000  0.183792
2126.000000  0.220410
2356.000000  0.208297
2630.000000  0.246725
2911.000000  0.227503
3097.000000  0.206899
3299.000000  0.206245
3443.000000  0.185329
3587.000000  0.162481
3733.000000  0.176562
3882.000000  0.142661
4031.000000  0.174018
4188.000000  0.189880
4283.000000  0.135644
4395.000000  0.106829
4512.000000  0.126441
4591.000000  0.120527
4700.000000  0.149279
4861.000000  0.173019
4878.000000  0.116049
5062.000000  0.212502
5247.000000  0.185844
5436.000000  0.217492
5591.000000  0.204751
5813.000000  0.252327
5987.000000  0.213286
6100.000000  0.159525
6282.000000  0.184728
6529.000000  0.204706
6713.000000  0.201458
6870.000000  0.175830
6967.000000  0.163927
7090.000000  0.175097
7248.000000  0.179420
7417.000000  0.207559
7594.000000  0.234087
7759.000000  0.227902
7868.000000  0.198224
7938.000000  0.155039
8015.000000  0.198239
8089.000000  0.200188
8203.000000  0.242285
8437.000000  0.269607
8684.000000  0.238021
8917.000000  0.270534
9135.000000  0.308073
9379.000000  0.291740
9576.000000  0.274541
9675.000000  0.230731
9687.000000  0.137714
9793.000000  0.203931
9937.000000  0.257233
10086.000000  0.292637
10127.000000  0.235607
10320.000000  0.301409
10498.000000  0.257691
10621.000000  0.233979
10758.000000  0.198388
10916.000000  0.236183
11057.000000  0.227559
11222.000000  0.239361
11233.000000  0.149320
11379.000000  0.245794
11543.000000  0.269760
11686.000000  0.265777
11772.000000  0.235210
11841.000000  0.232305
11889.000000  0.170887
11937.000000  0.168259
12007.000000  0.187792
12093.000000  0.235107
12268.000000  0.238197
12439.000000  0.237372
12573.000000  0.256623
12766.000000  0.280562
13009.000000  0.333996
13225.000000  0.339321
13410.000000  0.331703
13619.000000  0.347347
13662.000000  0.405715
13962.000000  0.416943
14240.000000  0.625064
14466.000000  0.395210
14690.000000  0.430836
14972.000000  0.675045
15253.000000  0.526017
15494.000000  0.482670
15666.000000  0.444317
15760.000000  0.405231
15861.000000  0.352844
15985.000000  0.417931
16137.000000  0.447564
16278.000000  0.465264
16417.000000  0.431748
16587.000000  0.436531
16744.000000  0.316423
16781.000000  0.322758
16976.000000  0.358348
17017.000000  0.328554
17146.000000  0.379065
17309.000000  0.369409
17501.000000  0.390142
17691.000000  0.453858
17762.000000  0.384746
17985.000000  0.473914
18201.000000  0.455403
18449.000000  0.501552
18668.000000  0.443858
18900.000000  0.439310
19124.000000  0.453966
19364.000000  0.403690
19456.000000  0.308711
19500.000000  0.274862
19596.000000  0.265816
19701.000000  0.418553
19874.000000  0.482552
20037.000000  0.451259
20159.000000  0.460409
20256.000000  0.418430
20371.000000  0.454061
20497.000000  0.378137
20644.000000  0.373555
20811.000000  0.409216
20998.000000  0.452437
21221.000000  0.470911
21471.000000  0.489917
21716.000000  0.516678
21979.000000  0.492834
22224.000000  0.947446
22414.000000  0.877030
22575.000000  0.594843
22658.000000  0.535873
22870.000000  0.408234
23018.000000  0.449063
23202.000000  0.481966
23331.000000  0.540278
23479.000000  0.445177
23630.000000  0.537633
23785.000000  0.548391
23948.000000  0.548416
24073.000000  0.535230
24227.000000  0.560013
24401.000000  0.568491
24635.000000  0.632010
24792.000000  0.583331
24946.000000  0.500148
25107.000000  0.539090
25271.000000  0.607407
25421.000000  0.650225
25565.000000  0.365197
25740.000000  0.525608
25946.000000  0.534159
26186.000000  0.631833
26423.000000  0.705362
26686.000000  0.682384
26871.000000  0.645860
27048.000000  0.647016
27288.000000  0.690227
27503.000000  0.659006
27668.000000  0.834080
27793.000000  0.863627
27987.000000  0.479146
28252.000000  0.491966
28471.000000  0.497450
28698.000000  0.496431
28950.000000  0.681575
29174.000000  0.492228
29419.000000  0.495143
29499.000000  0.427638
29703.000000  0.478262
29824.000000  0.428428
29947.000000  0.444749
30125.000000  0.440895
30242.000000  0.477639
30421.000000  0.573398
30623.000000  0.586499
30816.000000  0.628903
31058.000000  0.608753
31305.000000  0.680130
31478.000000  0.704683
31674.000000  0.575638
31843.000000  0.580723
31965.000000  0.427680
32011.000000  0.393389
32101.000000  0.493430
32235.000000  0.424359
32352.000000  0.505130
32414.000000  0.511382
32507.000000  0.679432
32565.000000  0.851245
32672.000000  0.678143
32699.000000  0.583766
32724.000000  0.650189
32771.000000  0.539613
32899.000000  0.727455
33021.000000  0.944413
33144.000000  0.407606
33243.000000  1.057810
33306.000000  0.957279
33323.000000  0.354722
33416.000000  0.361417
33452.000000  0.335872
33490.000000  0.345842
33533.000000  0.329610
33540.000000  0.332373
33641.000000  0.342388
33759.000000  0.391420
33877.000000  0.392606
33930.000000  0.363489
34001.000000  0.410757
34091.000000  0.438047
34232.000000  0.474510
34409.000000  0.459938
34645.000000  0.486087
34862.000000  0.480469
35040.000000  0.455596
35216.000000  0.468668
35375.000000  0.470114
35507.000000  0.496966
35693.000000  0.483990
35843.000000  0.469017
36007.000000  0.460181
36163.000000  0.454474
36401.000000  0.487960
36545.000000  0.441634
36669.000000  0.423785
36687.000000  0.378227
36750.000000  0.443384
36841.000000  0.425080
36932.000000  0.422364
37056.000000  0.487126
37142.000000  0.422180
37229.000000  0.429687
37346.000000  0.455682
37431.000000  0.415897
37573.000000  0.409591
37694.000000  0.445368
37800.000000  0.475950
37960.000000  0.533084
38004.000000  0.415501
38190.000000  0.533740
38333.000000  0.563452
38414.000000  0.597447
38472.000000  0.634717
38496.000000  0.371636
38530.000000  0.381398
38640.000000  0.426167
38839.000000  0.456631
38993.000000  0.434490
39095.000000  0.454588
39126.000000  0.432882
39208.000000  0.458444
39219.000000  0.385250
39293.000000  0.426391
39361.000000  0.413407
39469.000000  0.455866
39568.000000  0.439307
39623.000000  0.427041
39647.000000  0.407765
39736.000000  0.404923
39821.000000  0.406121
39855.000000  0.408121
39914.000000  0.438946
39938.000000  0.407269
39941.000000  0.381918
39944.000000  0.375459
39993.000000  0.408932
40071.000000  0.400441
40153.000000  0.427352
40267.000000  0.427847
40356.000000  0.419116
40392.000000  0.416549
40493.000000  0.449492
40554.000000  0.429564
40644.000000  0.440257
40725.000000  0.457646
40806.000000  0.474037
40821.000000  0.405793
40822.000000  0.417983
