576.000000  0.203848
770.000000  0.179330
946.000000  0.180050
1186.000000  0.199688
1429.000000  0.241330
1632.000000  0.252785
1837.000000  0.259832
2041.000000  0.278116
2255.000000  0.276704
2392.000000  0.233761
2543.000000  0.247700
2692.000000  0.260831
2893.000000  0.309127
3070.000000  0.249955
3192.000000  0.222563
3335.000000  0.274432
3455.000000  0.253407
3528.000000  0.166437
3639.000000  0.211518
3771.000000  0.220066
3978.000000  0.235107
4160.000000  0.237845
4341.000000  0.292131
4528.000000  0.287879
4642.000000  0.246469
4778.000000  0.256875
4911.000000  0.253176
5106.000000  0.298172
5355.000000  0.344663
5596.000000  0.342381
5850.000000  0.367376
6073.000000  0.357956
6231.000000  0.327974
6411.000000  0.324250
6609.000000  0.368021
6777.000000  0.343956
6861.000000  0.304632
6961.000000  0.277131
7087.000000  0.291291
7183.000000  0.303613
7279.000000  0.314882
7419.000000  0.339212
7569.000000  0.321384
7773.000000  0.368177
7959.000000  0.365099
8164.000000  0.355670
8315.000000  0.336285
8455.000000  0.363731
8469.000000  0.245832
8612.000000  0.369960
8733.000000  0.343510
8884.000000  0.384483
8985.000000  0.315628
9058.000000  0.312579
9122.000000  0.323106
9191.000000  0.335081
9289.000000  0.348810
9422.000000  0.381735
9549.000000  0.292930
9685.000000  0.310525
9800.000000  0.317674
9955.000000  0.304124
10102.000000  0.353995
10266.000000  0.328515
10384.000000  0.330655
10515.000000  0.317704
10647.000000  0.324738
10783.000000  0.332752
10905.000000  0.321907
11057.000000  0.362326
11253.000000  0.342060
11418.000000  0.354418
11586.000000  0.354066
11764.000000  0.360109
11813.000000  0.320306
12019.000000  0.430388
12087.000000  0.377550
12251.000000  0.435156
12421.000000  0.434863
12602.000000  0.450587
12810.000000  0.460040
12988.000000  0.457724
13134.000000  0.424097
13381.000000  0.490079
13575.000000  0.459731
13718.000000  0.403384
13844.000000  0.363545
13973.000000  0.378089
14083.000000  0.384013
14201.000000  0.401582
14341.000000  0.405507
14460.000000  0.399157
14576.000000  0.394076
14664.000000  0.388793
14740.000000  0.402838
14869.000000  0.438283
15012.000000  0.435773
15141.000000  0.460008
15251.000000  0.430932
15354.000000  0.441760
15494.000000  0.434617
15696.000000  0.477045
15894.000000  0.478417
16050.000000  0.476896
16179.000000  0.473555
16318.000000  0.522197
16562.000000  0.583959
16709.000000  0.664140
16838.000000  0.423854
16897.000000  0.370866
16992.000000  0.395443
17091.000000  0.574693
17166.000000  0.531872
17297.000000  0.598527
17348.000000  0.523090
17431.000000  0.486460
17525.000000  0.506414
17615.000000  0.469542
17717.000000  0.455550
17818.000000  0.421557
17942.000000  0.427248
18100.000000  0.457359
18289.000000  0.503417
18420.000000  0.566690
18562.000000  0.569056
18680.000000  0.586172
18795.000000  0.597559
18891.000000  0.617350
18961.000000  0.656695
18991.000000  0.704894
18991.000000  0.301538
19006.000000  0.343114
19033.000000  0.598352
19134.000000  0.777659
19201.000000  0.747714
19362.000000  0.739594
19576.000000  0.745232
19742.000000  0.700474
19855.000000  0.692239
19984.000000  0.640631
20077.000000  0.699398
20215.000000  0.842524
20299.000000  0.355960
20392.000000  0.727986
20501.000000  0.392160
20594.000000  0.738073
20683.000000  0.722038
20815.000000  0.891302
20917.000000  0.859997
20991.000000  0.393731
21164.000000  0.477296
21344.000000  0.449452
21480.000000  0.480457
21652.000000  0.956883
21809.000000  0.963342
21986.000000  0.961123
22121.000000  0.858900
22242.000000  0.425052
22369.000000  0.432446
22497.000000  0.430283
22674.000000  0.452693
22802.000000  0.433567
22836.000000  0.364448
22980.000000  0.443387
23100.000000  0.443319
23261.000000  0.443013
23305.000000  0.405410
23407.000000  0.431067
23490.000000  0.408876
23618.000000  0.448330
23795.000000  0.471025
23908.000000  0.483504
24030.000000  0.456505
24151.000000  0.473708
24303.000000  0.494516
24376.000000  0.454777
24378.000000  0.390093
24403.000000  0.398138
24492.000000  0.439646
24576.000000  0.505096
24736.000000  0.483083
24858.000000  0.506469
24978.000000  0.474929
25120.000000  0.511751
25254.000000  0.534506
25351.000000  0.602163
25430.000000  0.627462
25495.000000  0.472618
25650.000000  0.436941
25790.000000  0.576011
25875.000000  0.630447
25944.000000  0.596363
26031.000000  0.620164
26092.000000  0.591214
26252.000000  0.644997
26331.000000  0.604547
26415.000000  0.590606
26535.000000  0.595813
26606.000000  0.530378
26666.000000  0.418575
26728.000000  0.404996
26791.000000  0.400250
26864.000000  0.396107
26926.000000  0.392593
26999.000000  0.403074
27078.000000  0.408781
27198.000000  0.408978
27378.000000  0.446208
27416.000000  0.395155
27612.000000  0.494883
27821.000000  0.517116
28030.000000  0.528373
28178.000000  0.478411
28257.000000  0.433450
28438.000000  0.467187
28586.000000  0.463092
28620.000000  0.402558
28785.000000  0.475706
28866.000000  0.446946
28946.000000  0.421865
29021.000000  0.423573
29164.000000  0.443907
29263.000000  0.471192
29293.000000  0.401314
29336.000000  0.413081
29376.000000  0.409647
29424.000000  0.402974
29486.000000  0.430621
29630.000000  0.483247
29821.000000  0.504178
29923.000000  0.455357
30018.000000  0.445312
30090.000000  0.451256
30188.000000  0.465914
30310.000000  0.534830
30472.000000  0.541949
30640.000000  0.571379
30802.000000  0.545100
30975.000000  0.540722
31104.000000  0.541297
31182.000000  0.458429
31265.000000  0.500649
31362.000000  0.506497
31457.000000  0.522884
31558.000000  0.520628
31647.000000  0.499721
31726.000000  0.483693
31804.000000  0.457074
31888.000000  0.479722
31999.000000  0.486081
32077.000000  0.473308
32215.000000  0.460520
32337.000000  0.517008
32512.000000  0.547452
32540.000000  0.499327
32672.000000  0.595548
32796.000000  0.601283
32909.000000  0.631459
33026.000000  0.628809
33133.000000  0.709402
33177.000000  0.421810
33298.000000  0.499819
33377.000000  0.428584
33424.000000  0.451216
33485.000000  0.465310
33579.000000  0.491994
33757.000000  0.544337
33921.000000  0.509740
34072.000000  0.553623
34162.000000  0.485511
34255.000000  0.503081
34341.000000  0.477257
34392.000000  0.455887
34407.000000  0.435047
34511.000000  0.492051
34679.000000  0.553841
34736.000000  0.467668
34878.000000  0.514574
34964.000000  0.488303
35028.000000  0.457573
35110.000000  0.466588
35184.000000  0.518000
35252.000000  0.526537
35357.000000  0.551363
35473.000000  0.499531
35615.000000  0.512641
35722.000000  0.511440
35852.000000  0.526981
35876.000000  0.384883
35958.000000  0.454522
36052.000000  0.448592
36133.000000  0.463422
36214.000000  0.619062
36280.000000  0.452676
36306.000000  0.431455
36308.000000  0.395568
36340.000000  0.385897
36394.000000  0.398705
36477.000000  0.435524
36573.000000  0.453941
36651.000000  0.443510
36741.000000  0.430140
36805.000000  0.436393
36906.000000  0.463649
37011.000000  0.441179
37124.000000  0.444542
37158.000000  0.431282
37206.000000  0.456549
37233.000000  0.445661
37248.000000  0.412395
37268.000000  0.449154
37332.000000  0.419976
37419.000000  0.443797
37501.000000  0.445255
37598.000000  0.453820
37673.000000  0.449545
37731.000000  0.425668
37833.000000  0.448271
37914.000000  0.449015
37983.000000  0.463482
38072.000000  0.483582
38146.000000  0.444713
38162.000000  0.405897
38191.000000  0.386884
38221.000000  0.393887
38329.000000  0.438405
38410.000000  0.461845
38472.000000  0.489198
38563.000000  0.435405
38586.000000  0.418014
38588.000000  0.417322
38624.000000  0.435041
38699.000000  0.418981
38789.000000  0.406855
38865.000000  0.419534
38962.000000  0.467436
39046.000000  0.476291
39133.000000  0.481691
39210.000000  0.507010
39288.000000  0.457109
39344.000000  0.475082
39397.000000  0.484041
39526.000000  0.506072
39577.000000  0.457975
39659.000000  0.462591
39743.000000  0.463429
39792.000000  0.464556
39915.000000  0.507300
40036.000000  0.550028
40133.000000  0.604331
40249.000000  0.605734
40309.000000  0.555511
40346.000000  0.428650
40435.000000  0.445746
40541.000000  0.455809
40675.000000  0.470133
40742.000000  0.467753
40751.000000  0.398720
40794.000000  0.473656
40818.000000  0.431377
40818.000000  0.383883
