576.000000  0.101205
754.000000  -0.023726
944.000000  0.002374
1221.000000  0.031842
1453.000000  0.026254
1681.000000  0.009599
1927.000000  -0.013583
2150.000000  0.012012
2310.000000  -0.041395
2445.000000  -0.030872
2589.000000  0.021797
2762.000000  0.023213
2999.000000  0.030347
3111.000000  -0.041131
3256.000000  -0.003974
3381.000000  -0.002008
3451.000000  -0.079262
3546.000000  0.022952
3668.000000  0.001459
3755.000000  -0.010435
3840.000000  0.011041
3966.000000  0.015469
4072.000000  -0.010286
4178.000000  0.003092
4261.000000  -0.004127
4416.000000  0.026522
4590.000000  0.018243
4610.000000  -0.045889
4783.000000  0.044101
4934.000000  -0.015498
5049.000000  -0.008865
5126.000000  -0.016802
5205.000000  0.023728
5283.000000  -0.019925
5380.000000  -0.012950
5497.000000  0.002638
5624.000000  0.002904
5808.000000  0.036248
6016.000000  0.027193
6155.000000  -0.025711
6290.000000  -0.015662
6382.000000  -0.001770
6504.000000  0.018006
6591.000000  -0.014369
6721.000000  0.022713
6896.000000  0.019367
7055.000000  -0.011642
7069.000000  -0.076205
7218.000000  0.078074
7372.000000  0.007831
7495.000000  -0.021037
7512.000000  -0.043127
7566.000000  0.011135
7645.000000  -0.004735
7754.000000  0.020075
7900.000000  0.024735
8062.000000  -0.017484
8255.000000  0.010920
8426.000000  -0.001718
8500.000000  -0.005018
8607.000000  -0.006913
8725.000000  0.026770
8818.000000  0.005841
8901.000000  0.018404
9011.000000  0.010902
9131.000000  0.021650
9147.000000  -0.042014
9211.000000  0.019328
9312.000000  -0.002049
9408.000000  -0.010686
9545.000000  -0.014293
9650.000000  -0.030414
9651.000000  -0.082373
9702.000000  0.015869
9750.000000  -0.002574
9809.000000  0.001576
9867.000000  0.004890
9927.000000  0.009710
10068.000000  0.018799
10241.000000  0.028507
10414.000000  0.021150
10590.000000  0.014786
10739.000000  -0.007107
10920.000000  0.016472
11128.000000  0.010683
11360.000000  -0.000766
11558.000000  0.001988
11713.000000  -0.038357
11835.000000  -0.026515
12018.000000  0.056929
12179.000000  -0.005748
12347.000000  -0.031306
12543.000000  0.034749
12756.000000  0.033425
12951.000000  0.017556
13190.000000  0.025215
13422.000000  0.022354
13605.000000  -0.079103
13815.000000  -0.007467
13980.000000  -0.019088
14107.000000  -0.002164
14228.000000  -0.014938
14389.000000  0.042558
14605.000000  0.030507
14847.000000  0.035042
15079.000000  0.002297
15262.000000  -0.070488
15462.000000  -0.002432
15651.000000  -0.004180
15822.000000  0.002848
15967.000000  -0.012460
16101.000000  0.026786
16252.000000  0.050695
16408.000000  0.031940
16597.000000  0.015019
16819.000000  0.005419
17035.000000  -0.050636
17237.000000  -0.022334
17475.000000  -0.019583
17731.000000  0.007331
17904.000000  -0.013572
18037.000000  -0.004412
18201.000000  0.017591
18365.000000  0.017773
18560.000000  0.053741
18696.000000  -0.008745
18815.000000  0.035730
18880.000000  0.017623
18962.000000  -0.167141
19032.000000  0.051226
19094.000000  -0.149326
19152.000000  -0.000150
19225.000000  0.004942
19290.000000  0.004544
19350.000000  0.007467
19421.000000  -0.003992
19473.000000  -0.014598
19531.000000  0.005992
19595.000000  0.000062
19682.000000  0.009638
19746.000000  -0.003955
19807.000000  -0.006562
19867.000000  -0.000350
19927.000000  0.017750
20006.000000  -0.002056
20143.000000  0.027026
20349.000000  0.008404
20551.000000  0.009717
20747.000000  0.020634
20959.000000  0.009103
21178.000000  0.010086
21384.000000  -0.010570
21476.000000  -0.022639
21561.000000  -0.026132
21671.000000  -0.002859
21755.000000  -0.010020
21922.000000  0.045161
22029.000000  -0.029525
22137.000000  0.012274
22218.000000  0.015878
22305.000000  -0.008261
22388.000000  -0.019061
22501.000000  0.015277
22712.000000  0.021738
22890.000000  0.029760
23044.000000  -0.032249
23214.000000  0.029307
23430.000000  0.017693
23604.000000  0.014384
23726.000000  -0.020128
23958.000000  0.042189
24134.000000  -0.049867
24310.000000  0.005109
24451.000000  -0.027978
24599.000000  0.008990
24681.000000  -0.025787
24736.000000  -0.012513
24820.000000  -0.023526
24909.000000  0.018168
24991.000000  -0.014227
25073.000000  0.031765
25156.000000  0.057877
25291.000000  0.009434
25345.000000  -0.058236
25451.000000  0.026310
25536.000000  -0.046330
25621.000000  0.001141
25705.000000  0.005655
25851.000000  -0.012807
25958.000000  0.066903
26009.000000  0.051132
26013.000000  -0.013297
26051.000000  0.086713
26120.000000  0.073151
26178.000000  0.032093
26256.000000  -0.041960
26343.000000  -0.024392
26462.000000  -0.013170
26604.000000  -0.033308
26701.000000  -0.082855
26785.000000  -0.120582
26899.000000  0.021120
27008.000000  -0.002030
27088.000000  0.024993
27154.000000  0.091167
27166.000000  0.073948
27178.000000  -0.107921
27214.000000  0.027335
27282.000000  -0.030444
27404.000000  0.068525
27488.000000  -0.033668
27599.000000  -0.070988
27713.000000  0.007638
27804.000000  -0.002204
27895.000000  0.023369
27997.000000  0.030400
28124.000000  0.017794
28231.000000  -0.130474
28352.000000  0.003242
28482.000000  0.015726
28568.000000  0.114453
28650.000000  0.074458
28742.000000  -0.228650
28848.000000  0.005392
28934.000000  -0.013122
28944.000000  -0.033426
29014.000000  0.074928
29096.000000  0.007156
29168.000000  -0.009370
29262.000000  0.089908
29398.000000  0.012407
29543.000000  -0.083688
29704.000000  -0.001078
29860.000000  0.010263
30046.000000  0.001266
30199.000000  -0.012399
30357.000000  0.001505
30499.000000  0.007467
30633.000000  0.011944
30810.000000  0.022585
30953.000000  0.009312
31031.000000  -0.113930
31051.000000  0.010037
31112.000000  0.008882
31193.000000  0.015583
31267.000000  0.030299
31317.000000  -0.003129
31392.000000  0.019653
31434.000000  -0.020785
31489.000000  0.001497
31530.000000  0.002794
31598.000000  0.006662
31666.000000  0.113649
31688.000000  0.130027
31756.000000  -0.077919
31887.000000  0.013378
32010.000000  -0.066433
32129.000000  0.087564
32226.000000  -0.082208
32404.000000  -0.013017
32675.000000  -0.006358
32849.000000  0.031318
32887.000000  -0.102604
32954.000000  0.096516
33067.000000  0.015130
33154.000000  -0.014744
33343.000000  0.110727
33524.000000  0.103608
33642.000000  0.029101
33774.000000  -0.403127
33881.000000  -0.005565
34021.000000  -0.008939
34111.000000  -0.005517
34228.000000  0.012227
34309.000000  -0.004203
34329.000000  -0.001939
34401.000000  0.217400
34509.000000  0.026095
34566.000000  0.348786
34592.000000  -0.185926
34701.000000  0.049855
34859.000000  -0.457725
34946.000000  -0.005522
35049.000000  -0.002993
35145.000000  0.009534
35226.000000  -0.017786
35320.000000  0.015023
35420.000000  -0.002805
35461.000000  0.002471
35465.000000  -0.041239
35534.000000  0.030530
35661.000000  0.018331
35815.000000  0.018655
35865.000000  -0.015168
35946.000000  0.012212
36023.000000  -0.021689
36117.000000  0.006115
36149.000000  -0.021652
36179.000000  -0.008197
36259.000000  -0.008417
36345.000000  0.006285
36373.000000  -0.005672
36445.000000  -0.000860
36535.000000  0.008441
36631.000000  0.012593
36796.000000  0.035877
36991.000000  0.017960
37057.000000  -0.043656
37102.000000  -0.027619
37219.000000  0.038722
37329.000000  0.014446
37486.000000  0.004514
37513.000000  -0.037269
37580.000000  0.015784
37580.000000  -0.062247
37711.000000  0.068383
37830.000000  -0.022892
37912.000000  0.001217
37934.000000  -0.026088
38045.000000  0.033052
38056.000000  -0.042039
38133.000000  0.020000
38203.000000  -0.009825
38311.000000  0.013751
38437.000000  0.045352
38579.000000  -0.008759
38692.000000  0.004542
38823.000000  0.012071
38945.000000  0.000268
39060.000000  0.005035
39122.000000  -0.026059
39157.000000  -0.053142
39176.000000  -0.007915
39292.000000  0.042244
39343.000000  -0.022181
39391.000000  -0.011156
39431.000000  -0.002458
39501.000000  0.022695
39595.000000  -0.003822
39713.000000  0.035304
39864.000000  0.007790
40037.000000  0.000890
40130.000000  -0.018758
40224.000000  0.001669
40300.000000  0.007137
40339.000000  -0.017391
40373.000000  -0.029266
40427.000000  0.004759
40531.000000  0.023209
40634.000000  0.017854
40723.000000  0.010258
40800.000000  -0.021421
40818.000000  -0.013189
40825.000000  -0.028672
