995.000000  0.169428
1201.000000  -0.033751
1391.000000  -0.011860
1523.000000  -0.053092
1722.000000  0.059345
1966.000000  0.008785
2022.000000  -0.061181
2299.000000  0.072667
2590.000000  0.021006
2874.000000  0.022678
2882.000000  -0.154235
3141.000000  0.155898
3367.000000  -0.023695
3614.000000  0.010432
3944.000000  0.031660
4305.000000  0.052425
4609.000000  -0.035828
4814.000000  -0.054707
5030.000000  -0.018585
5230.000000  -0.008882
5375.000000  -0.055422
5538.000000  0.006140
5748.000000  0.055164
5996.000000  0.010606
6238.000000  0.006398
6485.000000  0.009672
6670.000000  -0.022778
6871.000000  0.024412
7048.000000  -0.033970
7270.000000  0.011671
7525.000000  0.023375
7824.000000  0.034145
8120.000000  0.029513
8419.000000  -0.021638
8720.000000  -0.011532
8973.000000  -0.034560
9194.000000  -0.019082
9319.000000  -0.005552
9465.000000  -0.022471
9627.000000  0.049542
9846.000000  -0.009457
10080.000000  -0.011401
10314.000000  0.010211
10564.000000  0.042921
10819.000000  -0.025892
11038.000000  0.022416
11224.000000  -0.051890
11405.000000  -0.017963
11607.000000  0.080003
11774.000000  0.040975
11947.000000  -0.004780
12153.000000  0.039678
12338.000000  0.021480
12444.000000  -0.106619
12516.000000  -0.093386
12632.000000  -0.013392
12700.000000  -0.029563
12828.000000  0.008174
12909.000000  0.025968
13005.000000  0.017953
13114.000000  -0.010396
13270.000000  0.009551
13499.000000  0.011670
13695.000000  0.052384
13866.000000  -0.077306
14063.000000  0.012916
14308.000000  0.053466
14546.000000  0.012477
14631.000000  -0.074530
14826.000000  0.017003
14929.000000  0.003130
15118.000000  0.020301
15290.000000  -0.004340
15435.000000  0.024502
15590.000000  0.009848
15725.000000  -0.028936
15915.000000  0.012585
16046.000000  -0.024493
16203.000000  0.031797
16408.000000  0.044990
16553.000000  -0.020312
16732.000000  -0.076056
16889.000000  -0.010679
17073.000000  0.036405
17307.000000  0.048403
17510.000000  0.011750
17658.000000  -0.035857
17817.000000  -0.004969
17979.000000  -0.047641
18127.000000  0.000192
18333.000000  0.034274
18498.000000  0.044158
18750.000000  0.039023
18996.000000  0.003572
19296.000000  0.011125
19541.000000  -0.030999
19737.000000  0.023664
19964.000000  0.055719
20265.000000  -0.062463
20564.000000  0.018985
20807.000000  -0.023243
21090.000000  0.050271
21293.000000  -0.049835
21516.000000  0.069089
21784.000000  -0.051832
21877.000000  -0.048938
22097.000000  0.101021
22297.000000  -0.059791
22517.000000  0.042669
22744.000000  0.027556
22999.000000  -0.047595
23183.000000  -0.011986
23389.000000  0.016131
23625.000000  0.070756
23809.000000  0.119383
24082.000000  -0.277319
24347.000000  0.019188
24509.000000  0.006312
24717.000000  0.140420
24876.000000  0.014646
24963.000000  0.031904
25060.000000  -0.113245
25159.000000  -0.024850
25243.000000  -0.021249
25394.000000  -0.012474
25545.000000  0.093482
25751.000000  0.312783
25981.000000  -0.499117
26156.000000  -0.016572
26343.000000  0.222256
26544.000000  0.057829
26686.000000  0.198377
26868.000000  -0.152701
26951.000000  0.047394
27061.000000  -0.401240
27103.000000  0.229677
27288.000000  0.203950
27445.000000  0.102448
27565.000000  0.088546
27645.000000  -0.049655
27777.000000  -0.618533
27889.000000  0.070066
27985.000000  0.045482
28077.000000  0.473622
28106.000000  -0.088404
28160.000000  -0.339399
28218.000000  -0.024911
28378.000000  0.124746
28447.000000  -0.033075
28586.000000  -0.178704
28701.000000  0.043996
28740.000000  -0.085647
28825.000000  -0.014717
29038.000000  0.027374
29235.000000  0.021461
29414.000000  0.000199
29582.000000  0.011831
29758.000000  -0.001488
29858.000000  -0.025227
29976.000000  -0.022036
30124.000000  0.003944
30365.000000  0.090873
30569.000000  0.004308
30700.000000  -0.022790
30837.000000  0.179357
30974.000000  0.026712
31137.000000  -0.099409
31274.000000  -0.004012
31428.000000  0.007071
31603.000000  0.073932
31694.000000  -0.053911
31796.000000  0.009987
31908.000000  0.006273
32041.000000  0.001711
32129.000000  -0.151861
32278.000000  0.120819
32426.000000  0.034400
32493.000000  -0.060486
32626.000000  -0.046335
32756.000000  0.080458
32930.000000  0.169715
33084.000000  -0.304882
33195.000000  -0.008325
33356.000000  0.340425
33504.000000  0.155211
33681.000000  0.155209
33818.000000  -0.586989
33947.000000  -0.012885
34073.000000  0.038858
34157.000000  0.017584
34215.000000  -0.013298
34288.000000  0.011841
34356.000000  -0.012197
34420.000000  -0.006860
34499.000000  -0.012834
34650.000000  0.059874
34729.000000  -0.091690
34932.000000  0.118712
35127.000000  0.015238
35312.000000  -0.033676
35440.000000  -0.139797
35515.000000  -0.061653
35639.000000  0.056841
35773.000000  0.031252
35987.000000  0.236086
36131.000000  -0.080057
36234.000000  -0.048418
36303.000000  -0.053775
36374.000000  -0.108635
36441.000000  0.001612
36537.000000  0.009923
36732.000000  0.005326
36891.000000  0.045629
37043.000000  0.040111
37183.000000  -0.010442
37312.000000  -0.006740
37436.000000  -0.055700
37557.000000  -0.012124
37700.000000  0.087474
37838.000000  -0.009770
37892.000000  -0.048794
37995.000000  -0.002763
38125.000000  -0.051526
38325.000000  0.022117
38573.000000  0.008954
38797.000000  0.145416
38975.000000  -0.044287
39082.000000  -0.061387
39192.000000  -0.029572
39270.000000  -0.079865
39371.000000  0.000076
39470.000000  0.007492
39537.000000  -0.008280
39611.000000  -0.007698
39682.000000  0.000096
39742.000000  -0.000868
39774.000000  -0.015095
39838.000000  0.012469
39920.000000  0.006312
40079.000000  0.017898
40174.000000  -0.015381
40213.000000  -0.018680
40217.000000  -0.014433
40271.000000  0.022003
40279.000000  -0.015790
40310.000000  -0.003685
40343.000000  0.010998
40387.000000  0.003567
40444.000000  0.019785
40489.000000  -0.013475
40544.000000  0.004136
40579.000000  -0.014924
40673.000000  0.011579
40768.000000  -0.002219
40801.000000  -0.010036
40807.000000  -0.010802
40817.000000  0.000999
40819.000000  -0.001910
