576.000000  0.098977
767.000000  0.079991
998.000000  0.084774
1238.000000  0.108898
1470.000000  0.136853
1632.000000  0.123027
1809.000000  0.115079
2050.000000  0.141854
2251.000000  0.132538
2415.000000  0.101213
2561.000000  0.102542
2729.000000  0.123428
2939.000000  0.134168
3072.000000  0.087482
3189.000000  0.050828
3299.000000  0.071443
3438.000000  0.113424
3630.000000  0.120298
3854.000000  0.119845
3872.000000  0.019915
4058.000000  0.084056
4181.000000  0.077114
4331.000000  0.085808
4381.000000  0.065190
4536.000000  0.091415
4698.000000  0.097838
4772.000000  0.072534
4772.000000  0.000385
4853.000000  0.058373
4962.000000  0.082552
5128.000000  0.115167
5322.000000  0.143970
5520.000000  0.123449
5742.000000  0.127462
5930.000000  0.106743
6134.000000  0.131089
6339.000000  0.131519
6536.000000  0.128390
6746.000000  0.130946
6951.000000  0.143386
7108.000000  0.122193
7138.000000  0.060019
7278.000000  0.094114
7411.000000  0.095209
7566.000000  0.107881
7686.000000  0.075580
7855.000000  0.093120
7976.000000  0.094985
8116.000000  0.115544
8288.000000  0.098051
8440.000000  0.091919
8623.000000  0.118099
8789.000000  0.137841
8959.000000  0.125234
9145.000000  0.138998
9320.000000  0.127974
9506.000000  0.141037
9761.000000  0.158085
9985.000000  0.162502
10191.000000  0.156204
10424.000000  0.179170
10655.000000  0.171023
10843.000000  0.153279
10924.000000  0.108300
11094.000000  0.123248
11166.000000  0.060059
11303.000000  0.104845
11389.000000  0.071720
11470.000000  0.102679
11593.000000  0.114404
11748.000000  0.119086
11906.000000  0.123613
12062.000000  0.145345
12241.000000  0.127197
12432.000000  0.136343
12568.000000  0.097484
12708.000000  0.088811
12833.000000  0.124424
12988.000000  0.124345
13158.000000  0.134782
13385.000000  0.156730
13660.000000  0.192130
13894.000000  0.164840
14071.000000  0.136764
14256.000000  0.154271
14488.000000  0.152412
14690.000000  0.190429
14815.000000  0.101661
14953.000000  0.103980
15099.000000  0.112988
15206.000000  0.106403
15359.000000  0.183072
15498.000000  0.214978
15608.000000  0.195496
15693.000000  0.221616
15796.000000  0.249084
15911.000000  0.251268
16039.000000  0.382979
16118.000000  0.112824
16227.000000  0.127089
16325.000000  0.075549
16415.000000  0.081237
16526.000000  0.077561
16632.000000  0.100534
16791.000000  0.120794
16899.000000  0.106646
17064.000000  0.174293
17152.000000  0.166558
17227.000000  0.180499
17296.000000  0.172688
17449.000000  0.244655
17608.000000  0.293021
17790.000000  0.242127
17975.000000  0.325240
18056.000000  0.209663
18163.000000  0.355909
18260.000000  0.361176
18388.000000  0.082272
18465.000000  0.031256
18530.000000  0.031559
18630.000000  0.039294
18709.000000  0.037633
18786.000000  0.292036
18864.000000  0.310497
18974.000000  0.278756
19144.000000  0.247715
19214.000000  0.208806
19359.000000  0.424144
19508.000000  0.372409
19663.000000  0.387445
19828.000000  0.391474
20019.000000  0.418941
20154.000000  0.440248
20233.000000  0.239469
20242.000000  0.101213
20279.000000  0.126594
20360.000000  0.329928
20388.000000  0.455840
20430.000000  0.375947
20485.000000  0.565004
20550.000000  0.024274
20594.000000  0.015402
20682.000000  0.108055
20716.000000  0.093980
20830.000000  0.122178
20966.000000  0.091896
21105.000000  0.135586
21222.000000  0.105142
21328.000000  0.090661
21489.000000  0.150199
21497.000000  0.080433
21732.000000  0.187922
21930.000000  0.330113
22051.000000  0.565122
22170.000000  0.078862
22285.000000  0.066857
22369.000000  0.057337
22462.000000  0.060739
22558.000000  0.066505
22638.000000  0.063303
22712.000000  0.046456
22794.000000  0.056764
22883.000000  0.060084
22967.000000  0.063416
23048.000000  0.063024
23125.000000  0.057494
23207.000000  0.073198
23332.000000  0.061200
23428.000000  0.085222
23522.000000  0.049739
23581.000000  0.024045
23651.000000  0.083624
23806.000000  0.058110
23957.000000  0.057427
24095.000000  0.055356
24226.000000  0.077191
24371.000000  0.086579
24493.000000  0.090476
24557.000000  0.065137
24701.000000  0.113333
24877.000000  0.090707
25048.000000  0.086940
25193.000000  0.102547
25245.000000  0.059418
25352.000000  0.059718
25493.000000  0.085704
25644.000000  0.103400
25813.000000  0.089604
25986.000000  0.125227
26141.000000  0.103555
26297.000000  0.151675
26394.000000  0.166828
26510.000000  0.171586
26622.000000  0.196880
26723.000000  0.166806
26830.000000  0.180519
26919.000000  0.201378
27031.000000  0.211130
27168.000000  0.298221
27323.000000  0.267246
27452.000000  0.259458
27607.000000  0.059256
27709.000000  0.041925
27793.000000  0.160163
27921.000000  0.148847
28002.000000  0.121258
28080.000000  0.034699
28221.000000  0.053278
28378.000000  0.078529
28420.000000  0.036537
28543.000000  0.054303
28677.000000  0.061771
28790.000000  0.059220
28871.000000  0.034069
28962.000000  0.055484
29043.000000  0.054779
29137.000000  0.034216
29226.000000  0.035813
29306.000000  0.047794
29397.000000  0.056619
29458.000000  0.049687
29563.000000  0.041780
29713.000000  0.098382
29869.000000  0.118326
30062.000000  0.121843
30202.000000  0.128245
30318.000000  0.120383
30466.000000  0.097675
30610.000000  0.083240
30723.000000  0.046305
30829.000000  0.096415
30927.000000  0.088040
30957.000000  0.052588
30965.000000  0.051132
31018.000000  0.042616
31027.000000  0.006699
31109.000000  0.031283
31221.000000  0.055861
31328.000000  0.066464
31408.000000  0.065664
31492.000000  0.065985
31584.000000  0.077204
31691.000000  0.075487
31733.000000  0.037396
31866.000000  0.068992
32012.000000  0.092606
32206.000000  0.111503
32290.000000  0.089743
32407.000000  0.108541
32493.000000  0.061971
32609.000000  0.084615
32701.000000  0.060156
32761.000000  0.054823
32825.000000  0.076655
32979.000000  0.094432
33132.000000  0.113032
33345.000000  0.146759
33493.000000  0.102572
33522.000000  0.060652
33546.000000  0.035370
33606.000000  0.083034
33676.000000  0.099625
33758.000000  0.153025
33885.000000  0.216636
33908.000000  0.103585
33954.000000  0.101819
34015.000000  0.104191
34046.000000  0.091419
34103.000000  0.025999
34216.000000  0.033915
34293.000000  0.026747
34341.000000  0.015649
34387.000000  0.018608
34446.000000  0.018542
34539.000000  0.041152
34727.000000  0.075030
34754.000000  0.026465
34969.000000  0.085711
35036.000000  0.065297
35223.000000  0.086252
35346.000000  0.060080
35455.000000  0.046436
35608.000000  0.063775
35705.000000  0.054130
35805.000000  0.044043
35932.000000  0.043853
36077.000000  0.113310
36144.000000  0.022326
36213.000000  0.020664
36285.000000  0.022659
36405.000000  0.045785
36487.000000  0.049097
36597.000000  0.053598
36690.000000  0.045594
36711.000000  0.017542
36779.000000  0.034181
36812.000000  0.040525
36904.000000  0.043685
36909.000000  0.016235
36937.000000  0.011874
36964.000000  0.015085
37125.000000  0.073855
37297.000000  0.093492
37382.000000  0.089499
37460.000000  0.045993
37484.000000  0.023686
37575.000000  0.027438
37577.000000  0.017676
37637.000000  0.026941
37770.000000  0.045286
37894.000000  0.074257
38000.000000  0.069506
38077.000000  0.048722
38160.000000  0.054594
38259.000000  0.058748
38359.000000  0.055507
38459.000000  0.068748
38485.000000  0.049124
38516.000000  0.034856
38585.000000  0.040136
38739.000000  0.081334
38930.000000  0.110807
39015.000000  0.106863
39242.000000  0.159057
39409.000000  0.116619
39518.000000  0.078891
39638.000000  0.105877
39698.000000  0.080507
39776.000000  0.115257
39785.000000  0.031794
39830.000000  0.072596
39902.000000  0.086392
39976.000000  0.117793
40079.000000  0.134854
40166.000000  0.108861
40280.000000  0.106514
40397.000000  0.138979
40504.000000  0.163089
40587.000000  0.168452
40665.000000  0.134125
40739.000000  0.188794
40803.000000  0.224301
40817.000000  0.118178
