576.000000  48.044182
767.000000  44.518749
998.000000  45.892231
1238.000000  50.769955
1470.000000  52.822132
1632.000000  58.049946
1809.000000  43.969994
2050.000000  50.929199
2251.000000  47.339775
2415.000000  42.697483
2561.000000  41.011765
2729.000000  46.410706
2939.000000  47.623852
3072.000000  37.664280
3189.000000  25.942188
3299.000000  31.110455
3438.000000  42.209385
3630.000000  44.881535
3854.000000  42.660934
3872.000000  14.073072
4058.000000  34.742504
4181.000000  32.359486
4331.000000  33.230560
4381.000000  32.279743
4536.000000  33.893589
4698.000000  36.084400
4772.000000  28.511026
4772.000000  0.270475
4853.000000  23.326092
4962.000000  30.368259
5128.000000  39.489456
5322.000000  41.986233
5520.000000  40.021858
5742.000000  40.966949
5930.000000  35.018860
6134.000000  38.745548
6339.000000  39.456825
6536.000000  38.814377
6746.000000  38.633999
6951.000000  39.644859
7108.000000  35.857735
7138.000000  25.255579
7278.000000  27.676846
7411.000000  31.037003
7566.000000  31.872526
7686.000000  24.587420
7855.000000  27.687954
7976.000000  29.351833
8116.000000  32.916130
8288.000000  28.855011
8440.000000  26.680422
8623.000000  32.125084
8789.000000  34.990032
8959.000000  33.136322
9145.000000  33.785732
9320.000000  31.511974
9506.000000  34.385376
9761.000000  34.580807
9985.000000  35.857960
10191.000000  34.366493
10424.000000  37.504372
10655.000000  34.826630
10843.000000  32.433338
10924.000000  28.654945
11094.000000  28.346134
11166.000000  16.507889
11303.000000  25.763485
11389.000000  18.723686
11470.000000  25.161102
11593.000000  26.987181
11748.000000  27.744263
11906.000000  27.174429
12062.000000  30.461767
12241.000000  27.496153
12432.000000  29.146671
12568.000000  22.325996
12708.000000  20.291780
12833.000000  26.541412
12988.000000  26.701429
13158.000000  28.117180
13385.000000  30.688131
13660.000000  35.350723
13894.000000  31.699875
14071.000000  27.029324
14256.000000  29.930443
14488.000000  29.016602
14690.000000  33.486671
14815.000000  21.914923
14953.000000  22.340115
15099.000000  23.572470
15206.000000  22.282349
15359.000000  32.602207
15498.000000  37.778908
15608.000000  34.492668
15693.000000  38.150135
15796.000000  40.367512
15911.000000  41.396572
16039.000000  51.665752
16118.000000  24.136633
16227.000000  26.025644
16325.000000  17.674253
16415.000000  18.769590
16526.000000  17.811224
16632.000000  20.481009
16791.000000  25.126192
16899.000000  21.706654
17064.000000  31.684927
17152.000000  31.998611
17227.000000  32.765186
17296.000000  31.084761
17449.000000  38.775345
17608.000000  43.331997
17790.000000  38.943760
17975.000000  45.648483
18056.000000  35.065853
18163.000000  48.315926
18260.000000  49.077885
18388.000000  19.572733
18465.000000  7.865111
18530.000000  7.836782
18630.000000  9.712559
18709.000000  8.935354
18786.000000  43.276882
18864.000000  44.414001
18974.000000  42.353554
19144.000000  39.086258
19214.000000  36.601250
19359.000000  54.563950
19508.000000  49.713989
19663.000000  51.479988
19828.000000  51.417915
20019.000000  53.246124
20154.000000  54.315521
20233.000000  39.617321
20242.000000  24.490892
20279.000000  26.741112
20360.000000  47.587811
20388.000000  59.356041
20430.000000  52.383369
20485.000000  62.723984
20550.000000  7.075086
20594.000000  4.625553
20682.000000  25.300772
20716.000000  24.790091
20830.000000  26.147339
20966.000000  22.578791
21105.000000  29.405249
21222.000000  24.412519
21328.000000  21.430025
21489.000000  31.528484
21497.000000  21.538805
21732.000000  35.308117
21930.000000  49.287045
22051.000000  62.964474
22170.000000  19.156881
22285.000000  17.064501
22369.000000  14.702288
22462.000000  14.573246
22558.000000  16.508978
22638.000000  16.007481
22712.000000  12.379805
22794.000000  13.931931
22883.000000  14.749460
22967.000000  15.348387
23048.000000  15.680872
23125.000000  14.259089
23207.000000  17.410292
23332.000000  15.222457
23428.000000  20.342598
23522.000000  12.405598
23581.000000  6.386556
23651.000000  18.831530
23806.000000  13.952581
23957.000000  13.811464
24095.000000  13.206577
24226.000000  17.798626
24371.000000  19.606283
24493.000000  19.900406
24557.000000  16.702452
24701.000000  23.559696
24877.000000  19.590408
25048.000000  18.981941
25193.000000  21.700211
25245.000000  15.288250
25352.000000  13.817422
25493.000000  17.569988
25644.000000  21.004219
25813.000000  18.863527
25986.000000  23.460363
26141.000000  21.062538
26297.000000  28.644245
26394.000000  30.204943
26510.000000  30.487341
26622.000000  34.446293
26723.000000  30.407833
26830.000000  32.037632
26919.000000  34.627464
27031.000000  36.392525
27168.000000  44.260384
27323.000000  42.092838
27452.000000  40.706261
27607.000000  14.286104
27709.000000  10.058377
27793.000000  30.404367
27921.000000  28.868607
28002.000000  25.281027
28080.000000  8.897284
28221.000000  12.757504
28378.000000  17.170288
28420.000000  9.568501
28543.000000  12.205944
28677.000000  13.754292
28790.000000  13.359332
28871.000000  8.288399
28962.000000  12.752910
29043.000000  12.833975
29137.000000  8.066783
29226.000000  8.329758
29306.000000  11.032357
29397.000000  12.614287
29458.000000  11.506321
29563.000000  9.797505
29713.000000  20.274342
29869.000000  22.451454
30062.000000  23.261454
30202.000000  23.165916
30318.000000  23.511036
30466.000000  20.254854
30610.000000  17.665564
30723.000000  10.546973
30829.000000  19.551565
30927.000000  18.241142
30957.000000  11.714910
30965.000000  11.745770
31018.000000  10.042441
31027.000000  1.710591
31109.000000  7.700445
31221.000000  12.815552
31328.000000  14.474487
31408.000000  14.266523
31492.000000  13.796835
31584.000000  16.191919
31691.000000  15.782638
31733.000000  9.209628
31866.000000  14.337296
32012.000000  18.249535
32206.000000  21.116085
32290.000000  18.208702
32407.000000  20.522802
32493.000000  13.274420
32609.000000  16.774227
32701.000000  12.846414
32761.000000  11.949536
32825.000000  16.053953
32979.000000  18.645323
33132.000000  22.061966
33345.000000  26.695173
33493.000000  19.834581
33522.000000  13.738789
33546.000000  7.924091
33606.000000  17.065256
33676.000000  19.302866
33758.000000  26.952290
33885.000000  34.311684
33908.000000  20.510145
33954.000000  20.684671
34015.000000  20.455374
34046.000000  18.783239
34103.000000  6.211903
34216.000000  8.046792
34293.000000  6.217091
34341.000000  3.779126
34387.000000  4.863491
34446.000000  4.411375
34539.000000  9.335032
34727.000000  15.564482
34754.000000  6.728350
34969.000000  16.735416
35036.000000  14.916555
35223.000000  16.518278
35346.000000  12.500496
35455.000000  10.097399
35608.000000  13.184449
35705.000000  12.546804
35805.000000  9.306413
35932.000000  9.525641
36077.000000  20.731256
36144.000000  5.109836
36213.000000  4.991522
36285.000000  5.101740
36405.000000  10.131907
36487.000000  10.813088
36597.000000  11.530310
36690.000000  9.664998
36711.000000  4.212455
36779.000000  7.915171
36812.000000  8.966949
36904.000000  10.063527
36909.000000  4.057405
36937.000000  2.904137
36964.000000  3.943189
37125.000000  15.471025
37297.000000  19.003757
37382.000000  18.037622
37460.000000  10.531511
37484.000000  5.520406
37575.000000  6.550185
37577.000000  4.304391
37637.000000  6.569470
37770.000000  10.397017
37894.000000  15.944435
38000.000000  14.714795
38077.000000  11.029383
38160.000000  11.780831
38259.000000  13.070673
38359.000000  11.397817
38459.000000  14.805115
38485.000000  10.988132
38516.000000  8.128238
38585.000000  9.382965
38739.000000  16.688887
38930.000000  21.129299
39015.000000  21.279011
39242.000000  27.992111
39409.000000  22.037264
39518.000000  15.758082
39638.000000  20.441011
39698.000000  17.379322
39776.000000  21.450329
39785.000000  7.193592
39830.000000  15.819404
39902.000000  18.423140
39976.000000  23.296789
40079.000000  25.734684
40166.000000  21.370115
40280.000000  20.626522
40397.000000  25.455746
40504.000000  28.883341
40587.000000  29.905546
40665.000000  25.814068
40739.000000  32.398331
40803.000000  36.920433
40817.000000  23.641094
