2285.000000  1.641140
2879.000000  1.737845
3358.000000  1.765314
3745.000000  1.786776
4330.000000  1.897124
4762.000000  1.971386
5426.000000  2.130913
5952.000000  2.087698
6719.000000  2.216408
7709.000000  2.353119
8577.000000  2.618051
9424.000000  2.638027
9915.000000  2.647468
10404.000000  2.703446
10967.000000  2.756252
11231.000000  2.796304
11591.000000  2.887002
11981.000000  2.860586
12262.000000  2.891688
12831.000000  3.006062
13379.000000  3.021167
13829.000000  3.159141
14659.000000  3.228325
15199.000000  3.451676
16282.000000  3.444666
16796.000000  3.505061
17200.000000  3.619316
17776.000000  3.670832
18367.000000  3.765991
18991.000000  3.834969
19791.000000  4.011525
20427.000000  3.971774
20961.000000  4.076288
21193.000000  4.070085
21641.000000  4.165545
22254.000000  4.265807
22932.000000  4.329423
24073.000000  4.531847
24822.000000  4.571566
26164.000000  4.702352
27254.000000  4.960374
28493.000000  5.182059
29990.000000  5.342551
31544.000000  5.448828
32560.000000  5.547701
32892.000000  5.641530
34073.000000  5.811999
35150.000000  6.029188
35864.000000  6.028266
36910.000000  6.321551
38335.000000  6.395329
39180.000000  6.426855
40274.000000  6.595792
41332.000000  6.711720
42512.000000  7.058671
43676.000000  7.245471
45500.000000  7.393030
46699.000000  7.616302
48303.000000  7.835295
50524.000000  7.991377
52027.000000  8.148133
53650.000000  8.412217
54769.000000  8.635057
55479.000000  8.775770
56887.000000  8.821119
58167.000000  9.008027
59632.000000  9.111374
60545.000000  9.284806
61789.000000  9.368788
62451.000000  9.498244
63540.000000  9.592093
64321.000000  9.814626
65659.000000  9.939070
66633.000000  10.187068
67588.000000  10.145954
67757.000000  10.034426
68204.000000  10.073986
69137.000000  10.311647
70286.000000  10.472734
71303.000000  10.532059
71970.000000  10.829730
72717.000000  10.798864
73657.000000  10.945795
74978.000000  11.089963
75475.000000  11.253241
75999.000000  11.346507
76175.000000  11.339642
76844.000000  11.203409
77022.000000  11.464718
77053.000000  11.243419
77842.000000  11.390077
78122.000000  11.572492
79422.000000  11.552319
79558.000000  11.427928
80266.000000  11.393119
80376.000000  11.623372
80955.000000  11.593204
81086.000000  11.559263
81215.000000  11.710584
81538.000000  11.882161
82077.000000  11.879334
82877.000000  11.785879
83022.000000  12.083085
83476.000000  12.078703
83647.000000  12.061345
84467.000000  12.096035
84648.000000  12.113760
85356.000000  12.263949
86318.000000  12.318533
86884.000000  12.651084
87443.000000  12.633066
88244.000000  12.514206
89104.000000  12.684222
89762.000000  12.862352
90215.000000  12.721201
91117.000000  12.847812
91469.000000  12.867707
91479.000000  12.933817
