2285.000000  1.641140
2879.000000  0.096705
3358.000000  0.027469
3745.000000  0.021462
4330.000000  0.110348
4762.000000  0.074262
5426.000000  0.159526
5952.000000  -0.043214
6719.000000  0.128709
7709.000000  0.136712
8577.000000  0.264932
9424.000000  0.019976
9915.000000  0.009441
10404.000000  0.055978
10967.000000  0.052806
11231.000000  0.040052
11591.000000  0.090699
11981.000000  -0.026417
12262.000000  0.031102
12831.000000  0.114375
13379.000000  0.015104
13829.000000  0.137975
14659.000000  0.069184
15199.000000  0.223351
16282.000000  -0.007010
16796.000000  0.060395
17200.000000  0.114254
17776.000000  0.051516
18367.000000  0.095159
18991.000000  0.068977
19791.000000  0.176556
20427.000000  -0.039751
20961.000000  0.104514
21193.000000  -0.006203
21641.000000  0.095460
22254.000000  0.100262
22932.000000  0.063616
24073.000000  0.202424
24822.000000  0.039720
26164.000000  0.130785
27254.000000  0.258022
28493.000000  0.221685
29990.000000  0.160492
31544.000000  0.106277
32560.000000  0.098873
32892.000000  0.093829
34073.000000  0.170470
35150.000000  0.217188
35864.000000  -0.000922
36910.000000  0.293285
38335.000000  0.073778
39180.000000  0.031526
40274.000000  0.168938
41332.000000  0.115928
42512.000000  0.346951
43676.000000  0.186800
45500.000000  0.147559
46699.000000  0.223272
48303.000000  0.218993
50524.000000  0.156082
52027.000000  0.156756
53650.000000  0.264084
54769.000000  0.222840
55479.000000  0.140713
56887.000000  0.045349
58167.000000  0.186908
59632.000000  0.103347
60545.000000  0.173432
61789.000000  0.083982
62451.000000  0.129457
63540.000000  0.093848
64321.000000  0.222533
65659.000000  0.124444
66633.000000  0.247998
67588.000000  -0.041114
67757.000000  -0.111528
68204.000000  0.039560
69137.000000  0.237661
70286.000000  0.161087
71303.000000  0.059324
71970.000000  0.297671
72717.000000  -0.030866
73657.000000  0.146931
74978.000000  0.144168
75475.000000  0.163278
75999.000000  0.093266
76175.000000  -0.006866
76844.000000  -0.136232
77022.000000  0.261309
77053.000000  -0.221299
77842.000000  0.146658
78122.000000  0.182415
79422.000000  -0.020173
79558.000000  -0.124391
80266.000000  -0.034809
80376.000000  0.230253
80955.000000  -0.030168
81086.000000  -0.033941
81215.000000  0.151320
81538.000000  0.171577
82077.000000  -0.002827
82877.000000  -0.093455
83022.000000  0.297206
83476.000000  -0.004382
83647.000000  -0.017358
84467.000000  0.034690
84648.000000  0.017725
85356.000000  0.150189
86318.000000  0.054584
86884.000000  0.332551
87443.000000  -0.018018
88244.000000  -0.118860
89104.000000  0.170016
89762.000000  0.178130
90215.000000  -0.141151
91117.000000  0.126611
91469.000000  0.019896
91479.000000  0.066110
