216.000000  0.054292
310.000000  -0.018635
445.000000  0.028349
517.000000  -0.035267
589.000000  0.003388
657.000000  -0.000952
714.000000  -0.010131
791.000000  0.007815
873.000000  -0.000323
952.000000  0.005912
1036.000000  -0.001867
1142.000000  0.010434
1242.000000  0.007615
1331.000000  -0.012119
1453.000000  0.018578
1549.000000  0.004333
1627.000000  -0.009770
1724.000000  0.007852
1808.000000  -0.003131
1889.000000  -0.001933
1976.000000  -0.003020
2050.000000  -0.005771
2131.000000  0.001262
2217.000000  -0.003996
2300.000000  0.022293
2366.000000  -0.007916
2445.000000  0.013238
2531.000000  -0.004055
2614.000000  -0.005533
2698.000000  -0.000711
2784.000000  -0.001944
2882.000000  0.003351
2966.000000  -0.013251
3047.000000  -0.000280
3125.000000  0.000434
3213.000000  0.023177
3298.000000  -0.012648
3391.000000  -0.010500
3481.000000  0.029501
3562.000000  -0.018547
3638.000000  -0.015436
3722.000000  0.013095
3788.000000  -0.001484
3887.000000  0.005270
3965.000000  0.007343
4050.000000  -0.000634
4135.000000  0.028026
4217.000000  -0.035769
4291.000000  -0.014841
4395.000000  0.010254
4480.000000  0.007610
4564.000000  0.001858
4657.000000  -0.005737
4759.000000  -0.002994
4914.000000  0.018465
5007.000000  -0.001402
5094.000000  -0.022255
5174.000000  0.002078
5258.000000  0.007100
5368.000000  0.007841
5459.000000  -0.009111
5539.000000  0.003996
5629.000000  0.001997
5720.000000  -0.016997
5802.000000  -0.001570
5879.000000  0.001397
5979.000000  0.010652
6062.000000  -0.008815
6139.000000  -0.002433
6220.000000  0.008925
6300.000000  -0.005749
6391.000000  0.018099
6466.000000  -0.017376
6546.000000  0.010787
6630.000000  -0.005676
6711.000000  -0.007597
6793.000000  -0.005659
6872.000000  0.012756
6953.000000  0.018756
7006.000000  0.010414
7076.000000  0.024490
7148.000000  0.038905
7203.000000  -0.043650
7256.000000  -0.014270
7319.000000  0.010608
7376.000000  0.003218
7436.000000  -0.006933
7488.000000  -0.002778
7539.000000  0.000309
7619.000000  0.013168
7702.000000  -0.001939
7760.000000  0.054858
7797.000000  -0.002602
7854.000000  -0.009265
7925.000000  0.011818
8012.000000  -0.026033
8118.000000  0.029735
8216.000000  0.031991
8349.000000  -0.046309
8472.000000  -0.033602
8564.000000  -0.032339
8638.000000  -0.003828
8745.000000  0.019447
8833.000000  0.052710
8931.000000  0.014347
8978.000000  0.047357
8991.000000  0.017020
8994.000000  0.107192
9041.000000  -0.134785
9090.000000  0.126745
9112.000000  -0.187938
9185.000000  0.230799
9201.000000  -0.052354
9244.000000  0.048727
9283.000000  -0.080229
9375.000000  -0.000887
9412.000000  0.026922
9437.000000  -0.131061
9504.000000  0.148216
9543.000000  -0.053363
9635.000000  0.292814
9636.000000  0.006153
9676.000000  -0.546865
9794.000000  0.036397
9908.000000  -0.019486
10013.000000  0.006039
10096.000000  0.004320
10154.000000  -0.036719
10244.000000  0.043337
10318.000000  -0.008080
10397.000000  0.000110
10463.000000  0.015332
10511.000000  -0.020445
10550.000000  -0.007072
10591.000000  -0.002992
10620.000000  -0.031375
10650.000000  0.041377
10720.000000  -0.031817
10795.000000  0.012007
10877.000000  0.009566
10981.000000  0.006876
11065.000000  -0.009249
11112.000000  -0.008551
11115.000000  -0.026461
11122.000000  0.005615
11223.000000  0.023900
11304.000000  0.009962
11386.000000  0.030227
11458.000000  -0.036680
11499.000000  -0.009947
11500.000000  -0.025396
11501.000000  0.006844
11573.000000  0.009523
11684.000000  0.014161
11784.000000  0.014100
11887.000000  0.011162
11990.000000  0.005112
12056.000000  -0.011082
12143.000000  0.002385
12213.000000  0.004989
12262.000000  -0.001043
12299.000000  -0.017023
12300.000000  -0.039185
12344.000000  0.008768
12425.000000  0.012879
12531.000000  0.013033
12631.000000  0.014148
12725.000000  0.000657
12803.000000  -0.002229
12848.000000  -0.008381
12850.000000  -0.038854
12934.000000  0.020996
13010.000000  0.006323
13092.000000  0.010170
13203.000000  0.010539
13301.000000  0.003861
13378.000000  -0.002587
13381.000000  -0.046069
13391.000000  0.003002
13392.000000  -0.005554
13450.000000  0.023202
13539.000000  0.005930
13590.000000  -0.005144
13634.000000  -0.012478
13689.000000  0.006160
13744.000000  -0.003692
13796.000000  -0.001524
13837.000000  -0.001244
13893.000000  0.001908
13951.000000  0.001707
14027.000000  0.007275
14108.000000  0.002470
14185.000000  0.006056
14258.000000  -0.005524
14342.000000  0.000427
14433.000000  0.008387
14553.000000  0.008202
14635.000000  -0.001520
14714.000000  -0.002049
14820.000000  0.012134
14905.000000  0.007793
14936.000000  -0.040773
14996.000000  0.023621
15062.000000  0.006953
15141.000000  0.011738
15233.000000  0.012943
15323.000000  -0.003029
15388.000000  -0.020098
15460.000000  -0.001386
15533.000000  -0.001988
15605.000000  -0.017716
15683.000000  0.003054
15753.000000  -0.004016
15813.000000  -0.006404
15889.000000  0.000383
15980.000000  0.016248
16061.000000  -0.002434
16162.000000  0.009577
16235.000000  -0.007078
16265.000000  -0.007320
16308.000000  -0.004708
16367.000000  -0.012320
16413.000000  -0.001617
16454.000000  -0.001637
16518.000000  0.006267
16609.000000  0.009082
16673.000000  -0.001592
16733.000000  -0.006271
16785.000000  -0.001610
16834.000000  -0.003899
16891.000000  0.001127
16939.000000  -0.001773
16989.000000  0.000451
17039.000000  0.001428
17124.000000  0.006322
17222.000000  0.015006
17323.000000  0.010849
17405.000000  0.004486
17514.000000  0.007706
17613.000000  0.006257
17679.000000  -0.007484
17734.000000  -0.026790
17816.000000  0.034425
17894.000000  0.002016
17984.000000  0.020118
18063.000000  -0.031051
18141.000000  -0.004343
18231.000000  0.019452
18313.000000  -0.013057
18387.000000  0.004015
18445.000000  -0.030799
18548.000000  0.035580
18628.000000  -0.009478
18685.000000  0.014225
18766.000000  -0.005856
18854.000000  -0.003516
18957.000000  -0.002213
19034.000000  -0.009867
19108.000000  -0.004120
19181.000000  0.012986
19251.000000  0.015107
19333.000000  -0.000440
19415.000000  0.015888
19492.000000  -0.028522
19571.000000  -0.010417
19656.000000  0.004018
19782.000000  0.009930
19853.000000  0.032142
19900.000000  0.022874
19943.000000  0.016328
19979.000000  0.029114
19999.000000  0.044670
20001.000000  -0.001513
20043.000000  -0.178081
20046.000000  -0.029037
20162.000000  0.030225
20236.000000  -0.006852
20309.000000  0.002601
20413.000000  0.010440
20490.000000  0.010942
20574.000000  0.006525
20656.000000  -0.004516
20739.000000  0.010008
20849.000000  0.005998
20918.000000  -0.015381
21010.000000  -0.006681
21155.000000  0.032245
21238.000000  -0.021227
21311.000000  0.005643
21375.000000  0.009810
21462.000000  0.008432
21546.000000  -0.014939
21621.000000  -0.009969
21703.000000  -0.003682
21792.000000  0.019268
21874.000000  -0.014847
21955.000000  0.004068
22032.000000  -0.008241
22122.000000  0.019183
22206.000000  -0.013298
22284.000000  0.002324
22362.000000  -0.011400
22474.000000  0.017216
22570.000000  -0.005748
22649.000000  0.016193
22736.000000  -0.018164
22826.000000  0.041872
22920.000000  0.016854
23005.000000  -0.011508
23098.000000  0.002227
23189.000000  -0.027633
23276.000000  0.019332
23357.000000  -0.035567
23488.000000  0.017915
23598.000000  0.039036
23643.000000  0.075020
23676.000000  0.014952
23680.000000  -0.065474
23722.000000  0.056530
23768.000000  -0.056106
23777.000000  -0.021458
23794.000000  0.128146
23857.000000  -0.235333
23933.000000  0.003153
23982.000000  -0.006394
24028.000000  0.014971
24052.000000  -0.002186
24053.000000  -0.008974
24126.000000  0.003918
24210.000000  0.007012
24304.000000  0.009384
24395.000000  0.013214
24489.000000  0.002551
24578.000000  -0.003065
24618.000000  -0.015296
24643.000000  -0.001546
24659.000000  -0.018712
24717.000000  0.005021
24839.000000  0.010962
24950.000000  0.015120
25024.000000  0.001425
25116.000000  0.001317
25207.000000  0.007525
25259.000000  -0.002794
25260.000000  -0.052854
25326.000000  0.028505
25421.000000  0.011151
25497.000000  0.004297
25590.000000  0.008347
25674.000000  -0.000595
25743.000000  -0.017430
25783.000000  -0.002337
25857.000000  0.013842
25887.000000  -0.017943
25974.000000  0.032774
26037.000000  0.008694
26047.000000  -0.059177
26048.000000  -0.010182
26049.000000  -0.000022
26079.000000  0.021754
26130.000000  -0.004510
26246.000000  0.018506
26333.000000  0.006488
26423.000000  0.010653
26518.000000  0.007981
26608.000000  -0.007804
26671.000000  -0.006680
26745.000000  -0.003144
26820.000000  0.027732
26904.000000  -0.005863
26987.000000  -0.007750
27093.000000  0.005343
27204.000000  0.005506
27280.000000  -0.016452
27374.000000  0.006797
27393.000000  -0.013864
27465.000000  0.014551
27522.000000  -0.001837
27597.000000  0.021044
27687.000000  -0.019354
27769.000000  -0.010471
27851.000000  0.002440
27938.000000  0.013220
28020.000000  0.044945
28089.000000  0.004775
28146.000000  0.035693
28222.000000  -0.034107
28247.000000  -0.090917
28251.000000  0.044898
28306.000000  -0.052216
28385.000000  0.016190
28476.000000  0.007533
28552.000000  -0.003281
28627.000000  -0.006272
28674.000000  -0.006925
28711.000000  -0.006519
28778.000000  -0.001980
28854.000000  0.007201
28899.000000  0.014818
28941.000000  -0.028867
28988.000000  0.001319
29049.000000  0.003368
29124.000000  0.009388
29223.000000  0.015321
29323.000000  0.002296
29388.000000  0.002010
29480.000000  0.013030
29562.000000  -0.000585
29667.000000  0.007754
29754.000000  -0.007263
29841.000000  0.003217
29892.000000  -0.017142
29956.000000  0.004442
30029.000000  0.015893
30110.000000  0.011741
30202.000000  0.022883
30227.000000  -0.053838
30296.000000  0.031429
30364.000000  0.017908
30432.000000  0.017034
30507.000000  -0.003953
30601.000000  -0.037994
30675.000000  -0.005728
30772.000000  -0.021726
30812.000000  0.029073
30875.000000  -0.001533
30955.000000  0.021912
30996.000000  0.068056
31037.000000  -0.109295
31044.000000  -0.042897
31110.000000  0.011768
31186.000000  0.004102
31248.000000  0.000392
31317.000000  -0.000161
31424.000000  0.018185
31515.000000  -0.017128
31625.000000  0.019558
31758.000000  0.016023
31827.000000  -0.005544
31873.000000  -0.010386
31906.000000  -0.009748
31962.000000  -0.013001
32045.000000  0.017390
32144.000000  0.007037
32227.000000  0.009990
32299.000000  -0.003836
32375.000000  0.006676
32470.000000  0.004941
32556.000000  0.000060
32634.000000  -0.004840
32711.000000  -0.005346
32792.000000  0.023580
32843.000000  -0.013132
32849.000000  -0.039092
32902.000000  0.043345
32912.000000  -0.021528
32918.000000  -0.012088
33008.000000  0.011298
33063.000000  -0.011289
33132.000000  0.004494
33188.000000  -0.001050
33244.000000  -0.001042
33302.000000  -0.004485
33372.000000  -0.001354
33441.000000  -0.005204
33503.000000  -0.002588
33578.000000  0.001869
33654.000000  0.000037
33728.000000  0.000118
33802.000000  0.000834
33873.000000  0.002948
33956.000000  0.003858
34003.000000  -0.007473
34068.000000  -0.004515
34119.000000  -0.002562
34187.000000  0.003456
34268.000000  0.004403
34343.000000  0.004245
34397.000000  -0.010614
34449.000000  -0.001400
34508.000000  0.014328
34540.000000  -0.004969
34597.000000  -0.005922
34649.000000  -0.003897
34684.000000  -0.006939
34732.000000  0.002725
34814.000000  0.007838
34882.000000  0.000946
34992.000000  0.004787
35092.000000  0.006009
35150.000000  -0.006873
35263.000000  0.009622
35329.000000  -0.004645
35407.000000  -0.006890
35498.000000  -0.000826
35564.000000  -0.008498
35607.000000  0.004108
35642.000000  -0.003831
35706.000000  0.002615
35819.000000  0.008752
35838.000000  -0.013907
35871.000000  0.004944
35888.000000  -0.012375
35936.000000  0.010741
35963.000000  -0.008336
36006.000000  0.006427
36035.000000  0.001213
36070.000000  -0.009231
36129.000000  0.011313
36264.000000  0.031492
36351.000000  -0.003508
36442.000000  -0.004774
36509.000000  0.002047
36580.000000  0.000049
36662.000000  0.000725
36742.000000  0.000028
36840.000000  0.001086
36923.000000  0.009017
37023.000000  -0.004382
37063.000000  0.003707
37068.000000  -0.044728
37144.000000  0.015388
37231.000000  0.004982
37257.000000  -0.012531
37310.000000  0.020409
37394.000000  -0.005396
37470.000000  -0.000613
37600.000000  0.026943
37733.000000  0.000222
37755.000000  -0.018466
37845.000000  0.004545
37942.000000  -0.004857
37960.000000  -0.031929
38034.000000  0.019436
38088.000000  -0.008317
38157.000000  0.006816
38188.000000  -0.010331
38245.000000  0.011498
38325.000000  -0.006644
38413.000000  0.006313
38471.000000  -0.008042
38486.000000  -0.011223
38572.000000  0.022742
38634.000000  -0.002483
38680.000000  -0.007991
38721.000000  -0.006238
38782.000000  0.010155
38862.000000  0.007272
38958.000000  0.008724
39031.000000  0.001013
39118.000000  -0.001783
39136.000000  -0.014697
39139.000000  -0.020380
39182.000000  0.019926
39206.000000  -0.010908
39209.000000  -0.008454
39211.000000  -0.000604
39217.000000  0.002283
39299.000000  0.050382
39400.000000  -0.009531
39507.000000  0.004651
39621.000000  0.015963
39678.000000  -0.006533
39679.000000  -0.056470
39716.000000  0.109846
39728.000000  -0.095018
39780.000000  0.005696
39887.000000  0.027749
39971.000000  -0.001922
40068.000000  0.006527
40098.000000  -0.020333
40155.000000  0.018040
40180.000000  -0.034151
40248.000000  0.021022
40330.000000  -0.004140
40401.000000  0.003330
40533.000000  0.025990
40618.000000  -0.016887
40656.000000  -0.000464
40665.000000  -0.027160
40670.000000  -0.015891
40735.000000  0.046472
40746.000000  -0.045376
40784.000000  0.019195
40824.000000  -0.005132
