2285.000000  1.437071
2856.000000  1.465959
3309.000000  1.535208
3773.000000  1.639203
4221.000000  1.691695
4841.000000  1.741563
5495.000000  1.894811
6137.000000  1.892284
6727.000000  1.999019
7574.000000  2.030152
8613.000000  2.232248
9430.000000  2.322381
9799.000000  2.362751
9997.000000  2.396122
10270.000000  2.328268
10629.000000  2.484306
11238.000000  2.493742
11526.000000  2.470836
11931.000000  2.533017
12534.000000  2.688249
13010.000000  2.678041
13791.000000  2.774018
14682.000000  2.924698
15289.000000  3.011665
15837.000000  3.034237
16351.000000  3.183325
16722.000000  3.396624
17220.000000  3.169155
17870.000000  3.270158
18531.000000  3.303575
19356.000000  3.445492
19930.000000  3.461122
20349.000000  3.628783
20803.000000  3.584673
21131.000000  3.656915
21991.000000  3.737415
22585.000000  3.860689
23354.000000  3.850043
23874.000000  3.935256
25328.000000  4.115869
27128.000000  4.260334
27973.000000  4.364985
28938.000000  4.636716
29609.000000  4.545948
30133.000000  4.623982
30747.000000  4.706832
31565.000000  4.736436
32250.000000  5.093919
33404.000000  5.187131
34264.000000  5.259319
35024.000000  5.323458
35543.000000  5.404354
36713.000000  5.510919
37170.000000  5.548347
38202.000000  5.652882
38500.000000  5.618937
39347.000000  5.913102
40155.000000  5.841872
40755.000000  6.049619
41624.000000  6.078393
43409.000000  6.099118
44701.000000  6.607775
45819.000000  6.588498
46239.000000  6.612844
47362.000000  6.597039
48295.000000  6.804058
48607.000000  6.900696
49548.000000  7.049564
51332.000000  7.133341
52934.000000  7.348325
54366.000000  7.475948
55348.000000  7.605568
57049.000000  7.747065
58498.000000  7.822692
59997.000000  8.038703
61456.000000  8.431146
61853.000000  8.704943
63468.000000  8.701385
64058.000000  8.666196
65492.000000  8.866419
65952.000000  8.971775
67228.000000  9.085733
68273.000000  9.536230
70003.000000  9.360160
71054.000000  9.349219
71495.000000  9.399917
71650.000000  9.556283
72307.000000  9.643541
72962.000000  9.595933
73732.000000  9.823306
73996.000000  9.857547
74768.000000  9.843346
75137.000000  9.912429
76142.000000  9.856946
76923.000000  9.987852
77806.000000  10.064500
78452.000000  10.106935
79467.000000  10.352852
79759.000000  10.422482
80346.000000  10.501951
80676.000000  10.607402
81300.000000  10.609433
81827.000000  10.682354
82769.000000  10.665022
83650.000000  10.757061
83926.000000  11.206583
84720.000000  11.059840
84936.000000  11.298739
85368.000000  11.372745
85409.000000  11.099702
85722.000000  11.306171
85887.000000  11.196929
86324.000000  11.413966
87105.000000  11.496135
87710.000000  11.353699
88825.000000  11.719375
89558.000000  11.701715
90113.000000  11.765348
90674.000000  11.685855
91330.000000  11.744742
91470.000000  11.933438
91479.000000  11.795075
