4067.000000  86.803764
4770.000000  90.232063
5561.000000  89.543068
6124.000000  89.416229
7129.000000  89.341217
8037.000000  89.440819
9640.000000  88.443604
11065.000000  88.812973
12628.000000  88.727020
14051.000000  89.604744
15749.000000  89.572624
17324.000000  89.841888
18148.000000  90.704910
19172.000000  90.315338
20035.000000  90.580048
20955.000000  89.876205
22765.000000  90.107155
23967.000000  88.842163
25731.000000  89.114693
27266.000000  88.659134
28240.000000  88.759544
29975.000000  88.555443
32656.000000  88.875481
33743.000000  88.429680
36000.000000  88.931938
36507.000000  88.594765
38196.000000  88.685349
39237.000000  89.395828
40562.000000  89.330475
41375.000000  89.516296
42872.000000  89.527802
44465.000000  89.189133
45986.000000  88.946846
47680.000000  89.024178
48451.000000  88.355194
50057.000000  89.421997
51348.000000  88.773766
52467.000000  89.647217
53961.000000  89.273628
56295.000000  90.084976
57245.000000  89.735535
58955.000000  89.730034
61083.000000  90.074883
61764.000000  89.956238
64416.000000  89.405319
67204.000000  89.029831
68280.000000  88.867249
70791.000000  88.257339
71902.000000  87.847679
74296.000000  87.650864
75269.000000  87.547264
77397.000000  87.356506
78497.000000  87.270058
79942.000000  88.182442
81722.000000  88.229683
83931.000000  88.457664
85081.000000  88.677612
86956.000000  87.990211
88761.000000  88.401848
90790.000000  88.926529
93116.000000  88.866592
95212.000000  88.308960
96943.000000  88.481644
98404.000000  88.164993
101193.000000  88.347229
101918.000000  88.398071
103639.000000  88.811234
104625.000000  88.949112
105721.000000  89.142899
106118.000000  89.164398
107620.000000  89.184204
108947.000000  88.573524
109887.000000  88.963348
110782.000000  89.078178
111829.000000  89.409325
112501.000000  89.370033
115178.000000  90.063721
117358.000000  90.282700
118315.000000  90.116447
120028.000000  90.220764
121286.000000  90.159195
122458.000000  90.338692
123878.000000  90.528206
125337.000000  90.767334
126849.000000  90.543297
129274.000000  90.857307
131827.000000  90.789902
134435.000000  90.494209
137452.000000  89.946198
138964.000000  90.685089
139685.000000  90.767647
140415.000000  90.803596
141171.000000  90.773720
142726.000000  90.953789
143776.000000  90.915520
144679.000000  91.177620
145575.000000  91.289345
147594.000000  91.081650
150071.000000  91.252388
150791.000000  91.672920
152004.000000  91.552040
152949.000000  91.941368
154632.000000  91.568069
155440.000000  91.698044
157299.000000  92.218788
157799.000000  91.956245
158472.000000  92.234116
158758.000000  91.829559
159765.000000  92.273842
160475.000000  92.490456
160477.000000  92.289421
160503.000000  92.580322
