4067.000000  2.585404
4770.000000  2.798831
5561.000000  2.826392
6124.000000  2.888144
7129.000000  3.014837
8037.000000  3.075632
9640.000000  3.304888
11065.000000  3.572248
12628.000000  3.603637
14051.000000  3.915356
15749.000000  4.078620
17324.000000  4.145853
18148.000000  4.400794
19172.000000  4.382818
20035.000000  4.463650
20955.000000  4.661628
22765.000000  4.802105
23967.000000  5.079487
25731.000000  5.283352
27266.000000  5.430408
28240.000000  5.446750
29975.000000  5.670796
32656.000000  6.277332
33743.000000  6.195962
36000.000000  6.374858
36507.000000  6.506416
38196.000000  6.586324
39237.000000  6.858873
40562.000000  6.853198
41375.000000  7.148412
42872.000000  7.287267
44465.000000  7.555870
45986.000000  7.686473
47680.000000  7.764761
48451.000000  7.955149
50057.000000  8.045577
51348.000000  8.274476
52467.000000  8.427581
53961.000000  8.590006
56295.000000  8.812364
57245.000000  9.107303
58955.000000  9.314446
61083.000000  9.500608
61764.000000  9.576808
64416.000000  9.855005
67204.000000  10.387919
68280.000000  10.226494
70791.000000  10.600435
71902.000000  10.772790
74296.000000  11.023461
75269.000000  11.172270
77397.000000  11.458263
78497.000000  11.842944
79942.000000  11.722271
81722.000000  11.731896
83931.000000  12.121142
85081.000000  12.325912
86956.000000  12.526068
88761.000000  12.663972
90790.000000  12.811779
93116.000000  13.373988
95212.000000  13.516191
96943.000000  13.827050
98404.000000  13.916436
101193.000000  14.375004
101918.000000  14.382914
103639.000000  14.764455
104625.000000  14.819349
105721.000000  14.976931
106118.000000  14.893547
107620.000000  15.303166
108947.000000  15.201614
109887.000000  15.326736
110782.000000  15.459091
111829.000000  15.605228
112501.000000  15.718623
115178.000000  15.948301
117358.000000  16.195683
118315.000000  16.423195
120028.000000  16.622204
121286.000000  16.794886
122458.000000  17.076307
123878.000000  16.950922
125337.000000  17.711849
126849.000000  17.144409
129274.000000  17.697256
131827.000000  18.065023
134435.000000  18.612049
137452.000000  18.381599
138964.000000  18.883224
139685.000000  18.576084
140415.000000  19.273609
141171.000000  19.250378
142726.000000  19.052505
143776.000000  19.416897
144679.000000  19.538382
145575.000000  19.803402
147594.000000  19.653004
150071.000000  19.850407
150791.000000  20.362570
152004.000000  20.573238
152949.000000  20.758129
154632.000000  20.558662
155440.000000  20.878510
157299.000000  21.441952
157799.000000  21.242430
158472.000000  21.260313
158758.000000  21.698593
159765.000000  21.522274
160475.000000  21.473585
160477.000000  21.333294
160503.000000  21.297609
