995.000000  0.256774
1258.000000  0.224443
1465.000000  0.191035
1779.000000  0.228360
2151.000000  0.265894
2462.000000  0.295727
2759.000000  0.350918
3076.000000  0.374275
3432.000000  0.371862
3721.000000  0.335886
3952.000000  0.292490
4196.000000  0.306415
4455.000000  0.347355
4751.000000  0.365950
5035.000000  0.364439
5237.000000  0.305822
5414.000000  0.355899
5646.000000  0.370671
5807.000000  0.343975
5841.000000  0.253926
5960.000000  0.284396
6111.000000  0.266473
6288.000000  0.309150
6464.000000  0.306502
6637.000000  0.307088
6854.000000  0.325677
6902.000000  0.244252
7164.000000  0.371267
7424.000000  0.357629
7473.000000  0.268228
7761.000000  0.368874
7952.000000  0.354801
8148.000000  0.343279
8294.000000  0.354460
8472.000000  0.346979
8711.000000  0.392624
8918.000000  0.366944
9084.000000  0.328083
9152.000000  0.317530
9236.000000  0.309157
9339.000000  0.310028
9428.000000  0.306597
9532.000000  0.299578
9733.000000  0.331982
10052.000000  0.387921
10273.000000  0.397607
10510.000000  0.395118
10732.000000  0.415213
10899.000000  0.374658
11053.000000  0.387748
11239.000000  0.435285
11364.000000  0.466689
11498.000000  0.354759
11670.000000  0.432111
11848.000000  0.392763
11998.000000  0.369116
12141.000000  0.383924
12388.000000  0.440659
12593.000000  0.460338
12830.000000  0.468663
13119.000000  0.541343
13447.000000  0.530083
13709.000000  0.539196
13961.000000  0.506331
14173.000000  0.487185
14390.000000  0.450295
14601.000000  0.460036
14840.000000  0.464173
15082.000000  0.497761
15401.000000  0.528097
15512.000000  0.481745
15781.000000  0.556602
16100.000000  0.618442
16373.000000  0.639365
16544.000000  0.546874
16678.000000  0.534926
16819.000000  0.525951
16965.000000  0.475087
17096.000000  0.452311
17230.000000  0.414121
17311.000000  0.368438
17361.000000  0.393103
17423.000000  0.397460
17540.000000  0.438909
17618.000000  0.396242
17708.000000  0.417771
17824.000000  0.454428
17997.000000  0.472869
18124.000000  0.424004
18278.000000  0.488230
18434.000000  0.474540
18613.000000  0.478630
18719.000000  0.480039
18876.000000  0.548490
19053.000000  0.510265
19236.000000  0.553218
19490.000000  0.576963
19671.000000  0.549873
19859.000000  0.534941
20048.000000  0.615973
20178.000000  0.542977
20362.000000  0.555627
20580.000000  0.674245
20816.000000  0.553151
21027.000000  0.575612
21290.000000  0.569717
21448.000000  0.512828
21629.000000  0.492015
21822.000000  0.510819
22071.000000  0.527569
22336.000000  0.549004
22537.000000  0.541820
22725.000000  0.559818
22876.000000  0.575766
23069.000000  0.691717
23222.000000  0.460129
23391.000000  0.600168
23579.000000  0.633598
23716.000000  0.621080
23874.000000  0.659952
24132.000000  0.688198
24389.000000  0.792582
24694.000000  0.769021
24991.000000  0.576411
25165.000000  0.587670
25281.000000  0.683019
25405.000000  0.709932
25533.000000  0.663858
25672.000000  0.647935
25798.000000  0.687255
25985.000000  0.740264
26203.000000  0.711773
26377.000000  0.753462
26547.000000  0.690957
26721.000000  0.698788
26873.000000  0.748348
26964.000000  0.691962
27077.000000  0.667671
27292.000000  0.855619
27511.000000  0.487484
27628.000000  0.492458
27771.000000  0.420048
27885.000000  0.427988
28054.000000  0.446664
28235.000000  0.475959
28375.000000  0.459809
28549.000000  0.493967
28758.000000  0.499933
28926.000000  0.546775
29113.000000  0.517725
29337.000000  0.576960
29567.000000  0.557094
29814.000000  0.582070
30058.000000  0.614076
30217.000000  0.584441
30329.000000  0.560431
30445.000000  0.530322
30588.000000  0.600455
30761.000000  0.581527
30965.000000  0.613080
31220.000000  0.657153
31480.000000  0.682091
31694.000000  0.610670
31835.000000  0.651475
31970.000000  0.546315
32060.000000  0.511975
32127.000000  0.484305
32270.000000  0.538828
32470.000000  0.639911
32653.000000  0.624561
32720.000000  0.548821
32784.000000  0.421861
32961.000000  0.507902
33065.000000  0.495077
33194.000000  0.640012
33385.000000  0.679462
33603.000000  0.686199
33692.000000  0.566474
33773.000000  0.545637
33867.000000  0.505048
33969.000000  0.485383
34150.000000  0.488290
34244.000000  0.459334
34377.000000  0.529814
34516.000000  0.528897
34671.000000  0.574441
34820.000000  0.629626
35015.000000  0.620071
35202.000000  0.630273
35368.000000  0.592485
35431.000000  0.552564
35588.000000  0.954465
35758.000000  0.993900
35887.000000  0.928895
35940.000000  1.121948
36026.000000  1.269160
36123.000000  0.502238
36215.000000  0.486138
36297.000000  0.533626
36381.000000  0.517970
36551.000000  0.569970
36666.000000  0.549345
36797.000000  0.571028
36876.000000  0.474830
36955.000000  0.499943
37037.000000  0.533119
37143.000000  0.505909
37224.000000  0.500432
37377.000000  0.606152
37442.000000  0.584098
37612.000000  0.679269
37673.000000  0.625411
37860.000000  0.768604
37932.000000  0.807121
37987.000000  0.862368
38025.000000  0.610744
38120.000000  0.659811
38209.000000  0.667908
38274.000000  0.740663
38377.000000  0.435373
38508.000000  0.467970
38686.000000  0.474191
38777.000000  0.488742
38920.000000  0.475074
39060.000000  0.487003
39186.000000  0.538070
39278.000000  0.582698
39421.000000  0.684615
39524.000000  0.563225
39613.000000  0.530393
39743.000000  0.450495
39784.000000  0.421002
39799.000000  0.429554
39816.000000  0.430481
39889.000000  0.409432
39988.000000  0.447024
40117.000000  0.471198
40286.000000  0.490984
40487.000000  0.523588
40625.000000  0.506634
40711.000000  0.465811
40772.000000  0.479582
40806.000000  0.450825
40814.000000  0.400710
