995.000000  0.159031
1258.000000  0.143589
1465.000000  0.104777
1779.000000  0.143199
2151.000000  0.170841
2462.000000  0.190976
2759.000000  0.224212
3076.000000  0.247148
3432.000000  0.234863
3721.000000  0.208588
3952.000000  0.164177
4196.000000  0.167646
4455.000000  0.187870
4751.000000  0.212505
5035.000000  0.203506
5237.000000  0.136785
5414.000000  0.187617
5646.000000  0.202982
5807.000000  0.185225
5841.000000  0.076445
5960.000000  0.123459
6111.000000  0.105669
6288.000000  0.144911
6464.000000  0.137914
6637.000000  0.129663
6854.000000  0.139874
6902.000000  0.067708
7164.000000  0.187230
7424.000000  0.165668
7473.000000  0.079969
7761.000000  0.169026
7952.000000  0.160651
8148.000000  0.131401
8294.000000  0.127411
8472.000000  0.144827
8711.000000  0.161835
8918.000000  0.147106
9084.000000  0.113998
9152.000000  0.104967
9236.000000  0.098912
9339.000000  0.112103
9428.000000  0.091085
9532.000000  0.092350
9733.000000  0.114236
10052.000000  0.160806
10273.000000  0.145804
10510.000000  0.162603
10732.000000  0.167591
10899.000000  0.117973
11053.000000  0.131084
11239.000000  0.169768
11364.000000  0.214258
11498.000000  0.112478
11670.000000  0.153908
11848.000000  0.140490
11998.000000  0.117374
12141.000000  0.128280
12388.000000  0.169427
12593.000000  0.176949
12830.000000  0.192790
13119.000000  0.244386
13447.000000  0.236046
13709.000000  0.237985
13961.000000  0.207827
14173.000000  0.187057
14390.000000  0.156788
14601.000000  0.164222
14840.000000  0.164395
15082.000000  0.183460
15401.000000  0.212568
15512.000000  0.159408
15781.000000  0.240729
16100.000000  0.293622
16373.000000  0.305475
16544.000000  0.239403
16678.000000  0.213088
16819.000000  0.187151
16965.000000  0.165475
17096.000000  0.163475
17230.000000  0.112498
17311.000000  0.079162
17361.000000  0.094350
17423.000000  0.112349
17540.000000  0.138621
17618.000000  0.116443
17708.000000  0.115915
17824.000000  0.153963
17997.000000  0.183918
18124.000000  0.134514
18278.000000  0.173927
18434.000000  0.169594
18613.000000  0.161497
18719.000000  0.164684
18876.000000  0.203476
19053.000000  0.189254
19236.000000  0.224625
19490.000000  0.250620
19671.000000  0.212341
19859.000000  0.205768
20048.000000  0.263024
20178.000000  0.191070
20362.000000  0.211333
20580.000000  0.314330
20816.000000  0.203525
21027.000000  0.190841
21290.000000  0.208965
21448.000000  0.123118
21629.000000  0.126233
21822.000000  0.129349
22071.000000  0.135968
22336.000000  0.164108
22537.000000  0.162434
22725.000000  0.169662
22876.000000  0.190655
23069.000000  0.298047
23222.000000  0.077407
23391.000000  0.210020
23579.000000  0.240784
23716.000000  0.242187
23874.000000  0.283450
24132.000000  0.317752
24389.000000  0.395265
24694.000000  0.367890
24991.000000  0.190266
25165.000000  0.191051
25281.000000  0.308892
25405.000000  0.315381
25533.000000  0.280635
25672.000000  0.264421
25798.000000  0.313382
25985.000000  0.349142
26203.000000  0.314676
26377.000000  0.360977
26547.000000  0.300439
26721.000000  0.299538
26873.000000  0.377916
26964.000000  0.325763
27077.000000  0.293975
27292.000000  0.490079
27511.000000  0.124235
27628.000000  0.105072
27771.000000  0.066936
27885.000000  0.065590
28054.000000  0.081118
28235.000000  0.107811
28375.000000  0.081761
28549.000000  0.121929
28758.000000  0.137765
28926.000000  0.117693
29113.000000  0.140120
29337.000000  0.174074
29567.000000  0.159370
29814.000000  0.178299
30058.000000  0.205855
30217.000000  0.170224
30329.000000  0.160527
30445.000000  0.118689
30588.000000  0.182177
30761.000000  0.178272
30965.000000  0.209774
31220.000000  0.251721
31480.000000  0.268313
31694.000000  0.196752
31835.000000  0.178037
31970.000000  0.142600
32060.000000  0.089158
32127.000000  0.086434
32270.000000  0.145544
32470.000000  0.217056
32653.000000  0.204381
32720.000000  0.145176
32784.000000  0.027526
32961.000000  0.093156
33065.000000  0.099402
33194.000000  0.202138
33385.000000  0.245071
33603.000000  0.259518
33692.000000  0.153409
33773.000000  0.126655
33867.000000  0.091158
33969.000000  0.061736
34150.000000  0.071410
34244.000000  0.050854
34377.000000  0.097686
34516.000000  0.111532
34671.000000  0.136674
34820.000000  0.142738
35015.000000  0.175400
35202.000000  0.168406
35368.000000  0.125710
35431.000000  0.106236
35588.000000  0.488781
35758.000000  0.533843
35887.000000  0.479480
35940.000000  0.681154
36026.000000  0.785841
36123.000000  0.072670
36215.000000  0.060342
36297.000000  0.081046
36381.000000  0.078834
36551.000000  0.123528
36666.000000  0.132046
36797.000000  0.130209
36876.000000  0.053555
36955.000000  0.068271
37037.000000  0.067024
37143.000000  0.070158
37224.000000  0.051972
37377.000000  0.167431
37442.000000  0.156936
37612.000000  0.237177
37673.000000  0.195037
37860.000000  0.335169
37932.000000  0.392995
37987.000000  0.440093
38025.000000  0.202317
38120.000000  0.246254
38209.000000  0.261321
38274.000000  0.334544
38377.000000  0.029586
38508.000000  0.066251
38686.000000  0.077978
38777.000000  0.065263
38920.000000  0.072166
39060.000000  0.074830
39186.000000  0.138576
39278.000000  0.158135
39421.000000  0.266525
39524.000000  0.150492
39613.000000  0.124702
39743.000000  0.061280
39784.000000  0.030578
39799.000000  0.036661
39816.000000  0.050314
39889.000000  0.026426
39988.000000  0.061857
40117.000000  0.073663
40286.000000  0.091309
40487.000000  0.116569
40625.000000  0.098619
40711.000000  0.069724
40772.000000  0.069550
40806.000000  0.055371
40814.000000  0.008745
