399.000000  0.186451
513.000000  -0.097995
648.000000  0.053159
804.000000  -0.027265
969.000000  0.010066
1079.000000  0.023754
1176.000000  0.000817
1268.000000  0.028969
1396.000000  -0.009279
1566.000000  0.009720
1701.000000  0.005622
1816.000000  -0.014255
1978.000000  0.017495
2149.000000  0.028619
2321.000000  0.001587
2488.000000  0.010838
2606.000000  -0.022406
2750.000000  -0.025759
2761.000000  -0.118732
2865.000000  0.128134
2947.000000  -0.020889
3035.000000  -0.019944
3104.000000  0.007207
3193.000000  0.008452
3312.000000  0.081277
3336.000000  -0.089454
3397.000000  -0.006184
3471.000000  0.016258
3538.000000  0.006814
3612.000000  0.008996
3703.000000  -0.008722
3812.000000  0.025608
4031.000000  0.000596
4196.000000  0.009754
4347.000000  0.004920
4528.000000  0.031760
4721.000000  0.015603
4856.000000  -0.053638
4951.000000  -0.003176
5058.000000  0.002607
5153.000000  0.014401
5297.000000  -0.005660
5468.000000  0.045601
5612.000000  -0.004602
5612.000000  -0.177106
5754.000000  0.195715
5911.000000  -0.004199
6059.000000  0.026207
6209.000000  0.002723
6348.000000  -0.025484
6487.000000  -0.001128
6644.000000  -0.018546
6764.000000  -0.038921
6838.000000  -0.026782
6942.000000  0.015564
7069.000000  0.082543
7218.000000  0.227183
7386.000000  -0.168916
7529.000000  0.236982
7705.000000  0.484387
7859.000000  -0.395359
8016.000000  -0.096752
8044.000000  -0.198295
8147.000000  0.023886
8232.000000  -0.022003
8359.000000  0.063085
8397.000000  -0.006239
8402.000000  -0.090674
8402.000000  -0.126415
8462.000000  0.103833
8541.000000  -0.000631
8622.000000  -0.001721
8708.000000  0.222484
8798.000000  -0.175584
8937.000000  0.197593
9067.000000  -0.042413
9171.000000  -0.117092
9264.000000  -0.056091
9364.000000  0.033469
9451.000000  -0.082029
9559.000000  0.109608
9655.000000  -0.007468
9744.000000  -0.037109
9861.000000  0.003021
10014.000000  -0.010760
10181.000000  -0.002449
10334.000000  -0.042044
10448.000000  -0.039685
10542.000000  -0.016960
10605.000000  -0.016959
10653.000000  0.039605
10655.000000  -0.044600
10677.000000  -0.032691
10759.000000  0.099009
10898.000000  -0.031603
11036.000000  0.040163
11201.000000  0.003428
11412.000000  -0.015539
11572.000000  0.040016
11678.000000  0.013453
11764.000000  0.067654
11872.000000  0.056451
11972.000000  0.203663
12063.000000  -0.345613
12170.000000  -0.075108
12264.000000  0.054687
12342.000000  0.463051
12425.000000  -0.114532
12541.000000  -0.257069
12681.000000  -0.048437
12817.000000  -0.006665
12960.000000  0.055449
13128.000000  -0.113127
13248.000000  0.034911
13313.000000  0.013823
13367.000000  -0.031560
13463.000000  0.021598
13584.000000  0.183932
13590.000000  -0.005351
13639.000000  0.076999
13684.000000  -0.036562
13736.000000  0.065399
13799.000000  -0.388712
13882.000000  -0.005614
13965.000000  0.279419
14100.000000  0.098546
14176.000000  0.076394
14278.000000  -0.436714
14356.000000  0.031757
14436.000000  0.008704
14471.000000  -0.039549
14575.000000  0.405948
14647.000000  0.018131
14715.000000  -0.113656
14727.000000  -0.137470
14786.000000  0.094223
14833.000000  0.018993
14868.000000  0.088146
14897.000000  0.397668
14906.000000  -0.805382
14965.000000  0.073522
15034.000000  0.021130
15106.000000  -0.064868
15167.000000  -0.008375
15224.000000  0.005023
15286.000000  -0.018092
15343.000000  0.006317
15420.000000  0.020482
15525.000000  -0.015916
15668.000000  0.023788
15805.000000  0.008656
15921.000000  -0.010159
16053.000000  0.030588
16136.000000  -0.016071
16278.000000  0.022463
16300.000000  -0.076100
16429.000000  0.116999
16523.000000  -0.067421
16594.000000  -0.062324
16656.000000  0.046449
16725.000000  -0.005927
16785.000000  -0.041314
16845.000000  0.043646
16918.000000  -0.006362
16980.000000  0.001254
17040.000000  0.012531
17112.000000  -0.002911
17175.000000  0.002626
17247.000000  -0.016528
17312.000000  -0.007982
17383.000000  -0.002802
17487.000000  0.037226
17654.000000  0.026547
17806.000000  0.007850
17945.000000  -0.017666
18055.000000  -0.029814
18224.000000  0.065924
18379.000000  0.017434
18441.000000  -0.081509
18481.000000  -0.045292
18525.000000  0.075417
18591.000000  -0.007411
18635.000000  -0.002911
18693.000000  0.033490
18786.000000  -0.054526
18863.000000  0.070819
18951.000000  -0.011382
19044.000000  -0.020110
19136.000000  -0.015388
19224.000000  0.024327
19317.000000  -0.007067
19383.000000  -0.006200
19453.000000  0.045581
19570.000000  -0.009050
19671.000000  -0.009298
19726.000000  -0.007353
19784.000000  -0.004865
19849.000000  -0.044600
19914.000000  0.047603
19974.000000  -0.030302
20060.000000  0.028537
20135.000000  0.008350
20207.000000  0.001944
20222.000000  -0.100822
20290.000000  0.046155
20365.000000  -0.007408
20452.000000  -0.006407
20512.000000  0.009688
20581.000000  0.035449
20672.000000  0.016426
20740.000000  -0.011089
20797.000000  -0.016452
20848.000000  -0.012785
20916.000000  0.040904
21017.000000  -0.014645
21193.000000  0.071725
21332.000000  -0.057460
21476.000000  0.065294
21627.000000  -0.033831
21755.000000  0.047300
21821.000000  -0.048772
21899.000000  -0.040515
21995.000000  0.009145
22023.000000  -0.032835
22149.000000  0.112654
22214.000000  -0.081342
22382.000000  0.046042
22488.000000  0.000740
22498.000000  -0.118350
22557.000000  0.080132
22617.000000  -0.003222
22722.000000  0.017409
22823.000000  0.044223
22934.000000  0.043982
23075.000000  -0.035659
23088.000000  -0.061865
23192.000000  0.107379
23363.000000  -0.062319
23515.000000  0.033813
23682.000000  0.001863
23842.000000  0.022215
23957.000000  -0.016314
24084.000000  -0.054954
24225.000000  0.051067
24259.000000  -0.045455
24332.000000  0.097612
24364.000000  -0.072257
24425.000000  -0.021993
24505.000000  0.025729
24602.000000  -0.052941
24622.000000  -0.045249
24711.000000  0.081704
24780.000000  -0.022588
24858.000000  0.006771
24921.000000  -0.004353
25017.000000  0.034426
25088.000000  0.025298
25146.000000  -0.043549
25218.000000  0.032320
25220.000000  -0.025919
25279.000000  -0.008399
25356.000000  -0.011253
25460.000000  0.006629
25543.000000  0.023975
25607.000000  -0.012083
25709.000000  0.000646
25786.000000  -0.003888
25844.000000  -0.009632
25911.000000  -0.017660
25962.000000  -0.009007
26041.000000  0.053592
26131.000000  0.029332
26240.000000  -0.071053
26381.000000  0.066862
26587.000000  -0.015067
26766.000000  0.047813
26865.000000  -0.062711
26928.000000  -0.000648
27033.000000  0.024135
27095.000000  0.028742
27145.000000  -0.018443
27190.000000  0.063180
27238.000000  -0.019639
27286.000000  0.129232
27337.000000  -0.240057
27428.000000  -0.022400
27488.000000  0.022160
27554.000000  -0.006053
27611.000000  0.028143
27722.000000  -0.032633
27789.000000  0.012538
27864.000000  0.022044
27950.000000  -0.026388
28052.000000  0.068671
28160.000000  -0.060441
28236.000000  0.036513
28324.000000  -0.040549
28409.000000  0.059788
28480.000000  -0.040928
28577.000000  0.029383
28660.000000  -0.008435
28750.000000  0.025321
28847.000000  -0.029649
28925.000000  0.029694
29009.000000  0.009117
29157.000000  -0.009294
29295.000000  0.035496
29429.000000  -0.009547
29521.000000  -0.043372
29663.000000  -0.015615
29706.000000  -0.054997
29764.000000  0.046319
29814.000000  -0.021508
29858.000000  0.003201
29974.000000  0.076381
30003.000000  -0.097871
30093.000000  0.041706
30213.000000  0.049451
30311.000000  -0.041118
30391.000000  0.033756
30525.000000  0.041753
30682.000000  -0.044141
30802.000000  0.006443
30861.000000  0.007591
30903.000000  -0.064051
30922.000000  -0.001024
30977.000000  0.016720
31139.000000  0.017974
31227.000000  -0.034736
31263.000000  -0.026655
31360.000000  0.045199
31515.000000  0.052749
31549.000000  -0.044872
31633.000000  -0.008438
31698.000000  -0.038415
31728.000000  0.015801
31770.000000  0.012440
31844.000000  0.042851
31935.000000  -0.025354
31970.000000  -0.000090
31977.000000  -0.066008
32038.000000  0.063992
32154.000000  0.001931
32258.000000  0.014501
32396.000000  0.002983
32529.000000  -0.007462
32650.000000  0.024435
32829.000000  -0.005182
32915.000000  -0.043592
32919.000000  -0.008562
32997.000000  0.043493
33084.000000  0.023074
33099.000000  -0.085491
33132.000000  0.032809
33168.000000  0.005451
33212.000000  -0.007424
33227.000000  -0.004790
33267.000000  0.003148
33325.000000  0.009696
33438.000000  0.024204
33505.000000  -0.016634
33605.000000  0.022191
33675.000000  -0.049847
33772.000000  0.074515
33831.000000  -0.058353
33893.000000  0.049862
33959.000000  0.005180
34029.000000  -0.002836
34073.000000  -0.000807
34091.000000  -0.034871
34252.000000  0.023137
34323.000000  -0.004413
34386.000000  0.010849
34442.000000  0.000441
34512.000000  -0.009270
34558.000000  -0.039045
34630.000000  0.001355
34727.000000  0.044083
34813.000000  0.002474
34890.000000  -0.036952
34988.000000  0.035703
35072.000000  0.043568
35096.000000  -0.084704
35098.000000  0.005417
35167.000000  0.046787
35302.000000  0.015410
35347.000000  -0.076989
35450.000000  0.056454
35573.000000  -0.023966
35714.000000  -0.012428
35745.000000  -0.031489
35805.000000  0.030245
35911.000000  0.018616
36021.000000  -0.005808
36151.000000  0.050139
36329.000000  -0.003668
36424.000000  -0.026685
36524.000000  -0.005776
36699.000000  0.063662
36785.000000  -0.049006
36862.000000  -0.025978
36937.000000  -0.014494
37008.000000  0.030514
37057.000000  -0.002822
37174.000000  -0.011096
37242.000000  0.005646
37306.000000  0.062864
37345.000000  0.003320
37417.000000  0.015885
37551.000000  0.074068
37657.000000  -0.020731
37762.000000  -0.036974
37839.000000  -0.034936
37939.000000  -0.004786
38039.000000  0.024743
38073.000000  0.075734
38073.000000  -0.226379
38129.000000  0.092937
38230.000000  0.008475
38329.000000  0.028899
38432.000000  -0.019258
38533.000000  -0.007578
38621.000000  0.018412
38820.000000  0.183478
38880.000000  -0.138651
38884.000000  -0.150290
38924.000000  0.088449
38944.000000  -0.049542
39035.000000  0.061300
39113.000000  -0.030338
39157.000000  -0.003027
39191.000000  -0.036775
39206.000000  0.023220
39251.000000  0.014824
39266.000000  -0.004253
39386.000000  0.172775
39479.000000  0.029179
39617.000000  -0.005323
39744.000000  0.113102
39765.000000  -0.309639
39836.000000  0.033720
39859.000000  -0.040983
39905.000000  0.015482
39992.000000  -0.019260
40076.000000  0.024749
40190.000000  0.020836
40274.000000  -0.005535
40346.000000  0.016135
40444.000000  -0.011500
40568.000000  0.008168
40604.000000  -0.034954
40704.000000  0.064143
40705.000000  -0.097153
40714.000000  0.041332
40768.000000  0.045000
40798.000000  -0.065934
40815.000000  0.170741
