399.000000  0.078821
513.000000  -0.027935
648.000000  0.034711
804.000000  -0.011281
969.000000  0.013412
1079.000000  -0.001469
1176.000000  -0.005258
1268.000000  0.024904
1396.000000  -0.006283
1566.000000  0.015637
1701.000000  0.003920
1816.000000  -0.017177
1978.000000  0.019736
2149.000000  0.017815
2321.000000  -0.011140
2488.000000  0.020528
2606.000000  -0.018270
2750.000000  -0.019230
2761.000000  -0.100542
2865.000000  0.111570
2947.000000  -0.031198
3035.000000  -0.016447
3104.000000  0.002918
3193.000000  0.005273
3312.000000  0.090178
3336.000000  -0.099480
3397.000000  0.002654
3471.000000  0.014318
3538.000000  0.010163
3612.000000  0.010760
3703.000000  -0.029001
3812.000000  0.014045
4031.000000  0.025685
4196.000000  -0.015228
4347.000000  0.010407
4528.000000  0.031660
4721.000000  0.016744
4856.000000  -0.059673
4951.000000  -0.000975
5058.000000  -0.006853
5153.000000  0.018487
5297.000000  0.006425
5468.000000  0.019765
5612.000000  0.011327
5612.000000  -0.154231
5754.000000  0.173152
5911.000000  -0.014183
6059.000000  0.017817
6209.000000  -0.000016
6348.000000  -0.015198
6487.000000  -0.008023
6644.000000  -0.023750
6764.000000  -0.036692
6838.000000  -0.023127
6942.000000  -0.012629
7069.000000  0.080967
7218.000000  0.015434
7386.000000  0.002169
7529.000000  0.045086
7705.000000  -0.000988
7859.000000  -0.051639
8016.000000  0.012789
8044.000000  -0.104005
8147.000000  0.074686
8232.000000  -0.009583
8359.000000  0.053470
8397.000000  -0.001809
8402.000000  -0.112105
8402.000000  -0.058613
8462.000000  0.067796
8541.000000  0.024384
8622.000000  -0.015187
8708.000000  0.004329
8798.000000  0.072411
8937.000000  0.039504
9067.000000  -0.003846
9171.000000  -0.066030
9264.000000  -0.036991
9364.000000  -0.013060
9451.000000  -0.013422
9559.000000  0.002360
9655.000000  0.012762
9744.000000  0.006297
9861.000000  0.017264
10014.000000  0.011343
10181.000000  0.018015
10334.000000  -0.001666
10448.000000  -0.028891
10542.000000  -0.017603
10605.000000  0.008859
10653.000000  0.003393
10655.000000  -0.046777
10677.000000  0.016273
10759.000000  0.089023
10898.000000  -0.021815
11036.000000  0.028783
11201.000000  0.004335
11412.000000  -0.018682
11572.000000  -0.042207
11678.000000  0.031885
11764.000000  0.111211
11872.000000  -0.019679
11972.000000  -0.088740
12063.000000  -0.023036
12170.000000  -0.021672
12264.000000  0.045147
12342.000000  0.008158
12425.000000  -0.015270
12541.000000  0.090245
12681.000000  -0.083279
12817.000000  0.041356
12960.000000  0.033317
13128.000000  -0.079530
13248.000000  0.035164
13313.000000  -0.013690
13367.000000  -0.010349
13463.000000  0.007758
13584.000000  0.177960
13590.000000  0.000154
13639.000000  0.065732
13684.000000  -0.011121
13736.000000  0.049133
13799.000000  -0.395190
13882.000000  0.002107
13965.000000  0.278325
14100.000000  0.088074
14176.000000  0.077248
14278.000000  -0.410780
14356.000000  0.015036
14436.000000  -0.011925
14471.000000  -0.011960
14575.000000  0.388783
14647.000000  0.016018
14715.000000  -0.095173
14727.000000  -0.120784
14786.000000  0.069748
14833.000000  0.021621
14868.000000  0.080249
14897.000000  0.409016
14906.000000  -0.822014
14965.000000  0.084286
15034.000000  0.015694
15106.000000  -0.063965
15167.000000  -0.000109
15224.000000  0.000631
15286.000000  -0.014409
15343.000000  0.004868
15420.000000  0.018477
15525.000000  -0.001705
15668.000000  0.015449
15805.000000  0.012388
15921.000000  -0.006089
16053.000000  0.019149
16136.000000  -0.024229
16278.000000  0.034648
16300.000000  -0.061821
16429.000000  0.081886
16523.000000  -0.046693
16594.000000  -0.055204
16656.000000  0.021035
16725.000000  0.003675
16785.000000  -0.025318
16845.000000  0.019875
16918.000000  -0.000188
16980.000000  0.003457
17040.000000  0.002530
17112.000000  -0.000865
17175.000000  0.000373
17247.000000  -0.007541
17312.000000  -0.004328
17383.000000  0.001224
17487.000000  0.016876
17654.000000  0.028145
17806.000000  0.014475
17945.000000  -0.014360
18055.000000  -0.022281
18224.000000  0.052132
18379.000000  0.004881
18441.000000  -0.063318
18481.000000  -0.042052
18525.000000  0.045433
18591.000000  -0.005857
18635.000000  0.002205
18693.000000  0.021351
18786.000000  -0.025023
18863.000000  0.051432
18951.000000  -0.014419
19044.000000  -0.016819
19136.000000  -0.000193
19224.000000  0.011192
19317.000000  0.002728
19383.000000  -0.020150
19453.000000  0.041620
19570.000000  0.000855
19671.000000  -0.008228
19726.000000  -0.015719
19784.000000  -0.001678
19849.000000  -0.034463
19914.000000  0.037435
19974.000000  -0.033310
20060.000000  0.032641
20135.000000  -0.001910
20207.000000  -0.005049
20222.000000  -0.065451
20290.000000  0.025601
20365.000000  -0.002453
20452.000000  -0.001424
20512.000000  -0.000102
20581.000000  0.020381
20672.000000  0.018982
20740.000000  -0.010395
20797.000000  -0.018126
20848.000000  0.001820
20916.000000  0.029369
21017.000000  -0.001327
21193.000000  0.051407
21332.000000  -0.042878
21476.000000  0.046298
21627.000000  -0.015853
21755.000000  0.033847
21821.000000  -0.058822
21899.000000  -0.020441
21995.000000  0.008566
22023.000000  -0.023723
22149.000000  0.083031
22214.000000  -0.054162
22382.000000  0.025912
22488.000000  -0.012024
22498.000000  -0.085986
22557.000000  0.035242
22617.000000  0.016679
22722.000000  0.030680
22823.000000  0.022051
22934.000000  0.032407
23075.000000  -0.005409
23088.000000  -0.053246
23192.000000  0.071846
23363.000000  -0.046469
23515.000000  0.021613
23682.000000  0.008324
23842.000000  0.010388
23957.000000  -0.019199
24084.000000  -0.034977
24225.000000  0.037451
24259.000000  -0.024391
24332.000000  0.058032
24364.000000  -0.064270
24425.000000  -0.025830
24505.000000  0.029264
24602.000000  -0.030586
24622.000000  -0.037123
24711.000000  0.049721
24780.000000  -0.024150
24858.000000  0.008391
24921.000000  0.003790
25017.000000  0.006275
25088.000000  0.043150
25146.000000  -0.033539
25218.000000  0.005477
25220.000000  -0.005954
25279.000000  -0.015487
25356.000000  0.008603
25460.000000  0.001139
25543.000000  -0.015540
25607.000000  -0.000965
25709.000000  0.012008
25786.000000  -0.007504
25844.000000  -0.005431
25911.000000  0.001021
25962.000000  -0.004556
26041.000000  0.033446
26131.000000  0.033831
26240.000000  -0.060658
26381.000000  0.036356
26587.000000  0.003686
26766.000000  0.030768
26865.000000  -0.065016
26928.000000  -0.005777
27033.000000  0.050452
27095.000000  0.008295
27145.000000  -0.001073
27190.000000  0.013483
27238.000000  0.030842
27286.000000  0.112138
27337.000000  -0.236912
27428.000000  -0.006195
27488.000000  0.002689
27554.000000  -0.003676
27611.000000  0.027218
27722.000000  -0.016821
27789.000000  -0.005799
27864.000000  0.026644
27950.000000  -0.024288
28052.000000  0.060605
28160.000000  -0.045466
28236.000000  0.017215
28324.000000  -0.020866
28409.000000  0.035091
28480.000000  -0.033522
28577.000000  0.036957
28660.000000  -0.019248
28750.000000  0.022783
28847.000000  -0.017962
28925.000000  0.016392
29009.000000  -0.006791
29157.000000  0.017852
29295.000000  0.024717
29429.000000  -0.027311
29521.000000  -0.037488
29663.000000  -0.015306
29706.000000  -0.024591
29764.000000  0.017136
29814.000000  -0.021121
29858.000000  -0.008344
29974.000000  0.083046
30003.000000  -0.066268
30093.000000  0.031046
30213.000000  0.036902
30311.000000  -0.036656
30391.000000  0.018443
30525.000000  0.019561
30682.000000  -0.004064
30802.000000  0.000867
30861.000000  -0.007813
30903.000000  -0.060625
30922.000000  -0.028127
30977.000000  0.035555
31139.000000  0.024315
31227.000000  -0.017156
31263.000000  -0.015381
31360.000000  0.029051
31515.000000  0.022377
31549.000000  -0.051647
31633.000000  0.005909
31698.000000  -0.017538
31728.000000  -0.002738
31770.000000  0.032357
31844.000000  0.015642
31935.000000  0.000782
31970.000000  -0.017305
31977.000000  -0.042356
32038.000000  0.036419
32154.000000  0.001183
32258.000000  0.021628
32396.000000  0.014380
32529.000000  -0.007649
32650.000000  0.018062
32829.000000  0.000829
32915.000000  -0.040062
32919.000000  -0.045327
32997.000000  0.061377
33084.000000  0.018319
33099.000000  -0.075556
33132.000000  0.024667
33168.000000  -0.014903
33212.000000  -0.000472
33227.000000  -0.011845
33267.000000  0.013546
33325.000000  0.006854
33438.000000  0.027357
33505.000000  0.001289
33605.000000  0.015954
33675.000000  -0.036026
33772.000000  0.051861
33831.000000  -0.044868
33893.000000  0.035727
33959.000000  -0.000513
34029.000000  0.002206
34073.000000  -0.001906
34091.000000  -0.021105
34252.000000  0.004295
34323.000000  -0.001372
34386.000000  0.005931
34442.000000  -0.005355
34512.000000  -0.000920
34558.000000  -0.019124
34630.000000  -0.000520
34727.000000  0.024944
34813.000000  -0.004510
34890.000000  -0.015089
34988.000000  0.025822
35072.000000  0.034089
35096.000000  -0.067735
35098.000000  -0.031728
35167.000000  0.067640
35302.000000  0.010863
35347.000000  -0.047874
35450.000000  0.033325
35573.000000  -0.013569
35714.000000  -0.008422
35745.000000  -0.024941
35805.000000  0.005861
35911.000000  0.012134
36021.000000  0.013779
36151.000000  0.020428
36329.000000  0.018197
36424.000000  -0.023753
36524.000000  -0.006481
36699.000000  0.048890
36785.000000  -0.054622
36862.000000  -0.017031
36937.000000  -0.006579
37008.000000  0.010356
37057.000000  -0.003006
37174.000000  -0.010470
37242.000000  0.007245
37306.000000  0.062215
37345.000000  -0.000956
37417.000000  0.031502
37551.000000  0.069278
37657.000000  -0.033688
37762.000000  -0.018346
37839.000000  -0.048359
37939.000000  -0.004017
38039.000000  0.017857
38073.000000  0.072183
38073.000000  -0.192370
38129.000000  0.077697
38230.000000  0.011765
38329.000000  0.024163
38432.000000  -0.025777
38533.000000  0.000003
38621.000000  0.002768
38820.000000  0.163433
38880.000000  -0.175907
38884.000000  -0.073872
38924.000000  0.066189
38944.000000  -0.028063
39035.000000  0.052702
39113.000000  -0.030911
39157.000000  -0.018894
39191.000000  -0.029352
39206.000000  -0.003957
39251.000000  0.030406
39266.000000  -0.028611
39386.000000  0.196821
39479.000000  0.022816
39617.000000  0.009404
39744.000000  0.119744
39765.000000  -0.310888
39836.000000  0.025473
39859.000000  -0.041894
39905.000000  0.001241
39992.000000  0.007025
40076.000000  0.017781
40190.000000  0.021994
40274.000000  -0.012947
40346.000000  0.005249
40444.000000  0.005056
40568.000000  0.012719
40604.000000  -0.032682
40704.000000  0.039882
40705.000000  -0.099358
40714.000000  0.042755
40768.000000  0.048531
40798.000000  -0.051576
40815.000000  0.158474
