576.000000  46.160652
750.000000  46.736916
969.000000  47.207039
1206.000000  50.995209
1452.000000  52.893974
1699.000000  56.591290
1927.000000  50.204407
2162.000000  50.189560
2339.000000  46.141529
2457.000000  33.923809
2620.000000  37.221848
2819.000000  41.338261
3028.000000  47.007957
3149.000000  36.530937
3263.000000  22.069399
3378.000000  25.456036
3524.000000  38.457741
3668.000000  36.198814
3802.000000  35.133461
3917.000000  33.611183
4011.000000  19.617689
4142.000000  30.250402
4270.000000  26.415369
4439.000000  33.145943
4559.000000  29.520294
4740.000000  34.868931
4889.000000  42.694656
5087.000000  40.144646
5254.000000  35.222019
5446.000000  42.296703
5611.000000  37.874283
5834.000000  36.669006
6042.000000  35.160553
6265.000000  35.396065
6510.000000  37.031898
6712.000000  38.471245
6888.000000  37.016026
7022.000000  32.851810
7116.000000  31.765917
7258.000000  34.537453
7440.000000  35.740986
7630.000000  38.312527
7793.000000  39.170155
7945.000000  37.583466
8082.000000  35.699612
8217.000000  31.289392
8288.000000  24.589622
8395.000000  31.317440
8477.000000  26.844418
8607.000000  36.651169
8689.000000  39.415012
8806.000000  44.514603
8919.000000  19.504496
8995.000000  36.282463
9096.000000  36.047138
9218.000000  41.821514
9355.000000  40.531994
9464.000000  29.154253
9617.000000  32.421146
9797.000000  35.714085
9947.000000  35.165146
10084.000000  32.142143
10119.000000  27.844271
10246.000000  31.217718
10364.000000  28.539518
10522.000000  33.470123
10678.000000  31.637606
10823.000000  28.660604
10949.000000  30.367840
11125.000000  33.326767
11307.000000  36.205734
11439.000000  35.886921
11561.000000  36.639874
11765.000000  39.037415
11952.000000  42.064865
12154.000000  43.591518
12348.000000  36.725777
12480.000000  37.355339
12558.000000  33.241669
12677.000000  39.984245
12865.000000  54.823334
13016.000000  51.911991
13126.000000  54.453957
13235.000000  25.575029
13344.000000  29.051140
13470.000000  30.216736
13590.000000  28.830645
13640.000000  23.431166
13651.000000  4.480063
13744.000000  18.388357
13819.000000  17.180593
13901.000000  19.129787
13983.000000  18.444864
14072.000000  18.878757
14161.000000  16.195555
14236.000000  12.373755
14317.000000  16.016281
14381.000000  16.396788
14449.000000  22.327494
14534.000000  20.336800
14615.000000  24.132338
14766.000000  23.862259
14945.000000  48.556816
15120.000000  48.339695
15326.000000  48.438896
15558.000000  45.614643
15730.000000  33.639256
15939.000000  45.796349
16077.000000  33.055260
16227.000000  34.809406
16353.000000  33.265186
16461.000000  35.928440
16607.000000  40.077251
16752.000000  44.555645
16830.000000  48.079414
16915.000000  24.204374
16988.000000  32.303967
17041.000000  25.635025
17081.000000  20.960545
17148.000000  24.127867
17215.000000  15.532808
17414.000000  16.214886
17438.000000  10.868098
17578.000000  16.218479
17742.000000  21.027609
17921.000000  21.937407
18091.000000  25.063908
18255.000000  44.247593
18374.000000  53.347607
18457.000000  15.263981
18544.000000  16.482479
18694.000000  26.153778
18794.000000  37.015411
18964.000000  43.543137
19141.000000  42.169765
19214.000000  28.663609
19398.000000  30.931171
19575.000000  38.817772
19799.000000  41.755329
19956.000000  41.682560
20053.000000  42.670216
20131.000000  17.225174
20264.000000  32.399796
20461.000000  40.436375
20660.000000  37.891109
20842.000000  37.535599
21012.000000  33.394703
21131.000000  32.183491
21280.000000  31.776237
21401.000000  35.667454
21520.000000  36.269962
21641.000000  40.895279
21758.000000  37.433712
21791.000000  41.709137
21937.000000  38.271107
22084.000000  41.256107
22251.000000  41.030235
22410.000000  28.519648
22551.000000  24.585209
22590.000000  16.796158
22719.000000  26.548952
22959.000000  29.363304
23171.000000  32.834396
23351.000000  33.188587
23512.000000  37.950378
23666.000000  36.339031
23787.000000  33.684223
23896.000000  35.099010
23968.000000  27.376419
24034.000000  4.947249
24085.000000  4.636467
24169.000000  5.879878
24254.000000  7.422295
24331.000000  28.665197
24419.000000  29.594574
24520.000000  22.837881
24590.000000  37.081493
24665.000000  38.597782
24728.000000  6.364008
24801.000000  5.877864
24876.000000  6.039049
24938.000000  5.558053
25027.000000  6.419971
25124.000000  33.872623
25258.000000  32.834530
25412.000000  30.847662
25459.000000  25.316048
25653.000000  27.880833
25844.000000  26.240572
25968.000000  12.673219
26047.000000  11.490187
26153.000000  13.682580
26283.000000  19.411171
26447.000000  19.040524
26618.000000  20.624123
26753.000000  13.303733
26820.000000  5.069207
26900.000000  5.254057
26961.000000  4.332417
26984.000000  2.713253
27045.000000  4.075892
27113.000000  6.419624
27279.000000  10.779330
27456.000000  14.424526
27701.000000  19.818779
27874.000000  21.439028
28072.000000  20.348705
28195.000000  17.474579
28284.000000  12.416824
28375.000000  13.254107
28447.000000  11.896084
28508.000000  11.962254
28606.000000  15.831889
28699.000000  14.646127
28805.000000  16.686411
28877.000000  12.130174
28939.000000  12.173240
28956.000000  10.723028
29034.000000  18.137917
29168.000000  20.057756
29322.000000  23.250202
29491.000000  19.130888
29608.000000  13.838223
29687.000000  16.406797
29706.000000  16.846300
29792.000000  20.178677
29876.000000  25.927452
29973.000000  34.359333
30033.000000  10.131989
30143.000000  21.858402
30268.000000  21.577362
30358.000000  20.881186
30436.000000  4.727882
30462.000000  3.941609
30543.000000  5.609819
30694.000000  8.909601
30730.000000  2.332847
30819.000000  10.456400
30911.000000  8.989358
31017.000000  12.951906
31145.000000  16.789228
31248.000000  13.421209
31403.000000  16.454029
31542.000000  17.397490
31664.000000  17.883427
31809.000000  15.366549
31973.000000  17.161514
32134.000000  16.048365
32308.000000  18.566738
32407.000000  12.502454
32450.000000  11.183626
32542.000000  14.758134
32574.000000  10.701558
32599.000000  13.156359
32648.000000  8.699336
32732.000000  15.264466
32818.000000  13.857387
32903.000000  13.566632
32999.000000  12.585239
33080.000000  12.055067
33194.000000  18.538754
33308.000000  12.284288
33431.000000  18.924633
33537.000000  21.958445
33635.000000  19.133705
33720.000000  9.975296
33829.000000  23.039228
33902.000000  24.687347
33986.000000  26.041037
34123.000000  30.631470
34194.000000  27.909348
34210.000000  26.662231
34255.000000  29.177961
34301.000000  25.316692
34398.000000  58.156246
34549.000000  56.009830
34704.000000  58.185745
34800.000000  61.878632
34883.000000  14.504889
34983.000000  14.258820
35165.000000  15.759368
35310.000000  19.701439
35464.000000  20.032885
35541.000000  52.401264
35651.000000  54.416721
35763.000000  56.193691
35928.000000  54.174770
35975.000000  45.366867
36053.000000  21.983288
36154.000000  25.373360
36289.000000  28.993830
36464.000000  27.855190
36618.000000  29.340574
36793.000000  22.506065
36995.000000  25.544378
37109.000000  26.969687
37174.000000  15.961782
37245.000000  18.752577
37284.000000  27.502642
37330.000000  22.669693
37331.000000  1.927135
37462.000000  6.567469
37511.000000  10.336902
37628.000000  8.148009
37702.000000  7.397044
37822.000000  12.670508
37921.000000  11.392140
38014.000000  12.226409
38096.000000  11.234432
38191.000000  12.814111
38257.000000  6.013984
38330.000000  6.195229
38397.000000  4.945573
38445.000000  4.188748
38492.000000  6.053370
38589.000000  5.129379
38668.000000  5.394639
38719.000000  3.567186
38731.000000  2.448684
38748.000000  11.924094
38776.000000  5.877806
38832.000000  7.714837
38987.000000  14.311707
39133.000000  14.332810
39277.000000  16.289362
39384.000000  12.737271
39513.000000  13.192579
39518.000000  1.640332
39558.000000  9.055536
39633.000000  9.281527
39723.000000  9.593539
39831.000000  11.114689
39925.000000  15.549426
39994.000000  12.160767
40004.000000  2.557640
40033.000000  3.863368
40055.000000  4.320904
40166.000000  11.775692
40248.000000  14.418924
40330.000000  19.248611
40406.000000  13.045779
40429.000000  6.528779
40430.000000  4.120028
40503.000000  12.853798
40589.000000  11.432576
40675.000000  10.418653
40766.000000  11.301670
40818.000000  11.759753
40819.000000  0.766218
40821.000000  2.050021
