576.000000  0.100187
750.000000  -0.021183
969.000000  0.002816
1206.000000  0.029703
1452.000000  0.022882
1699.000000  0.009978
1927.000000  -0.011949
2162.000000  0.004425
2339.000000  -0.020241
2457.000000  -0.046256
2620.000000  0.028025
2819.000000  0.015730
3028.000000  0.008320
3149.000000  -0.040712
3263.000000  -0.040529
3378.000000  0.008817
3524.000000  0.047145
3668.000000  -0.009321
3802.000000  0.003400
3917.000000  -0.007781
4011.000000  -0.044485
4142.000000  0.032253
4270.000000  -0.008526
4439.000000  0.017070
4559.000000  -0.005120
4740.000000  0.019748
4889.000000  0.031342
5087.000000  -0.003163
5254.000000  -0.016317
5446.000000  0.020947
5611.000000  -0.001809
5834.000000  -0.005733
6042.000000  -0.009521
6265.000000  0.007612
6510.000000  0.009386
6712.000000  0.010858
6888.000000  -0.012945
7022.000000  -0.015949
7116.000000  -0.007252
7258.000000  0.002613
7440.000000  0.020030
7630.000000  0.019991
7793.000000  0.005234
7945.000000  -0.003899
8082.000000  -0.005768
8217.000000  -0.019302
8288.000000  -0.043224
8395.000000  0.035402
8477.000000  -0.024178
8607.000000  0.051405
8689.000000  0.016640
8806.000000  0.055179
8919.000000  -0.152815
8995.000000  0.073182
9096.000000  0.010763
9218.000000  0.028247
9355.000000  -0.011560
9464.000000  -0.063216
9617.000000  0.026113
9797.000000  0.010838
9947.000000  0.002793
10084.000000  -0.020386
10119.000000  -0.031617
10246.000000  0.036755
10364.000000  -0.017063
10522.000000  0.024668
10678.000000  0.000373
10823.000000  -0.016910
10949.000000  0.012673
11125.000000  0.025002
11307.000000  0.014283
11439.000000  0.003613
11561.000000  0.000564
11765.000000  0.026991
11952.000000  0.026127
12154.000000  0.010925
12348.000000  -0.040944
12480.000000  -0.010591
12558.000000  -0.031662
12677.000000  0.068674
12865.000000  0.138194
13016.000000  -0.020850
13126.000000  0.024036
13235.000000  -0.255303
13344.000000  0.014126
13470.000000  0.013596
13590.000000  -0.008921
13640.000000  -0.031455
13651.000000  -0.079007
13744.000000  0.058669
13819.000000  -0.009029
13901.000000  0.012834
13983.000000  -0.007025
14072.000000  0.007902
14161.000000  -0.015331
14236.000000  -0.017885
14317.000000  0.017612
14381.000000  -0.000296
14449.000000  0.028325
14534.000000  -0.010264
14615.000000  0.020931
14766.000000  0.001998
14945.000000  0.204411
15120.000000  0.005344
15326.000000  0.027862
15558.000000  -0.056307
15730.000000  -0.110606
15939.000000  0.123311
16077.000000  -0.120951
16227.000000  0.016747
16353.000000  -0.020662
16461.000000  0.028581
16607.000000  0.028267
16752.000000  0.050061
16830.000000  0.024397
16915.000000  -0.198034
16988.000000  0.044875
17041.000000  -0.040592
17081.000000  -0.020770
17148.000000  0.012316
17215.000000  -0.043234
17414.000000  0.005118
17438.000000  -0.027429
17578.000000  0.027583
17742.000000  0.024760
17921.000000  0.009955
18091.000000  0.015365
18255.000000  0.153958
18374.000000  0.120340
18457.000000  -0.325817
18544.000000  0.006652
18694.000000  0.053057
18794.000000  0.079063
18964.000000  0.069493
19141.000000  -0.013051
19214.000000  -0.128456
19398.000000  0.035718
19575.000000  0.072809
19799.000000  0.033521
19956.000000  -0.007715
20053.000000  0.010844
20131.000000  -0.193878
20264.000000  0.101435
20461.000000  0.083693
20660.000000  -0.028961
20842.000000  0.003109
21012.000000  -0.035621
21131.000000  -0.010512
21280.000000  -0.003055
21401.000000  0.027606
21520.000000  0.008103
21641.000000  0.018631
21758.000000  -0.008866
21791.000000  0.019003
21937.000000  -0.011475
22084.000000  0.036591
22251.000000  0.009855
22410.000000  -0.134097
22551.000000  -0.024415
22590.000000  -0.057567
22719.000000  0.075410
22959.000000  0.018600
23171.000000  0.025349
23351.000000  0.008599
23512.000000  0.043309
23666.000000  -0.019011
23787.000000  -0.022033
23896.000000  0.008283
23968.000000  -0.060489
24034.000000  -0.128673
24085.000000  -0.001768
24169.000000  0.005692
24254.000000  0.006917
24331.000000  0.127306
24419.000000  0.007056
24520.000000  0.113688
24590.000000  -0.054969
24665.000000  0.020297
24728.000000  -0.219035
24801.000000  -0.000777
24876.000000  0.000005
24938.000000  -0.001152
25027.000000  0.003185
25124.000000  0.165144
25258.000000  -0.003621
25412.000000  -0.016562
25459.000000  -0.052418
25653.000000  0.032714
25844.000000  -0.012557
25968.000000  -0.081199
26047.000000  -0.008250
26153.000000  0.011510
26283.000000  0.035211
26447.000000  -0.002172
26618.000000  0.011325
26753.000000  -0.044489
26820.000000  -0.039802
26900.000000  0.000239
26961.000000  -0.003538
26984.000000  -0.008331
27045.000000  0.007936
27113.000000  0.010852
27279.000000  0.021579
27456.000000  0.019740
27701.000000  0.037082
27874.000000  0.009768
28072.000000  -0.005535
28195.000000  -0.019257
28284.000000  -0.032537
28375.000000  0.006167
28447.000000  -0.010032
28508.000000  0.003902
28606.000000  0.025242
28699.000000  -0.010029
28805.000000  0.011204
28877.000000  -0.027789
28939.000000  0.001324
28956.000000  -0.009070
29034.000000  0.041439
29168.000000  0.014091
29322.000000  0.026156
29491.000000  -0.030916
29608.000000  -0.031522
29687.000000  0.017055
29706.000000  -0.005950
29792.000000  0.028879
29876.000000  0.040550
29973.000000  0.073776
30033.000000  -0.178362
30143.000000  0.072221
30268.000000  -0.000499
30358.000000  -0.003338
30436.000000  -0.093344
30462.000000  -0.005089
30543.000000  0.009532
30694.000000  0.016752
30730.000000  -0.032045
30819.000000  0.039428
30911.000000  -0.005496
31017.000000  0.020930
31145.000000  0.023059
31248.000000  -0.015534
31403.000000  0.014447
31542.000000  0.006628
31664.000000  0.003100
31809.000000  -0.015803
31973.000000  0.013686
32134.000000  -0.008590
32308.000000  0.012719
32407.000000  -0.034028
32450.000000  -0.009399
32542.000000  0.022852
32574.000000  -0.026197
32599.000000  0.013832
32648.000000  -0.025748
32732.000000  0.037200
32818.000000  -0.007829
32903.000000  0.003670
32999.000000  -0.010478
33080.000000  -0.001940
33194.000000  0.040204
33308.000000  -0.038694
33431.000000  0.039264
33537.000000  0.021383
33635.000000  -0.018780
33720.000000  -0.053865
33829.000000  0.082512
33902.000000  0.016805
33986.000000  0.004560
34123.000000  0.035798
34194.000000  -0.029816
34210.000000  -0.020921
34255.000000  0.027931
34301.000000  -0.026275
34398.000000  0.435102
34549.000000  -0.052857
34704.000000  0.088518
34800.000000  0.081100
34883.000000  -0.621926
34983.000000  -0.001833
35165.000000  0.013195
35310.000000  0.023441
35464.000000  0.000321
35541.000000  0.377865
35651.000000  0.036921
35763.000000  -0.006879
35928.000000  -0.015489
35975.000000  -0.144946
36053.000000  -0.238641
36154.000000  0.029188
36289.000000  0.010202
36464.000000  0.005075
36618.000000  0.001480
36793.000000  -0.040080
36995.000000  0.020164
37109.000000  0.011360
37174.000000  -0.076278
37245.000000  0.022208
37284.000000  0.061790
37330.000000  -0.042664
37331.000000  -0.109243
37462.000000  0.021061
37511.000000  0.020554
37628.000000  -0.012956
37702.000000  -0.004596
37822.000000  0.027590
37921.000000  -0.006624
38014.000000  0.005408
38096.000000  -0.003788
38191.000000  0.005361
38257.000000  -0.032931
38330.000000  0.000737
38397.000000  -0.005214
38445.000000  -0.003845
38492.000000  0.008296
38589.000000  -0.004257
38668.000000  0.001853
38719.000000  -0.009057
38731.000000  -0.004687
38748.000000  0.043900
38776.000000  -0.028971
38832.000000  0.008083
38987.000000  0.034934
39133.000000  0.002475
39277.000000  0.008595
39384.000000  -0.018704
39513.000000  -0.000440
39518.000000  -0.054115
39558.000000  0.032466
39633.000000  0.001745
39723.000000  0.002525
39831.000000  0.006092
39925.000000  0.022801
39994.000000  -0.016143
40004.000000  -0.045269
40033.000000  0.005474
40055.000000  0.001662
40166.000000  0.033551
40248.000000  0.014894
40330.000000  0.027103
40406.000000  -0.032908
40429.000000  -0.032999
40430.000000  -0.010267
40503.000000  0.040286
40589.000000  -0.006622
40675.000000  -0.003586
40766.000000  0.002209
40818.000000  0.002112
40819.000000  -0.048335
40821.000000  0.005147
