816.000000  0.134287
1074.000000  0.129678
1285.000000  0.111881
1575.000000  0.127537
1866.000000  0.148704
2125.000000  0.153151
2435.000000  0.178633
2669.000000  0.146338
2940.000000  0.173832
3157.000000  0.160190
3315.000000  0.123807
3508.000000  0.140005
3709.000000  0.130315
3818.000000  0.084239
3962.000000  0.112071
4118.000000  0.134614
4262.000000  0.101882
4335.000000  0.045088
4404.000000  0.028231
4571.000000  0.108656
4745.000000  0.096754
4915.000000  0.074080
5070.000000  0.090303
5167.000000  0.060580
5346.000000  0.106951
5553.000000  0.154347
5831.000000  0.173817
6051.000000  0.164721
6271.000000  0.149880
6459.000000  0.147956
6676.000000  0.154283
6863.000000  0.141400
7011.000000  0.080111
7147.000000  0.083329
7288.000000  0.110221
7474.000000  0.118602
7646.000000  0.118666
7812.000000  0.116392
7834.000000  0.052949
7990.000000  0.131030
8153.000000  0.131438
8367.000000  0.150916
8562.000000  0.164162
8815.000000  0.168090
9040.000000  0.163227
9202.000000  0.190621
9296.000000  0.097281
9405.000000  0.101538
9581.000000  0.146655
9787.000000  0.192598
10010.000000  0.192916
10182.000000  0.173256
10389.000000  0.166105
10647.000000  0.167180
10882.000000  0.176301
11099.000000  0.177650
11362.000000  0.172657
11565.000000  0.151896
11740.000000  0.151207
11962.000000  0.203726
12046.000000  0.138823
12161.000000  0.171032
12285.000000  0.118247
12418.000000  0.163660
12543.000000  0.125207
12710.000000  0.171666
12947.000000  0.237663
13158.000000  0.243394
13351.000000  0.198402
13482.000000  0.229774
13613.000000  0.261738
13729.000000  0.231604
13903.000000  0.209931
14020.000000  0.185351
14140.000000  0.223391
14305.000000  0.166543
14454.000000  0.161033
14659.000000  0.192079
14871.000000  0.196490
15087.000000  0.347108
15333.000000  0.175096
15527.000000  0.309280
15737.000000  0.303122
15866.000000  0.288399
16062.000000  0.342254
16314.000000  0.373109
16529.000000  0.219385
16599.000000  0.122347
16859.000000  0.175032
17066.000000  0.243649
17223.000000  0.116006
17408.000000  0.256043
17493.000000  0.198729
17568.000000  0.184401
17674.000000  0.275200
17818.000000  0.291976
17961.000000  0.310147
18110.000000  0.213044
18226.000000  0.187744
18357.000000  0.152434
18536.000000  0.298289
18685.000000  0.329050
18853.000000  0.320972
18960.000000  0.285049
19148.000000  0.291827
19317.000000  0.369152
19382.000000  0.242958
19561.000000  0.245548
19785.000000  0.180711
20047.000000  0.374551
20303.000000  0.408483
20578.000000  0.506187
20665.000000  0.467556
20709.000000  0.506274
20745.000000  0.158026
20791.000000  0.257824
20842.000000  0.290320
20927.000000  0.058501
20978.000000  0.136590
21059.000000  0.081031
21141.000000  0.041739
21201.000000  0.034308
21282.000000  0.036233
21349.000000  0.024008
21402.000000  0.022532
21458.000000  0.019540
21528.000000  0.024777
21594.000000  0.028710
21653.000000  0.029004
21721.000000  0.027047
21803.000000  0.035782
21928.000000  0.049238
22083.000000  0.069201
22253.000000  0.097668
22391.000000  0.104554
22491.000000  0.094455
22699.000000  0.107657
22838.000000  0.073258
22996.000000  0.082919
23205.000000  0.119864
23363.000000  0.125651
23521.000000  0.065506
23686.000000  0.064532
23834.000000  0.067637
23999.000000  0.089249
24146.000000  0.085139
24293.000000  0.085746
24348.000000  0.070772
24505.000000  0.091136
24673.000000  0.096927
24810.000000  0.075853
24935.000000  0.071111
25073.000000  0.062522
25237.000000  0.052149
25346.000000  0.040794
25496.000000  0.056000
25622.000000  0.053451
25713.000000  0.041356
25840.000000  0.050809
26004.000000  0.081573
26183.000000  0.081520
26342.000000  0.095913
26429.000000  0.088419
26669.000000  0.124793
26915.000000  0.124615
27118.000000  0.121106
27337.000000  0.142628
27530.000000  0.142806
27670.000000  0.106939
27802.000000  0.105669
27958.000000  0.141251
28180.000000  0.188139
28404.000000  0.180755
28514.000000  0.158124
28600.000000  0.064009
28680.000000  0.065001
28802.000000  0.165332
28940.000000  0.183246
29055.000000  0.172121
29205.000000  0.250705
29361.000000  0.198089
29505.000000  0.215531
29636.000000  0.264085
29767.000000  0.247443
29918.000000  0.235535
30053.000000  0.238200
30201.000000  0.203479
30252.000000  0.146040
30351.000000  0.145677
30506.000000  0.231890
30697.000000  0.256862
30770.000000  0.134867
30927.000000  0.147811
31074.000000  0.136654
31326.000000  0.284539
31487.000000  0.290977
31669.000000  0.345220
31792.000000  0.120422
31879.000000  0.385684
31919.000000  0.277757
32000.000000  0.258657
32102.000000  0.264881
32250.000000  0.221977
32355.000000  0.168136
32435.000000  0.067122
32531.000000  0.086851
32583.000000  0.053963
32593.000000  0.064310
32601.000000  0.062791
32644.000000  0.118419
32686.000000  0.078536
32770.000000  0.021176
32840.000000  0.022908
32894.000000  0.022176
32957.000000  0.089017
33117.000000  0.213102
33217.000000  0.261364
33290.000000  0.037780
33376.000000  0.038654
33542.000000  0.065936
33686.000000  0.080294
33857.000000  0.101858
34007.000000  0.098543
34116.000000  0.082822
34186.000000  0.072601
34223.000000  0.029764
34231.000000  0.007979
34282.000000  0.017700
34354.000000  0.027354
34454.000000  0.038298
34458.000000  0.006355
34490.000000  0.019587
34583.000000  0.036455
34677.000000  0.029256
34720.000000  0.014778
34821.000000  0.038631
34992.000000  0.072927
35213.000000  0.110588
35438.000000  0.122061
35572.000000  0.112041
35740.000000  0.108045
35894.000000  0.142356
35999.000000  0.086992
36131.000000  0.108481
36177.000000  0.084188
36253.000000  0.051418
36347.000000  0.069550
36462.000000  0.080675
36583.000000  0.116592
36679.000000  0.117154
36769.000000  0.101265
36844.000000  0.069339
36939.000000  0.065469
37031.000000  0.058195
37123.000000  0.095183
37229.000000  0.063478
37333.000000  0.079301
37417.000000  0.051842
37480.000000  0.114878
37623.000000  0.080603
37653.000000  0.055682
37715.000000  0.046081
37759.000000  0.020270
37884.000000  0.169227
37979.000000  0.153821
37995.000000  0.152962
37995.000000  0.000275
38107.000000  0.054145
38218.000000  0.057194
38276.000000  0.051668
38280.000000  0.021804
38360.000000  0.045938
38447.000000  0.042625
38533.000000  0.156807
38604.000000  0.274134
38684.000000  0.393148
38723.000000  0.017047
38790.000000  0.023578
38826.000000  0.344326
38897.000000  0.727205
39029.000000  0.030198
39101.000000  0.026245
39138.000000  0.482634
39237.000000  0.036561
39326.000000  0.037947
39364.000000  0.017514
39405.000000  0.010610
39448.000000  0.019721
39473.000000  0.012052
39572.000000  0.027710
39668.000000  0.047188
39772.000000  0.063365
39849.000000  0.040601
39857.000000  0.019262
39864.000000  0.006851
39869.000000  0.004516
39917.000000  0.015099
40016.000000  0.033464
40100.000000  0.047118
40203.000000  0.055004
40292.000000  0.056787
40320.000000  0.024895
40382.000000  0.023598
40494.000000  0.059694
40579.000000  0.050643
40679.000000  0.061876
40763.000000  0.054009
40805.000000  0.051730
40819.000000  0.038019
40821.000000  0.002795
