576.000000  0.118286
740.000000  -0.024878
940.000000  0.002485
1151.000000  0.031025
1413.000000  0.035591
1647.000000  -0.005778
1821.000000  -0.032081
1997.000000  0.003809
2164.000000  0.011179
2347.000000  0.026827
2577.000000  0.016937
2786.000000  0.024229
2978.000000  -0.014858
3167.000000  -0.027661
3383.000000  0.001312
3532.000000  -0.018101
3675.000000  -0.031326
3827.000000  0.014037
3926.000000  -0.044029
4015.000000  0.019614
4113.000000  0.067682
4210.000000  -0.088913
4316.000000  0.005510
4438.000000  0.034601
4613.000000  0.007629
4833.000000  0.008191
5074.000000  0.000658
5324.000000  0.001312
5543.000000  0.034930
5769.000000  0.000289
5966.000000  -0.023086
5970.000000  -0.137047
6112.000000  0.102195
6278.000000  0.001215
6423.000000  0.018621
6464.000000  -0.059510
6622.000000  0.044105
6763.000000  -0.007314
6908.000000  -0.001944
7075.000000  0.037752
7187.000000  -0.024297
7266.000000  -0.013904
7347.000000  -0.040673
7427.000000  0.035858
7547.000000  0.003493
7684.000000  -0.003362
7818.000000  -0.005381
7978.000000  0.024404
8170.000000  -0.000170
8400.000000  0.000591
8622.000000  0.021864
8877.000000  0.007621
9102.000000  0.002261
9279.000000  -0.020212
9314.000000  -0.071029
9391.000000  -0.002936
9508.000000  0.029760
9629.000000  0.003517
9706.000000  -0.039855
9804.000000  0.022795
9916.000000  0.067480
10048.000000  0.043008
10123.000000  -0.012358
10220.000000  -0.031703
10302.000000  -0.010364
10350.000000  -0.026989
10405.000000  -0.041201
10424.000000  -0.057241
10495.000000  0.012130
10618.000000  0.067823
10728.000000  -0.009389
10835.000000  -0.002033
10962.000000  0.015819
11097.000000  -0.012013
11240.000000  -0.015099
11374.000000  0.030699
11585.000000  0.007717
11770.000000  0.010040
11999.000000  -0.002728
12235.000000  0.011536
12468.000000  0.022399
12642.000000  -0.027665
12736.000000  0.000882
12804.000000  -0.065253
12894.000000  -0.025117
12981.000000  0.037730
13071.000000  0.013965
13178.000000  0.016088
13330.000000  0.002411
13504.000000  0.030876
13652.000000  -0.027223
13676.000000  -0.056562
13805.000000  0.056935
13938.000000  0.023129
14131.000000  0.012789
14296.000000  0.020206
14482.000000  -0.009931
14689.000000  0.046430
14848.000000  -0.032099
15017.000000  0.043049
15130.000000  -0.023760
15184.000000  -0.073647
15269.000000  0.040646
15347.000000  -0.031645
15472.000000  0.056001
15608.000000  -0.054869
15736.000000  -0.021562
15881.000000  0.023022
16066.000000  0.004661
16293.000000  0.052120
16387.000000  -0.080078
16469.000000  -0.003859
16640.000000  0.031443
16806.000000  0.021294
16957.000000  -0.000826
17146.000000  0.017947
17302.000000  -0.030358
17376.000000  0.059793
17412.000000  0.105440
17415.000000  -0.298298
17453.000000  0.265078
17520.000000  0.020146
17597.000000  -0.016557
17669.000000  -0.024376
17759.000000  0.095226
17874.000000  0.016049
17976.000000  0.011601
18085.000000  0.001526
18170.000000  -0.019894
18243.000000  -0.080665
18328.000000  0.032882
18414.000000  0.024311
18532.000000  -0.019745
18652.000000  -0.048521
18749.000000  0.004099
18857.000000  -0.108310
18991.000000  0.152497
19107.000000  -0.119898
19266.000000  0.093301
19408.000000  0.013086
19530.000000  0.046169
19660.000000  0.257476
19743.000000  -0.485564
19838.000000  -0.025760
19937.000000  0.022837
20094.000000  -0.001624
20130.000000  -0.031202
20329.000000  0.101678
20569.000000  -0.037029
20791.000000  0.020296
21040.000000  0.013507
21258.000000  -0.021879
21413.000000  -0.022341
21558.000000  -0.009654
21679.000000  -0.003097
21849.000000  0.030556
22031.000000  0.037450
22209.000000  -0.003140
22341.000000  -0.082427
22455.000000  -0.014876
22593.000000  0.002114
22730.000000  0.011390
22878.000000  -0.009756
22963.000000  -0.032968
23032.000000  -0.007446
23123.000000  0.036159
23259.000000  0.059927
23348.000000  0.032409
23449.000000  -0.028306
23584.000000  0.042054
23716.000000  -0.022411
23813.000000  -0.012559
23917.000000  -0.002950
24000.000000  -0.023581
24115.000000  -0.033704
24209.000000  -0.044370
24306.000000  -0.000721
24337.000000  -0.022987
24478.000000  0.237900
24600.000000  -0.197764
24673.000000  0.250190
24777.000000  0.014889
24948.000000  0.041932
25126.000000  -0.076226
25262.000000  -0.043468
25472.000000  0.003210
25682.000000  0.109035
25903.000000  -0.091076
26087.000000  0.078102
26228.000000  0.150156
26328.000000  0.254427
26464.000000  -0.653563
26631.000000  0.002069
26798.000000  0.002900
26905.000000  -0.028341
26989.000000  -0.011722
27049.000000  0.022833
27134.000000  0.007340
27197.000000  0.002957
27275.000000  0.026385
27390.000000  0.014750
27561.000000  0.026718
27763.000000  -0.025636
27886.000000  -0.031336
28017.000000  0.011853
28150.000000  0.159884
28310.000000  -0.168105
28452.000000  0.033671
28484.000000  -0.054658
28606.000000  0.059578
28648.000000  -0.038441
28746.000000  -0.025433
28809.000000  0.006591
28814.000000  -0.074807
28823.000000  0.139544
28827.000000  -0.156387
28865.000000  0.044882
28870.000000  -0.030338
28897.000000  0.037918
28974.000000  -0.000838
28980.000000  -0.022784
28987.000000  0.005894
29074.000000  0.003413
29159.000000  0.000324
29214.000000  -0.013828
29353.000000  0.034848
29441.000000  -0.016170
29519.000000  0.009082
29623.000000  0.033319
29757.000000  -0.021372
29851.000000  -0.003776
29942.000000  -0.008341
30038.000000  0.016199
30164.000000  -0.012274
30197.000000  -0.007320
30392.000000  0.064826
30545.000000  -0.009223
30704.000000  0.009735
30824.000000  -0.021656
30915.000000  0.002802
31083.000000  0.020694
31125.000000  -0.049076
31293.000000  0.068555
31420.000000  -0.020722
31532.000000  -0.009710
31559.000000  -0.074668
31603.000000  0.026414
31658.000000  -0.006074
31751.000000  0.019141
31790.000000  -0.014999
31866.000000  0.017599
31931.000000  0.009368
32101.000000  0.029171
32275.000000  -0.007385
32439.000000  0.028795
32589.000000  -0.058132
32696.000000  -0.006811
32801.000000  0.005190
32815.000000  -0.065399
32834.000000  0.008994
32922.000000  0.019455
33005.000000  -0.005485
33061.000000  0.008972
33141.000000  -0.002357
33229.000000  0.014271
33348.000000  0.009650
33421.000000  0.003211
33500.000000  0.004316
33558.000000  -0.027965
33695.000000  0.053956
33820.000000  -0.004034
33969.000000  0.006951
34144.000000  0.001864
34271.000000  -0.030920
34365.000000  -0.007188
34461.000000  -0.017359
34544.000000  0.001810
34671.000000  0.021940
34756.000000  -0.001803
34848.000000  -0.010164
34972.000000  0.031475
35062.000000  -0.010166
35153.000000  0.008321
35246.000000  -0.020852
35379.000000  0.061174
35484.000000  -0.001097
35545.000000  -0.035785
35613.000000  0.229690
35693.000000  -0.224536
35765.000000  0.008705
35843.000000  0.002194
35930.000000  0.105311
36083.000000  0.051389
36204.000000  -0.025462
36343.000000  0.005982
36483.000000  -0.007562
36583.000000  -0.039343
36667.000000  -0.151642
36741.000000  0.015941
36816.000000  -0.002276
36845.000000  -0.036748
36879.000000  0.067826
36950.000000  0.094856
37033.000000  -0.086390
37117.000000  0.007885
37201.000000  -0.029446
37315.000000  -0.003676
37479.000000  0.042637
37580.000000  -0.023785
37671.000000  0.000784
37748.000000  -0.045010
37834.000000  0.005358
37954.000000  0.062023
38093.000000  0.021474
38220.000000  -0.008845
38289.000000  -0.046637
38359.000000  0.000680
38525.000000  0.076545
38563.000000  -0.046197
38599.000000  0.020624
38660.000000  0.070792
38714.000000  0.046536
38743.000000  0.039095
38778.000000  -0.249908
38828.000000  0.114174
38919.000000  0.027239
39059.000000  0.013260
39197.000000  -0.009854
39291.000000  -0.032433
39395.000000  -0.074701
39407.000000  -0.053273
39464.000000  -0.007563
39534.000000  0.029074
39647.000000  0.022891
39699.000000  -0.022240
39719.000000  -0.044482
39772.000000  0.014180
39858.000000  0.020785
39948.000000  0.027965
40080.000000  0.021648
40159.000000  -0.032877
40240.000000  0.004561
40253.000000  -0.029579
40294.000000  0.015217
40295.000000  -0.048594
40339.000000  0.023621
40381.000000  -0.006692
40389.000000  -0.011744
40490.000000  0.053122
40547.000000  0.000138
40624.000000  0.019076
40708.000000  0.007912
40789.000000  0.023077
40798.000000  -0.079795
40821.000000  0.044058
