816.000000  0.212736
1021.000000  -0.044984
1151.000000  -0.023566
1300.000000  0.004376
1497.000000  0.020312
1734.000000  0.039874
1945.000000  -0.033138
2186.000000  0.029753
2408.000000  0.021150
2467.000000  -0.095993
2763.000000  0.159710
3014.000000  -0.011540
3277.000000  -0.009175
3465.000000  -0.069901
3722.000000  0.032293
3887.000000  -0.008203
4081.000000  0.040703
4316.000000  -0.008367
4392.000000  -0.051142
4588.000000  0.050330
4736.000000  -0.028438
4774.000000  -0.058804
4912.000000  0.030337
5022.000000  -0.036468
5141.000000  0.002352
5235.000000  0.020548
5319.000000  -0.036800
5403.000000  0.029405
5473.000000  0.020496
5506.000000  -0.081976
5600.000000  0.027838
5719.000000  0.017013
5806.000000  -0.015692
5917.000000  0.015559
6105.000000  0.047005
6259.000000  -0.019296
6453.000000  0.012604
6646.000000  0.011794
6806.000000  -0.021921
6955.000000  -0.009080
7086.000000  0.000522
7216.000000  -0.004611
7397.000000  0.029732
7602.000000  -0.000387
7819.000000  0.000162
8025.000000  0.009283
8198.000000  0.006732
8381.000000  -0.026863
8561.000000  0.018913
8602.000000  -0.051898
8712.000000  0.022729
8805.000000  0.004549
8923.000000  0.023145
9096.000000  0.028233
9272.000000  0.003922
9342.000000  -0.047907
9519.000000  0.037980
9673.000000  0.002759
9763.000000  -0.037923
9910.000000  0.036260
10098.000000  0.011116
10271.000000  -0.016134
10428.000000  -0.000272
10586.000000  0.003311
10653.000000  -0.026594
10723.000000  -0.012208
10747.000000  -0.039810
10821.000000  0.018478
10916.000000  0.027028
11060.000000  0.031933
11260.000000  0.009763
11433.000000  0.027109
11681.000000  0.012619
11763.000000  -0.045340
11935.000000  0.030182
12098.000000  -0.006019
12224.000000  -0.026335
12327.000000  -0.005101
12435.000000  0.020760
12569.000000  0.021396
12647.000000  -0.027991
12698.000000  -0.007437
12788.000000  0.045692
12918.000000  0.037964
13048.000000  0.058721
13186.000000  0.007834
13273.000000  -0.033914
13360.000000  0.031553
13468.000000  -0.117089
13637.000000  -0.003798
13864.000000  0.051173
14071.000000  -0.013829
14279.000000  0.003000
14507.000000  0.022306
14699.000000  -0.012502
14851.000000  0.020173
15018.000000  0.002591
15175.000000  0.025674
15321.000000  -0.025262
15462.000000  -0.012352
15647.000000  0.020936
15810.000000  0.015173
15997.000000  0.015129
16136.000000  -0.042498
16277.000000  0.047437
16493.000000  -0.022417
16691.000000  0.057426
16875.000000  -0.017359
17019.000000  0.011992
17193.000000  0.067115
17382.000000  -0.140258
17538.000000  0.055844
17655.000000  -0.003333
17807.000000  0.048407
17978.000000  -0.005359
18104.000000  -0.041316
18262.000000  -0.009828
18351.000000  -0.045336
18482.000000  -0.008367
18622.000000  0.019548
18692.000000  -0.042944
18800.000000  0.064725
18955.000000  0.011900
19100.000000  -0.014759
19222.000000  0.025700
19307.000000  -0.027663
19403.000000  0.093899
19499.000000  0.063292
19609.000000  0.004366
19667.000000  -0.054705
19762.000000  0.056435
19952.000000  0.145909
20166.000000  0.014115
20347.000000  0.032131
20586.000000  0.030145
20838.000000  0.043971
21022.000000  0.005726
21097.000000  -0.209597
21177.000000  0.010059
21265.000000  0.030263
21371.000000  0.042821
21453.000000  0.068440
21534.000000  -0.450206
21558.000000  -0.059202
21586.000000  -0.018578
21606.000000  -0.006435
21689.000000  0.038904
21802.000000  0.162086
21971.000000  0.078434
22144.000000  0.054045
22275.000000  -0.127519
22365.000000  -0.004530
22474.000000  -0.053055
22645.000000  0.018209
22769.000000  -0.000010
22859.000000  0.022495
22984.000000  0.102150
23097.000000  0.151427
23198.000000  -0.383046
23359.000000  0.033219
23461.000000  0.002463
23569.000000  -0.019423
23697.000000  0.011321
23842.000000  0.086734
23908.000000  0.278328
24010.000000  0.046198
24182.000000  0.085088
24300.000000  0.009113
24439.000000  0.146797
24589.000000  -0.604066
24791.000000  0.033402
24962.000000  -0.005158
25055.000000  -0.017088
25136.000000  0.011153
25325.000000  0.128224
25550.000000  0.178899
25814.000000  0.069771
26049.000000  -0.234358
26263.000000  -0.015053
26468.000000  -0.056150
26674.000000  0.040202
26891.000000  -0.001058
27140.000000  0.025161
27346.000000  -0.013209
27538.000000  -0.082342
27699.000000  0.063634
27891.000000  0.079400
28047.000000  0.121689
28259.000000  -0.223896
28426.000000  0.001908
28600.000000  -0.033386
28730.000000  -0.007598
28800.000000  -0.073584
28876.000000  0.051080
28997.000000  0.383383
29131.000000  0.134491
29208.000000  -0.149312
29311.000000  -0.110281
29417.000000  -0.202357
29526.000000  -0.030992
29639.000000  0.064742
29771.000000  -0.021075
29874.000000  -0.061053
29995.000000  -0.012742
30121.000000  0.021092
30271.000000  0.071069
30370.000000  -0.006964
30472.000000  -0.028362
30598.000000  0.001875
30733.000000  0.014528
30866.000000  0.068647
30999.000000  0.020351
31117.000000  -0.012413
31157.000000  -0.052400
31221.000000  -0.081121
31286.000000  0.058211
31330.000000  0.004804
31401.000000  0.050317
31513.000000  0.070356
31593.000000  -0.022546
31640.000000  0.069130
31677.000000  0.004068
31710.000000  -0.277935
31711.000000  -0.008156
31781.000000  0.083341
31927.000000  0.064294
32045.000000  -0.002580
32152.000000  -0.062567
32221.000000  -0.055478
32348.000000  0.030587
32546.000000  0.019070
32706.000000  0.029638
32901.000000  0.054882
33110.000000  0.051933
33283.000000  0.055890
33403.000000  -0.194569
33492.000000  -0.030471
33611.000000  0.048440
33786.000000  0.045247
33844.000000  -0.048872
33888.000000  -0.071411
33895.000000  0.036038
33908.000000  0.009171
33913.000000  -0.044856
33977.000000  0.035919
34018.000000  -0.025612
34059.000000  0.029046
34065.000000  -0.004131
34204.000000  0.002453
34388.000000  0.056201
34543.000000  -0.024255
34691.000000  -0.001512
34834.000000  0.043098
34958.000000  -0.005004
35094.000000  -0.015374
35212.000000  0.015255
35434.000000  0.016503
35700.000000  -0.006098
35800.000000  -0.043677
35905.000000  0.004981
36040.000000  0.004711
36123.000000  -0.043146
36190.000000  0.019066
36268.000000  0.023882
36322.000000  -0.027029
36400.000000  -0.021273
36454.000000  -0.028556
36482.000000  0.014122
36522.000000  0.004525
36567.000000  -0.002595
36595.000000  0.024356
36609.000000  -0.036313
36610.000000  -0.007979
36714.000000  0.032632
36811.000000  -0.004184
36890.000000  0.005667
36963.000000  -0.019766
37039.000000  0.038230
37132.000000  0.016983
37194.000000  -0.027471
37282.000000  0.034293
37390.000000  -0.029172
37445.000000  -0.007071
37472.000000  -0.014966
37514.000000  -0.018130
37551.000000  0.000838
37656.000000  0.068858
37753.000000  -0.027834
37809.000000  -0.042141
37903.000000  0.025740
38015.000000  0.010308
38150.000000  0.046061
38322.000000  0.018526
38444.000000  -0.020863
38516.000000  -0.050646
38589.000000  0.027377
38634.000000  -0.017266
38707.000000  0.016811
38750.000000  -0.007189
38779.000000  -0.018697
38780.000000  -0.015718
38809.000000  0.038786
38864.000000  0.005091
38932.000000  -0.009579
38999.000000  0.020464
39076.000000  0.016597
39195.000000  -0.001894
39292.000000  -0.006065
39392.000000  0.015657
39498.000000  -0.003681
39570.000000  0.001977
39649.000000  -0.017601
39721.000000  -0.020165
39791.000000  0.007513
39880.000000  -0.007177
39965.000000  0.040339
40098.000000  0.187493
40199.000000  0.029871
40290.000000  -0.033922
40364.000000  -0.189072
40464.000000  0.071134
40502.000000  -0.057714
40534.000000  -0.034659
40581.000000  -0.032274
40623.000000  0.008617
40650.000000  0.010232
40689.000000  -0.003953
40698.000000  -0.001852
40815.000000  0.302067
