995.000000  72.951385
1225.000000  74.418274
1502.000000  74.295998
1743.000000  73.963676
2031.000000  78.199074
2371.000000  76.488876
2713.000000  76.217163
3039.000000  78.221336
3096.000000  65.907372
3390.000000  73.713234
3421.000000  44.757591
3667.000000  71.266151
3879.000000  70.750641
4149.000000  77.137909
4386.000000  75.253365
4621.000000  74.007965
4855.000000  67.857704
5087.000000  72.345825
5360.000000  71.340164
5663.000000  71.930656
5887.000000  67.945030
6073.000000  64.009735
6231.000000  61.659634
6428.000000  58.615227
6642.000000  59.821480
6824.000000  58.986378
6873.000000  41.753189
7052.000000  63.223576
7212.000000  59.609150
7409.000000  65.111359
7609.000000  61.263721
7846.000000  59.450417
8049.000000  57.660927
8217.000000  48.893005
8400.000000  53.658028
8585.000000  56.466927
8764.000000  57.842289
8982.000000  60.689209
9156.000000  60.250813
9364.000000  43.932537
9583.000000  54.697342
9721.000000  32.493706
9779.000000  37.281246
9977.000000  38.872101
10226.000000  55.308861
10430.000000  33.513916
10577.000000  39.075943
10777.000000  41.249752
10908.000000  36.907093
10976.000000  26.609356
10996.000000  27.453894
11081.000000  14.131969
11163.000000  14.280094
11258.000000  27.455324
11375.000000  35.146309
11535.000000  37.061028
11708.000000  41.606083
11902.000000  44.238792
12050.000000  35.928173
12155.000000  35.393703
12258.000000  31.569969
12439.000000  36.798752
12660.000000  41.725498
12959.000000  37.561150
13158.000000  34.420769
13397.000000  24.484192
13630.000000  49.674301
13819.000000  49.761703
14001.000000  45.588634
14156.000000  25.541449
14273.000000  34.848866
14410.000000  33.358429
14539.000000  33.276760
14687.000000  34.757103
14853.000000  35.389397
15037.000000  42.622059
15231.000000  46.073029
15415.000000  41.587002
15539.000000  46.893944
15658.000000  43.994473
15792.000000  39.629166
15886.000000  35.183983
15989.000000  26.550827
16075.000000  23.275202
16155.000000  23.332733
16233.000000  35.857002
16367.000000  42.026821
16542.000000  54.167103
16654.000000  62.389172
16769.000000  16.903057
16914.000000  19.470093
17072.000000  34.105049
17307.000000  36.095581
17513.000000  50.461548
17757.000000  52.368660
18015.000000  51.707851
18289.000000  53.313374
18611.000000  56.286343
18894.000000  58.573677
19133.000000  53.338478
19286.000000  51.903229
19455.000000  49.660439
19647.000000  48.369469
19777.000000  50.069386
19895.000000  55.357624
20094.000000  58.669693
20260.000000  57.080887
20442.000000  56.403645
20636.000000  60.941387
20726.000000  54.602802
20926.000000  53.530228
21129.000000  42.301746
21312.000000  43.962391
21557.000000  49.757481
21686.000000  47.520782
21839.000000  44.382236
22045.000000  49.112701
22228.000000  50.870113
22426.000000  43.784275
22694.000000  47.959866
22885.000000  42.606472
23060.000000  50.563305
23177.000000  49.107571
23286.000000  48.657455
23438.000000  49.369324
23576.000000  47.534904
23815.000000  60.770573
23874.000000  61.067963
23975.000000  63.681728
24082.000000  24.542864
24220.000000  27.870018
24364.000000  21.751890
24504.000000  22.034573
24547.000000  18.779404
24711.000000  32.703266
24918.000000  62.959236
25119.000000  49.748077
25463.000000  60.836273
25767.000000  58.389240
26095.000000  59.880932
26344.000000  56.113136
26642.000000  68.484100
26954.000000  66.023109
27210.000000  66.086128
27418.000000  65.247101
27552.000000  61.240761
27654.000000  60.807968
27777.000000  61.846115
27880.000000  34.737068
27981.000000  30.040529
28080.000000  26.425310
28201.000000  27.931520
28283.000000  26.282492
28371.000000  56.647308
28476.000000  60.940586
28558.000000  22.773674
28632.000000  16.045189
28747.000000  21.325827
28890.000000  26.618147
28925.000000  25.887220
29114.000000  27.962738
29283.000000  25.002674
29439.000000  24.067200
29604.000000  20.751923
29717.000000  25.562107
29841.000000  27.038902
30006.000000  25.055759
30226.000000  29.651335
30309.000000  26.729679
30557.000000  33.766312
30864.000000  41.941322
31152.000000  31.504103
31385.000000  33.733665
31571.000000  30.047253
31827.000000  34.048355
32057.000000  32.094181
32281.000000  29.407982
32430.000000  23.278845
32586.000000  24.816456
32712.000000  25.586575
32850.000000  35.777386
32994.000000  38.318935
33182.000000  40.745403
33309.000000  39.908848
33382.000000  39.486797
33418.000000  39.536823
33570.000000  73.123268
33581.000000  72.819321
33648.000000  7.077555
33665.000000  10.921828
33774.000000  19.097025
33885.000000  16.284103
33982.000000  11.860003
34170.000000  24.213005
34377.000000  27.764412
34607.000000  31.155014
34807.000000  27.602688
34959.000000  24.118563
35072.000000  21.915964
35214.000000  19.453491
35395.000000  23.225740
35598.000000  22.183731
35747.000000  23.485487
35894.000000  18.092718
35987.000000  23.554449
36134.000000  24.295658
36305.000000  29.965469
36482.000000  36.118206
36626.000000  32.641735
36711.000000  17.208090
36807.000000  10.007549
36859.000000  22.208225
36979.000000  34.248535
37030.000000  40.255032
37097.000000  41.481190
37137.000000  8.223978
37234.000000  14.324370
37371.000000  15.694899
37495.000000  13.710007
37708.000000  19.765371
37799.000000  14.576890
37876.000000  7.392300
37958.000000  6.529262
38038.000000  14.276949
38132.000000  19.652601
38167.000000  4.305301
38172.000000  1.683187
38181.000000  1.852653
38215.000000  5.774457
38236.000000  3.902349
38254.000000  1.961568
38305.000000  10.186694
38368.000000  6.426011
38436.000000  7.397388
38522.000000  9.633701
38637.000000  14.710925
38715.000000  11.645889
38797.000000  15.388618
38895.000000  14.790329
38969.000000  14.244463
39048.000000  11.791759
39111.000000  16.259851
39194.000000  15.496872
39299.000000  18.518408
39410.000000  19.313168
39482.000000  14.174120
39634.000000  18.873821
39740.000000  12.894680
39866.000000  18.574512
39934.000000  16.647682
40019.000000  14.009805
40030.000000  8.046782
40081.000000  12.758110
40155.000000  13.031048
40216.000000  22.149431
40283.000000  22.992456
40349.000000  24.315218
40424.000000  25.133720
40538.000000  28.136803
40685.000000  30.200560
40793.000000  33.279293
40819.000000  20.594101
40826.000000  1.055280
