216.000000  0.048973
307.000000  -0.010145
427.000000  0.018900
508.000000  -0.029227
571.000000  -0.001836
639.000000  0.001522
695.000000  0.001633
752.000000  -0.005960
820.000000  0.002948
898.000000  0.004639
980.000000  0.006856
1075.000000  0.002051
1155.000000  0.005181
1211.000000  -0.021504
1291.000000  0.005132
1353.000000  -0.006987
1406.000000  -0.005152
1451.000000  -0.000684
1502.000000  -0.000315
1561.000000  -0.000503
1611.000000  0.000853
1668.000000  -0.001403
1730.000000  0.003719
1789.000000  0.002086
1860.000000  0.005660
1943.000000  0.008761
2001.000000  -0.009334
2091.000000  0.004245
2187.000000  0.007873
2254.000000  -0.005421
2304.000000  -0.002292
2374.000000  0.007522
2486.000000  0.015677
2584.000000  0.006073
2669.000000  -0.011895
2766.000000  0.008234
2861.000000  -0.006040
2946.000000  0.007406
3017.000000  -0.019707
3099.000000  -0.005904
3113.000000  -0.019285
3173.000000  0.010607
3264.000000  0.018460
3345.000000  -0.003181
3449.000000  0.009351
3520.000000  -0.006969
3545.000000  -0.007510
3586.000000  -0.004971
3635.000000  -0.012990
3697.000000  0.001227
3735.000000  -0.002805
3791.000000  0.004074
3878.000000  0.009701
3956.000000  -0.000108
4018.000000  -0.008438
4072.000000  0.001584
4121.000000  -0.005152
4181.000000  0.001124
4241.000000  0.000096
4300.000000  -0.000429
4339.000000  -0.002682
4419.000000  0.010141
4533.000000  0.016905
4609.000000  0.007090
4694.000000  0.007589
4791.000000  0.003280
4896.000000  0.008976
4987.000000  -0.001983
5072.000000  0.000010
5147.000000  -0.011703
5234.000000  0.008344
5317.000000  -0.004150
5399.000000  0.003933
5473.000000  -0.015601
5565.000000  0.007600
5642.000000  0.009227
5711.000000  -0.006613
5798.000000  0.017571
5895.000000  0.030664
5963.000000  -0.043769
6067.000000  -0.001287
6144.000000  -0.007813
6235.000000  0.009870
6292.000000  -0.004604
6360.000000  0.017504
6436.000000  -0.001812
6520.000000  0.014383
6599.000000  -0.040376
6674.000000  -0.001869
6756.000000  0.010523
6864.000000  0.002802
6961.000000  0.023550
7012.000000  -0.004680
7080.000000  0.031483
7124.000000  0.019239
7169.000000  0.066093
7172.000000  -0.021033
7173.000000  0.015228
7219.000000  -0.171639
7257.000000  -0.006624
7337.000000  0.011396
7399.000000  -0.001185
7441.000000  -0.003983
7473.000000  -0.006906
7568.000000  0.009810
7682.000000  0.009816
7718.000000  -0.018009
7795.000000  0.017142
7893.000000  0.011431
7964.000000  -0.007316
8044.000000  -0.000864
8125.000000  0.000603
8143.000000  -0.016285
8220.000000  0.002510
8285.000000  0.005937
8369.000000  -0.001250
8415.000000  -0.009217
8469.000000  -0.000109
8515.000000  0.000556
8658.000000  0.020267
8731.000000  0.008310
8808.000000  -0.015760
8876.000000  -0.002417
8930.000000  -0.006776
8994.000000  0.002311
9064.000000  0.003161
9133.000000  0.004281
9192.000000  0.000546
9244.000000  -0.009976
9295.000000  -0.000102
9349.000000  0.001761
9412.000000  0.004658
9495.000000  0.007122
9565.000000  0.000463
9628.000000  -0.008231
9703.000000  0.002515
9778.000000  -0.000881
9851.000000  -0.000654
9913.000000  -0.001432
9987.000000  0.002060
10063.000000  -0.000066
10137.000000  -0.000035
10212.000000  0.000090
10287.000000  0.000489
10361.000000  -0.000464
10440.000000  0.002766
10488.000000  -0.005083
10546.000000  -0.005159
10613.000000  0.005920
10679.000000  -0.001444
10750.000000  0.002791
10830.000000  0.002690
10940.000000  0.011909
11021.000000  0.004918
11062.000000  -0.032093
11102.000000  -0.000582
11152.000000  0.001201
11209.000000  0.002634
11277.000000  0.006074
11406.000000  0.021137
11500.000000  -0.005769
11591.000000  0.007054
11676.000000  0.012842
11739.000000  -0.008760
11818.000000  0.003233
11900.000000  0.013499
11985.000000  -0.001702
12071.000000  -0.005240
12150.000000  0.001641
12227.000000  -0.002039
12306.000000  0.020078
12335.000000  -0.035715
12378.000000  0.018336
12385.000000  -0.014342
12387.000000  -0.043643
12428.000000  0.020491
12502.000000  0.007150
12604.000000  0.017925
12678.000000  0.003245
12760.000000  0.004985
12785.000000  -0.029028
12844.000000  0.019859
12897.000000  -0.011781
12899.000000  -0.033099
12998.000000  0.040223
13094.000000  0.014148
13189.000000  0.007689
13273.000000  -0.007468
13358.000000  0.000055
13438.000000  0.003019
13497.000000  -0.010764
13562.000000  0.003205
13633.000000  0.008209
13715.000000  0.012273
13810.000000  0.004554
13845.000000  -0.044514
13885.000000  -0.019425
13985.000000  0.087901
14051.000000  -0.013179
14121.000000  0.024794
14196.000000  -0.003419
14272.000000  -0.041526
14345.000000  -0.000211
14427.000000  -0.027423
14488.000000  0.060805
14531.000000  -0.061780
14590.000000  0.044919
14655.000000  0.069861
14710.000000  -0.067573
14731.000000  -0.051999
14883.000000  0.008332
14956.000000  -0.008805
15044.000000  0.014576
15154.000000  0.007906
15237.000000  0.009167
15311.000000  -0.006482
15369.000000  -0.013577
15452.000000  0.012440
15533.000000  -0.001524
15623.000000  0.006342
15705.000000  0.002869
15781.000000  -0.019852
15860.000000  0.006347
15951.000000  0.008666
16058.000000  -0.001148
16158.000000  0.008877
16239.000000  0.015554
16324.000000  -0.018342
16412.000000  -0.002905
16489.000000  -0.014426
16568.000000  0.007388
16648.000000  -0.000543
16738.000000  0.001822
16814.000000  -0.008883
16892.000000  0.006275
16978.000000  0.001906
17065.000000  0.003545
17142.000000  -0.007255
17221.000000  0.007063
17305.000000  -0.003077
17387.000000  0.001601
17471.000000  -0.013083
17551.000000  0.012423
17624.000000  -0.000283
17699.000000  0.004006
17786.000000  0.008234
17914.000000  0.056958
17966.000000  -0.004355
18041.000000  0.003237
18144.000000  0.019446
18241.000000  -0.058200
18325.000000  -0.004592
18411.000000  0.051761
18486.000000  -0.025898
18593.000000  0.031442
18694.000000  -0.069210
18799.000000  0.003463
18879.000000  0.002841
18968.000000  0.007944
19048.000000  -0.002262
19125.000000  0.042483
19134.000000  0.042999
19139.000000  -0.010316
19202.000000  -0.012150
19280.000000  -0.075018
19361.000000  0.004256
19438.000000  -0.011051
19520.000000  -0.013755
19619.000000  0.035758
19710.000000  -0.022375
19797.000000  0.033688
19882.000000  -0.044243
19955.000000  -0.004001
20040.000000  0.010713
20129.000000  -0.004497
20212.000000  0.002446
20291.000000  0.002711
20369.000000  -0.005982
20458.000000  0.023005
20541.000000  -0.016444
20621.000000  0.002511
20700.000000  -0.008688
20786.000000  0.019038
20895.000000  -0.003936
20957.000000  -0.023941
20985.000000  -0.014158
21007.000000  0.037072
21100.000000  0.038711
21138.000000  -0.011789
21177.000000  -0.005388
21258.000000  0.000246
21347.000000  0.021504
21429.000000  -0.043161
21502.000000  -0.004513
21639.000000  0.015880
21755.000000  0.019297
21859.000000  -0.025801
21969.000000  0.005026
22077.000000  0.052496
22140.000000  -0.011800
22173.000000  -0.021765
22262.000000  0.175692
22292.000000  -0.070895
22342.000000  0.078378
22380.000000  0.002989
22450.000000  0.020773
22521.000000  0.045156
22617.000000  0.035863
22653.000000  -0.134187
22699.000000  0.066817
22749.000000  0.140053
22750.000000  -0.066215
22784.000000  -0.353184
22874.000000  0.024531
23052.000000  -0.013044
23131.000000  -0.005598
23226.000000  0.010014
23291.000000  -0.010923
23384.000000  0.021235
23453.000000  -0.011870
23534.000000  0.001093
23608.000000  0.014927
23660.000000  -0.003466
23715.000000  -0.003160
23753.000000  -0.020245
23788.000000  -0.028155
23836.000000  0.043735
23902.000000  -0.037791
23975.000000  0.014052
24057.000000  0.007064
24150.000000  0.005166
24231.000000  -0.005628
24301.000000  -0.007565
24302.000000  -0.030834
24304.000000  0.002846
24399.000000  0.027984
24483.000000  0.010729
24547.000000  0.026460
24615.000000  -0.030727
24677.000000  -0.008946
24741.000000  -0.007671
24837.000000  0.007983
24945.000000  0.010670
25026.000000  0.011482
25098.000000  -0.011078
25177.000000  -0.000631
25231.000000  0.007940
25281.000000  -0.004535
25364.000000  0.013568
25429.000000  0.004425
25474.000000  -0.019342
25476.000000  -0.041104
25512.000000  0.007421
25583.000000  0.009585
25649.000000  0.007893
25734.000000  0.013073
25838.000000  0.011862
25942.000000  0.002955
25994.000000  -0.008856
26030.000000  -0.017432
26032.000000  -0.026548
26073.000000  0.008694
26163.000000  0.011978
26233.000000  0.008604
26342.000000  0.013453
26439.000000  0.012637
26532.000000  -0.007390
26569.000000  0.000115
26580.000000  -0.039083
26584.000000  -0.007661
26641.000000  0.051844
26722.000000  -0.021208
26808.000000  0.010058
26913.000000  0.013872
27015.000000  -0.000352
27088.000000  -0.016773
27135.000000  -0.004085
27183.000000  -0.001186
27244.000000  0.015292
27330.000000  0.014378
27372.000000  -0.008244
27389.000000  -0.006364
27447.000000  -0.035100
27542.000000  0.014246
27645.000000  0.010668
27731.000000  0.011082
27816.000000  -0.007970
27916.000000  0.014381
27984.000000  0.000797
27985.000000  -0.032486
27987.000000  -0.024142
27990.000000  -0.000074
28058.000000  0.017968
28131.000000  0.006420
28232.000000  0.012681
28314.000000  0.010079
28423.000000  0.008662
28500.000000  -0.023948
28560.000000  0.012547
28565.000000  -0.028462
28596.000000  0.009970
28655.000000  -0.013196
28709.000000  0.001668
28755.000000  -0.002404
28810.000000  0.001728
28878.000000  0.001545
28960.000000  0.001033
29039.000000  0.009611
29124.000000  0.007980
29217.000000  0.015025
29318.000000  0.006135
29390.000000  -0.018344
29476.000000  0.017269
29555.000000  -0.006319
29652.000000  0.021594
29747.000000  0.011902
29836.000000  -0.008585
29931.000000  0.018660
30023.000000  -0.007508
30105.000000  0.001399
30192.000000  0.002245
30279.000000  -0.027257
30356.000000  -0.009922
30435.000000  0.008488
30519.000000  -0.002892
30606.000000  0.003411
30684.000000  -0.008474
30765.000000  -0.002836
30841.000000  0.008940
30882.000000  -0.027796
30955.000000  0.031724
31029.000000  0.002902
31131.000000  0.024349
31220.000000  -0.015872
31341.000000  -0.008521
31453.000000  0.028890
31517.000000  -0.031772
31518.000000  -0.060670
31602.000000  0.054677
31682.000000  0.027337
31767.000000  -0.010700
31847.000000  -0.003530
31925.000000  -0.016754
32011.000000  0.032565
32098.000000  -0.029700
32177.000000  0.025871
32217.000000  0.043122
32245.000000  0.010125
32295.000000  0.036405
32318.000000  0.000665
32345.000000  -0.000524
32377.000000  0.024228
32415.000000  0.054888
32443.000000  0.035783
32447.000000  0.000138
32499.000000  -0.246525
32587.000000  0.001646
32631.000000  -0.021765
32676.000000  -0.008854
32698.000000  -0.004517
32742.000000  0.003443
32750.000000  -0.006894
32754.000000  0.073510
32869.000000  -0.034600
32945.000000  0.004499
33029.000000  0.004614
33144.000000  0.020802
33186.000000  -0.006912
33202.000000  -0.020939
33208.000000  0.052628
33247.000000  -0.068884
33306.000000  0.001895
33387.000000  0.010541
33460.000000  0.004909
33555.000000  0.007136
33617.000000  -0.002614
33683.000000  -0.007514
33710.000000  -0.007734
33714.000000  -0.031157
33758.000000  0.008341
33847.000000  0.012970
33941.000000  0.012105
34058.000000  0.014072
34137.000000  -0.007606
34163.000000  -0.021679
34165.000000  -0.019544
34220.000000  0.013165
34306.000000  0.012596
34399.000000  0.010088
34521.000000  0.017758
34602.000000  -0.010348
34645.000000  -0.010427
34658.000000  -0.006956
34660.000000  -0.025670
34711.000000  0.011184
34852.000000  0.015029
34864.000000  -0.016588
34896.000000  0.001346
34899.000000  -0.010820
34933.000000  0.011209
34968.000000  -0.007983
34993.000000  0.005454
35082.000000  0.028093
35225.000000  0.011610
35338.000000  -0.001766
35439.000000  0.015923
35517.000000  -0.022349
35617.000000  0.003595
35718.000000  -0.000602
35816.000000  0.012847
35843.000000  -0.020988
35926.000000  0.010819
35982.000000  -0.014023
35986.000000  -0.030552
36074.000000  0.038740
36155.000000  -0.014375
36179.000000  -0.012494
36238.000000  0.008215
36319.000000  0.004630
36394.000000  0.001643
36526.000000  0.028264
36660.000000  -0.003079
36679.000000  -0.015962
36758.000000  0.002974
36836.000000  -0.007312
36901.000000  -0.010533
36960.000000  -0.001741
37023.000000  -0.000516
37061.000000  -0.007106
37132.000000  0.002421
37192.000000  0.010000
37296.000000  0.019240
37364.000000  -0.025156
37412.000000  -0.009740
37431.000000  -0.007273
37504.000000  0.023258
37614.000000  0.003312
37701.000000  -0.001515
37785.000000  0.003267
37861.000000  0.006969
37936.000000  -0.001643
38002.000000  -0.006221
38005.000000  -0.028445
38056.000000  0.008376
38101.000000  -0.001415
38107.000000  -0.004862
38156.000000  0.015588
38181.000000  -0.009588
38209.000000  -0.001175
38234.000000  -0.002168
38275.000000  0.296939
38290.000000  -0.083032
38328.000000  0.195607
38341.000000  0.121943
38345.000000  0.001148
38420.000000  -0.507708
38542.000000  0.009652
38646.000000  0.018242
38723.000000  -0.003580
38808.000000  0.010179
38905.000000  -0.011212
38947.000000  0.004575
39014.000000  0.000470
39094.000000  0.011401
39176.000000  0.014737
39261.000000  -0.009964
39372.000000  -0.011478
39468.000000  0.004497
39547.000000  -0.012984
39627.000000  0.030922
39682.000000  -0.004778
39732.000000  -0.010036
39810.000000  0.012784
39882.000000  -0.019132
39955.000000  -0.011458
40031.000000  0.002402
40116.000000  0.019081
40186.000000  0.044863
40251.000000  0.012509
40303.000000  0.035080
40364.000000  -0.052910
40393.000000  -0.064819
40394.000000  -0.045621
40452.000000  0.025643
40527.000000  0.014685
40632.000000  0.004553
40709.000000  -0.011079
40796.000000  -0.006967
40816.000000  -0.009557
40817.000000  0.001724
