4067.000000  1.051099
4734.000000  0.844141
5397.000000  0.528381
5987.000000  0.604064
6840.000000  0.729714
7741.000000  0.823737
9159.000000  1.096329
10385.000000  1.142934
11204.000000  0.984712
11900.000000  0.916382
12937.000000  1.095146
13681.000000  1.071326
14446.000000  1.058278
15268.000000  1.038663
16105.000000  0.998732
16754.000000  0.831581
17695.000000  0.912358
18371.000000  0.899482
18704.000000  0.863747
18924.000000  0.492031
19143.000000  0.485245
19404.000000  0.575246
19689.000000  0.615775
19777.000000  0.522279
20117.000000  0.526617
21572.000000  0.976644
22888.000000  1.154254
24276.000000  1.497165
25379.000000  1.432680
26210.000000  1.200320
27322.000000  1.245666
27873.000000  1.109695
28823.000000  1.273558
29927.000000  1.465266
31022.000000  1.585872
31656.000000  1.179660
32276.000000  1.185846
32903.000000  1.281820
34036.000000  1.485080
35404.000000  1.768268
36356.000000  1.579905
37466.000000  1.623524
38858.000000  1.787630
40001.000000  1.737633
41051.000000  1.662850
42134.000000  1.765707
43201.000000  1.695198
44252.000000  1.734794
45101.000000  1.732215
46138.000000  1.451567
46485.000000  1.472689
47487.000000  1.746492
48254.000000  1.706780
49434.000000  1.845608
50612.000000  2.012314
51726.000000  1.997854
52769.000000  1.944304
53829.000000  1.908922
55068.000000  1.950390
56186.000000  1.799912
57378.000000  1.825670
58262.000000  1.802090
59304.000000  1.922949
60017.000000  1.905308
60816.000000  1.817537
61549.000000  1.713229
62770.000000  2.030242
63755.000000  2.098979
64642.000000  2.068717
65518.000000  1.888160
66420.000000  1.982261
66620.000000  1.677473
66999.000000  1.964532
67669.000000  1.780407
68324.000000  1.921386
69514.000000  2.127870
71092.000000  2.464738
73152.000000  2.661852
74443.000000  2.573812
75807.000000  2.553108
77128.000000  2.733730
79362.000000  3.056857
80668.000000  2.991788
81848.000000  2.701067
82796.000000  2.597152
83406.000000  2.427313
84463.000000  2.980622
86094.000000  3.235089
87711.000000  3.921837
88874.000000  2.632884
90021.000000  2.776493
90859.000000  2.650806
91345.000000  2.517890
92000.000000  2.666572
93032.000000  2.560977
94065.000000  2.816456
95504.000000  3.079623
96973.000000  3.261927
98037.000000  3.244719
98946.000000  2.841280
99696.000000  2.904133
100771.000000  2.592499
101558.000000  2.309455
102171.000000  2.426356
102646.000000  2.411997
103401.000000  2.229961
104229.000000  2.441630
105643.000000  2.789071
107215.000000  2.823148
108676.000000  2.856364
109783.000000  2.762281
110723.000000  2.505882
111527.000000  2.580611
112101.000000  2.212917
112955.000000  2.458306
113677.000000  2.677768
114975.000000  3.020378
116470.000000  3.204974
117380.000000  2.938857
118123.000000  3.581784
119766.000000  3.134594
121176.000000  3.253914
122814.000000  3.500982
124875.000000  3.779177
125935.000000  3.811858
127280.000000  3.340667
128343.000000  3.821897
129566.000000  3.512439
130525.000000  3.317009
131282.000000  3.346823
132124.000000  2.861402
132747.000000  3.110483
133139.000000  3.458744
133438.000000  3.684639
134255.000000  3.817303
134932.000000  3.554751
135589.000000  3.699458
136163.000000  3.760159
136277.000000  3.391113
136626.000000  3.761603
137681.000000  3.010868
137969.000000  2.756290
139045.000000  3.390128
139896.000000  3.616313
140316.000000  3.376397
140564.000000  3.510823
141243.000000  3.648634
141727.000000  3.772010
142068.000000  3.430654
142688.000000  2.948895
143018.000000  2.126529
143405.000000  2.334056
143903.000000  3.778601
144755.000000  3.376378
145296.000000  5.883156
146363.000000  2.243019
146613.000000  2.061490
146989.000000  2.212571
147202.000000  2.004303
147512.000000  1.967155
147761.000000  2.197793
148409.000000  1.992647
148873.000000  2.078570
149297.000000  2.124676
150079.000000  2.383364
150488.000000  1.956125
150840.000000  1.897891
151173.000000  1.999081
151547.000000  1.944684
152009.000000  2.216771
152426.000000  2.048865
152747.000000  2.515579
153124.000000  2.423725
153645.000000  2.410379
154060.000000  2.595869
154804.000000  2.705907
155883.000000  3.019592
156670.000000  2.833797
157093.000000  2.774482
157700.000000  2.970257
158233.000000  3.009030
158758.000000  2.736577
159217.000000  2.571806
159625.000000  1.872516
159808.000000  1.735298
160014.000000  1.823087
160134.000000  1.734391
160372.000000  2.298791
160521.000000  2.475908
