995.000000  0.162169
1207.000000  -0.033226
1417.000000  -0.017383
1432.000000  -0.091118
1646.000000  0.108069
1934.000000  0.018127
1934.000000  -0.146477
2224.000000  0.168746
2540.000000  0.040296
2837.000000  0.032807
3198.000000  0.019423
3515.000000  -0.040449
3730.000000  -0.073132
4001.000000  0.025028
4334.000000  0.063017
4723.000000  0.038596
4986.000000  -0.051444
5207.000000  0.004648
5402.000000  -0.030259
5628.000000  -0.009291
5845.000000  -0.043352
5966.000000  -0.025468
6099.000000  -0.012904
6301.000000  0.094430
6476.000000  0.001128
6651.000000  -0.061420
6789.000000  0.003836
6939.000000  -0.003726
7154.000000  0.083133
7442.000000  -0.024386
7649.000000  -0.031520
7900.000000  0.000230
8150.000000  0.041146
8364.000000  0.016256
8478.000000  0.029499
8741.000000  0.010419
8930.000000  -0.047911
9013.000000  -0.135767
9107.000000  -0.000085
9216.000000  0.020244
9353.000000  0.029668
9502.000000  -0.026197
9705.000000  0.043838
9909.000000  -0.016885
10277.000000  0.084393
10548.000000  -0.018766
10813.000000  -0.014912
11002.000000  -0.020219
11116.000000  -0.025200
11228.000000  -0.015923
11359.000000  -0.020457
11462.000000  -0.017363
11538.000000  -0.033980
11621.000000  0.023633
11753.000000  0.020318
11943.000000  0.046464
12233.000000  0.031606
12453.000000  -0.016167
12606.000000  0.039604
12758.000000  -0.047408
12971.000000  -0.000704
13193.000000  -0.007487
13459.000000  0.058820
13760.000000  0.042543
14079.000000  0.022850
14333.000000  -0.030457
14605.000000  -0.000768
14881.000000  0.048537
15056.000000  -0.044139
15190.000000  0.010064
15310.000000  0.008398
15444.000000  0.071957
15561.000000  -0.212249
15688.000000  -0.027285
15824.000000  -0.002799
16005.000000  0.233336
16208.000000  -0.012807
16391.000000  0.036400
16496.000000  -0.125575
16658.000000  0.060669
16877.000000  -0.020915
17085.000000  0.022354
17297.000000  -0.020499
17524.000000  0.091564
17833.000000  0.004713
18108.000000  0.013822
18418.000000  -0.005617
18740.000000  0.026128
18993.000000  -0.070601
19209.000000  -0.118856
19292.000000  -0.112662
19400.000000  -0.002259
19407.000000  -0.040853
19410.000000  -0.013278
19501.000000  0.031231
19583.000000  0.035238
19730.000000  0.020827
19893.000000  0.075858
20107.000000  -0.018663
20337.000000  0.000852
20529.000000  0.007398
20635.000000  -0.026832
20787.000000  0.005888
20954.000000  0.025025
21121.000000  0.083709
21366.000000  0.057472
21634.000000  -0.188260
21857.000000  0.000793
21931.000000  -0.033189
22131.000000  0.029932
22311.000000  -0.004372
22535.000000  0.131459
22779.000000  0.009556
22969.000000  0.017209
23151.000000  0.172354
23313.000000  0.063967
23422.000000  -0.341899
23516.000000  0.291201
23632.000000  0.034298
23771.000000  0.028619
23886.000000  0.089081
24006.000000  -0.256273
24174.000000  0.014251
24404.000000  0.070080
24587.000000  0.001862
24777.000000  -0.006297
24967.000000  -0.145091
25166.000000  0.010083
25382.000000  -0.117984
25642.000000  0.048270
25946.000000  -0.002208
26232.000000  0.014089
26490.000000  -0.084982
26715.000000  -0.024814
26922.000000  -0.031275
27126.000000  0.043992
27327.000000  0.040819
27562.000000  0.223564
27789.000000  -0.071518
27936.000000  -0.252045
28045.000000  -0.007749
28211.000000  0.008418
28388.000000  0.114186
28599.000000  0.046825
28762.000000  0.082484
28889.000000  -0.029077
29167.000000  -0.010950
29409.000000  0.144598
29616.000000  0.021807
29926.000000  0.135807
30133.000000  0.033182
30258.000000  0.010782
30343.000000  -0.572735
30421.000000  0.004019
30530.000000  0.001163
30670.000000  0.033298
30713.000000  0.027332
30935.000000  0.285141
31208.000000  -0.051852
31408.000000  -0.116558
31553.000000  -0.127355
31584.000000  -0.079505
31726.000000  0.055244
31913.000000  0.007084
31954.000000  -0.038804
32130.000000  0.022732
32293.000000  0.034514
32464.000000  0.023957
32644.000000  -0.004329
32782.000000  -0.054128
32903.000000  0.000569
33080.000000  0.067735
33131.000000  -0.059521
33296.000000  0.078294
33509.000000  0.064796
33708.000000  -0.047388
33839.000000  -0.102794
33919.000000  0.001153
34133.000000  0.474519
34393.000000  0.044208
34526.000000  -0.107138
34583.000000  -0.484470
34630.000000  -0.009738
34678.000000  0.019182
34751.000000  0.029609
34904.000000  0.469962
34994.000000  0.050564
35067.000000  0.184871
35140.000000  -0.699616
35178.000000  0.019106
35201.000000  0.100498
35204.000000  -0.042262
35275.000000  -0.107499
35488.000000  0.078752
35746.000000  0.027857
35905.000000  -0.025112
36072.000000  -0.023339
36317.000000  0.021974
36501.000000  0.009925
36626.000000  0.000220
36814.000000  0.036105
36947.000000  -0.008624
37081.000000  -0.017929
37152.000000  -0.013510
37235.000000  -0.003023
37283.000000  -0.032526
37382.000000  0.020593
37424.000000  -0.009364
37503.000000  -0.032826
37610.000000  0.040385
37725.000000  0.064462
37792.000000  0.043310
37821.000000  0.021956
37822.000000  0.011791
37883.000000  -0.233959
37952.000000  0.001032
38014.000000  0.002455
38047.000000  -0.012518
38122.000000  0.081143
38224.000000  0.076471
38376.000000  0.038029
38556.000000  0.002098
38761.000000  -0.006754
38992.000000  0.090300
39111.000000  -0.107848
39119.000000  -0.091928
39152.000000  -0.069736
39194.000000  -0.014625
39217.000000  -0.001830
39231.000000  0.034949
39291.000000  -0.021862
39406.000000  0.025456
39499.000000  -0.008266
39625.000000  0.030331
39742.000000  0.035449
39922.000000  -0.013715
40096.000000  0.018083
40218.000000  0.009895
40363.000000  -0.025834
40486.000000  0.026133
40639.000000  -0.009768
40715.000000  -0.044387
40798.000000  0.018659
40801.000000  -0.078127
40820.000000  0.004351
