399.000000  0.177666
530.000000  -0.044603
675.000000  -0.004880
806.000000  0.006698
977.000000  0.041539
1126.000000  -0.007213
1279.000000  0.009226
1455.000000  0.010987
1598.000000  -0.005199
1746.000000  -0.003682
1886.000000  -0.015103
2037.000000  -0.010479
2133.000000  -0.017340
2180.000000  -0.029401
2287.000000  0.055904
2383.000000  0.007060
2460.000000  -0.012780
2522.000000  -0.004372
2567.000000  -0.048367
2622.000000  0.038511
2711.000000  0.020695
2831.000000  -0.002297
2906.000000  -0.041234
3001.000000  0.027247
3063.000000  0.003054
3179.000000  0.028765
3293.000000  -0.024259
3427.000000  0.000874
3442.000000  -0.076093
3557.000000  0.078070
3557.000000  -0.103996
3706.000000  0.094311
3875.000000  0.057890
4033.000000  0.008367
4123.000000  -0.021702
4186.000000  -0.037136
4274.000000  0.009328
4349.000000  -0.032937
4442.000000  0.031929
4526.000000  -0.003107
4592.000000  -0.008012
4671.000000  -0.009037
4771.000000  0.047659
4912.000000  -0.008164
5016.000000  -0.006404
5178.000000  0.024975
5272.000000  -0.016155
5372.000000  -0.004170
5500.000000  0.030308
5591.000000  -0.024162
5604.000000  -0.044854
5605.000000  0.010074
5650.000000  -0.011053
5700.000000  0.000871
5758.000000  0.003576
5802.000000  -0.014880
5880.000000  0.011780
5945.000000  0.013681
6007.000000  -0.014309
6071.000000  0.009129
6153.000000  0.001833
6257.000000  -0.047696
6355.000000  0.088866
6462.000000  -0.022903
6586.000000  0.016055
6696.000000  0.011878
6796.000000  -0.013113
6968.000000  0.026261
7106.000000  -0.036027
7249.000000  0.051126
7394.000000  0.017737
7491.000000  0.030352
7608.000000  -0.043100
7740.000000  0.020515
7862.000000  -0.050743
7971.000000  0.049996
8046.000000  -0.061542
8152.000000  0.019232
8226.000000  -0.023382
8313.000000  -0.036066
8418.000000  0.055804
8481.000000  0.017714
8541.000000  -0.053978
8619.000000  0.005495
8789.000000  0.015609
8942.000000  -0.005051
8979.000000  -0.051950
9114.000000  0.072494
9241.000000  0.023671
9387.000000  -0.004327
9424.000000  -0.070834
9558.000000  0.032198
9643.000000  0.035078
9725.000000  -0.022318
9811.000000  0.007487
9931.000000  0.030419
10022.000000  -0.035832
10065.000000  -0.037522
10138.000000  0.008716
10303.000000  0.056860
10474.000000  0.012873
10641.000000  0.018153
10699.000000  -0.096627
10860.000000  0.077024
10873.000000  -0.102582
11055.000000  0.105450
11196.000000  -0.046593
11284.000000  0.024674
11373.000000  -0.009266
11450.000000  -0.041163
11476.000000  -0.030322
11561.000000  0.064643
11619.000000  -0.022419
11688.000000  -0.023618
11746.000000  0.037128
11820.000000  -0.010538
11881.000000  -0.005029
11940.000000  -0.017614
12004.000000  0.004726
12063.000000  -0.012035
12121.000000  0.032255
12198.000000  0.041710
12329.000000  -0.010552
12468.000000  -0.013014
12497.000000  0.022129
12642.000000  0.024284
12778.000000  -0.005278
12929.000000  0.008724
13024.000000  -0.031251
13174.000000  0.019479
13209.000000  -0.067247
13356.000000  0.080187
13488.000000  -0.008650
13594.000000  -0.009624
13752.000000  0.020023
13941.000000  0.046806
14110.000000  -0.052569
14130.000000  -0.072765
14272.000000  0.070449
14425.000000  0.009962
14608.000000  0.028221
14756.000000  0.017554
14895.000000  -0.042681
14934.000000  -0.049386
15063.000000  0.051662
15215.000000  0.042289
15388.000000  -0.026177
15533.000000  0.032943
15592.000000  -0.056721
15730.000000  0.023119
15831.000000  0.048310
15949.000000  -0.019125
16080.000000  -0.005199
16230.000000  0.021365
16420.000000  0.074658
16541.000000  -0.122250
16559.000000  -0.063023
16626.000000  0.050830
16715.000000  0.026492
16793.000000  0.008710
16893.000000  0.023483
17043.000000  0.017151
17184.000000  0.089005
17349.000000  -0.013862
17463.000000  -0.054936
17546.000000  -0.069753
17657.000000  -0.007226
17746.000000  0.001519
17846.000000  0.110103
17946.000000  0.033059
18037.000000  -0.157901
18138.000000  0.061873
18218.000000  -0.024408
18301.000000  0.117935
18382.000000  -0.096743
18506.000000  -0.001321
18551.000000  0.289773
18630.000000  -0.323512
18723.000000  0.009510
18793.000000  -0.024948
18909.000000  0.048023
19082.000000  0.175889
19184.000000  -0.179764
19304.000000  0.033186
19426.000000  -0.026327
19460.000000  -0.067215
19576.000000  0.056982
19632.000000  -0.026656
19781.000000  0.077025
19954.000000  0.482928
20160.000000  -0.484938
20290.000000  0.006844
20319.000000  -0.099776
20457.000000  0.088167
20593.000000  -0.017784
20733.000000  0.074839
20908.000000  0.015205
21085.000000  -0.068251
21264.000000  0.027412
21384.000000  -0.056128
21440.000000  -0.037499
21576.000000  0.083225
21627.000000  -0.078388
21757.000000  0.063417
21877.000000  0.105730
22000.000000  -0.049278
22111.000000  0.041176
22235.000000  0.107539
22370.000000  -0.111426
22517.000000  0.047636
22633.000000  -0.041102
22808.000000  -0.033893
22941.000000  0.133754
23098.000000  -0.028672
23222.000000  -0.092657
23353.000000  -0.014039
23472.000000  0.011548
23590.000000  0.031568
23719.000000  -0.044943
23895.000000  0.052212
23981.000000  -0.033668
24067.000000  0.111430
24131.000000  -0.022169
24176.000000  -0.134751
24247.000000  0.113782
24284.000000  -0.006144
24331.000000  -0.004271
24382.000000  -0.009818
24434.000000  0.143434
24536.000000  -0.085056
24610.000000  -0.236231
24715.000000  0.008971
24783.000000  -0.019538
24867.000000  0.001809
24952.000000  0.037704
25052.000000  -0.003446
25129.000000  -0.000741
25235.000000  0.048573
25288.000000  0.001881
25341.000000  -0.093333
25384.000000  0.055158
25448.000000  0.031855
25513.000000  0.037873
25554.000000  -0.100809
25611.000000  0.176765
25673.000000  0.046671
25733.000000  0.103673
25785.000000  -0.044304
25853.000000  -0.008681
25939.000000  -0.015975
26055.000000  -0.064594
26114.000000  -0.016282
26228.000000  0.086790
26377.000000  0.006249
26552.000000  0.223942
26569.000000  -0.475575
26574.000000  0.416553
26653.000000  -0.417919
26687.000000  -0.014586
26689.000000  0.194064
26703.000000  -0.200564
26814.000000  0.307522
26893.000000  0.231030
26899.000000  -0.009151
26902.000000  -0.553142
26964.000000  0.052423
27198.000000  0.017624
27247.000000  -0.091689
27307.000000  0.039944
27378.000000  -0.029257
27533.000000  0.063962
27557.000000  -0.068464
27684.000000  0.068668
27832.000000  0.032621
27848.000000  -0.088531
27951.000000  0.024103
28105.000000  0.062180
28151.000000  -0.073452
28292.000000  0.021287
28448.000000  0.026457
28564.000000  -0.025953
28710.000000  0.059907
28856.000000  -0.015157
28925.000000  -0.036291
28937.000000  -0.065478
28995.000000  0.014148
29089.000000  0.069606
29115.000000  -0.044171
29192.000000  0.075492
29218.000000  -0.088201
29259.000000  0.049229
29305.000000  -0.040675
29321.000000  0.034798
29367.000000  -0.026720
29441.000000  0.006917
29485.000000  0.017502
29494.000000  -0.029715
29495.000000  -0.036379
29572.000000  0.064320
29672.000000  -0.001622
29739.000000  0.004792
29769.000000  -0.008645
29789.000000  -0.008987
29832.000000  0.013105
29865.000000  -0.010503
29920.000000  -0.007435
30007.000000  0.026741
30072.000000  -0.005289
30125.000000  -0.003616
30142.000000  0.010945
30191.000000  0.053962
30263.000000  -0.029918
30359.000000  0.003202
30440.000000  -0.027473
30561.000000  0.038492
30599.000000  -0.053925
30742.000000  0.071639
30820.000000  -0.040362
30852.000000  -0.037993
30960.000000  0.074494
31123.000000  0.015368
31298.000000  0.017570
31449.000000  0.004656
31506.000000  -0.082982
31652.000000  0.063407
31759.000000  -0.034449
31855.000000  0.054813
31947.000000  -0.029173
32040.000000  0.024847
32131.000000  0.066055
32170.000000  -0.069786
32196.000000  -0.042869
32245.000000  0.017395
32249.000000  -0.031217
32315.000000  0.188701
32321.000000  -0.009186
32447.000000  -0.152280
32563.000000  -0.002397
32725.000000  0.005765
32880.000000  0.014277
33032.000000  -0.018680
33194.000000  0.008015
33278.000000  0.021021
33352.000000  -0.037498
33434.000000  -0.042337
33533.000000  0.003563
33607.000000  0.020507
33749.000000  0.041774
33864.000000  0.045450
33965.000000  -0.009230
34047.000000  -0.049952
34109.000000  -0.017490
34201.000000  0.008426
34325.000000  0.012610
34413.000000  -0.023696
34511.000000  0.094403
34598.000000  -0.042922
34685.000000  0.016017
34792.000000  0.021021
34845.000000  -0.068023
34940.000000  0.009448
35114.000000  -0.001139
35276.000000  0.058983
35429.000000  -0.034584
35500.000000  0.014510
35618.000000  0.011144
35753.000000  -0.018621
35873.000000  -0.034677
35951.000000  0.047223
36141.000000  0.034223
36231.000000  -0.036254
36306.000000  -0.029612
36398.000000  0.009933
36516.000000  0.032414
36588.000000  -0.040269
36604.000000  -0.083698
36691.000000  0.074203
36793.000000  0.003025
36960.000000  0.067817
37001.000000  -0.088236
37187.000000  0.126437
37321.000000  -0.007060
37349.000000  -0.044399
37423.000000  0.057904
37461.000000  0.059401
37498.000000  0.022505
37558.000000  0.011179
37562.000000  -0.028130
37570.000000  -0.174929
37669.000000  0.020172
37739.000000  -0.014259
37809.000000  -0.018373
37888.000000  -0.000719
37968.000000  0.009313
37991.000000  0.012078
38074.000000  -0.012758
38137.000000  -0.006098
38180.000000  -0.006614
38207.000000  -0.008111
38228.000000  -0.010289
38329.000000  0.005040
38420.000000  -0.012007
38539.000000  0.075302
38689.000000  0.007896
38858.000000  -0.036879
38997.000000  0.025370
39065.000000  -0.013723
39163.000000  0.002070
39262.000000  -0.005668
39350.000000  -0.031156
39380.000000  0.022875
39403.000000  0.002537
39411.000000  -0.023471
39522.000000  0.016560
39619.000000  0.011777
39699.000000  0.021770
39781.000000  -0.030293
39869.000000  0.042283
39935.000000  -0.053190
40001.000000  0.038108
40071.000000  -0.038506
40117.000000  0.031098
40168.000000  0.022651
40213.000000  -0.046164
40215.000000  -0.052273
40262.000000  0.041689
40270.000000  0.009718
40312.000000  -0.003964
40348.000000  0.003271
40371.000000  -0.052470
40377.000000  0.043475
40379.000000  0.059746
40431.000000  -0.023853
40495.000000  -0.052324
40580.000000  0.061027
40638.000000  -0.027828
40720.000000  0.001184
40807.000000  0.013165
40813.000000  -0.003985
