399.000000  0.083054
530.000000  0.082066
675.000000  0.077720
806.000000  0.093367
977.000000  0.120002
1126.000000  0.115357
1279.000000  0.128389
1455.000000  0.126137
1598.000000  0.121552
1746.000000  0.112721
1886.000000  0.081562
2037.000000  0.086728
2133.000000  0.075194
2180.000000  0.042030
2287.000000  0.093842
2383.000000  0.098543
2460.000000  0.079939
2522.000000  0.084514
2567.000000  0.025741
2622.000000  0.048804
2711.000000  0.051542
2831.000000  0.095639
2906.000000  0.045009
3001.000000  0.072721
3063.000000  0.053351
3179.000000  0.099730
3293.000000  0.096014
3427.000000  0.090810
3442.000000  0.024945
3557.000000  0.089616
3557.000000  0.000110
3706.000000  0.085954
3875.000000  0.128301
4033.000000  0.124483
4123.000000  0.092921
4186.000000  0.071010
4274.000000  0.081322
4349.000000  0.058794
4442.000000  0.080692
4526.000000  0.077343
4592.000000  0.057197
4671.000000  0.040530
4771.000000  0.101683
4912.000000  0.100828
5016.000000  0.086423
5178.000000  0.112662
5272.000000  0.090852
5372.000000  0.103102
5500.000000  0.115095
5591.000000  0.090403
5604.000000  0.034829
5605.000000  0.023322
5650.000000  0.046850
5700.000000  0.036786
5758.000000  0.036649
5802.000000  0.031053
5880.000000  0.045791
5945.000000  0.054814
6007.000000  0.046062
6071.000000  0.054204
6153.000000  0.058166
6257.000000  0.030412
6355.000000  0.050130
6462.000000  0.074915
6586.000000  0.081927
6696.000000  0.096586
6796.000000  0.083515
6968.000000  0.110147
7106.000000  0.088580
7249.000000  0.107107
7394.000000  0.143106
7491.000000  0.163942
7608.000000  0.110329
7740.000000  0.145095
7862.000000  0.109405
7971.000000  0.137333
8046.000000  0.082557
8152.000000  0.069441
8226.000000  0.065247
8313.000000  0.052268
8418.000000  0.083697
8481.000000  0.081030
8541.000000  0.058679
8619.000000  0.053335
8789.000000  0.079851
8942.000000  0.074500
8979.000000  0.037718
9114.000000  0.080301
9241.000000  0.081106
9387.000000  0.090204
9424.000000  0.053061
9558.000000  0.077789
9643.000000  0.071168
9725.000000  0.057298
9811.000000  0.074599
9931.000000  0.101525
10022.000000  0.075524
10065.000000  0.041066
10138.000000  0.043460
10303.000000  0.092767
10474.000000  0.104818
10641.000000  0.119026
10699.000000  0.054898
10860.000000  0.109723
10873.000000  0.028687
11055.000000  0.110896
11196.000000  0.071351
11284.000000  0.074625
11373.000000  0.062987
11450.000000  0.034205
11476.000000  0.027234
11561.000000  0.070837
11619.000000  0.048528
11688.000000  0.041867
11746.000000  0.050856
11820.000000  0.046815
11881.000000  0.042415
11940.000000  0.033877
12004.000000  0.037400
12063.000000  0.027869
12121.000000  0.042214
12198.000000  0.074689
12329.000000  0.080933
12468.000000  0.073219
12497.000000  0.054477
12642.000000  0.108389
12778.000000  0.102765
12929.000000  0.104761
13024.000000  0.077953
13174.000000  0.096417
13209.000000  0.047826
13356.000000  0.097021
13488.000000  0.105753
13594.000000  0.070714
13752.000000  0.108384
13941.000000  0.135927
14110.000000  0.110738
14130.000000  0.044005
14272.000000  0.102542
14425.000000  0.113029
14608.000000  0.135452
14756.000000  0.138926
14895.000000  0.107553
14934.000000  0.068393
15063.000000  0.103575
15215.000000  0.119912
15388.000000  0.125009
15533.000000  0.148333
15592.000000  0.105458
15730.000000  0.117537
15831.000000  0.128040
15949.000000  0.115548
16080.000000  0.143381
16230.000000  0.153546
16420.000000  0.199547
16541.000000  0.114584
16559.000000  0.055094
16626.000000  0.047712
16715.000000  0.103496
16793.000000  0.112503
16893.000000  0.115624
17043.000000  0.145056
17184.000000  0.231661
17349.000000  0.218771
17463.000000  0.156697
17546.000000  0.081335
17657.000000  0.070777
17746.000000  0.096018
17846.000000  0.170153
17946.000000  0.220787
18037.000000  0.082419
18138.000000  0.101648
18218.000000  0.071780
18301.000000  0.058410
18382.000000  0.061724
18506.000000  0.089736
18551.000000  0.086947
18630.000000  0.087545
18723.000000  0.083105
18793.000000  0.083119
18909.000000  0.084152
19082.000000  0.137630
19184.000000  0.097307
19304.000000  0.062109
19426.000000  0.080885
19460.000000  0.051647
19576.000000  0.087104
19632.000000  0.064626
19781.000000  0.091887
19954.000000  0.120026
20160.000000  0.145371
20290.000000  0.129901
20319.000000  0.073852
20457.000000  0.130719
20593.000000  0.110703
20733.000000  0.159000
20908.000000  0.145901
21085.000000  0.139689
21264.000000  0.133288
21384.000000  0.094969
21440.000000  0.091836
21576.000000  0.117551
21627.000000  0.091650
21757.000000  0.108689
21877.000000  0.139739
22000.000000  0.164065
22111.000000  0.218773
22235.000000  0.217254
22370.000000  0.186045
22517.000000  0.194712
22633.000000  0.174744
22808.000000  0.193252
22941.000000  0.209793
23098.000000  0.249066
23222.000000  0.188558
23353.000000  0.193803
23472.000000  0.180687
23590.000000  0.131081
23719.000000  0.154987
23895.000000  0.191624
23981.000000  0.187546
24067.000000  0.285135
24131.000000  0.257509
24176.000000  0.158698
24247.000000  0.259977
24284.000000  0.255631
24331.000000  0.233116
24382.000000  0.249069
24434.000000  0.372549
24536.000000  0.302608
24610.000000  0.060383
24715.000000  0.076908
24783.000000  0.061468
24867.000000  0.061227
24952.000000  0.076842
25052.000000  0.069033
25129.000000  0.073387
25235.000000  0.129751
25288.000000  0.140817
25341.000000  0.050173
25384.000000  0.109149
25448.000000  0.126818
25513.000000  0.139882
25554.000000  0.066717
25611.000000  0.245792
25673.000000  0.292622
25733.000000  0.366065
25785.000000  0.351364
25853.000000  0.332894
25939.000000  0.300485
26055.000000  0.263246
26114.000000  0.246963
26228.000000  0.302460
26377.000000  0.339664
26552.000000  0.527595
26569.000000  0.059543
26574.000000  0.474641
26653.000000  0.066254
26687.000000  0.066440
26689.000000  0.232229
26703.000000  0.045882
26814.000000  0.361698
26893.000000  0.563035
26899.000000  0.587462
26902.000000  0.006876
26964.000000  0.076089
27198.000000  0.088163
27247.000000  0.024948
27307.000000  0.056331
27378.000000  0.028005
27533.000000  0.060183
27557.000000  0.032096
27684.000000  0.083089
27832.000000  0.103094
27848.000000  0.040364
27951.000000  0.061737
28105.000000  0.101126
28151.000000  0.050923
28292.000000  0.068006
28448.000000  0.087456
28564.000000  0.065877
28710.000000  0.087423
28856.000000  0.103404
28925.000000  0.065333
28937.000000  0.013808
28995.000000  0.022334
29089.000000  0.058150
29115.000000  0.022164
29192.000000  0.105986
29218.000000  0.033124
29259.000000  0.055135
29305.000000  0.038466
29321.000000  0.042628
29367.000000  0.024326
29441.000000  0.036658
29485.000000  0.049660
29494.000000  0.030045
29495.000000  0.003712
29572.000000  0.037665
29672.000000  0.051906
29739.000000  0.048852
29769.000000  0.017399
29789.000000  0.017485
29832.000000  0.039747
29865.000000  0.026554
29920.000000  0.030314
30007.000000  0.048857
30072.000000  0.043338
30125.000000  0.036204
30142.000000  0.017453
30191.000000  0.103892
30263.000000  0.096683
30359.000000  0.096358
30440.000000  0.072769
30561.000000  0.099792
30599.000000  0.061738
30742.000000  0.086031
30820.000000  0.075023
30852.000000  0.018369
30960.000000  0.071690
31123.000000  0.097448
31298.000000  0.129988
31449.000000  0.134454
31506.000000  0.077660
31652.000000  0.115536
31759.000000  0.093039
31855.000000  0.128488
31947.000000  0.092051
32040.000000  0.127760
32131.000000  0.184420
32170.000000  0.138243
32196.000000  0.089355
32245.000000  0.100193
32249.000000  0.063973
32315.000000  0.246789
32321.000000  0.238593
32447.000000  0.090348
32563.000000  0.090288
32725.000000  0.091169
32880.000000  0.116024
33032.000000  0.103451
33194.000000  0.108092
33278.000000  0.105432
33352.000000  0.074918
33434.000000  0.053264
33533.000000  0.055748
33607.000000  0.069982
33749.000000  0.103431
33864.000000  0.132700
33965.000000  0.125581
34047.000000  0.090085
34109.000000  0.076835
34201.000000  0.077689
34325.000000  0.092013
34413.000000  0.071725
34511.000000  0.097002
34598.000000  0.097199
34685.000000  0.113280
34792.000000  0.134666
34845.000000  0.075068
34940.000000  0.072082
35114.000000  0.090871
35276.000000  0.146028
35429.000000  0.112046
35500.000000  0.109442
35618.000000  0.122895
35753.000000  0.112561
35873.000000  0.078529
35951.000000  0.108569
36141.000000  0.132895
36231.000000  0.097656
36306.000000  0.068327
36398.000000  0.081239
36516.000000  0.100277
36588.000000  0.078363
36604.000000  0.012221
36691.000000  0.041618
36793.000000  0.069767
36960.000000  0.121263
37001.000000  0.066024
37187.000000  0.145913
37321.000000  0.120506
37349.000000  0.083071
37423.000000  0.166690
37461.000000  0.228056
37498.000000  0.229590
37558.000000  0.265300
37562.000000  0.250388
37570.000000  0.057902
37669.000000  0.085905
37739.000000  0.071535
37809.000000  0.062006
37888.000000  0.068350
37968.000000  0.075447
37991.000000  0.082092
38074.000000  0.046655
38137.000000  0.052338
38180.000000  0.041384
38207.000000  0.032314
38228.000000  0.022159
38329.000000  0.037744
38420.000000  0.035249
38539.000000  0.090310
38689.000000  0.096544
38858.000000  0.075891
38997.000000  0.097858
39065.000000  0.093161
39163.000000  0.089717
39262.000000  0.060887
39350.000000  0.055099
39380.000000  0.051167
39403.000000  0.059616
39411.000000  0.016740
39522.000000  0.054692
39619.000000  0.065865
39699.000000  0.085582
39781.000000  0.069334
39869.000000  0.086506
39935.000000  0.055953
40001.000000  0.080014
40071.000000  0.057190
40117.000000  0.083327
40168.000000  0.092714
40213.000000  0.064357
40215.000000  0.003191
40262.000000  0.028732
40270.000000  0.007912
40312.000000  0.036828
40348.000000  0.025443
40371.000000  0.008255
40377.000000  0.008226
40379.000000  0.096657
40431.000000  0.052458
40495.000000  0.033533
40580.000000  0.077418
40638.000000  0.057604
40720.000000  0.058436
40807.000000  0.057502
40813.000000  0.010806
