399.000000  0.217380
549.000000  -0.067853
645.000000  -0.003297
730.000000  -0.005046
801.000000  -0.001884
891.000000  0.011356
1003.000000  0.001764
1166.000000  0.024685
1344.000000  0.024623
1495.000000  0.002452
1623.000000  -0.044496
1786.000000  0.007607
1879.000000  -0.019955
1991.000000  0.008230
2117.000000  0.053615
2194.000000  -0.036350
2287.000000  0.044272
2379.000000  -0.028287
2434.000000  -0.045192
2489.000000  -0.005869
2563.000000  0.027060
2640.000000  0.000037
2714.000000  0.004449
2800.000000  -0.002811
2890.000000  -0.030531
2985.000000  0.051811
3052.000000  -0.026499
3096.000000  0.001001
3141.000000  -0.010590
3213.000000  0.016565
3255.000000  -0.006581
3332.000000  -0.002242
3403.000000  0.011868
3494.000000  0.020912
3578.000000  0.011409
3675.000000  -0.021119
3745.000000  -0.025499
3826.000000  0.024993
3907.000000  0.024261
3987.000000  0.005449
4071.000000  -0.028950
4157.000000  0.054346
4328.000000  0.042326
4523.000000  0.007635
4637.000000  -0.023063
4783.000000  -0.005171
4957.000000  0.048907
5132.000000  0.012597
5254.000000  -0.022652
5336.000000  -0.074926
5432.000000  0.013952
5581.000000  0.015269
5726.000000  0.041054
5866.000000  -0.030188
5990.000000  0.055391
6083.000000  0.004138
6182.000000  -0.035290
6264.000000  -0.020718
6351.000000  0.014364
6435.000000  -0.052113
6516.000000  0.050194
6658.000000  -0.008353
6790.000000  0.004484
6860.000000  -0.056316
7029.000000  0.063739
7177.000000  0.035968
7345.000000  0.023610
7517.000000  -0.010599
7619.000000  -0.059576
7726.000000  0.043716
7802.000000  -0.053678
7916.000000  0.024097
7976.000000  0.022576
8084.000000  -0.037771
8157.000000  -0.030505
8258.000000  0.056865
8398.000000  0.007292
8431.000000  -0.025010
8593.000000  0.088638
8754.000000  -0.039452
8921.000000  0.006830
9074.000000  0.033423
9226.000000  0.037812
9371.000000  -0.034474
9503.000000  0.002319
9606.000000  -0.029210
9709.000000  0.014729
9847.000000  0.058482
9874.000000  -0.091815
10037.000000  0.132234
10202.000000  -0.010421
10375.000000  -0.015969
10546.000000  -0.034657
10654.000000  -0.032640
10760.000000  0.030670
10827.000000  -0.045636
10930.000000  0.024470
11058.000000  0.058037
11167.000000  -0.011602
11313.000000  0.083502
11471.000000  -0.044940
11571.000000  -0.009185
11709.000000  0.035711
11850.000000  -0.053861
11867.000000  -0.143850
11972.000000  0.133566
12067.000000  0.015842
12085.000000  0.000941
12123.000000  -0.080194
12170.000000  0.025564
12224.000000  0.026617
12269.000000  0.058832
12292.000000  0.040633
12390.000000  -0.197140
12463.000000  -0.046939
12520.000000  0.056282
12620.000000  -0.030421
12699.000000  0.024839
12817.000000  0.006267
12986.000000  0.045542
13126.000000  -0.057216
13232.000000  0.010322
13328.000000  0.017166
13472.000000  -0.014835
13593.000000  -0.008339
13730.000000  0.061960
13884.000000  -0.016340
13997.000000  0.013691
14147.000000  -0.030666
14166.000000  -0.046358
14314.000000  0.093955
14435.000000  -0.015115
14537.000000  -0.016888
14552.000000  -0.071749
14627.000000  0.032720
14703.000000  0.038097
14895.000000  -0.012701
15048.000000  0.013683
15152.000000  -0.007259
15245.000000  0.028764
15429.000000  -0.015787
15589.000000  0.046196
15734.000000  0.007646
15815.000000  -0.040032
15933.000000  -0.028689
15990.000000  0.028755
16057.000000  -0.019226
16142.000000  -0.010989
16234.000000  -0.014988
16329.000000  0.062870
16486.000000  -0.006051
16595.000000  0.033070
16691.000000  -0.003826
16775.000000  -0.011543
16880.000000  0.017046
16963.000000  -0.012673
17040.000000  -0.037139
17118.000000  0.045347
17211.000000  -0.030047
17284.000000  -0.016191
17388.000000  0.097687
17488.000000  -0.037184
17533.000000  -0.063971
17609.000000  0.044025
17687.000000  0.011261
17774.000000  0.021104
17876.000000  -0.047088
17959.000000  -0.022906
18060.000000  0.038195
18177.000000  0.052013
18282.000000  -0.012509
18364.000000  -0.017379
18445.000000  -0.022795
18519.000000  0.006428
18594.000000  0.028149
18652.000000  0.020865
18737.000000  -0.016809
18823.000000  -0.019318
18902.000000  -0.007024
18985.000000  0.019326
19143.000000  0.020062
19295.000000  -0.026044
19397.000000  0.027993
19480.000000  0.023662
19566.000000  -0.065770
19652.000000  0.014331
19727.000000  -0.024082
19813.000000  0.006298
19900.000000  0.117613
20028.000000  -0.045161
20080.000000  -0.067163
20168.000000  0.046461
20264.000000  0.022213
20384.000000  0.015191
20509.000000  -0.024387
20623.000000  -0.043506
20744.000000  0.022982
20813.000000  -0.021131
20893.000000  0.054155
21021.000000  0.002620
21157.000000  0.022719
21292.000000  -0.036309
21355.000000  -0.046231
21530.000000  0.083084
21667.000000  -0.032740
21828.000000  -0.003257
21916.000000  0.014541
21995.000000  -0.045919
22079.000000  -0.009133
22164.000000  0.026978
22241.000000  -0.010766
22323.000000  0.027377
22407.000000  0.001340
22492.000000  -0.020135
22573.000000  -0.004782
22648.000000  0.021809
22744.000000  -0.012349
22805.000000  -0.027217
22862.000000  0.022244
22961.000000  0.095470
23050.000000  -0.035087
23116.000000  0.001589
23203.000000  -0.046155
23309.000000  0.065413
23402.000000  -0.015528
23510.000000  0.010202
23632.000000  0.062028
23649.000000  -0.011728
23652.000000  0.027698
23720.000000  -0.139513
23795.000000  0.132939
23928.000000  0.024980
24063.000000  -0.042847
24199.000000  -0.050777
24289.000000  0.045232
24384.000000  -0.099330
24466.000000  0.069671
24555.000000  0.019971
24709.000000  0.051677
24823.000000  0.001970
24890.000000  -0.024495
24915.000000  0.060946
24927.000000  0.016405
24933.000000  -0.094386
24963.000000  0.057137
24983.000000  0.039181
25001.000000  -0.043809
25032.000000  0.029376
25100.000000  -0.006274
25163.000000  0.051630
25299.000000  0.023112
25424.000000  -0.001716
25543.000000  -0.019315
25638.000000  -0.013439
25770.000000  0.038767
25838.000000  -0.142448
25970.000000  -0.024398
26057.000000  -0.043558
26185.000000  0.134956
26303.000000  -0.078106
26402.000000  -0.021731
26491.000000  0.038853
26555.000000  0.094532
26614.000000  -0.298888
26714.000000  0.273082
26833.000000  0.109908
26982.000000  0.180949
27079.000000  0.109272
27148.000000  -0.615268
27158.000000  -0.051378
27259.000000  0.525807
27348.000000  -0.517349
27440.000000  0.045245
27512.000000  -0.043421
27610.000000  0.043759
27636.000000  -0.027799
27650.000000  -0.055713
27717.000000  0.062782
27829.000000  0.012621
27944.000000  -0.009827
28064.000000  -0.004533
28163.000000  -0.015744
28251.000000  -0.002518
28279.000000  0.042137
28308.000000  -0.029764
28322.000000  -0.021605
28407.000000  0.007243
28490.000000  -0.007937
28599.000000  -0.000224
28676.000000  -0.021457
28732.000000  -0.004218
28787.000000  0.058120
28885.000000  -0.009412
29005.000000  -0.006557
29077.000000  -0.011837
29150.000000  -0.009148
29241.000000  0.016886
29326.000000  0.008653
29329.000000  -0.028068
29362.000000  0.017337
29443.000000  -0.014460
29531.000000  0.019510
29620.000000  0.054613
29686.000000  -0.024599
29758.000000  -0.013592
29770.000000  -0.008200
29771.000000  -0.028163
29834.000000  0.012392
29919.000000  -0.009516
30013.000000  0.040455
30138.000000  0.025232
30225.000000  -0.017572
30289.000000  0.005268
30390.000000  0.003404
30548.000000  -0.009699
30647.000000  0.037107
30738.000000  -0.013144
30850.000000  -0.010515
30964.000000  0.022557
31068.000000  -0.022086
31134.000000  -0.055433
31150.000000  -0.003662
31191.000000  0.004919
31281.000000  -0.023614
31364.000000  0.053823
31441.000000  0.004574
31524.000000  -0.028817
31628.000000  0.062325
31635.000000  -0.061127
31659.000000  0.041581
31672.000000  -0.045177
31700.000000  0.017959
31826.000000  -0.005394
31943.000000  0.049449
32048.000000  -0.014332
32154.000000  0.019703
32230.000000  -0.022667
32312.000000  0.072619
32342.000000  0.001348
32393.000000  0.021956
32448.000000  0.013310
32526.000000  0.018941
32598.000000  0.022742
32723.000000  -0.096894
32867.000000  0.137004
32872.000000  -0.058151
32911.000000  -0.044915
32947.000000  -0.025762
33019.000000  -0.030259
33034.000000  0.155641
33060.000000  -0.230038
33121.000000  0.074272
33252.000000  0.000732
33357.000000  -0.059057
33473.000000  -0.001789
33561.000000  -0.025098
33654.000000  0.079183
33736.000000  -0.057455
33790.000000  -0.020758
33857.000000  0.063978
33960.000000  0.011182
33998.000000  -0.084324
34076.000000  0.049642
34158.000000  -0.025525
34253.000000  0.030444
34370.000000  0.029255
34450.000000  -0.050001
34544.000000  -0.031376
34683.000000  0.053490
34722.000000  -0.015949
34808.000000  0.004348
34893.000000  0.001492
34973.000000  -0.012385
35076.000000  -0.000086
35197.000000  0.108283
35331.000000  0.027083
35426.000000  -0.166442
35536.000000  0.115141
35602.000000  -0.023196
35657.000000  -0.054965
35671.000000  -0.020562
35673.000000  0.008335
35674.000000  -0.026593
35735.000000  0.018122
35847.000000  -0.004644
35934.000000  0.054865
36037.000000  -0.043681
36059.000000  -0.038838
36115.000000  0.046207
36163.000000  0.019055
36220.000000  -0.038840
36270.000000  -0.016437
36312.000000  -0.009128
36380.000000  0.007188
36513.000000  0.027565
36624.000000  0.022608
36727.000000  -0.037149
36843.000000  0.061005
37029.000000  0.010767
37179.000000  -0.041970
37213.000000  0.003543
37220.000000  -0.000231
37353.000000  0.010180
37450.000000  -0.000597
37536.000000  -0.054034
37625.000000  0.030999
37710.000000  0.002289
37743.000000  -0.045020
37779.000000  0.026966
37840.000000  0.011787
37926.000000  0.018169
38010.000000  -0.010466
38020.000000  -0.018017
38061.000000  -0.007335
38093.000000  -0.041110
38116.000000  0.077862
38178.000000  0.011367
38329.000000  -0.018678
38402.000000  0.010581
38535.000000  -0.011960
38615.000000  -0.025842
38692.000000  0.010092
38776.000000  -0.012932
38875.000000  0.061944
38964.000000  -0.016792
38981.000000  -0.033934
39036.000000  0.030188
39091.000000  -0.044695
39170.000000  0.033323
39185.000000  -0.011750
39218.000000  0.006345
39272.000000  -0.028001
39278.000000  -0.045370
39337.000000  0.088844
39423.000000  -0.016100
39505.000000  -0.029286
39603.000000  0.059688
39700.000000  0.003539
39750.000000  -0.010147
39797.000000  -0.011539
39809.000000  -0.012816
39867.000000  0.003649
39937.000000  -0.042481
40017.000000  0.019890
40112.000000  0.004989
40198.000000  0.005982
40303.000000  0.052816
40390.000000  -0.004504
40473.000000  -0.004858
40577.000000  -0.028342
40656.000000  0.000180
40728.000000  0.020539
40751.000000  0.030427
40780.000000  -0.037525
40789.000000  -0.012616
40820.000000  0.036495
40822.000000  -0.035415
