2285.000000  0.343834
2834.000000  0.323640
3495.000000  0.299974
4118.000000  0.334664
4770.000000  0.422870
5407.000000  0.404592
6275.000000  0.488470
7199.000000  0.549653
7977.000000  0.511001
8573.000000  0.409441
9413.000000  0.438671
10327.000000  0.482312
11117.000000  0.527690
11904.000000  0.549440
12660.000000  0.530764
13077.000000  0.477770
13493.000000  0.321085
13880.000000  0.423339
14619.000000  0.500927
15446.000000  0.609613
16173.000000  0.614101
16696.000000  0.434791
17204.000000  0.363443
17585.000000  0.310664
17927.000000  0.430698
18352.000000  0.438892
18969.000000  0.543428
19592.000000  0.586017
20077.000000  0.465139
20672.000000  0.445852
21116.000000  0.298856
21567.000000  0.395325
22013.000000  0.438366
22601.000000  0.415899
23020.000000  0.313491
23337.000000  0.285928
23680.000000  0.301799
23977.000000  0.264463
24266.000000  0.198044
24523.000000  0.296756
25101.000000  0.438452
25813.000000  0.548503
26373.000000  0.580399
27109.000000  0.520670
27595.000000  0.606565
28041.000000  0.415693
28891.000000  0.626638
29465.000000  0.493712
29824.000000  0.437702
30411.000000  0.555116
31093.000000  0.528282
31593.000000  0.650144
32232.000000  0.874120
32669.000000  0.636642
33156.000000  0.598352
33705.000000  0.625341
34164.000000  0.519462
34556.000000  0.627149
35112.000000  0.433681
35602.000000  0.434707
36100.000000  0.440337
36656.000000  0.522128
37042.000000  0.374860
37365.000000  0.518296
37625.000000  0.750334
37941.000000  0.670540
38208.000000  0.336007
38626.000000  0.708257
39018.000000  0.778873
39590.000000  0.818690
40286.000000  1.183558
40658.000000  0.222465
40852.000000  0.155690
41035.000000  0.193952
41273.000000  0.207518
41685.000000  0.713835
42055.000000  0.773704
42567.000000  0.736337
42976.000000  0.569874
43398.000000  0.739074
43865.000000  0.659604
44482.000000  0.779530
45124.000000  1.113319
45698.000000  0.754556
46068.000000  1.073420
46459.000000  0.283497
46725.000000  0.179157
47167.000000  0.252539
47476.000000  0.808853
47929.000000  0.977655
48330.000000  0.999873
48465.000000  1.318216
48893.000000  1.506891
49006.000000  1.609830
49192.000000  0.077345
49332.000000  0.081890
49501.000000  0.070011
49780.000000  0.724529
50502.000000  0.914251
51147.000000  1.148926
51920.000000  0.464447
52503.000000  0.331298
53048.000000  0.450216
53532.000000  0.313676
54159.000000  0.508456
54442.000000  0.176654
54794.000000  0.224130
55251.000000  0.386921
55773.000000  0.998483
56364.000000  1.157551
56763.000000  0.682317
57110.000000  0.236333
57464.000000  0.247309
57608.000000  0.275075
57828.000000  0.291467
57854.000000  0.226695
58076.000000  0.173816
58293.000000  0.095600
58458.000000  0.062663
58596.000000  0.049870
58767.000000  0.059355
59026.000000  0.849794
59487.000000  0.732860
59725.000000  0.683071
60186.000000  0.604823
60649.000000  0.666147
61016.000000  0.432129
61485.000000  0.587372
61976.000000  0.579306
62585.000000  0.586372
63299.000000  0.695532
64049.000000  0.668460
64918.000000  0.644402
65539.000000  0.459566
66012.000000  0.320016
66355.000000  0.762428
66812.000000  0.299334
67234.000000  0.358031
67606.000000  0.322843
68041.000000  0.340562
68223.000000  0.275374
68439.000000  0.534490
68631.000000  0.777713
69105.000000  0.794401
69604.000000  2.356427
69934.000000  0.384051
70132.000000  0.231104
70305.000000  0.328477
70604.000000  0.279175
70966.000000  0.902305
71257.000000  0.840607
71705.000000  0.613749
72138.000000  0.755994
72595.000000  0.705491
72864.000000  0.641268
73178.000000  0.503279
73434.000000  0.423233
73871.000000  0.425968
73990.000000  0.248001
74346.000000  0.271835
75027.000000  0.388856
75733.000000  0.422975
76283.000000  0.532167
76884.000000  0.668449
77367.000000  0.686150
78000.000000  0.611349
78584.000000  0.514783
79185.000000  0.522861
79601.000000  0.619721
79963.000000  0.485286
80186.000000  0.359816
80524.000000  0.255558
80873.000000  0.719623
81167.000000  0.685537
81340.000000  0.451846
81526.000000  0.459458
81750.000000  0.681944
82022.000000  0.548885
82305.000000  0.703250
82625.000000  0.373862
82964.000000  0.672339
83251.000000  1.027043
83523.000000  0.132676
83723.000000  0.153933
83966.000000  0.134660
84153.000000  0.604546
84431.000000  0.752922
84727.000000  0.719952
84907.000000  0.285851
85147.000000  0.125038
85319.000000  0.119308
85576.000000  0.148803
85757.000000  0.136903
85975.000000  0.190570
86137.000000  0.155993
86259.000000  0.090134
86481.000000  0.147702
86689.000000  0.138581
86804.000000  0.094105
86962.000000  0.065378
87201.000000  0.093021
87380.000000  0.146637
87588.000000  0.136491
87691.000000  0.474743
87823.000000  0.097077
88024.000000  0.115118
88110.000000  0.099067
88197.000000  0.099256
88305.000000  0.061676
88383.000000  0.025681
88478.000000  0.074686
88690.000000  0.117499
88887.000000  0.173524
89193.000000  0.122188
89405.000000  0.160118
89571.000000  0.141649
89579.000000  0.010357
89860.000000  0.108068
89975.000000  0.097030
90120.000000  0.079430
90272.000000  0.080210
90582.000000  0.177715
90668.000000  0.115438
90935.000000  0.160229
91135.000000  0.155324
91258.000000  0.141394
91339.000000  0.080762
91418.000000  0.144953
91488.000000  0.093709
