4067.000000  7.253225
4804.000000  6.714068
5638.000000  14.465668
6445.000000  9.287537
7714.000000  6.268944
9400.000000  5.184556
10738.000000  9.500504
11707.000000  6.104528
12689.000000  5.284586
14006.000000  5.232337
15586.000000  4.143579
16972.000000  5.061184
17742.000000  8.510068
18579.000000  9.221478
19421.000000  6.962875
19964.000000  6.667855
20472.000000  6.921808
21138.000000  8.060004
22027.000000  6.357631
22902.000000  6.701276
23719.000000  10.326864
24645.000000  7.318804
25601.000000  8.049503
26416.000000  6.493095
27741.000000  8.425789
28974.000000  5.449625
30193.000000  6.099494
31200.000000  5.738502
32068.000000  7.694506
33162.000000  5.741233
34320.000000  5.107691
35305.000000  6.861471
35703.000000  7.498749
36555.000000  6.534544
37310.000000  5.230240
37934.000000  7.133582
38745.000000  7.675796
39548.000000  6.762914
40130.000000  8.112611
40842.000000  9.276449
41649.000000  8.230091
42307.000000  7.957591
43040.000000  9.204610
43645.000000  9.963678
44457.000000  10.353758
45332.000000  9.166946
46244.000000  7.564300
47133.000000  8.065225
47844.000000  8.338913
48747.000000  8.571981
49934.000000  7.383904
51366.000000  8.604886
52521.000000  6.984522
53648.000000  7.733875
54579.000000  9.293872
55901.000000  7.846036
57433.000000  11.741045
58570.000000  12.063836
59726.000000  33.106529
60987.000000  26.448818
62326.000000  27.578112
63690.000000  26.744560
64795.000000  27.609863
65529.000000  29.412621
66297.000000  29.810568
67277.000000  26.894077
68640.000000  27.153795
69994.000000  24.421730
71285.000000  36.590733
72510.000000  36.953896
73738.000000  40.823597
75133.000000  5.915985
76074.000000  6.385648
76972.000000  8.195135
77937.000000  7.483920
79517.000000  5.295746
80962.000000  7.229857
82125.000000  5.544323
83188.000000  5.462547
84035.000000  5.663177
85011.000000  3.874718
86035.000000  5.096990
86896.000000  4.339307
87855.000000  3.850580
88947.000000  4.022881
89896.000000  4.538395
90882.000000  4.164438
91731.000000  4.392555
92147.000000  6.448894
93025.000000  4.991304
94229.000000  5.272776
95083.000000  4.259984
96170.000000  4.670918
97299.000000  4.302751
98504.000000  6.297954
99460.000000  3.571935
101249.000000  4.118321
102547.000000  3.702030
103915.000000  2.973172
105093.000000  4.176364
106071.000000  3.249834
107650.000000  2.770284
109300.000000  4.047999
111194.000000  3.202458
112366.000000  4.374663
113819.000000  2.981953
114998.000000  3.812686
116428.000000  2.487706
117894.000000  2.102454
118579.000000  2.630002
119748.000000  2.952168
120767.000000  2.797740
121547.000000  3.691776
121989.000000  1.743139
123001.000000  2.757304
123870.000000  3.039150
124989.000000  2.879214
125733.000000  2.911439
126532.000000  2.639696
127238.000000  3.588365
128019.000000  3.054397
128267.000000  4.948297
128464.000000  4.201516
129092.000000  4.724017
129647.000000  3.820479
130169.000000  3.257671
130800.000000  3.054358
131468.000000  2.090787
132216.000000  1.727302
132711.000000  3.540351
133272.000000  1.488142
133648.000000  1.590826
133943.000000  4.342671
134915.000000  1.972206
136033.000000  1.518167
136574.000000  1.235851
137240.000000  2.303804
137748.000000  3.262901
138406.000000  2.820025
138879.000000  3.295320
139367.000000  3.531428
139960.000000  3.185593
140379.000000  1.852360
140659.000000  1.698549
141277.000000  2.898322
141733.000000  3.216461
142384.000000  3.516834
143584.000000  2.671587
144526.000000  2.982430
145298.000000  2.825417
145981.000000  2.652603
146752.000000  4.178092
147546.000000  2.790771
148075.000000  2.863028
148578.000000  3.200635
148750.000000  3.343967
148751.000000  4.630970
148805.000000  3.983507
149117.000000  3.650105
149383.000000  3.686880
150048.000000  3.247268
150517.000000  3.625492
151270.000000  3.456179
152068.000000  2.331974
152456.000000  2.733362
153175.000000  3.020427
153750.000000  3.282782
154362.000000  3.160040
155037.000000  2.597044
155678.000000  4.204276
156125.000000  2.390195
156333.000000  3.704192
156420.000000  3.341290
156534.000000  3.602877
156724.000000  4.700084
156861.000000  2.746013
157170.000000  2.988720
157654.000000  2.907517
158221.000000  2.516151
158482.000000  3.698495
159139.000000  2.404254
159340.000000  2.890406
159673.000000  3.313775
160073.000000  2.629548
160470.000000  3.178670
160488.000000  3.736259
160545.000000  3.149385
