4067.000000  0.071310
4804.000000  0.056104
5638.000000  0.070387
6445.000000  0.049956
7714.000000  0.049986
9400.000000  0.057246
10738.000000  0.106436
11707.000000  0.061493
12689.000000  0.053927
14006.000000  0.065212
15586.000000  0.058671
16972.000000  0.066756
17742.000000  0.082248
18579.000000  0.082515
19421.000000  0.078351
19964.000000  0.065871
20472.000000  0.072240
21138.000000  0.074833
22027.000000  0.066967
22902.000000  0.073564
23719.000000  0.096335
24645.000000  0.077731
25601.000000  0.086158
26416.000000  0.063711
27741.000000  0.103196
28974.000000  0.063115
30193.000000  0.079058
31200.000000  0.079830
32068.000000  0.094716
33162.000000  0.084376
34320.000000  0.072618
35305.000000  0.084088
35703.000000  0.081171
36555.000000  0.085054
37310.000000  0.075527
37934.000000  0.082476
38745.000000  0.081656
39548.000000  0.068283
40130.000000  0.085344
40842.000000  0.101250
41649.000000  0.085771
42307.000000  0.078666
43040.000000  0.096813
43645.000000  0.101698
44457.000000  0.095288
45332.000000  0.104695
46244.000000  0.106653
47133.000000  0.087730
47844.000000  0.078582
48747.000000  0.097153
49934.000000  0.096688
51366.000000  0.147467
52521.000000  0.121112
53648.000000  0.118141
54579.000000  0.148408
55901.000000  0.149526
57433.000000  0.259911
58570.000000  0.263283
59726.000000  0.705710
60987.000000  0.581382
62326.000000  0.755427
63690.000000  0.681948
64795.000000  0.607233
65529.000000  0.615757
66297.000000  0.620005
67277.000000  0.550577
68640.000000  0.694997
69994.000000  0.612702
71285.000000  1.098732
72510.000000  1.001953
73738.000000  1.320737
75133.000000  0.117629
76074.000000  0.125789
76972.000000  0.137479
77937.000000  0.131269
79517.000000  0.113283
80962.000000  0.163642
82125.000000  0.128207
83188.000000  0.113946
84035.000000  0.150128
85011.000000  0.111606
86035.000000  0.117909
86896.000000  0.101823
87855.000000  0.095117
88947.000000  0.094420
89896.000000  0.118977
90882.000000  0.103935
91731.000000  0.091535
92147.000000  0.111302
93025.000000  0.109661
94229.000000  0.117734
95083.000000  0.095899
96170.000000  0.094061
97299.000000  0.085454
98504.000000  0.124681
99460.000000  0.100777
101249.000000  0.136596
102547.000000  0.117032
103915.000000  0.100933
105093.000000  0.110973
106071.000000  0.112932
107650.000000  0.101483
109300.000000  0.127479
111194.000000  0.098992
112366.000000  0.132404
113819.000000  0.086499
114998.000000  0.114002
116428.000000  0.094128
117894.000000  0.075893
118579.000000  0.072413
119748.000000  0.097968
120767.000000  0.095639
121547.000000  0.101460
121989.000000  0.067197
123001.000000  0.072032
123870.000000  0.077870
124989.000000  0.089121
125733.000000  0.082664
126532.000000  0.070445
127238.000000  0.096299
128019.000000  0.080855
128267.000000  0.082845
128464.000000  0.074721
129092.000000  0.089227
129647.000000  0.072456
130169.000000  0.071640
130800.000000  0.101683
131468.000000  0.081242
132216.000000  0.064983
132711.000000  0.084208
133272.000000  0.055758
133648.000000  0.068017
133943.000000  0.078503
134915.000000  0.088135
136033.000000  0.068974
136574.000000  0.074001
137240.000000  0.058880
137748.000000  0.072348
138406.000000  0.080346
138879.000000  0.057804
139367.000000  0.072540
139960.000000  0.064181
140379.000000  0.057332
140659.000000  0.056573
141277.000000  0.054794
141733.000000  0.065096
142384.000000  0.074573
143584.000000  0.066712
144526.000000  0.071642
145298.000000  0.062602
145981.000000  0.052664
146752.000000  0.085123
147546.000000  0.060727
148075.000000  0.060957
148578.000000  0.066468
148750.000000  0.063201
148751.000000  0.082768
148805.000000  0.071853
149117.000000  0.063342
149383.000000  0.077249
150048.000000  0.069785
150517.000000  0.071727
151270.000000  0.079878
152068.000000  0.063800
152456.000000  0.056799
153175.000000  0.071309
153750.000000  0.066515
154362.000000  0.071743
155037.000000  0.059578
155678.000000  0.093298
156125.000000  0.054241
156333.000000  0.074013
156420.000000  0.066458
156534.000000  0.072649
156724.000000  0.083165
156861.000000  0.055043
157170.000000  0.057760
157654.000000  0.057974
158221.000000  0.054753
158482.000000  0.073951
159139.000000  0.050552
159340.000000  0.052276
159673.000000  0.068447
160073.000000  0.056361
160470.000000  0.072375
160488.000000  0.078972
160545.000000  0.060901
