269.000000  78.633034
316.000000  82.348419
332.000000  73.557777
355.000000  72.572762
355.000000  0.637131
376.000000  73.586540
419.000000  79.962364
472.000000  82.081886
496.000000  79.079536
534.000000  84.151703
563.000000  80.746552
610.000000  84.495743
636.000000  78.969231
685.000000  81.404419
723.000000  80.597130
768.000000  79.992332
810.000000  80.684669
851.000000  77.416252
910.000000  78.933250
942.000000  79.119209
1003.000000  78.989853
1037.000000  77.518906
1081.000000  76.707443
1127.000000  78.835556
1156.000000  75.900108
1197.000000  72.368279
1238.000000  76.736542
1266.000000  72.487358
1296.000000  57.348896
1356.000000  75.168663
1356.000000  0.594010
1393.000000  74.811775
1441.000000  75.169853
1478.000000  74.767372
1503.000000  68.261078
1532.000000  74.342247
1558.000000  70.117165
1581.000000  63.842793
1616.000000  67.940071
1653.000000  67.508018
1684.000000  67.905975
1716.000000  70.065399
1734.000000  51.541592
1767.000000  70.887123
1791.000000  61.414574
1864.000000  75.674126
1894.000000  68.657127
1921.000000  65.387863
1949.000000  57.674618
1983.000000  69.242203
2028.000000  65.979660
2028.000000  0.540189
2044.000000  60.698586
2081.000000  64.967117
2111.000000  57.145615
2130.000000  49.484016
2158.000000  54.891521
2199.000000  58.058243
2216.000000  55.035896
2238.000000  40.264236
2275.000000  42.422401
2290.000000  44.480236
2307.000000  41.557961
2334.000000  56.471794
2368.000000  61.643375
2390.000000  53.222507
2405.000000  49.794060
2423.000000  61.874676
2442.000000  58.725822
2471.000000  62.004299
2488.000000  61.786694
2511.000000  58.690365
2543.000000  71.874329
2561.000000  54.661266
2583.000000  65.002167
2597.000000  60.976398
2623.000000  67.237320
2651.000000  66.816437
2674.000000  66.918900
2699.000000  64.891304
2706.000000  46.115517
2735.000000  62.515293
2775.000000  68.522232
2791.000000  43.180023
2827.000000  67.724800
2866.000000  55.699234
2892.000000  58.825661
2931.000000  58.273472
2973.000000  58.373981
3019.000000  62.947529
3046.000000  63.834320
3070.000000  62.365616
3103.000000  54.291588
3117.000000  30.070660
3158.000000  64.382530
3168.000000  44.380447
3206.000000  62.095024
3233.000000  57.415653
3259.000000  47.569599
3274.000000  18.882208
3295.000000  48.416283
3346.000000  65.995026
3367.000000  47.936630
3422.000000  62.376873
3468.000000  54.428196
3529.000000  66.441055
3550.000000  57.412910
3567.000000  49.601357
3591.000000  63.774769
3619.000000  53.732086
3658.000000  65.042130
3703.000000  66.823547
3747.000000  61.714085
3812.000000  68.758972
3871.000000  70.476952
3891.000000  59.700958
3913.000000  57.964993
3935.000000  53.224392
3959.000000  54.679466
3985.000000  61.031384
4009.000000  71.061852
4029.000000  70.883865
4039.000000  65.960220
4065.000000  73.459785
4084.000000  55.592381
4108.000000  74.751816
4128.000000  73.321182
4151.000000  67.971001
4174.000000  69.117012
4198.000000  69.910194
4212.000000  72.185257
4226.000000  72.774841
4240.000000  72.325714
4268.000000  72.980568
4283.000000  75.414612
4299.000000  28.328938
4313.000000  23.987406
4325.000000  29.124802
4354.000000  37.777069
4394.000000  40.762978
4394.000000  20.087770
4420.000000  67.724380
4457.000000  69.549126
4484.000000  69.265938
4522.000000  67.808022
4551.000000  64.589035
4590.000000  67.382797
4611.000000  70.234612
4643.000000  57.364201
4670.000000  47.056892
4709.000000  69.213921
4735.000000  63.606052
4764.000000  61.826038
4787.000000  63.554214
4812.000000  66.401833
4831.000000  55.783569
4862.000000  63.273716
4896.000000  64.754303
4930.000000  49.817505
4937.000000  38.078579
4960.000000  39.432514
4984.000000  42.023769
5004.000000  31.700962
5019.000000  20.224213
5032.000000  31.292290
5049.000000  25.977919
5065.000000  26.343336
5080.000000  27.198597
5114.000000  27.820127
5170.000000  52.749233
5209.000000  48.562973
5252.000000  66.406929
5266.000000  64.012833
5285.000000  61.148350
5303.000000  71.364777
5333.000000  71.144485
5359.000000  63.364555
5384.000000  62.841106
5417.000000  62.900291
5445.000000  32.036785
5472.000000  28.022417
5514.000000  36.163296
5539.000000  40.109695
5584.000000  55.490410
5635.000000  33.980968
5671.000000  54.116364
5718.000000  73.517563
5728.000000  48.328716
5781.000000  62.309467
5819.000000  68.819092
5858.000000  57.157207
5877.000000  52.401585
5908.000000  58.730061
5916.000000  23.356955
5943.000000  55.798286
5987.000000  61.647648
5987.000000  0.283555
6025.000000  43.708275
6063.000000  40.313438
6093.000000  61.810905
6126.000000  65.458839
6145.000000  61.208099
6181.000000  64.454018
6221.000000  68.012604
6241.000000  52.653301
6262.000000  54.964287
6290.000000  65.811279
6302.000000  51.324619
6322.000000  55.985935
6357.000000  63.462471
6379.000000  52.609253
6403.000000  54.937672
6433.000000  61.037560
6455.000000  54.174549
6482.000000  61.849506
6509.000000  69.319168
6543.000000  63.021225
6565.000000  53.882545
6581.000000  34.866013
6598.000000  67.949638
6605.000000  17.298117
6620.000000  74.788818
6655.000000  70.212570
6686.000000  64.348755
6719.000000  64.448074
6740.000000  64.170135
6764.000000  62.328358
6781.000000  50.702072
6803.000000  61.993217
6821.000000  25.458944
6836.000000  36.107277
6859.000000  45.064461
6870.000000  22.351761
6902.000000  54.008961
6930.000000  45.944107
6938.000000  20.268526
6959.000000  35.984940
6977.000000  43.785183
6999.000000  54.159069
7021.000000  63.848042
7036.000000  50.363876
7063.000000  55.748547
7067.000000  47.920441
7092.000000  67.956680
7106.000000  39.152420
7120.000000  64.237228
7142.000000  68.597198
7169.000000  66.308983
7188.000000  65.284386
7208.000000  61.810390
7242.000000  60.142284
7258.000000  54.458458
7264.000000  25.208813
7276.000000  44.670517
7301.000000  42.438721
7316.000000  47.601559
7322.000000  44.629623
7331.000000  42.271549
7342.000000  24.550381
7356.000000  40.592232
7381.000000  45.160545
7393.000000  34.086952
7398.000000  11.351657
7411.000000  15.045918
7423.000000  18.641417
7443.000000  53.860409
7470.000000  55.924530
7472.000000  5.041295
7493.000000  58.887047
7495.000000  7.442166
7503.000000  54.661095
7515.000000  54.028023
7537.000000  46.347298
7542.000000  9.608124
7550.000000  13.120298
7575.000000  24.961836
7575.000000  0.072477
7588.000000  16.885473
7597.000000  10.945799
7604.000000  12.254350
7613.000000  14.655235
7622.000000  11.679525
7640.000000  18.631130
7656.000000  8.434792
7674.000000  8.620090
7688.000000  23.354128
7716.000000  22.698381
7734.000000  19.901775
7745.000000  20.846352
7756.000000  20.460011
7775.000000  59.819256
7785.000000  36.724472
7795.000000  5.481246
7801.000000  60.293602
7813.000000  63.110077
7827.000000  58.069248
7837.000000  57.819706
7850.000000  59.223461
7876.000000  58.195942
7896.000000  55.180794
7921.000000  52.882965
7938.000000  53.503780
7955.000000  54.720772
7972.000000  41.706760
7999.000000  41.476475
8022.000000  30.438396
8029.000000  18.982735
8049.000000  31.418810
8067.000000  26.657755
8073.000000  12.374590
8100.000000  33.053997
8119.000000  27.781185
8143.000000  30.799412
8168.000000  22.952658
8190.000000  34.768513
8214.000000  30.520027
8231.000000  29.455038
8256.000000  37.405006
8268.000000  19.910389
8272.000000  46.154083
8281.000000  44.674240
8297.000000  39.434547
8303.000000  53.190155
8325.000000  30.775223
8347.000000  69.534363
8369.000000  25.438770
8392.000000  31.434664
8400.000000  14.076567
8424.000000  30.060715
8430.000000  21.772078
8451.000000  25.575230
8475.000000  18.475082
8494.000000  14.603951
8503.000000  8.477316
8513.000000  10.305233
8542.000000  29.089764
8576.000000  23.991377
8620.000000  40.113209
8652.000000  23.243292
8729.000000  38.009560
8765.000000  30.541813
8790.000000  28.485256
8816.000000  35.701477
8849.000000  38.892834
8870.000000  27.495129
8902.000000  39.454597
8930.000000  35.590424
8958.000000  33.080544
8970.000000  25.754665
8997.000000  37.575035
9015.000000  39.043987
9066.000000  48.307423
9091.000000  48.097656
9135.000000  42.705811
9168.000000  48.971115
9215.000000  31.564558
9226.000000  10.634914
9262.000000  21.180906
9281.000000  19.048531
9305.000000  23.573368
9327.000000  39.341267
9372.000000  48.415329
9403.000000  38.100090
9420.000000  35.858135
9441.000000  44.226452
9447.000000  32.232616
9483.000000  48.745354
9498.000000  36.363068
9522.000000  43.251133
9556.000000  30.143496
9569.000000  16.023535
9580.000000  12.271684
9588.000000  29.634058
9602.000000  4.859974
9614.000000  8.300640
9633.000000  10.208381
9643.000000  34.939579
9663.000000  18.794832
9690.000000  28.629377
9707.000000  23.975731
9729.000000  24.880848
9752.000000  19.248056
9790.000000  18.653704
9825.000000  31.549326
9838.000000  31.466112
9876.000000  39.401047
9902.000000  43.179317
9926.000000  40.481285
9950.000000  33.506145
9971.000000  19.767752
9983.000000  17.366140
9986.000000  0.402809
10001.000000  10.846610
10014.000000  13.481530
10021.000000  12.350356
10037.000000  15.966314
10075.000000  32.814953
10094.000000  18.522596
10114.000000  10.498257
10138.000000  10.127403
10162.000000  22.380507
10180.000000  12.015661
10193.000000  11.411505
10201.000000  8.316181
10207.000000  8.484247
10219.000000  9.901506
10222.000000  4.304305
10230.000000  8.156724
10243.000000  9.136731
10262.000000  12.198616
10273.000000  13.584258
10279.000000  11.130682
10283.000000  8.591455
10306.000000  6.530640
10315.000000  6.492349
10330.000000  7.452356
10345.000000  2.844044
10348.000000  0.370975
10352.000000  10.083945
10354.000000  10.376672
10360.000000  23.781862
10363.000000  24.171602
10369.000000  28.496910
10375.000000  20.765869
10380.000000  14.255147
