4067.000000  1.095385
4688.000000  0.852290
5369.000000  0.560560
6056.000000  0.616668
7141.000000  0.830504
8527.000000  1.106384
9795.000000  1.296687
11251.000000  1.375933
12298.000000  1.361274
13671.000000  1.390655
14990.000000  1.549135
16051.000000  1.362607
16898.000000  1.279822
17882.000000  1.339819
18651.000000  1.160902
19107.000000  0.992600
19734.000000  1.020927
20641.000000  1.237873
21464.000000  1.253511
22323.000000  1.046380
23161.000000  1.123430
23791.000000  1.154085
24366.000000  1.163757
25031.000000  1.153905
25606.000000  1.051165
26305.000000  1.184074
26945.000000  1.139796
27444.000000  1.028636
27853.000000  0.942518
28152.000000  1.021799
28413.000000  0.787879
29257.000000  1.114702
29868.000000  1.330011
30708.000000  1.491716
32112.000000  1.544422
33793.000000  1.806044
35661.000000  2.024840
36303.000000  1.667033
36850.000000  1.439526
37664.000000  1.560669
38648.000000  1.719687
39476.000000  1.582880
40184.000000  1.214034
40822.000000  1.311237
41621.000000  1.380604
42426.000000  1.270681
43014.000000  1.282270
43978.000000  1.493225
44914.000000  1.544344
45791.000000  1.559051
46913.000000  1.768036
48034.000000  1.922011
49001.000000  1.927168
49953.000000  1.880705
50647.000000  1.718225
51338.000000  1.690219
52135.000000  1.787939
53447.000000  1.643329
54347.000000  1.710112
55109.000000  1.614208
56166.000000  2.360799
57599.000000  2.271923
58885.000000  2.256348
60355.000000  2.084489
61615.000000  2.189285
62971.000000  2.074963
64362.000000  2.261270
65910.000000  2.595583
67423.000000  2.386137
68945.000000  2.366944
70424.000000  2.320671
71462.000000  2.289384
72535.000000  2.253450
73788.000000  2.283426
74420.000000  2.000651
75435.000000  2.394831
76653.000000  2.406248
77691.000000  2.364959
78796.000000  2.546141
80084.000000  2.719682
81399.000000  2.674472
82870.000000  2.704936
84145.000000  2.798421
85677.000000  2.889519
86859.000000  2.914302
88294.000000  3.230046
89660.000000  3.211899
91169.000000  3.468836
92265.000000  3.098006
93392.000000  3.426599
94221.000000  3.527928
95589.000000  3.701805
96273.000000  3.154000
96796.000000  2.596228
97667.000000  2.727215
98350.000000  2.724545
99347.000000  2.933323
100346.000000  2.590867
101096.000000  2.673645
102126.000000  2.775341
102947.000000  2.791370
103509.000000  2.676788
104170.000000  2.708482
105005.000000  3.300023
106399.000000  3.379934
107139.000000  3.292250
108662.000000  3.842348
109952.000000  3.922905
111332.000000  3.602546
112943.000000  4.259211
113891.000000  3.427850
114469.000000  4.701231
114842.000000  3.412018
115257.000000  3.877696
115560.000000  2.489252
116581.000000  2.736533
117407.000000  2.879643
119081.000000  3.021286
119952.000000  2.813961
120853.000000  2.674222
121574.000000  2.348013
122263.000000  2.253230
123106.000000  2.648475
124065.000000  2.999237
124671.000000  3.091680
124770.000000  2.353268
124926.000000  2.742457
125049.000000  2.792141
125550.000000  3.114558
126851.000000  4.880192
129250.000000  4.020995
129250.000000  1.832251
130399.000000  3.718925
130985.000000  3.375380
131294.000000  3.351810
132264.000000  3.622907
133381.000000  4.290796
133534.000000  2.144278
134271.000000  2.666425
134894.000000  3.499896
135058.000000  4.870657
135684.000000  2.054905
136207.000000  2.051634
136507.000000  1.802851
136696.000000  1.778521
136806.000000  1.655837
137420.000000  1.835160
137932.000000  1.883345
138455.000000  2.009545
138822.000000  1.987566
139333.000000  1.971825
140033.000000  1.973031
140426.000000  1.887708
141010.000000  2.077510
141735.000000  2.263268
142411.000000  2.035663
142915.000000  1.976180
143856.000000  2.084794
144803.000000  2.191722
145436.000000  2.207342
145892.000000  2.015552
146134.000000  1.965278
146678.000000  2.059731
147138.000000  1.940035
147619.000000  1.984502
148319.000000  2.015264
148884.000000  2.036085
149372.000000  2.188222
149595.000000  1.972925
149682.000000  1.863906
149895.000000  1.851846
150130.000000  1.846347
150512.000000  1.873150
151026.000000  1.938100
151345.000000  1.824566
151930.000000  2.013023
152527.000000  2.151323
153053.000000  1.989700
153878.000000  2.055585
154236.000000  2.665001
155058.000000  2.362037
155423.000000  1.996384
155677.000000  1.840925
156346.000000  2.236201
156773.000000  2.011977
157181.000000  1.933886
157435.000000  1.889943
157459.000000  1.765800
157476.000000  1.707120
157639.000000  1.788366
158296.000000  1.918498
158512.000000  1.891123
158855.000000  1.890416
159315.000000  2.016504
159908.000000  2.163005
159989.000000  1.906929
160013.000000  1.722865
160255.000000  1.887267
160356.000000  2.005728
160443.000000  1.957003
160450.000000  1.705602
160522.000000  1.665658
