816.000000  0.215895
997.000000  0.175307
1173.000000  0.157109
1284.000000  0.137157
1435.000000  0.151737
1632.000000  0.158732
1904.000000  0.173380
1930.000000  0.090723
2179.000000  0.199048
2459.000000  0.229538
2750.000000  0.248261
2965.000000  0.230709
3126.000000  0.184790
3326.000000  0.205147
3534.000000  0.221312
3755.000000  0.238563
3791.000000  0.128499
3966.000000  0.235980
4101.000000  0.186852
4276.000000  0.199532
4376.000000  0.147923
4469.000000  0.119363
4569.000000  0.122328
4621.000000  0.128627
4673.000000  0.165475
4723.000000  0.151717
4801.000000  0.130865
4902.000000  0.146562
5012.000000  0.159084
5184.000000  0.193229
5317.000000  0.179868
5365.000000  0.141408
5444.000000  0.151015
5546.000000  0.144196
5666.000000  0.137701
5839.000000  0.153936
5851.000000  0.095016
6049.000000  0.193621
6238.000000  0.199917
6374.000000  0.203789
6548.000000  0.236185
6724.000000  0.274065
6874.000000  0.239027
7060.000000  0.197230
7296.000000  0.248382
7542.000000  0.256625
7734.000000  0.256552
7795.000000  0.188631
8011.000000  0.260053
8190.000000  0.247178
8304.000000  0.224116
8374.000000  0.183686
8481.000000  0.197042
8557.000000  0.213175
8652.000000  0.167263
8799.000000  0.195470
8938.000000  0.243815
9105.000000  0.274805
9286.000000  0.285776
9458.000000  0.284391
9634.000000  0.283154
9844.000000  0.319037
9890.000000  0.243125
10162.000000  0.362274
10466.000000  0.332860
10680.000000  0.326733
10913.000000  0.406812
11150.000000  0.310939
11375.000000  0.294921
11596.000000  0.265727
11772.000000  0.281729
11975.000000  0.303759
12204.000000  0.334669
12465.000000  0.357561
12718.000000  0.333181
12925.000000  0.359598
12953.000000  0.233271
13119.000000  0.336773
13249.000000  0.264914
13395.000000  0.365875
13485.000000  0.321286
13518.000000  0.227836
13563.000000  0.281490
13666.000000  0.378563
13756.000000  0.293658
13957.000000  0.391774
14206.000000  0.384774
14416.000000  0.566044
14668.000000  0.568484
14927.000000  0.714071
15153.000000  0.690044
15357.000000  0.676259
15581.000000  0.622238
15816.000000  0.756667
16060.000000  0.715081
16274.000000  0.661051
16524.000000  0.641999
16769.000000  0.629325
17089.000000  0.729499
17349.000000  0.778792
17584.000000  0.735765
17830.000000  0.965639
18020.000000  0.879703
18191.000000  0.583621
18331.000000  0.588231
18520.000000  0.668942
18765.000000  0.813034
19039.000000  0.789162
19257.000000  0.769760
19475.000000  0.701176
19713.000000  0.676489
19923.000000  0.734729
20128.000000  0.646308
20307.000000  0.644493
20458.000000  0.626010
20674.000000  0.695302
20908.000000  0.645667
21178.000000  0.610582
21345.000000  0.514043
21529.000000  0.481613
21716.000000  0.454093
21882.000000  0.384885
22014.000000  0.411123
22190.000000  0.377294
22318.000000  0.321727
22351.000000  0.289463
22473.000000  0.334331
22559.000000  0.345032
22757.000000  0.405523
22949.000000  0.441591
23179.000000  0.526051
23469.000000  0.585886
23710.000000  0.593374
23902.000000  0.563074
24038.000000  0.547336
24128.000000  0.664766
24204.000000  0.535998
24268.000000  0.651892
24330.000000  0.702199
24408.000000  0.629203
24478.000000  0.676819
24599.000000  0.694083
24690.000000  0.426197
24791.000000  0.517091
24905.000000  0.458262
24991.000000  0.411963
25096.000000  0.445597
25221.000000  0.405342
25362.000000  0.474143
25502.000000  0.621247
25660.000000  0.735612
25777.000000  0.881783
25876.000000  0.332790
26015.000000  0.315513
26063.000000  0.303982
26111.000000  0.714013
26217.000000  0.926757
26303.000000  1.110542
26350.000000  0.284469
26425.000000  0.297859
26556.000000  0.328963
26702.000000  0.367916
26902.000000  0.392373
27104.000000  0.420932
27217.000000  0.395121
27300.000000  0.366043
27447.000000  0.364474
27549.000000  0.371416
27704.000000  0.412317
27889.000000  0.411292
27992.000000  0.359183
28057.000000  0.357009
28070.000000  0.276829
28200.000000  0.322999
28380.000000  0.385156
28499.000000  0.387331
28680.000000  0.438172
28849.000000  0.480582
28981.000000  0.398048
29115.000000  0.361331
29241.000000  0.384281
29381.000000  0.408665
29462.000000  0.342095
29557.000000  0.361447
29676.000000  0.420379
29824.000000  0.414818
29898.000000  0.348482
29961.000000  0.347999
29979.000000  0.365873
30011.000000  0.499552
30086.000000  0.335315
30178.000000  0.369270
30303.000000  0.383391
30419.000000  0.428614
30508.000000  0.374534
30600.000000  0.405804
30727.000000  0.395939
30880.000000  0.402564
31001.000000  0.409432
31146.000000  0.455265
31221.000000  0.412394
31317.000000  0.411182
31397.000000  0.399970
31485.000000  0.423380
31590.000000  0.385262
31737.000000  0.433464
31824.000000  0.353004
31916.000000  0.376351
31973.000000  0.363243
32021.000000  0.408500
32086.000000  0.429396
32122.000000  0.475091
32288.000000  0.576723
32416.000000  0.474756
32508.000000  0.632944
32575.000000  0.359868
32709.000000  0.418696
32776.000000  0.368354
32855.000000  0.366045
32935.000000  0.377696
33016.000000  0.367929
33100.000000  0.384964
33196.000000  0.408546
33276.000000  0.364098
33318.000000  0.381838
33322.000000  0.356070
33396.000000  0.354955
33485.000000  0.352128
33564.000000  0.348583
33652.000000  0.412904
33740.000000  0.376433
33811.000000  0.383799
33929.000000  0.424361
34003.000000  0.381884
34183.000000  0.428807
34332.000000  0.436060
34476.000000  0.491188
34625.000000  0.453017
34771.000000  0.444932
34893.000000  0.417866
35026.000000  0.454076
35183.000000  0.450319
35299.000000  0.483427
35418.000000  0.474145
35541.000000  0.512980
35639.000000  0.482182
35754.000000  0.446855
35861.000000  0.439977
35974.000000  0.470680
36046.000000  0.416029
36115.000000  0.375402
36179.000000  0.399783
36241.000000  0.415981
36311.000000  0.417505
36390.000000  0.428139
36465.000000  0.429104
36541.000000  0.421322
36633.000000  0.431396
36803.000000  0.426192
36933.000000  0.442746
37131.000000  0.504562
37372.000000  0.526553
37584.000000  0.511652
37781.000000  0.506508
37971.000000  0.511235
38108.000000  0.508084
38252.000000  0.496827
38308.000000  0.477617
38460.000000  0.538658
38512.000000  0.527273
38648.000000  0.533331
38778.000000  0.569525
38891.000000  0.600921
39019.000000  0.597445
39139.000000  0.673802
39245.000000  0.617792
39340.000000  0.640467
39388.000000  0.607579
39433.000000  0.391572
39462.000000  0.386474
39520.000000  0.419242
39562.000000  0.425034
39638.000000  0.457891
39727.000000  0.534939
39828.000000  0.425657
39864.000000  0.440646
39949.000000  0.431787
40018.000000  0.441316
40108.000000  0.431759
40189.000000  0.443350
40270.000000  0.422154
40355.000000  0.438372
40460.000000  0.466246
40469.000000  0.384570
40548.000000  0.482460
40629.000000  0.416153
40675.000000  0.412411
40688.000000  0.374562
40723.000000  0.411073
40761.000000  0.399378
40783.000000  0.377560
40814.000000  0.408128
40815.000000  0.381767
