576.000000  0.218436
758.000000  -0.061032
935.000000  0.003068
1186.000000  0.033848
1405.000000  0.033080
1565.000000  -0.009765
1792.000000  0.053352
2015.000000  -0.014017
2195.000000  0.007894
2412.000000  0.039812
2666.000000  -0.007530
2842.000000  -0.034192
3005.000000  -0.048932
3151.000000  0.036554
3288.000000  0.027235
3414.000000  -0.027823
3567.000000  0.032326
3717.000000  0.005314
3823.000000  -0.044738
3948.000000  0.006946
4044.000000  0.003344
4211.000000  0.041778
4291.000000  -0.070436
4376.000000  0.019012
4475.000000  0.028798
4571.000000  0.007555
4651.000000  -0.042885
4734.000000  0.000482
4816.000000  -0.005607
4889.000000  -0.019962
4977.000000  0.047511
5069.000000  -0.012645
5162.000000  0.033738
5243.000000  -0.044980
5325.000000  -0.003342
5419.000000  0.051717
5543.000000  -0.003377
5712.000000  0.019552
5889.000000  -0.012428
6098.000000  -0.014823
6225.000000  -0.003716
6387.000000  0.046934
6556.000000  -0.011209
6686.000000  -0.028925
6769.000000  -0.061606
6859.000000  0.052375
7004.000000  0.043514
7139.000000  0.017318
7234.000000  -0.021560
7321.000000  -0.033960
7403.000000  0.030434
7513.000000  -0.031771
7587.000000  0.001942
7724.000000  0.027716
7847.000000  -0.009954
8008.000000  0.014211
8158.000000  0.017195
8342.000000  0.063077
8551.000000  -0.037806
8726.000000  -0.006199
8912.000000  -0.005927
9087.000000  0.002479
9234.000000  0.024772
9403.000000  0.006230
9518.000000  -0.041106
9615.000000  0.026161
9690.000000  -0.054265
9771.000000  -0.005952
9853.000000  0.010922
9935.000000  -0.010206
10027.000000  0.022051
10103.000000  -0.004706
10183.000000  -0.004691
10265.000000  0.025015
10347.000000  -0.036576
10434.000000  0.020204
10529.000000  0.001638
10621.000000  0.004794
10695.000000  -0.023519
10864.000000  0.068071
10952.000000  -0.040972
11094.000000  0.052277
11307.000000  -0.009665
11485.000000  0.094453
11620.000000  -0.053500
11783.000000  0.069508
11964.000000  -0.010398
12138.000000  0.007623
12303.000000  -0.010756
12523.000000  0.072535
12726.000000  -0.051078
12971.000000  0.025410
13176.000000  -0.046102
13255.000000  -0.064901
13476.000000  0.108679
13734.000000  0.002846
13978.000000  0.011672
14207.000000  0.069087
14352.000000  -0.080944
14519.000000  0.038898
14704.000000  0.017434
14866.000000  -0.040393
15090.000000  0.043762
15335.000000  0.048238
15562.000000  0.024238
15708.000000  -0.113525
15852.000000  0.065623
15998.000000  0.022436
16089.000000  -0.073959
16256.000000  0.144740
16444.000000  0.019619
16572.000000  -0.080275
16725.000000  -0.000406
16891.000000  -0.029115
17025.000000  0.003123
17180.000000  -0.005680
17271.000000  -0.128937
17380.000000  0.007542
17403.000000  -0.055567
17506.000000  0.063901
17618.000000  0.013910
17785.000000  0.139418
17937.000000  -0.013473
18082.000000  0.008763
18248.000000  -0.018332
18419.000000  -0.080474
18554.000000  0.139810
18628.000000  -0.108325
18692.000000  -0.070957
18707.000000  0.114122
18810.000000  -0.259029
18863.000000  -0.011728
18978.000000  0.024342
19127.000000  0.262120
19297.000000  0.036771
19460.000000  0.090611
19611.000000  -0.044538
19716.000000  0.028421
19794.000000  -0.359533
19905.000000  0.011095
19985.000000  -0.008838
20019.000000  0.444401
20029.000000  0.171194
20066.000000  -0.638277
20151.000000  -0.000670
20232.000000  -0.022711
20269.000000  0.574382
20307.000000  -0.532713
20379.000000  -0.010867
20462.000000  0.014147
20554.000000  -0.003772
20687.000000  0.016596
20780.000000  -0.012976
20908.000000  0.024948
21096.000000  0.052025
21299.000000  0.005856
21511.000000  0.073831
21695.000000  -0.067405
21849.000000  -0.012617
21952.000000  -0.030772
22105.000000  0.027170
22280.000000  0.015394
22467.000000  0.015476
22671.000000  0.018019
22807.000000  -0.003374
22966.000000  -0.020923
23139.000000  0.004699
23337.000000  -0.007499
23544.000000  0.048952
23725.000000  -0.035499
23868.000000  -0.033008
24033.000000  0.017158
24157.000000  0.014362
24225.000000  0.003048
24297.000000  -0.024023
24374.000000  0.006236
24441.000000  -0.006388
24530.000000  0.030330
24679.000000  0.023346
24878.000000  0.078641
25107.000000  0.024235
25161.000000  -0.112986
25285.000000  0.028203
25394.000000  -0.052830
25561.000000  -0.010470
25726.000000  0.031935
25815.000000  -0.024038
25892.000000  -0.033183
25989.000000  0.007527
26069.000000  0.030534
26129.000000  -0.006634
26131.000000  -0.079915
26162.000000  0.067006
26164.000000  -0.063234
26168.000000  0.004594
26170.000000  -0.028763
26176.000000  0.001439
26288.000000  0.016145
26350.000000  -0.005975
26433.000000  0.012814
26512.000000  -0.030044
26642.000000  0.065424
26751.000000  -0.002582
26833.000000  0.005548
26881.000000  -0.025419
26960.000000  0.012427
26994.000000  -0.024790
27048.000000  0.010665
27114.000000  -0.001546
27167.000000  -0.009121
27246.000000  0.001235
27302.000000  0.005070
27369.000000  0.015863
27445.000000  -0.013863
27562.000000  0.020681
27697.000000  0.001819
27829.000000  0.038918
27929.000000  -0.034523
28038.000000  0.017739
28115.000000  -0.018303
28209.000000  -0.019964
28289.000000  0.026259
28389.000000  -0.028794
28465.000000  0.040369
28497.000000  -0.026403
28582.000000  0.020251
28672.000000  -0.006948
28740.000000  0.003887
28830.000000  0.010941
28957.000000  0.002992
29053.000000  0.008475
29142.000000  0.019406
29250.000000  -0.013660
29412.000000  0.049817
29536.000000  -0.019349
29673.000000  0.017151
29733.000000  -0.035124
29816.000000  0.006278
29896.000000  0.004152
29979.000000  -0.007763
30066.000000  0.023694
30149.000000  -0.010273
30227.000000  -0.033788
30328.000000  0.024079
30419.000000  0.000627
30440.000000  -0.046602
30488.000000  -0.019543
30616.000000  0.067015
30670.000000  0.007428
30781.000000  0.055824
30898.000000  0.011934
31071.000000  0.051639
31230.000000  0.036614
31279.000000  -0.056834
31382.000000  0.055420
31466.000000  -0.073894
31534.000000  0.092883
31602.000000  -0.013788
31671.000000  -0.039646
31725.000000  -0.184369
31746.000000  -0.002045
31775.000000  -0.001393
31940.000000  0.009700
32002.000000  -0.027482
32090.000000  0.008700
32165.000000  -0.003130
32272.000000  0.029776
32382.000000  0.005997
32469.000000  0.004548
32551.000000  -0.001642
32660.000000  0.012454
32764.000000  0.008602
32915.000000  0.027966
32979.000000  -0.073518
33143.000000  0.059051
33321.000000  0.033211
33506.000000  0.048231
33571.000000  -0.086191
33752.000000  0.047379
33874.000000  -0.017584
34002.000000  0.028944
34063.000000  -0.050801
34239.000000  0.085979
34381.000000  -0.069134
34491.000000  0.003393
34569.000000  -0.024244
34656.000000  0.011955
34741.000000  -0.013604
34828.000000  -0.002982
34888.000000  -0.013494
34993.000000  0.062581
35071.000000  -0.031677
35158.000000  0.009439
35244.000000  0.024911
35411.000000  0.014723
35618.000000  0.020452
35877.000000  0.040697
36183.000000  0.029069
36431.000000  0.029533
36617.000000  -0.024389
36756.000000  -0.055204
36848.000000  -0.000526
36946.000000  -0.014348
37133.000000  0.047130
37228.000000  0.007014
37266.000000  -0.011850
37293.000000  -0.035134
37368.000000  0.092726
37380.000000  0.025310
37455.000000  -0.252872
37498.000000  -0.012119
37545.000000  0.003408
37567.000000  0.016443
37658.000000  0.056340
37783.000000  0.153442
37803.000000  -0.135236
37898.000000  0.036505
37997.000000  -0.099287
38075.000000  -0.001750
38091.000000  -0.044313
38115.000000  0.024405
38221.000000  0.014398
38297.000000  0.017866
38436.000000  0.047408
38606.000000  0.010264
38687.000000  -0.017820
38728.000000  -0.123306
38735.000000  0.060961
38767.000000  -0.039969
38872.000000  0.062143
39009.000000  -0.024882
39047.000000  -0.033537
39142.000000  0.039142
39295.000000  0.025588
39307.000000  -0.067290
39325.000000  0.018557
39334.000000  0.031845
39337.000000  -0.029382
39409.000000  0.000650
39485.000000  0.002266
39568.000000  -0.010736
39630.000000  0.027942
39664.000000  -0.038327
39752.000000  0.034630
39835.000000  -0.002706
39960.000000  0.027079
40054.000000  -0.036254
40078.000000  -0.009065
40083.000000  0.000792
40143.000000  -0.007407
40218.000000  0.003153
40266.000000  -0.002219
40306.000000  -0.017425
40384.000000  -0.002777
40486.000000  0.046960
40578.000000  -0.015750
40656.000000  0.015843
40721.000000  -0.006888
40771.000000  -0.022262
40798.000000  -0.029260
40822.000000  0.032523
