216.000000  0.048275
312.000000  -0.017864
430.000000  0.023543
510.000000  -0.021165
566.000000  -0.007654
615.000000  -0.000916
671.000000  0.007886
748.000000  0.001697
822.000000  -0.002617
885.000000  0.000555
958.000000  -0.003417
1040.000000  0.008924
1139.000000  0.010056
1223.000000  -0.001452
1289.000000  -0.022428
1362.000000  0.002170
1406.000000  -0.009831
1453.000000  0.000431
1507.000000  -0.000420
1559.000000  -0.000611
1602.000000  -0.000426
1657.000000  0.000924
1712.000000  0.000168
1778.000000  0.002519
1856.000000  0.009389
1949.000000  0.001883
2037.000000  0.006091
2131.000000  -0.006834
2211.000000  0.005212
2277.000000  0.002533
2322.000000  -0.007319
2397.000000  0.008532
2485.000000  0.011731
2595.000000  0.015142
2681.000000  -0.003226
2771.000000  -0.013047
2868.000000  0.003043
2943.000000  -0.019562
3023.000000  0.002985
3118.000000  -0.002217
3151.000000  -0.010933
3224.000000  0.000982
3317.000000  0.021807
3386.000000  -0.007827
3470.000000  0.008450
3556.000000  -0.001784
3594.000000  -0.007196
3596.000000  -0.032027
3599.000000  -0.000704
3653.000000  0.022073
3701.000000  -0.010365
3745.000000  -0.000442
3795.000000  0.000178
3858.000000  0.006877
3940.000000  0.005910
4003.000000  -0.002530
4063.000000  -0.004018
4114.000000  -0.003770
4161.000000  -0.001903
4210.000000  0.000157
4270.000000  0.000742
4329.000000  -0.000294
4368.000000  -0.002691
4447.000000  0.010358
4548.000000  0.015062
4635.000000  0.008009
4732.000000  0.012614
4822.000000  -0.002220
4905.000000  0.007430
5034.000000  0.020144
5132.000000  0.003198
5233.000000  -0.002671
5323.000000  -0.038044
5409.000000  0.013276
5493.000000  -0.000480
5577.000000  -0.001851
5653.000000  0.002670
5703.000000  -0.037310
5806.000000  0.038768
5888.000000  0.009799
5966.000000  0.011209
6047.000000  -0.009697
6134.000000  -0.009993
6224.000000  -0.005152
6314.000000  -0.013964
6388.000000  0.014625
6460.000000  0.004857
6532.000000  0.007964
6608.000000  0.005264
6692.000000  -0.010896
6780.000000  0.004242
6855.000000  -0.012074
6935.000000  0.012184
7043.000000  -0.010448
7116.000000  0.022373
7167.000000  0.018151
7196.000000  -0.000282
7230.000000  0.051252
7280.000000  0.051303
7285.000000  0.015734
7334.000000  -0.202492
7359.000000  0.026494
7395.000000  -0.031761
7468.000000  0.010272
7526.000000  -0.001675
7569.000000  -0.003758
7601.000000  -0.006860
7686.000000  0.008272
7804.000000  0.012704
7844.000000  -0.018879
7932.000000  0.018082
8001.000000  0.002665
8081.000000  0.003047
8206.000000  0.008922
8222.000000  -0.034850
8316.000000  0.025465
8336.000000  -0.012270
8416.000000  -0.004669
8493.000000  0.007694
8567.000000  -0.003034
8606.000000  -0.009895
8667.000000  0.002020
8713.000000  -0.000273
8824.000000  0.018966
8930.000000  0.017181
9002.000000  -0.024050
9070.000000  0.001837
9120.000000  -0.010635
9173.000000  0.000403
9232.000000  0.002354
9315.000000  0.006293
9384.000000  0.003055
9438.000000  -0.010606
9478.000000  -0.002552
9528.000000  0.001708
9583.000000  0.001374
9661.000000  0.006346
9736.000000  0.008524
9802.000000  -0.003662
9874.000000  -0.005760
9937.000000  -0.000985
10010.000000  0.000694
10073.000000  -0.001055
10148.000000  0.001752
10208.000000  -0.001803
10283.000000  0.001724
10356.000000  -0.000565
10415.000000  -0.002096
10477.000000  0.000640
10552.000000  0.001887
10625.000000  0.000706
10696.000000  -0.000431
10745.000000  -0.006610
10810.000000  0.003475
10887.000000  0.005508
10961.000000  -0.002910
11066.000000  0.008614
11185.000000  0.000197
11287.000000  0.010394
11368.000000  0.004009
11525.000000  0.029948
11583.000000  -0.037674
11632.000000  -0.006540
11692.000000  0.004589
11765.000000  0.006428
11877.000000  0.004509
11952.000000  -0.000280
12038.000000  -0.000507
12076.000000  0.009148
12107.000000  0.009175
12129.000000  -0.010557
12131.000000  -0.025508
12145.000000  -0.021740
12205.000000  0.015111
12327.000000  0.018762
12422.000000  -0.003066
12547.000000  0.018191
12640.000000  -0.009670
12725.000000  0.026928
12818.000000  -0.005954
12916.000000  0.006945
13001.000000  -0.019844
13076.000000  0.000984
13172.000000  0.001107
13252.000000  0.040614
13334.000000  0.012597
13426.000000  -0.027581
13496.000000  -0.029059
13570.000000  -0.007127
13650.000000  0.006597
13738.000000  0.000386
13813.000000  0.000402
13909.000000  0.038472
14004.000000  -0.051170
14065.000000  0.040622
14080.000000  0.036182
14081.000000  0.015434
14111.000000  -0.122048
14262.000000  0.031760
14356.000000  0.000946
14463.000000  0.010569
14556.000000  -0.001444
14650.000000  -0.001370
14728.000000  0.001371
14811.000000  0.003190
14895.000000  -0.005448
14978.000000  0.000308
15058.000000  0.005688
15137.000000  -0.005285
15226.000000  0.020976
15309.000000  -0.015406
15388.000000  0.002965
15466.000000  -0.008426
15555.000000  0.019172
15636.000000  -0.015501
15715.000000  0.003154
15803.000000  -0.001837
15891.000000  0.020666
15973.000000  -0.015493
16053.000000  0.005324
16126.000000  -0.022412
16196.000000  0.019575
16268.000000  0.006541
16351.000000  0.013696
16436.000000  0.012155
16512.000000  -0.049545
16592.000000  0.007218
16683.000000  0.017642
16804.000000  0.016226
16922.000000  0.017481
16995.000000  -0.027374
17111.000000  0.008973
17195.000000  0.011023
17302.000000  -0.008081
17396.000000  -0.011154
17530.000000  -0.004589
17626.000000  0.007652
17710.000000  -0.007427
17768.000000  0.121031
17823.000000  -0.097448
17928.000000  -0.001903
18005.000000  -0.044901
18109.000000  0.059783
18158.000000  -0.002697
18220.000000  -0.002158
18292.000000  -0.012009
18367.000000  -0.015727
18445.000000  0.028219
18534.000000  -0.005670
18611.000000  -0.054653
18690.000000  0.008659
18774.000000  0.001230
18859.000000  0.002561
18938.000000  -0.008318
19017.000000  0.008635
19098.000000  -0.003668
19188.000000  0.003167
19265.000000  -0.008212
19343.000000  0.008045
19428.000000  -0.002144
19517.000000  -0.001914
19538.000000  -0.033774
19609.000000  0.028613
19687.000000  0.023146
19815.000000  0.027813
19873.000000  -0.056789
19953.000000  0.009701
20036.000000  -0.001583
20139.000000  0.005078
20275.000000  0.028635
20375.000000  0.003917
20442.000000  -0.003007
20535.000000  -0.013280
20629.000000  0.054719
20709.000000  0.000312
20804.000000  0.011657
20920.000000  -0.007201
21022.000000  0.046982
21029.000000  -0.034203
21030.000000  0.079425
21076.000000  -0.078296
21147.000000  0.013114
21242.000000  -0.017473
21365.000000  0.058458
21427.000000  -0.014347
21493.000000  0.043100
21520.000000  -0.031059
21573.000000  -0.037912
21669.000000  0.025123
21780.000000  0.046630
21826.000000  0.052834
21861.000000  -0.104804
21922.000000  0.029746
21999.000000  0.034893
22018.000000  -0.014690
22021.000000  0.026342
22024.000000  -0.255515
22083.000000  0.325803
22115.000000  0.021683
22158.000000  0.005369
22209.000000  0.074101
22246.000000  -0.399172
22338.000000  0.031658
22553.000000  -0.005397
22628.000000  -0.009824
22706.000000  0.007717
22763.000000  -0.032719
22809.000000  -0.001421
22883.000000  0.005327
22992.000000  0.013044
23104.000000  0.015269
23196.000000  0.010758
23282.000000  -0.000206
23378.000000  -0.000678
23409.000000  -0.029729
23482.000000  0.020408
23559.000000  0.011989
23641.000000  0.007389
23727.000000  -0.003615
23838.000000  -0.006242
23935.000000  0.008929
24010.000000  -0.014803
24086.000000  0.022450
24151.000000  0.004225
24214.000000  -0.022578
24287.000000  0.016518
24369.000000  0.004475
24440.000000  -0.024486
24547.000000  -0.005776
24623.000000  0.008074
24687.000000  0.047209
24753.000000  0.004907
24820.000000  0.040659
24870.000000  -0.017243
24925.000000  -0.032705
24935.000000  -0.093855
24990.000000  0.010459
25067.000000  0.015389
25144.000000  0.005240
25233.000000  0.001463
25312.000000  -0.008962
25354.000000  -0.007315
25355.000000  -0.024252
25356.000000  0.004837
25400.000000  0.041883
25475.000000  0.012275
25556.000000  0.003891
25636.000000  -0.007128
25694.000000  0.011610
25715.000000  -0.027108
25773.000000  0.011048
25815.000000  -0.024217
25866.000000  -0.014396
25946.000000  0.019348
26037.000000  0.009392
26105.000000  0.001642
26175.000000  -0.011654
26243.000000  -0.004816
26246.000000  -0.025260
26248.000000  0.006024
26278.000000  0.007304
26359.000000  0.021872
26439.000000  0.003024
26557.000000  0.014578
26639.000000  -0.014197
26683.000000  -0.008579
26685.000000  -0.029051
26689.000000  0.001852
26745.000000  0.010167
26848.000000  0.014915
26948.000000  0.010522
27039.000000  0.015552
27126.000000  0.002259
27189.000000  -0.003832
27276.000000  -0.003452
27355.000000  0.006823
27375.000000  -0.026821
27424.000000  0.021637
27475.000000  0.000105
27486.000000  -0.047006
27562.000000  0.008896
27680.000000  0.017823
27776.000000  0.006874
27845.000000  0.005033
27920.000000  0.002117
27998.000000  0.006626
28035.000000  -0.014743
28121.000000  -0.020331
28238.000000  0.014890
28361.000000  0.014281
28448.000000  0.009666
28531.000000  -0.002523
28577.000000  -0.015358
28579.000000  -0.036377
28660.000000  0.020188
28755.000000  0.015525
28858.000000  0.011024
28945.000000  0.002357
29028.000000  0.002166
29085.000000  -0.018590
29131.000000  -0.000201
29201.000000  0.009173
29228.000000  0.001972
29312.000000  0.013224
29370.000000  0.008009
29381.000000  -0.056598
29445.000000  0.009391
29549.000000  0.009092
29652.000000  0.009504
29725.000000  0.005757
29799.000000  0.002245
29892.000000  0.012655
29948.000000  -0.011356
29981.000000  -0.011808
29982.000000  -0.011467
30034.000000  -0.011326
30133.000000  0.014294
30220.000000  0.010593
30317.000000  0.012508
30405.000000  0.001146
30502.000000  -0.002315
30539.000000  -0.014477
30565.000000  0.003452
30583.000000  -0.023410
30628.000000  -0.004274
30690.000000  0.004951
30744.000000  -0.002671
30788.000000  -0.000506
30862.000000  0.003120
30902.000000  -0.000423
30976.000000  0.006769
31052.000000  0.003691
31140.000000  0.012441
31248.000000  0.017188
31330.000000  -0.000010
31414.000000  0.005936
31499.000000  -0.005591
31569.000000  -0.012372
31644.000000  0.021475
31726.000000  0.004879
31816.000000  0.001542
31895.000000  0.011276
31989.000000  0.012940
32073.000000  -0.021275
32158.000000  0.020962
32247.000000  -0.035733
32329.000000  0.006255
32410.000000  0.001405
32488.000000  -0.014792
32572.000000  0.003928
32658.000000  0.000313
32735.000000  -0.010224
32815.000000  0.007288
32890.000000  0.014389
32971.000000  -0.005859
33041.000000  0.001425
33122.000000  0.012678
33206.000000  -0.006425
33302.000000  -0.003778
33392.000000  -0.012613
33548.000000  0.025203
33634.000000  -0.017915
33728.000000  0.006385
33807.000000  -0.002748
33873.000000  0.018828
33957.000000  -0.013334
34034.000000  0.002960
34115.000000  -0.022006
34258.000000  0.053087
34333.000000  0.025074
34361.000000  0.084839
34384.000000  -0.024103
34426.000000  0.011453
34458.000000  -0.003238
34526.000000  0.027896
34581.000000  -0.034824
34594.000000  -0.078776
34595.000000  -0.057132
34716.000000  -0.012902
34794.000000  0.002441
34881.000000  0.007557
34963.000000  0.013879
35026.000000  0.007944
35030.000000  -0.030560
35034.000000  -0.042816
35089.000000  0.012768
35190.000000  0.014881
35285.000000  0.010200
35392.000000  0.016178
35441.000000  -0.021988
35458.000000  -0.010416
35518.000000  0.016039
35530.000000  -0.029453
35581.000000  0.003259
35674.000000  0.011499
35755.000000  0.010923
35861.000000  0.016847
35948.000000  -0.008636
35977.000000  -0.024177
35983.000000  -0.016647
36023.000000  0.024669
36104.000000  0.008940
36174.000000  0.001609
36263.000000  0.012422
36357.000000  0.001721
36440.000000  -0.002927
36473.000000  -0.014736
36485.000000  -0.008199
36487.000000  -0.024886
36529.000000  0.009632
36650.000000  0.014839
36681.000000  -0.009768
36714.000000  -0.000962
36728.000000  -0.010219
36757.000000  -0.001009
36911.000000  0.029052
36994.000000  0.007613
37093.000000  0.012580
37134.000000  -0.013410
37224.000000  0.005076
37306.000000  -0.002536
37387.000000  0.000885
37487.000000  0.001448
37586.000000  0.000328
37683.000000  -0.000382
37744.000000  0.014900
37752.000000  -0.043177
37836.000000  0.019891
37917.000000  -0.008687
37940.000000  -0.013029
37982.000000  0.005094
38076.000000  0.011266
38080.000000  -0.025726
38162.000000  0.024534
38303.000000  0.029111
38404.000000  -0.012265
38492.000000  0.002599
38599.000000  -0.011556
38685.000000  -0.009197
38772.000000  0.000248
38848.000000  -0.007548
38904.000000  0.001670
38953.000000  -0.008453
39028.000000  0.005830
39101.000000  -0.000643
39130.000000  -0.011376
39133.000000  -0.006614
39209.000000  0.023509
39273.000000  -0.001474
39321.000000  -0.007739
39371.000000  -0.005919
39453.000000  0.008967
39549.000000  0.012287
39649.000000  0.013305
39738.000000  -0.005494
39786.000000  -0.003258
39828.000000  -0.017417
39855.000000  -0.010533
39876.000000  -0.001154
39896.000000  0.000080
39898.000000  -0.002354
39899.000000  0.129472
39923.000000  0.278478
39963.000000  0.211963
39965.000000  -0.620965
39966.000000  0.017915
39969.000000  -0.018599
39970.000000  0.004265
40009.000000  0.010421
40051.000000  -0.006046
40101.000000  0.015302
40141.000000  -0.010618
40188.000000  0.025229
40265.000000  0.003299
40382.000000  0.007348
40496.000000  0.006760
40512.000000  -0.027566
40603.000000  0.033628
40633.000000  -0.022842
40648.000000  -0.005440
40649.000000  -0.032637
40695.000000  0.032310
40728.000000  -0.015720
40732.000000  -0.012218
40770.000000  0.016873
40818.000000  0.010060
