399.000000  0.076032
526.000000  0.066475
628.000000  0.069605
692.000000  0.039403
799.000000  0.060876
968.000000  0.076956
1106.000000  0.090161
1202.000000  0.061036
1333.000000  0.058629
1441.000000  0.076488
1605.000000  0.088758
1762.000000  0.111669
1961.000000  0.126745
2126.000000  0.115480
2269.000000  0.118407
2448.000000  0.114373
2621.000000  0.109454
2762.000000  0.095217
2908.000000  0.078673
3020.000000  0.058359
3108.000000  0.067607
3194.000000  0.061487
3298.000000  0.051901
3443.000000  0.093642
3619.000000  0.120116
3754.000000  0.112305
3924.000000  0.116348
4018.000000  0.065363
4101.000000  0.060157
4185.000000  0.053832
4271.000000  0.058888
4354.000000  0.066826
4447.000000  0.048706
4534.000000  0.057508
4619.000000  0.058694
4716.000000  0.063758
4836.000000  0.071764
5043.000000  0.115552
5218.000000  0.108005
5408.000000  0.109551
5569.000000  0.139546
5671.000000  0.078252
5822.000000  0.102237
5974.000000  0.136984
6157.000000  0.150143
6307.000000  0.121698
6474.000000  0.113744
6518.000000  0.085477
6664.000000  0.111812
6838.000000  0.110907
6971.000000  0.104819
7077.000000  0.065543
7163.000000  0.054604
7262.000000  0.049844
7411.000000  0.096785
7525.000000  0.098370
7694.000000  0.128989
7819.000000  0.112718
7975.000000  0.131130
8157.000000  0.145259
8283.000000  0.103991
8382.000000  0.099912
8535.000000  0.132590
8658.000000  0.151286
8836.000000  0.191369
8974.000000  0.215090
9067.000000  0.177860
9173.000000  0.183489
9276.000000  0.118999
9380.000000  0.162026
9490.000000  0.157554
9599.000000  0.108451
9708.000000  0.099654
9785.000000  0.056324
9864.000000  0.053451
9953.000000  0.057261
10028.000000  0.046214
10120.000000  0.072485
10195.000000  0.046486
10282.000000  0.060615
10338.000000  0.047586
10415.000000  0.040320
10515.000000  0.085152
10576.000000  0.111532
10664.000000  0.118705
10729.000000  0.113308
10866.000000  0.133285
10977.000000  0.130509
11069.000000  0.115718
11144.000000  0.104430
11178.000000  0.094891
11290.000000  0.132107
11399.000000  0.117609
11528.000000  0.119783
11662.000000  0.131385
11792.000000  0.140870
11903.000000  0.187937
11978.000000  0.139699
12150.000000  0.197808
12289.000000  0.190742
12423.000000  0.220173
12599.000000  0.204113
12735.000000  0.177540
12808.000000  0.149742
12894.000000  0.187155
13077.000000  0.249875
13248.000000  0.190088
13427.000000  0.212094
13596.000000  0.232464
13711.000000  0.135027
13821.000000  0.139806
13960.000000  0.261907
14061.000000  0.267070
14153.000000  0.251220
14248.000000  0.339665
14328.000000  0.288784
14400.000000  0.061276
14497.000000  0.072117
14545.000000  0.037937
14648.000000  0.301113
14702.000000  0.285317
14766.000000  0.192245
14796.000000  0.023969
14881.000000  0.251375
15003.000000  0.297702
15116.000000  0.289219
15235.000000  0.178739
15326.000000  0.209322
15411.000000  0.176903
15500.000000  0.361392
15526.000000  0.326227
15638.000000  0.372594
15738.000000  0.390308
15809.000000  0.370510
15877.000000  0.336057
15953.000000  0.332498
16054.000000  0.329700
16145.000000  0.308078
16268.000000  0.375666
16375.000000  0.349065
16459.000000  0.338048
16555.000000  0.346508
16659.000000  0.229346
16771.000000  0.226741
16888.000000  0.388102
16964.000000  0.238376
17017.000000  0.169765
17084.000000  0.436666
17156.000000  0.467423
17229.000000  0.636765
17299.000000  0.032149
17354.000000  0.022524
17405.000000  0.018869
17453.000000  0.030571
17484.000000  0.028516
17574.000000  0.028811
17647.000000  0.031686
17739.000000  0.034219
17845.000000  0.037178
17995.000000  0.050125
18076.000000  0.026692
18132.000000  0.016956
18244.000000  0.032544
18394.000000  0.050194
18508.000000  0.050313
18599.000000  0.037458
18740.000000  0.053126
18874.000000  0.051401
18994.000000  0.053769
19142.000000  0.051034
19272.000000  0.051296
19358.000000  0.038025
19472.000000  0.049282
19555.000000  0.042532
19610.000000  0.031406
19655.000000  0.031077
19740.000000  0.043169
19866.000000  0.061317
19951.000000  0.058012
20070.000000  0.053378
20178.000000  0.061441
20271.000000  0.049209
20367.000000  0.037068
20519.000000  0.063223
20633.000000  0.055777
20777.000000  0.066434
20878.000000  0.062791
20994.000000  0.057868
21018.000000  0.022657
21080.000000  0.015938
21108.000000  0.012932
21155.000000  0.015051
21216.000000  0.018740
21314.000000  0.027899
21358.000000  0.022064
21521.000000  0.060432
21608.000000  0.048332
21711.000000  0.054332
21814.000000  0.057178
21929.000000  0.059523
22087.000000  0.097418
22209.000000  0.078377
22342.000000  0.071236
22463.000000  0.072902
22584.000000  0.068948
22741.000000  0.086500
22865.000000  0.069164
22949.000000  0.044963
23045.000000  0.041555
23170.000000  0.065354
23293.000000  0.085126
23454.000000  0.086136
23590.000000  0.089801
23667.000000  0.057032
23765.000000  0.060746
23881.000000  0.070225
23998.000000  0.078116
24141.000000  0.087310
24325.000000  0.110223
24528.000000  0.145930
24693.000000  0.108158
24799.000000  0.079673
24926.000000  0.097164
25018.000000  0.086068
25102.000000  0.092968
25146.000000  0.020468
25213.000000  0.054226
25320.000000  0.075959
25371.000000  0.077352
25408.000000  0.091385
25522.000000  0.217990
25538.000000  0.242943
25590.000000  0.014964
25667.000000  0.024315
25749.000000  0.044773
25866.000000  0.067261
26059.000000  0.083057
26162.000000  0.045426
26233.000000  0.030792
26340.000000  0.058812
26461.000000  0.067028
26546.000000  0.056048
26630.000000  0.057524
26712.000000  0.061218
26807.000000  0.066599
26922.000000  0.061519
27048.000000  0.074656
27136.000000  0.051208
27305.000000  0.086546
27416.000000  0.099610
27553.000000  0.125696
27691.000000  0.119058
27846.000000  0.126599
27962.000000  0.093705
28050.000000  0.088875
28133.000000  0.056907
28210.000000  0.059596
28326.000000  0.089042
28427.000000  0.105702
28524.000000  0.069175
28602.000000  0.060731
28679.000000  0.048795
28775.000000  0.065379
28852.000000  0.065600
28943.000000  0.081610
29026.000000  0.092634
29092.000000  0.053552
29182.000000  0.081961
29284.000000  0.083750
29373.000000  0.087112
29462.000000  0.063940
29547.000000  0.081212
29634.000000  0.097933
29738.000000  0.061926
29888.000000  0.186658
30037.000000  0.227518
30146.000000  0.242179
30216.000000  0.054875
30302.000000  0.065597
30370.000000  0.078570
30380.000000  0.172639
30422.000000  0.274395
30435.000000  0.223998
30461.000000  0.166151
30502.000000  0.153308
30549.000000  0.052309
30676.000000  0.072070
30793.000000  0.043525
30860.000000  0.028661
30955.000000  0.028830
31016.000000  0.019157
31059.000000  0.010428
31062.000000  0.002734
31121.000000  0.016330
31234.000000  0.032777
31330.000000  0.044678
31415.000000  0.053950
31509.000000  0.058129
31594.000000  0.051464
31618.000000  0.029848
31649.000000  0.042634
31663.000000  0.013377
31739.000000  0.055173
31828.000000  0.029138
31934.000000  0.048822
32058.000000  0.062046
32202.000000  0.063466
32273.000000  0.022120
32306.000000  0.045024
32385.000000  0.043901
32459.000000  0.043335
32486.000000  0.027160
32579.000000  0.028724
32667.000000  0.035086
32797.000000  0.036853
32951.000000  0.049225
33055.000000  0.056394
33158.000000  0.062284
33240.000000  0.036157
33321.000000  0.052216
33480.000000  0.087514
33538.000000  0.056732
33637.000000  0.064668
33715.000000  0.049099
33843.000000  0.094434
33928.000000  0.090796
33980.000000  0.056820
34051.000000  0.021037
34128.000000  0.022859
34174.000000  0.019597
34245.000000  0.021160
34403.000000  0.043951
34549.000000  0.057961
34681.000000  0.069937
34842.000000  0.101152
34942.000000  0.061830
35130.000000  0.096708
35210.000000  0.060173
35229.000000  0.031188
35335.000000  0.050846
35428.000000  0.037067
35511.000000  0.037914
35630.000000  0.058730
35800.000000  0.071481
35844.000000  0.025389
35899.000000  0.036914
35988.000000  0.048923
36104.000000  0.068639
36191.000000  0.065743
36211.000000  0.018255
36223.000000  0.005469
36223.000000  0.000045
36270.000000  0.021131
36304.000000  0.010582
36371.000000  0.017750
36483.000000  0.028004
36600.000000  0.047659
36792.000000  0.074560
36927.000000  0.062249
37031.000000  0.053922
37097.000000  0.043707
37181.000000  0.053175
37257.000000  0.068526
37330.000000  0.067858
37356.000000  0.038723
37467.000000  0.038110
37564.000000  0.041862
37669.000000  0.059461
37735.000000  0.030198
37741.000000  0.004019
37810.000000  0.021591
37988.000000  0.055949
38077.000000  0.053789
38105.000000  0.041848
38228.000000  0.064531
38295.000000  0.051455
38387.000000  0.045806
38491.000000  0.052483
38562.000000  0.058915
38580.000000  0.029281
38616.000000  0.059165
38652.000000  0.071935
38708.000000  0.061516
38797.000000  0.056276
38825.000000  0.044828
38899.000000  0.055103
38977.000000  0.047833
39044.000000  0.051398
39151.000000  0.065929
39241.000000  0.048151
39258.000000  0.025661
39259.000000  0.022998
39266.000000  0.014590
39339.000000  0.035184
39413.000000  0.043210
39515.000000  0.050219
39599.000000  0.059267
39676.000000  0.056908
39777.000000  0.078501
39866.000000  0.082999
39971.000000  0.083738
40056.000000  0.079809
40136.000000  0.077834
40207.000000  0.114805
40229.000000  0.056766
40285.000000  0.080173
40296.000000  0.077565
40303.000000  0.061421
40341.000000  0.044266
40428.000000  0.065092
40514.000000  0.064615
40643.000000  0.095514
40704.000000  0.070177
40763.000000  0.070968
40812.000000  0.054332
