269.000000  0.056186
348.000000  -0.013245
376.000000  -0.029070
425.000000  0.011733
486.000000  0.011338
545.000000  -0.003556
605.000000  -0.001929
665.000000  0.001935
676.000000  -0.026377
730.000000  0.028955
782.000000  -0.000866
815.000000  -0.004539
878.000000  0.032254
932.000000  -0.014830
994.000000  0.002656
1027.000000  -0.015765
1085.000000  0.020631
1131.000000  -0.014058
1198.000000  0.005877
1227.000000  -0.019504
1276.000000  0.002593
1329.000000  0.006368
1382.000000  -0.010195
1423.000000  -0.002092
1441.000000  -0.010276
1471.000000  0.000855
1506.000000  0.007931
1549.000000  0.004178
1587.000000  -0.001127
1612.000000  0.007098
1646.000000  0.003697
1683.000000  0.012006
1724.000000  -0.004865
1744.000000  -0.021766
1756.000000  -0.006909
1772.000000  0.004446
1796.000000  0.001389
1832.000000  0.016152
1855.000000  -0.009255
1882.000000  0.002328
1908.000000  0.002971
1941.000000  -0.003252
1965.000000  -0.000917
2000.000000  0.011480
2073.000000  0.016408
2134.000000  -0.008166
2144.000000  -0.040608
2180.000000  0.042004
2207.000000  -0.029143
2234.000000  0.006447
2263.000000  -0.005452
2281.000000  0.001568
2303.000000  -0.000628
2320.000000  -0.001124
2359.000000  0.012142
2366.000000  -0.020057
2392.000000  0.019160
2409.000000  -0.021539
2431.000000  0.001329
2448.000000  0.008619
2465.000000  -0.004832
2482.000000  -0.001013
2499.000000  0.000204
2524.000000  0.004622
2545.000000  -0.002979
2572.000000  0.005495
2592.000000  0.006045
2623.000000  -0.007604
2649.000000  -0.006675
2682.000000  0.003734
2699.000000  0.004067
2726.000000  -0.001743
2756.000000  0.000601
2784.000000  0.004037
2816.000000  -0.006597
2897.000000  0.012652
2945.000000  0.014564
2974.000000  -0.007549
3017.000000  0.008558
3069.000000  0.005992
3130.000000  0.006117
3139.000000  -0.046470
3186.000000  0.047829
3247.000000  -0.001259
3300.000000  -0.003342
3353.000000  -0.007186
3410.000000  -0.010359
3436.000000  -0.012462
3470.000000  0.002126
3518.000000  0.004561
3588.000000  0.014721
3624.000000  -0.016446
3664.000000  -0.002879
3713.000000  0.003529
3753.000000  -0.003863
3784.000000  -0.002992
3803.000000  0.001456
3823.000000  -0.002503
3862.000000  0.010492
3907.000000  -0.005437
3943.000000  -0.003929
3973.000000  -0.002693
4000.000000  -0.000628
4050.000000  0.014601
4112.000000  0.001678
4140.000000  -0.017493
4173.000000  0.013703
4213.000000  0.009531
4228.000000  -0.012062
4249.000000  -0.000480
4293.000000  0.035147
4336.000000  0.028136
4381.000000  -0.010355
4441.000000  -0.007068
4447.000000  -0.063404
4489.000000  0.046854
4513.000000  -0.025283
4543.000000  0.006572
4577.000000  -0.008235
4626.000000  0.021250
4631.000000  -0.045952
4659.000000  0.025933
4691.000000  0.017829
4724.000000  0.013233
4760.000000  -0.041231
4799.000000  0.002894
4855.000000  0.009611
4886.000000  -0.008945
4917.000000  0.000457
4927.000000  -0.012274
4964.000000  0.022786
4997.000000  0.001772
5021.000000  -0.011353
5054.000000  0.000386
5084.000000  -0.006971
5099.000000  -0.002855
5120.000000  0.006221
5161.000000  0.010008
5204.000000  0.003593
5244.000000  -0.000650
5275.000000  0.013687
5304.000000  -0.013604
5354.000000  0.010852
5411.000000  0.009900
5473.000000  0.003885
5505.000000  0.003201
5554.000000  -0.006623
5610.000000  -0.011782
5650.000000  -0.002836
5706.000000  0.004699
5752.000000  0.021714
5799.000000  -0.004761
5830.000000  -0.018046
5900.000000  0.013313
5958.000000  0.000488
6002.000000  -0.016048
6037.000000  0.002568
6084.000000  0.033622
6130.000000  -0.016572
6206.000000  0.028073
6252.000000  -0.028073
6295.000000  0.003721
6368.000000  0.022127
6426.000000  -0.005086
6468.000000  0.013821
6489.000000  -0.060602
6544.000000  0.043242
6583.000000  -0.012234
6622.000000  -0.017668
6662.000000  0.003776
6699.000000  0.016818
6738.000000  -0.004422
6749.000000  -0.053246
6781.000000  0.048606
6804.000000  0.005683
6824.000000  -0.015811
6861.000000  0.006887
6905.000000  0.031353
6941.000000  -0.034341
6994.000000  0.051844
7058.000000  0.015535
7094.000000  -0.041325
7139.000000  -0.011031
7191.000000  -0.008448
7220.000000  -0.021074
7256.000000  0.011256
7301.000000  -0.005103
7327.000000  0.009002
7367.000000  -0.004184
7406.000000  0.054577
7474.000000  -0.029251
7514.000000  0.028327
7547.000000  -0.067854
7599.000000  0.027492
7643.000000  0.004400
7665.000000  0.012477
7696.000000  -0.020468
7736.000000  0.018280
7754.000000  -0.012939
7779.000000  0.033909
7812.000000  -0.049925
7838.000000  0.044651
7867.000000  0.022254
7906.000000  0.001544
7935.000000  0.028007
7958.000000  0.004350
7992.000000  0.034417
8024.000000  -0.053725
8052.000000  0.003130
8082.000000  0.088999
8099.000000  -0.177181
8120.000000  0.002265
8140.000000  0.018278
8149.000000  0.001258
8169.000000  -0.057027
8179.000000  0.041250
8195.000000  0.002381
8220.000000  0.120533
8247.000000  -0.122387
8284.000000  0.109354
8307.000000  0.009904
8329.000000  -0.029002
8359.000000  0.015527
8398.000000  -0.143475
8432.000000  0.009091
8476.000000  0.002690
8535.000000  -0.003332
8577.000000  -0.003612
8584.000000  -0.016442
8623.000000  0.011031
8653.000000  0.001575
8682.000000  0.000857
8708.000000  -0.010663
8708.000000  -0.011418
8718.000000  0.004947
8735.000000  0.000758
8757.000000  0.003719
8771.000000  0.004920
8789.000000  -0.000022
8816.000000  0.005446
8833.000000  -0.005256
8853.000000  0.020223
8882.000000  0.001526
8908.000000  0.001765
8945.000000  0.023177
8986.000000  -0.027822
9025.000000  -0.015992
9064.000000  -0.000136
9098.000000  0.014068
9124.000000  0.010416
9145.000000  -0.025793
9145.000000  -0.015939
9168.000000  0.025030
9194.000000  -0.001844
9245.000000  0.006696
9283.000000  -0.005894
9317.000000  0.000201
9334.000000  -0.005835
9358.000000  0.004824
9383.000000  0.000913
9416.000000  -0.011649
9432.000000  0.004995
9475.000000  -0.001422
9479.000000  -0.011222
9516.000000  0.015367
9542.000000  0.000127
9569.000000  -0.003381
9597.000000  0.000554
9620.000000  -0.000910
9642.000000  0.001364
9648.000000  -0.010731
9649.000000  -0.004828
9679.000000  0.021152
9686.000000  -0.010758
9696.000000  -0.002169
9709.000000  -0.003294
9728.000000  0.001528
9748.000000  0.000071
9772.000000  0.003181
9792.000000  -0.000062
9812.000000  -0.002362
9851.000000  0.015831
9870.000000  -0.011594
9902.000000  0.002038
9924.000000  -0.007056
9946.000000  0.001576
9961.000000  0.004234
9994.000000  0.005659
10031.000000  -0.000806
10059.000000  -0.002994
10098.000000  -0.002054
10117.000000  -0.000075
10135.000000  -0.003251
10180.000000  0.011946
10230.000000  0.002862
10275.000000  -0.009288
10293.000000  -0.003709
10313.000000  0.009342
10339.000000  -0.004042
10353.000000  -0.012666
10356.000000  -0.003358
10367.000000  0.019467
10382.000000  -0.012141
