816.000000  0.228915
1057.000000  0.167221
1201.000000  0.149838
1386.000000  0.124436
1619.000000  0.158924
1791.000000  0.142298
2028.000000  0.166449
2233.000000  0.179167
2463.000000  0.226432
2710.000000  0.219057
2938.000000  0.231007
3149.000000  0.204604
3271.000000  0.158329
3478.000000  0.199570
3689.000000  0.213276
3874.000000  0.192645
4066.000000  0.252104
4246.000000  0.222173
4364.000000  0.171995
4472.000000  0.131649
4568.000000  0.118672
4685.000000  0.146468
4821.000000  0.166763
4995.000000  0.174421
5171.000000  0.229907
5356.000000  0.261787
5379.000000  0.146442
5533.000000  0.239335
5667.000000  0.210228
5827.000000  0.200353
5992.000000  0.216461
6071.000000  0.185650
6241.000000  0.200728
6390.000000  0.184329
6546.000000  0.177140
6643.000000  0.154180
6694.000000  0.124116
6697.000000  0.119601
6765.000000  0.112703
6950.000000  0.183598
7090.000000  0.192711
7270.000000  0.212033
7435.000000  0.220179
7607.000000  0.231648
7647.000000  0.166143
7838.000000  0.214393
8003.000000  0.217898
8142.000000  0.208453
8332.000000  0.236026
8508.000000  0.222306
8676.000000  0.221664
8861.000000  0.281363
9039.000000  0.297294
9206.000000  0.287843
9358.000000  0.209555
9485.000000  0.273660
9598.000000  0.233656
9724.000000  0.228216
9820.000000  0.200353
9968.000000  0.218931
10103.000000  0.211324
10224.000000  0.214467
10349.000000  0.190816
10481.000000  0.192964
10622.000000  0.214183
10768.000000  0.238529
10896.000000  0.215508
11015.000000  0.215122
11175.000000  0.251075
11306.000000  0.232649
11414.000000  0.209858
11486.000000  0.173270
11670.000000  0.224459
11863.000000  0.288396
12114.000000  0.298455
12354.000000  0.319537
12572.000000  0.337527
12845.000000  0.348752
13032.000000  0.302078
13164.000000  0.276752
13337.000000  0.333605
13517.000000  0.336590
13794.000000  0.379855
14053.000000  0.366298
14273.000000  0.345056
14477.000000  0.331038
14682.000000  0.357136
14845.000000  0.324700
14958.000000  0.327567
15085.000000  0.347839
15208.000000  0.343111
15316.000000  0.323837
15449.000000  0.370937
15593.000000  0.345433
15746.000000  0.344105
15885.000000  0.335350
16031.000000  0.373179
16245.000000  0.405764
16435.000000  0.383634
16700.000000  0.490654
16925.000000  0.532809
17157.000000  0.501971
17351.000000  0.476078
17568.000000  0.502892
17608.000000  0.334996
17800.000000  0.445963
17968.000000  0.438582
18152.000000  0.446335
18310.000000  0.432850
18442.000000  0.468284
18573.000000  0.440705
18718.000000  0.453340
18888.000000  0.431693
19039.000000  0.389305
19134.000000  0.445842
19317.000000  0.512929
19450.000000  0.521508
19664.000000  0.545051
19811.000000  0.396462
19986.000000  0.446507
20167.000000  0.423263
20289.000000  0.461512
20399.000000  0.452951
20460.000000  0.372183
20594.000000  0.589906
20822.000000  0.640787
21075.000000  0.614294
21244.000000  0.573609
21469.000000  0.584839
21761.000000  0.611099
21886.000000  0.578225
22155.000000  0.728665
22380.000000  0.707774
22539.000000  0.699715
22661.000000  0.722198
22829.000000  0.404221
22987.000000  0.495878
23118.000000  0.554256
23280.000000  0.841628
23515.000000  0.896145
23770.000000  0.885657
24032.000000  0.805484
24314.000000  0.864007
24558.000000  0.764092
24822.000000  0.801552
25070.000000  0.931040
25268.000000  0.947708
25423.000000  0.763574
25569.000000  0.722427
25714.000000  0.685384
25851.000000  0.620540
25989.000000  0.588411
26133.000000  0.641187
26274.000000  0.659684
26382.000000  0.410373
26469.000000  0.359563
26574.000000  0.386927
26661.000000  0.444414
26767.000000  0.356390
26818.000000  0.314255
26862.000000  0.334735
26995.000000  0.366849
27149.000000  0.391003
27273.000000  0.744403
27373.000000  0.354305
27461.000000  0.335063
27616.000000  0.385431
27828.000000  0.420205
28062.000000  0.432332
28280.000000  0.752581
28435.000000  0.825808
28574.000000  0.395553
28620.000000  0.474200
28739.000000  0.404270
28829.000000  0.452087
28872.000000  0.457817
29000.000000  0.504754
29098.000000  0.505471
29211.000000  0.536717
29299.000000  0.534511
29361.000000  0.588920
29406.000000  0.570460
29451.000000  0.359314
29520.000000  0.360983
29566.000000  0.329049
29655.000000  0.361821
29779.000000  0.377805
29910.000000  0.365942
29977.000000  0.334159
30079.000000  0.349610
30226.000000  0.380649
30392.000000  0.368162
30522.000000  0.386424
30617.000000  0.376040
30699.000000  0.344810
30798.000000  0.742894
30917.000000  0.779089
31130.000000  0.922218
31320.000000  0.982568
31486.000000  1.035477
31615.000000  0.376484
31744.000000  0.395971
31895.000000  0.406956
32048.000000  0.407003
32177.000000  0.419653
32334.000000  0.428190
32482.000000  0.394671
32668.000000  0.451522
32860.000000  0.455049
32968.000000  0.417990
33011.000000  0.400682
33137.000000  0.430737
33259.000000  0.433248
33389.000000  0.461104
33528.000000  0.468212
33636.000000  0.457970
33788.000000  0.500881
34022.000000  0.513784
34214.000000  0.424677
34404.000000  0.480885
34585.000000  0.453294
34817.000000  0.522927
35052.000000  0.511466
35270.000000  0.545403
35418.000000  0.633880
35540.000000  0.483073
35595.000000  0.421921
35699.000000  0.446811
35764.000000  0.416448
35848.000000  0.441788
35911.000000  0.421241
35992.000000  0.427201
36058.000000  0.420950
36137.000000  0.417822
36203.000000  0.420529
36304.000000  0.400185
36331.000000  0.401994
36337.000000  0.341711
36342.000000  0.356094
36434.000000  0.400504
36519.000000  0.375346
36622.000000  0.408240
36722.000000  0.418030
36743.000000  0.381256
36799.000000  0.397153
36834.000000  0.383383
36919.000000  0.395450
36999.000000  0.372421
37053.000000  0.375104
37146.000000  0.406921
37159.000000  0.370244
37208.000000  0.379748
37336.000000  0.451057
37523.000000  0.633487
37612.000000  0.612372
37708.000000  0.432837
37807.000000  0.432249
37899.000000  0.477341
37957.000000  0.440659
38055.000000  0.405823
38246.000000  0.435298
38420.000000  0.431201
38447.000000  0.397883
38573.000000  0.452226
38661.000000  0.447102
38772.000000  0.465805
38858.000000  0.424679
38940.000000  0.441896
39020.000000  0.438831
39127.000000  0.443294
39167.000000  0.411248
39246.000000  0.486457
39350.000000  0.473827
39417.000000  0.403367
39426.000000  0.385496
39464.000000  0.407367
39529.000000  0.387715
39614.000000  0.403905
39673.000000  0.392905
39712.000000  0.425688
39806.000000  0.438223
39908.000000  0.423983
40002.000000  0.420677
40041.000000  0.426737
40073.000000  0.379554
40169.000000  0.436101
40261.000000  0.416205
40351.000000  0.419133
40498.000000  0.449321
40523.000000  0.395085
40602.000000  0.408563
40656.000000  0.393739
40689.000000  0.396012
40689.000000  0.386457
40739.000000  0.390114
40777.000000  0.380013
40820.000000  0.406077
