816.000000  62.354256
1057.000000  76.023155
1201.000000  69.973007
1386.000000  67.501358
1619.000000  71.883286
1791.000000  69.582596
2028.000000  71.738342
2233.000000  73.130699
2463.000000  76.137131
2710.000000  75.335274
2938.000000  76.663971
3149.000000  71.424850
3271.000000  65.382507
3478.000000  69.804924
3689.000000  70.995064
3874.000000  68.353729
4066.000000  68.276375
4246.000000  61.972313
4364.000000  60.647797
4472.000000  49.934124
4568.000000  43.577869
4685.000000  53.915382
4821.000000  58.524643
4995.000000  53.867477
5171.000000  61.390663
5356.000000  65.064606
5379.000000  42.105816
5533.000000  68.345634
5667.000000  61.930157
5827.000000  60.066719
5992.000000  59.389900
6071.000000  52.900707
6241.000000  54.192757
6390.000000  55.556984
6546.000000  49.834389
6643.000000  43.193863
6694.000000  28.312525
6697.000000  5.676112
6765.000000  28.678373
6950.000000  50.789993
7090.000000  52.791096
7270.000000  53.008091
7435.000000  58.337921
7607.000000  58.443428
7647.000000  43.984570
7838.000000  56.216248
8003.000000  55.541080
8142.000000  53.885399
8332.000000  58.537777
8508.000000  54.551941
8676.000000  53.501396
8861.000000  62.923412
9039.000000  63.950420
9206.000000  58.823906
9358.000000  49.842705
9485.000000  58.362709
9598.000000  52.430523
9724.000000  52.053547
9820.000000  41.542007
9968.000000  43.259533
10103.000000  42.148407
10224.000000  42.796139
10349.000000  37.372288
10481.000000  39.448738
10622.000000  44.861847
10768.000000  45.019474
10896.000000  42.178642
11015.000000  41.237919
11175.000000  44.796799
11306.000000  43.817337
11414.000000  38.905384
11486.000000  28.758209
11670.000000  42.403587
11863.000000  53.275089
12114.000000  55.093842
12354.000000  54.061581
12572.000000  54.751705
12845.000000  55.702358
13032.000000  49.029167
13164.000000  46.288033
13337.000000  54.067253
13517.000000  53.746872
13794.000000  56.955482
14053.000000  54.215622
14273.000000  50.582649
14477.000000  49.151180
14682.000000  46.719513
14845.000000  49.410851
14958.000000  46.150478
15085.000000  44.895168
15208.000000  48.822639
15316.000000  42.153423
15449.000000  48.819889
15593.000000  45.748852
15746.000000  49.118958
15885.000000  43.547276
16031.000000  49.590263
16245.000000  52.545685
16435.000000  48.257977
16700.000000  57.289547
16925.000000  60.451435
17157.000000  57.613121
17351.000000  57.778954
17568.000000  57.003128
17608.000000  41.122826
17800.000000  49.239368
17968.000000  46.788136
18152.000000  48.093121
18310.000000  52.793938
18442.000000  54.411419
18573.000000  52.248775
18718.000000  53.423244
18888.000000  50.998394
19039.000000  45.152641
19134.000000  53.299629
19317.000000  57.923496
19450.000000  57.474564
19664.000000  59.274982
19811.000000  45.413216
19986.000000  49.050873
20167.000000  46.252449
20289.000000  52.030640
20399.000000  51.879364
20460.000000  43.310467
20594.000000  59.937817
20822.000000  64.329117
21075.000000  61.001408
21244.000000  60.437828
21469.000000  60.038101
21761.000000  61.980991
21886.000000  60.432289
22155.000000  66.767365
22380.000000  66.159462
22539.000000  65.409149
22661.000000  66.128746
22829.000000  39.945133
22987.000000  51.666218
23118.000000  54.743202
23280.000000  67.885468
23515.000000  71.355614
23770.000000  70.127396
24032.000000  67.724648
24314.000000  68.400955
24558.000000  64.903069
24822.000000  65.789360
25070.000000  69.722244
25268.000000  71.400192
25423.000000  64.399780
25569.000000  61.730934
25714.000000  58.165718
25851.000000  56.633156
25989.000000  53.006397
26133.000000  58.329605
26274.000000  56.865620
26382.000000  32.561943
26469.000000  21.544184
26574.000000  26.577425
26661.000000  34.795399
26767.000000  21.456638
26818.000000  11.652992
26862.000000  19.532177
26995.000000  26.157299
27149.000000  29.119724
27273.000000  60.931293
27373.000000  22.037764
27461.000000  18.893087
27616.000000  25.632454
27828.000000  28.571976
28062.000000  33.072350
28280.000000  61.681007
28435.000000  64.615753
28574.000000  26.240276
28620.000000  21.385380
28739.000000  29.912325
28829.000000  34.391811
28872.000000  36.911613
29000.000000  43.070557
29098.000000  41.714806
29211.000000  44.965286
29299.000000  45.573090
29361.000000  50.523567
29406.000000  48.840736
29451.000000  17.516104
29520.000000  19.659605
29566.000000  10.858318
29655.000000  21.055058
29779.000000  21.891741
29910.000000  19.346251
29977.000000  11.644526
30079.000000  16.404339
30226.000000  19.550417
30392.000000  18.858070
30522.000000  21.883083
30617.000000  20.472784
30699.000000  12.614595
30798.000000  58.914101
30917.000000  60.812366
31130.000000  65.438179
31320.000000  66.240913
31486.000000  68.732864
31615.000000  20.896317
31744.000000  22.208776
31895.000000  22.420456
32048.000000  23.092880
32177.000000  23.789227
32334.000000  28.535192
32482.000000  22.049791
32668.000000  29.745262
32860.000000  31.532717
32968.000000  25.914085
33011.000000  20.074665
33137.000000  27.302620
33259.000000  25.451225
33389.000000  30.542391
33528.000000  29.270721
33636.000000  30.242649
33788.000000  35.074318
34022.000000  33.698318
34214.000000  24.098330
34404.000000  31.960600
34585.000000  26.263723
34817.000000  33.522381
35052.000000  35.767921
35270.000000  38.207752
35418.000000  43.795361
35540.000000  30.102318
35595.000000  20.732521
35699.000000  23.953468
35764.000000  18.539547
35848.000000  22.837009
35911.000000  17.478027
35992.000000  21.300756
36058.000000  20.284513
36137.000000  17.644089
36203.000000  17.016500
36304.000000  17.684986
36331.000000  16.589108
36337.000000  2.389772
36342.000000  0.678669
36434.000000  13.805291
36519.000000  9.240605
36622.000000  14.866556
36722.000000  17.569122
36743.000000  8.273589
36799.000000  13.989134
36834.000000  10.034135
36919.000000  8.406569
36999.000000  8.629924
37053.000000  6.201854
37146.000000  13.137096
37159.000000  7.494324
37208.000000  6.123573
37336.000000  20.314823
37523.000000  41.727291
37612.000000  42.471958
37708.000000  18.519274
37807.000000  19.119232
37899.000000  25.138906
37957.000000  16.806225
38055.000000  12.081035
38246.000000  19.660395
38420.000000  18.048058
38447.000000  11.121387
38573.000000  19.620190
38661.000000  18.992470
38772.000000  19.499899
38858.000000  14.912304
38940.000000  16.545361
39020.000000  12.469250
39127.000000  15.450822
39167.000000  10.740444
39246.000000  24.721958
39350.000000  19.540691
39417.000000  8.520036
39426.000000  4.333196
39464.000000  7.124977
39529.000000  5.443136
39614.000000  8.025069
39673.000000  5.173512
39712.000000  11.462341
39806.000000  15.742585
39908.000000  10.014771
40002.000000  12.063227
40041.000000  3.227166
40073.000000  2.503240
40169.000000  15.900347
40261.000000  11.718598
40351.000000  12.429983
40498.000000  15.842440
40523.000000  5.994218
40602.000000  7.475581
40656.000000  6.949425
40689.000000  5.155898
40689.000000  0.019178
40739.000000  3.366758
40777.000000  3.264859
40820.000000  4.480213
