269.000000  0.077410
315.000000  -0.049564
346.000000  -0.003431
379.000000  0.003933
430.000000  0.010210
467.000000  0.002707
510.000000  -0.006400
552.000000  0.008131
598.000000  0.003045
640.000000  -0.005038
679.000000  0.009215
731.000000  0.002446
779.000000  -0.019476
814.000000  0.016652
853.000000  -0.007532
902.000000  0.019120
944.000000  -0.029515
980.000000  0.000753
1009.000000  0.009202
1049.000000  0.001605
1098.000000  0.012475
1136.000000  -0.016577
1162.000000  0.002496
1205.000000  0.012884
1239.000000  -0.020928
1251.000000  -0.011192
1294.000000  0.020341
1338.000000  0.009209
1366.000000  -0.020826
1402.000000  0.009298
1445.000000  0.005172
1480.000000  -0.004490
1532.000000  0.008392
1552.000000  -0.022201
1593.000000  0.022220
1593.000000  -0.049574
1617.000000  0.034159
1664.000000  0.020083
1704.000000  -0.010010
1737.000000  -0.010212
1757.000000  0.000222
1779.000000  0.006083
1799.000000  0.010983
1833.000000  -0.016957
1857.000000  0.003394
1894.000000  0.036528
1942.000000  -0.025008
1974.000000  0.007856
2024.000000  -0.015734
2060.000000  0.004485
2103.000000  0.000247
2142.000000  -0.007742
2187.000000  0.006689
2241.000000  -0.002862
2265.000000  -0.010137
2296.000000  0.005556
2333.000000  0.000964
2364.000000  -0.000706
2393.000000  -0.014089
2416.000000  0.010572
2440.000000  0.000338
2480.000000  0.010429
2482.000000  -0.034900
2507.000000  0.027583
2523.000000  -0.005846
2554.000000  -0.007982
2582.000000  0.005642
2604.000000  -0.001631
2628.000000  0.005416
2647.000000  0.013481
2680.000000  -0.002488
2707.000000  -0.021843
2740.000000  0.010322
2756.000000  -0.005186
2786.000000  0.023812
2811.000000  -0.008092
2832.000000  -0.005004
2867.000000  0.005516
2916.000000  0.017865
2941.000000  -0.029748
2974.000000  -0.000683
3002.000000  0.004218
3039.000000  0.002890
3064.000000  0.013914
3093.000000  -0.008385
3108.000000  -0.004873
3141.000000  0.009105
3157.000000  -0.016149
3182.000000  0.006825
3212.000000  -0.022033
3233.000000  0.001714
3273.000000  0.025600
3309.000000  0.014645
3342.000000  0.001364
3369.000000  0.002003
3403.000000  0.020931
3424.000000  -0.005066
3468.000000  -0.022163
3518.000000  -0.007410
3545.000000  -0.012299
3572.000000  0.005760
3589.000000  -0.012949
3609.000000  0.003164
3624.000000  0.003446
3640.000000  0.004662
3662.000000  0.003533
3673.000000  -0.003882
3692.000000  0.005903
3719.000000  0.009214
3744.000000  -0.003405
3763.000000  0.002671
3786.000000  -0.007045
3810.000000  -0.009911
3837.000000  0.010278
3858.000000  0.001706
3888.000000  0.002457
3922.000000  0.006910
3962.000000  0.033596
3978.000000  -0.013427
3994.000000  -0.071385
4010.000000  -0.000512
4036.000000  0.005095
4057.000000  0.004278
4071.000000  -0.000481
4082.000000  -0.006046
4108.000000  0.012932
4139.000000  -0.005742
4173.000000  0.052674
4208.000000  -0.005163
4256.000000  0.003757
4280.000000  -0.006993
4310.000000  0.008321
4325.000000  -0.046907
4360.000000  0.058869
4392.000000  -0.000515
4422.000000  -0.001676
4455.000000  -0.012842
4486.000000  0.012079
4508.000000  0.016158
4521.000000  -0.077581
4550.000000  0.068956
4584.000000  -0.005978
4611.000000  -0.026213
4653.000000  0.009763
4679.000000  -0.006456
4710.000000  0.011713
4743.000000  -0.004657
4778.000000  0.012689
4816.000000  0.078310
4844.000000  -0.034953
4861.000000  -0.011355
4870.000000  -0.090614
4894.000000  0.120440
4942.000000  -0.014293
4975.000000  -0.008119
4998.000000  -0.028469
5044.000000  0.024575
5080.000000  -0.009277
5080.000000  -0.103229
5129.000000  0.128359
5181.000000  0.007134
5248.000000  -0.014683
5262.000000  -0.077999
5299.000000  0.001719
5361.000000  0.098586
5397.000000  -0.076465
5434.000000  0.019374
5458.000000  -0.014943
5488.000000  -0.000473
5532.000000  0.022609
5545.000000  -0.052332
5579.000000  0.035359
5605.000000  0.000754
5636.000000  -0.011941
5673.000000  0.030312
5704.000000  -0.055415
5736.000000  0.036957
5766.000000  -0.008505
5786.000000  -0.015158
5821.000000  0.053550
5849.000000  0.003888
5867.000000  0.023504
5885.000000  -0.005791
5919.000000  0.006940
5939.000000  0.016203
5955.000000  -0.017893
5972.000000  -0.001125
5984.000000  -0.061986
6002.000000  -0.033138
6012.000000  0.099150
6033.000000  -0.007524
6043.000000  -0.024957
6054.000000  -0.010568
6066.000000  0.000440
6083.000000  0.017607
6108.000000  -0.001751
6135.000000  0.000580
6143.000000  -0.088936
6159.000000  0.031682
6186.000000  -0.013585
6202.000000  -0.013266
6209.000000  -0.006504
6218.000000  0.003349
6240.000000  0.001500
6260.000000  0.001178
6281.000000  -0.000921
6318.000000  -0.005200
6338.000000  -0.004952
6394.000000  0.031689
6436.000000  -0.012283
6472.000000  0.004451
6501.000000  -0.006051
6537.000000  0.032752
6584.000000  0.067182
6610.000000  -0.026231
6640.000000  -0.075128
6670.000000  0.084160
6698.000000  -0.083221
6726.000000  -0.005483
6757.000000  0.086612
6782.000000  0.040845
6804.000000  -0.132743
6824.000000  0.001118
6867.000000  0.013825
6897.000000  -0.012527
6916.000000  -0.001818
6938.000000  -0.002044
6960.000000  0.001389
6985.000000  0.000250
7005.000000  0.003775
7015.000000  -0.012307
7023.000000  0.011583
7055.000000  0.009602
7071.000000  -0.010711
7098.000000  -0.000563
7132.000000  0.016725
7153.000000  -0.015182
7184.000000  0.010918
7218.000000  0.006465
7255.000000  0.019777
7294.000000  0.038894
7335.000000  -0.018852
7373.000000  0.010692
7397.000000  -0.004567
7434.000000  0.004552
7464.000000  -0.014234
7492.000000  0.015017
7500.000000  -0.080337
7522.000000  0.063554
7552.000000  0.022824
7576.000000  -0.064587
7590.000000  -0.009139
7606.000000  0.007242
7632.000000  0.047957
7669.000000  -0.004061
7686.000000  -0.047992
7719.000000  0.001847
7735.000000  -0.006790
7762.000000  0.000896
7789.000000  -0.002424
7815.000000  0.001921
7843.000000  0.072862
7865.000000  -0.043708
7889.000000  -0.027820
7910.000000  0.081287
7940.000000  0.088472
7942.000000  -0.186093
7969.000000  0.030270
7990.000000  0.003174
8012.000000  0.004623
8026.000000  -0.025123
8062.000000  0.007415
8093.000000  0.003010
8135.000000  0.006082
8178.000000  -0.006289
8210.000000  0.003419
8214.000000  -0.025078
8238.000000  0.023820
8272.000000  0.018125
8311.000000  -0.006495
8356.000000  0.010332
8411.000000  -0.004062
8457.000000  -0.005116
8500.000000  0.004355
8532.000000  -0.017128
8533.000000  -0.031139
8565.000000  0.044537
8587.000000  -0.020064
8610.000000  -0.002595
8646.000000  0.008991
8685.000000  0.003123
8711.000000  -0.007592
8734.000000  -0.001185
8750.000000  -0.001048
8773.000000  0.093773
8791.000000  -0.090851
8808.000000  0.005707
8812.000000  -0.009139
8826.000000  0.014202
8837.000000  0.002074
8853.000000  -0.000167
8866.000000  -0.001929
8877.000000  -0.003580
8897.000000  0.022535
8934.000000  -0.000243
8955.000000  -0.019190
8982.000000  -0.000302
9004.000000  0.004953
9023.000000  -0.000697
9037.000000  0.006970
9051.000000  -0.001480
9080.000000  0.029471
9097.000000  0.002447
9115.000000  0.041198
9130.000000  -0.029685
9136.000000  -0.004052
9145.000000  -0.064908
9159.000000  0.050389
9173.000000  0.033241
9184.000000  0.016890
9199.000000  -0.064594
9207.000000  0.004402
9212.000000  -0.033163
9228.000000  -0.002877
9239.000000  -0.008880
9266.000000  0.002066
9281.000000  -0.013487
9294.000000  0.001545
9315.000000  0.009067
9349.000000  -0.004067
9375.000000  -0.001997
9393.000000  -0.003918
9404.000000  0.011838
9424.000000  -0.006107
9433.000000  0.002050
9445.000000  0.000117
9453.000000  -0.012623
9457.000000  -0.001026
9459.000000  0.000025
9489.000000  0.018831
9516.000000  0.001605
9557.000000  0.009393
9596.000000  -0.010510
9633.000000  0.008132
9672.000000  0.002426
9701.000000  0.000653
9728.000000  -0.001293
9745.000000  -0.020715
9749.000000  -0.005902
9758.000000  0.013360
9766.000000  0.026803
9767.000000  -0.007274
9770.000000  -0.032032
9776.000000  -0.001761
9782.000000  0.012178
9792.000000  -0.003314
9796.000000  -0.005925
9801.000000  0.011237
9808.000000  0.002203
9819.000000  0.025303
9836.000000  0.024275
9849.000000  -0.021073
9868.000000  0.005396
9877.000000  -0.017741
9890.000000  -0.012359
9895.000000  0.024787
9903.000000  -0.020589
9923.000000  0.039055
9945.000000  -0.004355
9959.000000  -0.020218
9974.000000  0.015265
9997.000000  -0.017428
10036.000000  0.011352
10057.000000  -0.034428
10079.000000  -0.001154
10083.000000  -0.014244
10117.000000  0.021911
10132.000000  -0.009386
10144.000000  -0.003107
10158.000000  0.000761
10176.000000  0.002042
10189.000000  -0.002769
10203.000000  -0.001915
10212.000000  0.001505
10227.000000  -0.001274
10238.000000  -0.000473
10244.000000  -0.000449
10251.000000  -0.003622
10253.000000  0.000634
10269.000000  0.001678
10284.000000  0.001001
10304.000000  0.010864
10312.000000  -0.012191
10327.000000  -0.000407
10348.000000  0.004962
10367.000000  -0.001335
10371.000000  -0.009150
10374.000000  0.005790
10375.000000  -0.006129
