269.000000  0.048692
342.000000  0.032323
376.000000  0.017646
434.000000  0.031044
481.000000  0.033743
514.000000  0.027774
570.000000  0.039892
591.000000  0.017603
654.000000  0.035971
700.000000  0.030082
748.000000  0.028118
809.000000  0.038323
844.000000  0.028617
888.000000  0.042404
947.000000  0.047292
999.000000  0.052012
1058.000000  0.048307
1081.000000  0.048016
1111.000000  0.041823
1144.000000  0.045339
1184.000000  0.031958
1245.000000  0.033513
1295.000000  0.027469
1336.000000  0.047147
1355.000000  0.023129
1407.000000  0.040115
1468.000000  0.034452
1513.000000  0.047192
1528.000000  0.023908
1555.000000  0.036924
1572.000000  0.020007
1614.000000  0.041091
1658.000000  0.048649
1707.000000  0.047370
1766.000000  0.053312
1809.000000  0.052724
1853.000000  0.064628
1896.000000  0.051285
1924.000000  0.036401
1951.000000  0.020672
1981.000000  0.037063
2015.000000  0.038030
2038.000000  0.022839
2058.000000  0.022618
2077.000000  0.022040
2099.000000  0.025242
2126.000000  0.030924
2150.000000  0.035200
2175.000000  0.038015
2212.000000  0.034657
2224.000000  0.027887
2259.000000  0.041144
2300.000000  0.047321
2315.000000  0.028611
2341.000000  0.045629
2390.000000  0.048367
2441.000000  0.043177
2507.000000  0.069774
2560.000000  0.054816
2589.000000  0.033488
2621.000000  0.032173
2668.000000  0.043346
2700.000000  0.034846
2740.000000  0.028553
2780.000000  0.031242
2826.000000  0.052336
2862.000000  0.035492
2900.000000  0.037882
2928.000000  0.044581
2964.000000  0.033779
3026.000000  0.045868
3054.000000  0.024254
3090.000000  0.042331
3128.000000  0.038046
3149.000000  0.029671
3161.000000  0.008702
3176.000000  0.008533
3192.000000  0.035222
3220.000000  0.074230
3278.000000  0.021865
3278.000000  0.000075
3315.000000  0.020119
3333.000000  0.026316
3354.000000  0.017193
3369.000000  0.015859
3392.000000  0.048634
3419.000000  0.045071
3443.000000  0.044069
3462.000000  0.038127
3495.000000  0.064966
3517.000000  0.038706
3542.000000  0.043746
3582.000000  0.051404
3612.000000  0.044929
3653.000000  0.064889
3689.000000  0.067817
3714.000000  0.050675
3750.000000  0.039021
3781.000000  0.029345
3819.000000  0.043623
3865.000000  0.031630
3915.000000  0.045658
3973.000000  0.052948
4010.000000  0.040640
4037.000000  0.036234
4077.000000  0.035783
4086.000000  0.018613
4118.000000  0.035720
4138.000000  0.029000
4172.000000  0.030965
4211.000000  0.030761
4262.000000  0.044270
4275.000000  0.022560
4319.000000  0.036944
4362.000000  0.049062
4406.000000  0.058600
4451.000000  0.082298
4514.000000  0.111951
4580.000000  0.129395
4621.000000  0.097525
4655.000000  0.117363
4695.000000  0.096128
4727.000000  0.101254
4759.000000  0.137244
4785.000000  0.025718
4803.000000  0.020082
4817.000000  0.014432
4852.000000  0.029876
4880.000000  0.031366
4912.000000  0.033082
4957.000000  0.031542
5002.000000  0.029298
5039.000000  0.098212
5077.000000  0.058314
5131.000000  0.104243
5131.000000  0.000208
5169.000000  0.058086
5212.000000  0.058130
5266.000000  0.064108
5325.000000  0.056478
5369.000000  0.048259
5418.000000  0.042901
5468.000000  0.034329
5509.000000  0.038221
5547.000000  0.057802
5571.000000  0.032206
5599.000000  0.034897
5631.000000  0.055663
5658.000000  0.053553
5687.000000  0.075063
5703.000000  0.041100
5742.000000  0.063076
5777.000000  0.059135
5842.000000  0.065251
5878.000000  0.051838
5914.000000  0.033395
5968.000000  0.050595
6009.000000  0.044825
6037.000000  0.035733
6085.000000  0.033266
6117.000000  0.032526
6170.000000  0.049975
6177.000000  0.015307
6234.000000  0.066801
6279.000000  0.069772
6362.000000  0.065295
6404.000000  0.046316
6414.000000  0.026005
6472.000000  0.037760
6529.000000  0.051279
6556.000000  0.034109
6587.000000  0.028316
6640.000000  0.068406
6721.000000  0.090082
6754.000000  0.092643
6778.000000  0.058081
6804.000000  0.063645
6849.000000  0.103387
6875.000000  0.101113
6881.000000  0.020434
6910.000000  0.107820
6912.000000  0.003504
6948.000000  0.105526
6985.000000  0.117907
6989.000000  0.033107
7021.000000  0.114172
7066.000000  0.133040
7099.000000  0.114549
7106.000000  0.071260
7119.000000  0.024330
7132.000000  0.069120
7149.000000  0.021003
7180.000000  0.027808
7216.000000  0.066718
7242.000000  0.038494
7262.000000  0.039070
7277.000000  0.042081
7303.000000  0.052246
7354.000000  0.096507
7370.000000  0.015856
7427.000000  0.111533
7475.000000  0.072369
7521.000000  0.060891
7570.000000  0.051348
7582.000000  0.039223
7638.000000  0.057140
7685.000000  0.034782
7705.000000  0.046308
7732.000000  0.022788
7805.000000  0.029397
7844.000000  0.141993
7893.000000  0.032033
7941.000000  0.031894
7941.000000  0.000070
7990.000000  0.040213
8037.000000  0.029855
8064.000000  0.024972
8122.000000  0.045222
8174.000000  0.055046
8228.000000  0.035304
8252.000000  0.025959
8273.000000  0.039901
8302.000000  0.042318
8334.000000  0.040719
8374.000000  0.044170
8413.000000  0.059855
8449.000000  0.030796
8472.000000  0.046643
8501.000000  0.039260
8523.000000  0.025680
8545.000000  0.023671
8563.000000  0.027048
8597.000000  0.032711
8619.000000  0.027954
8638.000000  0.029118
8666.000000  0.031982
8702.000000  0.040225
8752.000000  0.062299
8771.000000  0.043640
8797.000000  0.060345
8824.000000  0.055529
8851.000000  0.060111
8858.000000  0.010782
8867.000000  0.011822
8881.000000  0.041020
8901.000000  0.012197
8914.000000  0.009273
8924.000000  0.010619
8956.000000  0.017995
8982.000000  0.019819
9018.000000  0.028503
9046.000000  0.029284
9060.000000  0.015845
9078.000000  0.027306
9088.000000  0.014555
9106.000000  0.018691
9123.000000  0.012973
9138.000000  0.013696
9164.000000  0.018110
9191.000000  0.019675
9236.000000  0.037435
9247.000000  0.010676
9280.000000  0.030842
9327.000000  0.038183
9361.000000  0.048684
9418.000000  0.045057
9461.000000  0.047890
9487.000000  0.050553
9535.000000  0.068035
9562.000000  0.064820
9597.000000  0.059050
9619.000000  0.057472
9633.000000  0.086578
9645.000000  0.014879
9695.000000  0.022103
9726.000000  0.021474
9764.000000  0.026668
9790.000000  0.023428
9790.000000  0.000077
9812.000000  0.022966
9832.000000  0.007280
9866.000000  0.078649
9885.000000  0.052686
9918.000000  0.096893
9938.000000  0.072818
9959.000000  0.088880
9974.000000  0.094321
10019.000000  0.101562
10051.000000  0.099769
10077.000000  0.094426
10091.000000  0.040682
10133.000000  0.162107
10173.000000  0.200028
10188.000000  0.182906
10190.000000  0.000542
10203.000000  0.014462
10221.000000  0.060204
10247.000000  0.043434
10273.000000  0.038848
10292.000000  0.013859
10308.000000  0.016558
10339.000000  0.015634
10366.000000  0.028857
10374.000000  0.007178
10382.000000  0.007627
10383.000000  0.003930
