4067.000000  3.095225
4767.000000  0.072565
5559.000000  0.120767
6245.000000  -0.098960
7736.000000  0.275478
9115.000000  0.262858
10555.000000  0.196980
12327.000000  0.191311
13033.000000  0.036426
14335.000000  0.098397
15425.000000  0.436698
18581.000000  0.301232
20472.000000  0.220859
21781.000000  0.288739
22306.000000  0.030653
23861.000000  0.347059
24848.000000  0.053060
25656.000000  0.086742
27468.000000  0.018100
28755.000000  0.377273
30704.000000  0.267684
32692.000000  0.417964
35816.000000  0.206217
38177.000000  0.278698
40645.000000  0.466636
42039.000000  0.016736
43006.000000  0.264793
43739.000000  0.194617
44741.000000  0.207556
45589.000000  0.189960
47643.000000  0.029421
49073.000000  0.315712
51054.000000  -0.160866
52838.000000  0.496511
53506.000000  0.197788
55589.000000  0.177958
56920.000000  0.113233
59148.000000  0.387979
60352.000000  0.327250
63858.000000  0.462958
65743.000000  0.387067
68807.000000  0.096912
70750.000000  0.617707
71709.000000  -0.006866
74089.000000  0.298883
76767.000000  0.532232
79571.000000  0.157849
81014.000000  0.445142
83831.000000  0.218031
85124.000000  0.069128
87687.000000  0.745982
88959.000000  -0.066242
91671.000000  0.337538
93719.000000  0.608866
95351.000000  0.053220
96812.000000  -0.188015
97845.000000  0.252325
99095.000000  0.437642
100371.000000  0.099533
101828.000000  -0.175003
102532.000000  0.525318
104531.000000  0.213999
105309.000000  -0.009289
106979.000000  -0.019344
108484.000000  0.265980
109429.000000  0.083336
109594.000000  0.194544
111562.000000  0.355217
112803.000000  -0.023354
114683.000000  0.194239
115026.000000  0.358873
116796.000000  0.187944
117708.000000  -0.032688
118665.000000  0.001099
119203.000000  0.326120
121256.000000  0.234709
122625.000000  -0.130358
123537.000000  -0.060720
124683.000000  0.759117
125894.000000  -0.354523
127435.000000  0.442034
127908.000000  -0.171089
128612.000000  0.532333
130165.000000  0.215189
132144.000000  -0.195873
134095.000000  -0.182558
136138.000000  0.709150
138727.000000  0.154657
139752.000000  0.689661
140601.000000  -0.308144
142075.000000  0.007856
143318.000000  0.421995
144817.000000  -0.090790
145697.000000  0.126434
145728.000000  -0.414829
146025.000000  0.758343
147120.000000  0.197548
147767.000000  -0.093548
148913.000000  0.569881
150607.000000  0.097443
152149.000000  0.316101
152633.000000  -0.280684
154154.000000  0.047491
154922.000000  0.075991
155000.000000  -0.197060
156924.000000  0.638086
158878.000000  -0.377008
159354.000000  -0.075062
159908.000000  0.491411
160391.000000  -0.050283
160504.000000  0.085718
