4067.000000  3.095225
4767.000000  3.167790
5559.000000  3.288557
6245.000000  3.189597
7736.000000  3.465075
9115.000000  3.727933
10555.000000  3.924912
12327.000000  4.116223
13033.000000  4.152649
14335.000000  4.251046
15425.000000  4.687744
18581.000000  4.988976
20472.000000  5.209836
21781.000000  5.498574
22306.000000  5.529228
23861.000000  5.876287
24848.000000  5.929347
25656.000000  6.016089
27468.000000  6.034189
28755.000000  6.411461
30704.000000  6.679145
32692.000000  7.097109
35816.000000  7.303327
38177.000000  7.582025
40645.000000  8.048660
42039.000000  8.065396
43006.000000  8.330190
43739.000000  8.524807
44741.000000  8.732363
45589.000000  8.922322
47643.000000  8.951743
49073.000000  9.267455
51054.000000  9.106589
52838.000000  9.603101
53506.000000  9.800889
55589.000000  9.978847
56920.000000  10.092079
59148.000000  10.480058
60352.000000  10.807307
63858.000000  11.270266
65743.000000  11.657332
68807.000000  11.754245
70750.000000  12.371952
71709.000000  12.365087
74089.000000  12.663970
76767.000000  13.196202
79571.000000  13.354052
81014.000000  13.799193
83831.000000  14.017224
85124.000000  14.086352
87687.000000  14.832335
88959.000000  14.766092
91671.000000  15.103630
93719.000000  15.712496
95351.000000  15.765716
96812.000000  15.577701
97845.000000  15.830026
99095.000000  16.267668
100371.000000  16.367201
101828.000000  16.192198
102532.000000  16.717516
104531.000000  16.931515
105309.000000  16.922226
106979.000000  16.902882
108484.000000  17.168861
109429.000000  17.252197
109594.000000  17.446741
111562.000000  17.801958
112803.000000  17.778605
114683.000000  17.972843
115026.000000  18.331717
116796.000000  18.519661
117708.000000  18.486973
118665.000000  18.488071
119203.000000  18.814192
121256.000000  19.048901
122625.000000  18.918543
123537.000000  18.857822
124683.000000  19.616940
125894.000000  19.262417
127435.000000  19.704451
127908.000000  19.533361
128612.000000  20.065695
130165.000000  20.280884
132144.000000  20.085011
134095.000000  19.902452
136138.000000  20.611603
138727.000000  20.766260
139752.000000  21.455921
140601.000000  21.147778
142075.000000  21.155634
143318.000000  21.577629
144817.000000  21.486839
145697.000000  21.613274
145728.000000  21.198444
146025.000000  21.956787
147120.000000  22.154335
147767.000000  22.060787
148913.000000  22.630669
150607.000000  22.728111
152149.000000  23.044212
152633.000000  22.763529
154154.000000  22.811020
154922.000000  22.887011
155000.000000  22.689951
156924.000000  23.328037
158878.000000  22.951029
159354.000000  22.875967
159908.000000  23.367378
160391.000000  23.317095
160504.000000  23.402813
