4067.000000  2.690550
4767.000000  0.160741
5559.000000  0.096203
6245.000000  -0.074753
7736.000000  0.189145
9115.000000  0.227251
10555.000000  0.158086
12327.000000  0.230099
13033.000000  -0.010782
14335.000000  0.086802
15425.000000  0.356149
18581.000000  0.246658
20472.000000  0.233908
21781.000000  0.271349
22306.000000  -0.077111
23861.000000  0.415658
24848.000000  0.009091
25656.000000  0.129439
27468.000000  -0.030794
28755.000000  0.274387
30704.000000  0.325644
32692.000000  0.309888
35816.000000  0.183641
38177.000000  0.226212
40645.000000  0.448740
42039.000000  0.009913
43006.000000  0.155775
43739.000000  0.234735
44741.000000  0.194981
45589.000000  0.136590
47643.000000  0.068687
49073.000000  0.309626
51054.000000  -0.114623
52838.000000  0.418441
53506.000000  0.153199
55589.000000  0.114285
56920.000000  0.102484
59148.000000  0.354882
60352.000000  0.293928
63858.000000  0.327405
65743.000000  0.394317
68807.000000  0.044727
70750.000000  0.517321
71709.000000  0.037636
74089.000000  0.246785
76767.000000  0.394852
79571.000000  0.189795
81014.000000  0.312207
83831.000000  0.209745
85124.000000  -0.032234
87687.000000  0.733378
88959.000000  -0.185168
91671.000000  0.392694
93719.000000  0.534439
95351.000000  0.139787
96812.000000  -0.214222
97845.000000  0.272389
99095.000000  0.377277
100371.000000  0.103403
101828.000000  -0.156558
102532.000000  0.485129
104531.000000  0.241267
105309.000000  0.028229
106979.000000  -0.040955
108484.000000  0.296895
109429.000000  0.097986
109594.000000  0.125467
111562.000000  0.352244
112803.000000  -0.069997
114683.000000  0.194344
115026.000000  0.311762
116796.000000  0.298416
117708.000000  -0.132540
118665.000000  0.100779
119203.000000  0.267677
121256.000000  0.284781
122625.000000  -0.117891
123537.000000  -0.063059
124683.000000  0.701300
125894.000000  -0.360739
127435.000000  0.427130
127908.000000  -0.142992
128612.000000  0.540226
130165.000000  0.214798
132144.000000  -0.193758
134095.000000  -0.139072
136138.000000  0.639353
138727.000000  0.226135
139752.000000  0.639366
140601.000000  -0.341204
142075.000000  0.109112
143318.000000  0.380524
144817.000000  -0.100817
145697.000000  0.184181
145728.000000  -0.325666
146025.000000  0.603607
147120.000000  0.359764
147767.000000  -0.117052
148913.000000  0.495661
150607.000000  0.083996
152149.000000  0.284214
152633.000000  -0.248053
154154.000000  0.003632
154922.000000  0.171297
155000.000000  -0.145163
156924.000000  0.611662
158878.000000  -0.289553
159354.000000  -0.050507
159908.000000  0.556164
160391.000000  -0.096155
160504.000000  0.105667
