4067.000000  2.690550
4767.000000  2.851292
5559.000000  2.947495
6245.000000  2.872741
7736.000000  3.061887
9115.000000  3.289138
10555.000000  3.447224
12327.000000  3.677322
13033.000000  3.666540
14335.000000  3.753342
15425.000000  4.109491
18581.000000  4.356150
20472.000000  4.590058
21781.000000  4.861407
22306.000000  4.784296
23861.000000  5.199954
24848.000000  5.209045
25656.000000  5.338484
27468.000000  5.307690
28755.000000  5.582077
30704.000000  5.907722
32692.000000  6.217609
35816.000000  6.401251
38177.000000  6.627463
40645.000000  7.076203
42039.000000  7.086117
43006.000000  7.241892
43739.000000  7.476626
44741.000000  7.671607
45589.000000  7.808197
47643.000000  7.876884
49073.000000  8.186510
51054.000000  8.071887
52838.000000  8.490328
53506.000000  8.643527
55589.000000  8.757812
56920.000000  8.860296
59148.000000  9.215178
60352.000000  9.509107
63858.000000  9.836512
65743.000000  10.230828
68807.000000  10.275556
70750.000000  10.792876
71709.000000  10.830512
74089.000000  11.077297
76767.000000  11.472149
79571.000000  11.661944
81014.000000  11.974152
83831.000000  12.183897
85124.000000  12.151663
87687.000000  12.885041
88959.000000  12.699873
91671.000000  13.092567
93719.000000  13.627007
95351.000000  13.766793
96812.000000  13.552571
97845.000000  13.824961
99095.000000  14.202238
100371.000000  14.305641
101828.000000  14.149083
102532.000000  14.634212
104531.000000  14.875480
105309.000000  14.903708
106979.000000  14.862754
108484.000000  15.159649
109429.000000  15.257635
109594.000000  15.383102
111562.000000  15.735347
112803.000000  15.665350
114683.000000  15.859694
115026.000000  16.171455
116796.000000  16.469872
117708.000000  16.337332
118665.000000  16.438110
119203.000000  16.705788
121256.000000  16.990568
122625.000000  16.872677
123537.000000  16.809618
124683.000000  17.510918
125894.000000  17.150179
127435.000000  17.577309
127908.000000  17.434317
128612.000000  17.974543
130165.000000  18.189341
132144.000000  17.995583
134095.000000  17.856510
136138.000000  18.495863
138727.000000  18.721998
139752.000000  19.361364
140601.000000  19.020161
142075.000000  19.129272
143318.000000  19.509796
144817.000000  19.408979
145697.000000  19.593161
145728.000000  19.267494
146025.000000  19.871101
147120.000000  20.230865
147767.000000  20.113813
148913.000000  20.609474
150607.000000  20.693470
152149.000000  20.977684
152633.000000  20.729631
154154.000000  20.733263
154922.000000  20.904560
155000.000000  20.759398
156924.000000  21.371059
158878.000000  21.081507
159354.000000  21.031000
159908.000000  21.587164
160391.000000  21.491009
160504.000000  21.596676
