269.000000  84.517014
338.000000  88.322395
379.000000  89.605881
428.000000  88.936440
490.000000  88.733299
530.000000  88.329773
571.000000  87.423836
629.000000  88.764923
680.000000  88.492645
751.000000  88.634033
821.000000  89.060669
892.000000  88.203293
970.000000  89.971352
1021.000000  88.014183
1063.000000  88.407684
1089.000000  88.906990
1116.000000  89.998451
1157.000000  86.378967
1205.000000  88.047333
1246.000000  87.855370
1294.000000  90.549583
1332.000000  89.461113
1353.000000  89.855560
1375.000000  89.227280
1404.000000  89.891815
1437.000000  90.017487
1476.000000  88.143608
1519.000000  84.399185
1556.000000  88.594833
1594.000000  89.311661
1637.000000  89.454559
1699.000000  88.950722
1742.000000  88.127998
1776.000000  88.531067
1798.000000  88.898415
1839.000000  86.614594
1879.000000  88.443390
1926.000000  87.683990
1963.000000  87.732315
1992.000000  87.300095
2021.000000  88.006500
2044.000000  88.094772
2060.000000  85.467422
2080.000000  87.734917
2096.000000  88.332504
2124.000000  86.496758
2147.000000  88.844505
2182.000000  87.727470
2197.000000  88.138840
2223.000000  87.703636
2253.000000  87.849655
2311.000000  88.947830
2350.000000  88.071518
2388.000000  88.462326
2412.000000  86.042168
2468.000000  87.486488
2493.000000  88.568214
2508.000000  88.592110
2524.000000  89.195297
2562.000000  88.868958
2598.000000  87.441277
2624.000000  86.226868
2656.000000  88.461433
2667.000000  88.714523
2689.000000  87.806770
2711.000000  88.413437
2742.000000  87.872391
2789.000000  87.430450
2829.000000  87.059547
2853.000000  86.862274
2880.000000  87.937950
2927.000000  86.053177
2981.000000  86.036842
3019.000000  87.119743
3064.000000  88.429520
3112.000000  87.356812
3144.000000  88.736298
3179.000000  89.057671
3212.000000  88.806458
3246.000000  86.946159
3273.000000  88.029770
3315.000000  85.972748
3322.000000  88.777077
3350.000000  87.801102
3381.000000  88.699806
3422.000000  88.159340
3455.000000  87.009453
3489.000000  88.553970
3534.000000  88.367844
3576.000000  88.758423
3593.000000  88.235748
3627.000000  88.893372
3658.000000  88.751373
3705.000000  88.182793
3746.000000  88.579208
3773.000000  87.943924
3818.000000  87.766426
3836.000000  88.138657
3881.000000  87.827522
3918.000000  87.964912
3950.000000  87.584404
3990.000000  87.157936
4032.000000  88.194138
4073.000000  87.948509
4103.000000  87.739624
4137.000000  87.804832
4170.000000  88.257927
4203.000000  88.063499
4239.000000  86.325951
4279.000000  86.266914
4324.000000  87.922958
4351.000000  88.006775
4369.000000  88.352165
4388.000000  88.421806
4407.000000  87.468491
4434.000000  85.039360
4466.000000  88.047310
4489.000000  88.443039
4511.000000  88.725510
4537.000000  88.030830
4569.000000  87.923279
4613.000000  87.487000
4655.000000  87.147415
4678.000000  87.366531
4706.000000  88.168022
4751.000000  87.740227
4830.000000  87.552124
4858.000000  87.592873
4910.000000  87.935844
4949.000000  88.058815
4987.000000  87.031250
5029.000000  87.480560
5070.000000  86.738289
5115.000000  86.872635
5162.000000  87.403893
5213.000000  88.012817
5267.000000  87.397293
5315.000000  87.960876
5358.000000  87.812271
5408.000000  86.490280
5452.000000  85.883759
5498.000000  86.905975
5540.000000  86.765526
5581.000000  87.073502
5622.000000  87.176239
5655.000000  87.193497
5690.000000  87.368530
5723.000000  86.952133
5750.000000  87.812546
5777.000000  88.161133
5816.000000  88.487068
5846.000000  88.442390
5890.000000  88.033257
5930.000000  88.530502
5947.000000  88.664314
5991.000000  88.707657
6029.000000  87.637482
6043.000000  88.517776
6071.000000  87.930336
6133.000000  88.035141
6181.000000  88.141998
6253.000000  89.213799
6296.000000  89.369110
6327.000000  88.942711
6376.000000  88.500778
6408.000000  89.131790
6438.000000  89.409294
6470.000000  88.917419
6506.000000  89.536118
6545.000000  89.313263
6584.000000  88.217148
6626.000000  89.020424
6677.000000  88.934479
6734.000000  89.533325
6784.000000  89.218765
6835.000000  88.493797
6872.000000  87.679024
6941.000000  89.544731
6975.000000  89.717033
7014.000000  89.070930
7050.000000  88.771935
7110.000000  90.495636
7146.000000  90.346191
7171.000000  89.670059
7192.000000  90.558990
7223.000000  89.747231
7247.000000  90.276009
7270.000000  90.179893
7303.000000  89.166000
7342.000000  89.695648
7381.000000  90.296371
7422.000000  89.277695
7454.000000  89.992973
7497.000000  89.406395
7545.000000  88.870102
7580.000000  90.183212
7612.000000  89.059158
7640.000000  88.824348
7669.000000  90.545074
7714.000000  90.621887
7744.000000  90.095886
7784.000000  89.749268
7822.000000  90.304131
7860.000000  89.163368
7900.000000  90.261856
7924.000000  89.766861
7964.000000  90.457787
8018.000000  89.787033
8047.000000  91.202713
8087.000000  90.637566
8140.000000  90.664169
8170.000000  90.512756
8194.000000  89.079353
8230.000000  90.331467
8287.000000  90.487854
8353.000000  90.622299
8392.000000  90.344116
8448.000000  89.462265
8475.000000  89.551208
8503.000000  89.664276
8542.000000  90.136734
8584.000000  89.884361
8627.000000  90.403275
8653.000000  89.616936
8683.000000  89.838600
8725.000000  89.556229
8753.000000  90.694244
8786.000000  89.979172
8809.000000  89.574570
8853.000000  90.529678
8887.000000  89.292625
8915.000000  90.147606
8938.000000  89.763901
8993.000000  90.189842
9023.000000  89.761269
9067.000000  90.583817
9088.000000  90.747017
9097.000000  89.073776
9125.000000  90.869499
9149.000000  90.358765
9156.000000  90.362106
9181.000000  91.203583
9202.000000  91.020813
9242.000000  90.844093
9276.000000  90.882645
9307.000000  89.911079
9347.000000  91.191315
9391.000000  90.192810
9415.000000  91.573898
9427.000000  91.586304
9460.000000  91.462799
9510.000000  91.036400
9547.000000  91.463425
9579.000000  90.973602
9597.000000  91.875168
9612.000000  90.556938
9639.000000  91.662354
9654.000000  91.105804
9673.000000  91.611290
9695.000000  91.484222
9711.000000  91.949287
9723.000000  91.802078
9743.000000  91.497147
9764.000000  91.097916
9776.000000  91.857376
9790.000000  92.492989
9792.000000  92.534340
9816.000000  91.953636
9844.000000  90.705093
9858.000000  91.574585
9869.000000  90.702560
9891.000000  90.889900
9932.000000  91.931282
9982.000000  92.150215
10007.000000  92.158165
10029.000000  92.128387
10055.000000  92.209991
10068.000000  92.531494
10077.000000  91.548538
10086.000000  90.852882
10087.000000  91.699936
10095.000000  92.378036
10117.000000  91.947136
10143.000000  92.661896
10177.000000  92.233620
10216.000000  91.681061
10260.000000  91.386238
10316.000000  91.623230
10346.000000  91.941170
10364.000000  92.872414
10365.000000  91.102844
10372.000000  92.607834
10378.000000  92.630768
10380.000000  92.690109
