995.000000  0.750753
1261.000000  0.013948
1485.000000  -0.001671
1725.000000  0.041584
1963.000000  0.027948
2209.000000  0.039521
2593.000000  0.053165
2945.000000  0.076709
3304.000000  0.052700
3610.000000  0.060888
3857.000000  0.018163
4135.000000  -0.010538
4379.000000  0.063046
4640.000000  0.026301
4905.000000  0.004432
5190.000000  0.055995
5466.000000  0.042468
5661.000000  0.016662
5845.000000  0.047952
6021.000000  -0.000674
6182.000000  0.023405
6409.000000  0.021962
6685.000000  0.066738
6976.000000  0.017140
7260.000000  -0.021774
7589.000000  0.072668
7805.000000  0.022141
8010.000000  0.091894
8197.000000  0.016396
8368.000000  0.067425
8548.000000  0.002857
8826.000000  -0.018261
9069.000000  0.060039
9247.000000  -0.025253
9413.000000  0.018213
9699.000000  0.074068
9983.000000  0.021560
10198.000000  0.028192
10342.000000  0.042118
10448.000000  0.039394
10658.000000  -0.036754
10951.000000  0.051538
11221.000000  0.054170
11498.000000  0.080719
11767.000000  -0.022371
11993.000000  0.010010
12227.000000  0.078362
12484.000000  0.031116
12701.000000  0.039531
12920.000000  -0.001920
13179.000000  0.008741
13422.000000  0.006422
13717.000000  0.156602
14001.000000  0.017834
14181.000000  -0.070280
14288.000000  -0.013098
14492.000000  0.066828
14703.000000  0.039974
14792.000000  0.016669
14947.000000  0.024096
15210.000000  0.011375
15372.000000  0.082296
15598.000000  0.106931
15773.000000  -0.137232
15973.000000  0.070046
16101.000000  -0.004060
16321.000000  0.022209
16563.000000  0.068656
16865.000000  -0.026835
17113.000000  0.011685
17358.000000  0.065642
17637.000000  0.045660
17901.000000  0.030355
18051.000000  0.055923
18298.000000  -0.002409
18463.000000  0.012754
18782.000000  0.067827
18958.000000  0.019334
19263.000000  0.009550
19481.000000  0.064096
19826.000000  -0.003342
19976.000000  0.102554
20213.000000  -0.024333
20401.000000  0.003703
20581.000000  -0.018992
20881.000000  0.099808
21156.000000  0.068241
21412.000000  -0.013119
21703.000000  0.074586
22031.000000  0.082379
22383.000000  0.021212
22616.000000  0.024343
22985.000000  -0.063938
23203.000000  0.088129
23567.000000  0.112766
23892.000000  0.022443
24214.000000  0.034356
24437.000000  -0.013936
24817.000000  0.014712
25084.000000  0.087975
25441.000000  0.026639
25768.000000  -0.029469
26054.000000  0.081587
26480.000000  0.113198
26726.000000  -0.042804
27186.000000  0.171997
27386.000000  -0.103543
27687.000000  0.085922
27837.000000  -0.019786
28192.000000  0.071329
28531.000000  0.034924
29099.000000  0.185924
29785.000000  -0.059961
30345.000000  0.130279
30562.000000  0.044189
30928.000000  -0.026233
31305.000000  0.056036
31584.000000  0.025389
31776.000000  0.043617
32007.000000  0.074093
32190.000000  0.012553
32597.000000  0.005627
32966.000000  0.002692
33162.000000  -0.003791
33325.000000  0.198357
33584.000000  -0.149440
33715.000000  0.066471
34217.000000  0.025229
34401.000000  0.151865
34801.000000  0.164774
35052.000000  -0.235429
35172.000000  0.100123
35516.000000  0.065700
35574.000000  -0.103121
35783.000000  0.052191
35942.000000  -0.019912
36071.000000  0.049091
36258.000000  0.110268
36492.000000  -0.058605
36724.000000  -0.006357
37012.000000  0.039793
37523.000000  0.052895
37856.000000  -0.000740
38054.000000  0.095637
38407.000000  -0.076013
38759.000000  0.313862
39305.000000  -0.218076
39652.000000  0.120886
39848.000000  0.060194
40078.000000  -0.064123
40242.000000  0.079896
40267.000000  0.040133
40326.000000  -0.079714
40488.000000  0.025549
40685.000000  0.093444
40770.000000  0.057348
40793.000000  -0.104528
40814.000000  0.031480
