269.000000  0.169098
338.000000  0.170375
385.000000  0.182844
431.000000  0.186619
505.000000  0.195660
553.000000  0.213685
594.000000  0.204449
646.000000  0.222131
718.000000  0.231975
751.000000  0.225891
798.000000  0.234498
836.000000  0.233111
872.000000  0.229581
925.000000  0.253446
984.000000  0.247170
1017.000000  0.253192
1086.000000  0.258977
1127.000000  0.259206
1161.000000  0.267099
1220.000000  0.277576
1279.000000  0.279480
1305.000000  0.298465
1339.000000  0.302230
1362.000000  0.298786
1392.000000  0.287593
1449.000000  0.298828
1484.000000  0.296490
1509.000000  0.293897
1536.000000  0.323671
1563.000000  0.332703
1589.000000  0.307896
1631.000000  0.333242
1655.000000  0.333552
1690.000000  0.323029
1716.000000  0.326832
1739.000000  0.327808
1764.000000  0.323618
1791.000000  0.326154
1808.000000  0.351095
1826.000000  0.346614
1845.000000  0.349364
1859.000000  0.346525
1883.000000  0.351026
1918.000000  0.352644
1944.000000  0.349443
1984.000000  0.372365
2012.000000  0.369492
2035.000000  0.384874
2079.000000  0.391899
2138.000000  0.381586
2202.000000  0.427506
2233.000000  0.399947
2258.000000  0.389248
2287.000000  0.397835
2308.000000  0.379558
2346.000000  0.432626
2388.000000  0.404586
2403.000000  0.391545
2427.000000  0.448239
2460.000000  0.422061
2498.000000  0.420589
2526.000000  0.438834
2560.000000  0.419250
2581.000000  0.434859
2595.000000  0.477069
2623.000000  0.461845
2653.000000  0.445918
2697.000000  0.450879
2724.000000  0.444205
2742.000000  0.460011
2773.000000  0.456289
2796.000000  0.461536
2820.000000  0.470849
2848.000000  0.458517
2890.000000  0.475436
2935.000000  0.489571
2967.000000  0.473961
3015.000000  0.491578
3070.000000  0.482982
3146.000000  0.523773
3193.000000  0.508299
3225.000000  0.493725
3246.000000  0.496999
3280.000000  0.517874
3319.000000  0.516169
3340.000000  0.521393
3364.000000  0.519261
3382.000000  0.536321
3397.000000  0.519651
3433.000000  0.539533
3483.000000  0.535118
3519.000000  0.525511
3542.000000  0.553974
3563.000000  0.553490
3588.000000  0.582091
3616.000000  0.543250
3641.000000  0.573346
3676.000000  0.592846
3707.000000  0.572139
3734.000000  0.565546
3767.000000  0.581851
3819.000000  0.569951
3855.000000  0.583802
3908.000000  0.580291
3944.000000  0.596974
3990.000000  0.593908
4047.000000  0.654215
4086.000000  0.602256
4117.000000  0.624740
4151.000000  0.649872
4198.000000  0.629225
4243.000000  0.626591
4301.000000  0.617051
4342.000000  0.644749
4385.000000  0.669604
4419.000000  0.673788
4464.000000  0.658770
4512.000000  0.699151
4548.000000  0.695638
4608.000000  0.691442
4666.000000  0.689490
4700.000000  0.690134
4746.000000  0.689760
4814.000000  0.676705
4877.000000  0.684402
4949.000000  0.709675
5006.000000  0.745512
5057.000000  0.734889
5101.000000  0.726076
5149.000000  0.758215
5194.000000  0.759438
5240.000000  0.772645
5282.000000  0.769389
5307.000000  0.759748
5336.000000  0.766898
5401.000000  0.753297
5450.000000  0.800297
5494.000000  0.760725
5551.000000  0.809216
5579.000000  0.840271
5614.000000  0.804742
5667.000000  0.793616
5735.000000  0.820972
5757.000000  0.834122
5787.000000  0.822704
5824.000000  0.808323
5880.000000  0.845598
5926.000000  0.869956
5982.000000  0.824105
6038.000000  0.922009
6093.000000  0.887046
6136.000000  0.884976
6191.000000  0.935980
6242.000000  0.887636
6284.000000  0.918883
6322.000000  0.914354
6384.000000  0.907050
6434.000000  0.923315
6511.000000  0.962340
6610.000000  0.941541
6646.000000  0.924521
6684.000000  0.975067
6728.000000  0.941312
6762.000000  0.965538
6803.000000  0.981196
6836.000000  0.953551
6880.000000  0.940024
6924.000000  0.982992
6982.000000  1.027812
7020.000000  0.990453
7082.000000  1.028229
7146.000000  0.998057
7210.000000  1.015096
7247.000000  1.062840
7294.000000  1.055665
7354.000000  1.029470
7396.000000  1.038412
7425.000000  1.013292
7481.000000  1.024743
7525.000000  1.076100
7561.000000  1.039074
7590.000000  1.062183
7637.000000  1.061507
7684.000000  1.073939
7726.000000  1.041841
7754.000000  1.058119
7785.000000  1.078518
7827.000000  1.108334
7864.000000  1.182126
7917.000000  1.066119
7977.000000  1.110428
8024.000000  1.093869
8062.000000  1.108440
8096.000000  1.119154
8137.000000  1.096038
8159.000000  1.146161
8200.000000  1.140436
8236.000000  1.131404
8268.000000  1.136437
8299.000000  1.148174
8325.000000  1.116584
8352.000000  1.181503
8373.000000  1.138128
8417.000000  1.119495
8440.000000  1.133513
8478.000000  1.159746
8507.000000  1.105698
8545.000000  1.199829
8576.000000  1.160735
8613.000000  1.152065
8647.000000  1.189039
8668.000000  1.183580
8686.000000  1.157996
8695.000000  1.142284
8716.000000  1.177219
8736.000000  1.153500
8761.000000  1.147932
8770.000000  1.131122
8781.000000  1.143311
8798.000000  1.213740
8838.000000  1.210942
8870.000000  1.203159
8943.000000  1.230485
9005.000000  1.169414
9029.000000  1.170350
9052.000000  1.181346
9072.000000  1.274137
9091.000000  1.193582
9097.000000  1.204201
9111.000000  1.215852
9122.000000  1.228863
9141.000000  1.211944
9159.000000  1.187022
9181.000000  1.181995
9201.000000  1.242089
9219.000000  1.281670
9231.000000  1.200785
9247.000000  1.219254
9263.000000  1.192904
9281.000000  1.258775
9332.000000  1.230348
9378.000000  1.223571
9406.000000  1.270062
9435.000000  1.284725
9481.000000  1.329360
9509.000000  1.251887
9541.000000  1.220666
9591.000000  1.274439
9630.000000  1.330845
9666.000000  1.273902
9697.000000  1.282272
9738.000000  1.232764
9786.000000  1.369940
9801.000000  1.266991
9819.000000  1.242248
9830.000000  1.257753
9840.000000  1.357716
9860.000000  1.307865
9883.000000  1.250005
9913.000000  1.304098
9922.000000  1.298471
9940.000000  1.279431
9959.000000  1.303548
9977.000000  1.312499
9993.000000  1.244095
10008.000000  1.271799
10025.000000  1.342543
10048.000000  1.266772
10089.000000  1.293056
10101.000000  1.265283
10104.000000  1.260423
10124.000000  1.258072
10147.000000  1.311475
10185.000000  1.272659
10211.000000  1.254511
10254.000000  1.274702
10286.000000  1.287975
10307.000000  1.281637
10322.000000  1.298976
10342.000000  1.323866
10367.000000  1.284965
10371.000000  1.294662
