269.000000  0.145456
338.000000  0.008207
385.000000  0.009580
431.000000  0.002686
505.000000  0.009192
553.000000  0.006704
594.000000  -0.002823
646.000000  0.017946
718.000000  0.011354
751.000000  -0.006419
798.000000  0.008555
836.000000  -0.000140
872.000000  -0.007231
925.000000  0.022516
984.000000  -0.006771
1017.000000  0.006302
1086.000000  0.004995
1127.000000  -0.002138
1161.000000  0.010162
1220.000000  0.009233
1279.000000  -0.007527
1305.000000  0.025147
1339.000000  0.004591
1362.000000  -0.004465
1392.000000  -0.011437
1449.000000  0.012947
1484.000000  -0.000776
1509.000000  -0.005092
1536.000000  0.025296
1563.000000  -0.006694
1589.000000  -0.006351
1631.000000  0.019527
1655.000000  -0.002521
1690.000000  -0.000678
1716.000000  0.003340
1739.000000  0.000903
1764.000000  -0.003188
1791.000000  0.001154
1808.000000  0.024374
1826.000000  -0.009573
1845.000000  0.008853
1859.000000  -0.006885
1883.000000  0.008035
1918.000000  -0.000445
1944.000000  -0.003015
1984.000000  0.022036
2012.000000  -0.004646
2035.000000  0.017859
2079.000000  0.005730
2138.000000  -0.013503
2202.000000  0.031235
2233.000000  -0.008337
2258.000000  -0.011781
2287.000000  0.007621
2308.000000  -0.016881
2346.000000  0.042995
2388.000000  -0.023095
2403.000000  -0.011381
2427.000000  0.055144
2460.000000  -0.026079
2498.000000  -0.003271
2526.000000  0.008082
2560.000000  -0.014089
2581.000000  0.018098
2595.000000  0.035402
2623.000000  -0.009075
2653.000000  -0.018867
2697.000000  0.005237
2724.000000  -0.003994
2742.000000  0.007472
2773.000000  -0.000710
2796.000000  0.008166
2820.000000  0.003397
2848.000000  -0.006273
2890.000000  0.015697
2935.000000  0.009637
2967.000000  -0.014369
3015.000000  0.018948
3070.000000  -0.010327
3146.000000  0.039675
3193.000000  -0.020765
3225.000000  -0.007974
3246.000000  -0.004495
3280.000000  0.024646
3319.000000  -0.000105
3340.000000  0.006869
3364.000000  -0.008058
3382.000000  0.020262
3397.000000  -0.022655
3433.000000  0.021196
3483.000000  -0.003039
3519.000000  -0.005888
3542.000000  0.024326
3563.000000  0.000196
3588.000000  0.017714
3616.000000  -0.027426
3641.000000  0.016514
3676.000000  0.027435
3707.000000  -0.021109
3734.000000  -0.005899
3767.000000  0.014430
3819.000000  -0.009256
3855.000000  0.010865
3908.000000  -0.000570
3944.000000  0.010359
3990.000000  -0.003515
4047.000000  0.056847
4086.000000  -0.044653
4117.000000  0.014961
4151.000000  0.018295
4198.000000  -0.015141
4243.000000  -0.015074
4301.000000  0.008783
4342.000000  0.022767
4385.000000  0.024308
4419.000000  0.005628
4464.000000  -0.024103
4512.000000  0.041004
4548.000000  0.005396
4608.000000  -0.017143
4666.000000  0.008225
4700.000000  0.000077
4746.000000  -0.004131
4814.000000  -0.018332
4877.000000  0.010877
4949.000000  0.028946
5006.000000  0.025137
5057.000000  -0.004621
5101.000000  -0.023294
5149.000000  0.045887
5194.000000  0.002109
5240.000000  -0.011409
5282.000000  0.002897
5307.000000  0.000880
5336.000000  0.010623
5401.000000  -0.013102
5450.000000  0.046307
5494.000000  -0.046621
5551.000000  0.030878
5579.000000  0.054709
5614.000000  -0.040077
5667.000000  -0.012508
5735.000000  0.027693
5757.000000  0.008319
5787.000000  -0.011599
5824.000000  -0.011264
5880.000000  0.027352
5926.000000  0.018416
5982.000000  -0.033235
6038.000000  0.092988
6093.000000  -0.043799
6136.000000  0.001468
6191.000000  0.026901
6242.000000  -0.033846
6284.000000  0.041951
6322.000000  -0.014491
6384.000000  0.000733
6434.000000  0.005791
6511.000000  0.046107
6610.000000  -0.026210
6646.000000  -0.015740
6684.000000  0.019893
6728.000000  0.000083
6762.000000  0.022150
6803.000000  0.016862
6836.000000  -0.029833
6880.000000  -0.018963
6924.000000  0.034911
6982.000000  0.041913
7020.000000  -0.038135
7082.000000  0.041707
7146.000000  -0.023872
7210.000000  0.015943
7247.000000  0.049728
7294.000000  -0.005633
7354.000000  -0.041771
7396.000000  0.019213
7425.000000  -0.021347
7481.000000  0.007699
7525.000000  0.051170
7561.000000  -0.034556
7590.000000  0.025884
7637.000000  0.002109
7684.000000  0.006930
7726.000000  -0.030364
7754.000000  0.006155
7785.000000  0.032719
7827.000000  0.016704
7864.000000  0.074733
7917.000000  -0.114333
7977.000000  0.048194
8024.000000  -0.017031
8062.000000  0.013422
8096.000000  0.010444
8137.000000  -0.018502
8159.000000  0.033017
8200.000000  -0.011884
8236.000000  0.019275
8268.000000  -0.012895
8299.000000  0.032731
8325.000000  -0.032220
8352.000000  0.066504
8373.000000  -0.057944
8417.000000  -0.000789
8440.000000  0.015449
8478.000000  0.021508
8507.000000  -0.048508
8545.000000  0.079649
8576.000000  -0.029678
8613.000000  -0.008653
8647.000000  0.021801
8668.000000  -0.004616
8686.000000  -0.003678
8695.000000  -0.018204
8716.000000  0.030691
8736.000000  -0.026212
8761.000000  -0.008725
8770.000000  -0.003588
8781.000000  0.017761
8798.000000  0.061898
8838.000000  0.006298
8870.000000  -0.013190
8943.000000  0.021551
9005.000000  -0.055976
9029.000000  -0.005603
9052.000000  0.021225
9072.000000  0.091699
9091.000000  -0.088326
9097.000000  0.025280
9111.000000  0.011808
9122.000000  0.010959
9141.000000  -0.029334
9159.000000  -0.012699
9181.000000  -0.000224
9201.000000  0.055302
9219.000000  0.020790
9231.000000  -0.059700
9247.000000  0.019375
9263.000000  -0.026828
9281.000000  0.066872
9332.000000  -0.037643
9378.000000  -0.000532
9406.000000  0.043734
9435.000000  0.009059
9481.000000  0.034951
9509.000000  -0.067327
9541.000000  -0.028413
9591.000000  0.055414
9630.000000  0.051303
9666.000000  -0.051706
9697.000000  -0.013276
9738.000000  -0.027897
9786.000000  0.136457
9801.000000  -0.104828
9819.000000  -0.020299
9830.000000  0.006152
9840.000000  0.078922
9860.000000  -0.017915
9883.000000  -0.056354
9913.000000  0.054212
9922.000000  -0.012855
9940.000000  -0.009066
9959.000000  0.022112
9977.000000  -0.008154
9993.000000  -0.054820
10008.000000  0.033149
10025.000000  0.069051
10048.000000  -0.077033
10089.000000  0.026105
10101.000000  -0.026245
10104.000000  -0.017394
10124.000000  0.001207
10147.000000  0.052134
10185.000000  -0.027568
10211.000000  -0.018246
10254.000000  0.018619
10286.000000  0.014191
10307.000000  -0.005381
10322.000000  0.010935
10342.000000  0.029011
10367.000000  -0.046132
10371.000000  0.019762
