995.000000  0.162689
1272.000000  -0.021207
1489.000000  -0.029618
1777.000000  0.022888
2069.000000  0.031452
2335.000000  -0.008961
2608.000000  0.022697
2856.000000  -0.000800
3171.000000  0.021211
3457.000000  -0.008617
3765.000000  0.057113
4024.000000  -0.025361
4327.000000  -0.005628
4575.000000  -0.037262
4733.000000  -0.056982
4869.000000  -0.043606
5025.000000  0.067396
5202.000000  0.006914
5376.000000  0.015279
5532.000000  0.004664
5756.000000  -0.028192
5967.000000  0.016034
6232.000000  -0.019580
6514.000000  0.053479
6693.000000  -0.063768
6862.000000  -0.035507
6949.000000  0.002033
7065.000000  0.003520
7216.000000  -0.009995
7320.000000  -0.012905
7406.000000  -0.038057
7420.000000  -0.028091
7435.000000  0.026702
7549.000000  0.018034
7659.000000  0.000857
7840.000000  0.028661
8020.000000  0.018989
8333.000000  0.048526
8387.000000  -0.037786
8625.000000  0.039951
8827.000000  0.015768
8995.000000  -0.047593
9100.000000  -0.017180
9251.000000  0.029714
9356.000000  0.006479
9513.000000  -0.016944
9657.000000  -0.003913
9799.000000  0.016733
9975.000000  0.004778
10190.000000  0.014793
10415.000000  0.011233
10596.000000  -0.010089
10824.000000  0.040991
11053.000000  -0.006708
11332.000000  0.023031
11580.000000  -0.006381
11857.000000  -0.021735
12117.000000  0.038850
12376.000000  -0.020188
12609.000000  -0.046922
12828.000000  -0.017925
13010.000000  0.026071
13195.000000  -0.031367
13371.000000  -0.006952
13486.000000  0.006220
13655.000000  0.054436
13714.000000  -0.017118
13922.000000  0.061178
14128.000000  0.030214
14290.000000  -0.114653
14505.000000  0.015726
14742.000000  -0.007366
14928.000000  -0.011228
15104.000000  -0.023591
15272.000000  0.172494
15460.000000  -0.169241
15489.000000  -0.035554
15641.000000  0.025137
15788.000000  -0.042149
15877.000000  -0.014920
15982.000000  0.031159
16124.000000  0.027217
16291.000000  0.024024
16437.000000  0.007443
16592.000000  -0.046890
16686.000000  -0.014349
16796.000000  0.018437
16957.000000  0.047912
17155.000000  0.000732
17301.000000  0.018191
17488.000000  -0.062314
17668.000000  -0.018549
17875.000000  0.010162
18053.000000  -0.002848
18243.000000  0.022265
18412.000000  -0.026487
18620.000000  0.013600
18914.000000  0.039482
19174.000000  -0.005242
19323.000000  -0.025091
19525.000000  0.006029
19770.000000  0.052175
20005.000000  -0.003949
20367.000000  0.023429
20759.000000  0.014490
21075.000000  0.016793
21287.000000  -0.082739
21552.000000  -0.015669
21718.000000  -0.021828
21822.000000  -0.038565
21885.000000  -0.032409
22042.000000  0.090723
22272.000000  0.028696
22538.000000  0.043030
22688.000000  -0.046129
22765.000000  -0.124516
22880.000000  0.068455
23143.000000  0.058981
23304.000000  -0.028691
23465.000000  0.022825
23690.000000  -0.001451
23876.000000  0.027932
24090.000000  -0.001217
24324.000000  0.022567
24527.000000  -0.026853
24775.000000  0.039081
24971.000000  -0.018505
25223.000000  0.076197
25445.000000  -0.020279
25606.000000  0.012830
25736.000000  -0.102853
25885.000000  0.080708
26083.000000  -0.009359
26299.000000  0.036232
26500.000000  -0.000088
26630.000000  -0.074649
26808.000000  0.041543
26956.000000  0.026322
27127.000000  -0.007165
27284.000000  -0.041913
27469.000000  0.012079
27642.000000  0.011447
27886.000000  0.026067
28078.000000  -0.065900
28330.000000  0.009681
28555.000000  -0.014725
28780.000000  0.044466
29005.000000  0.013555
29216.000000  -0.033656
29433.000000  -0.026178
29574.000000  -0.013146
29687.000000  0.026021
29901.000000  0.024800
30023.000000  -0.096173
30194.000000  0.053942
30406.000000  0.098279
30531.000000  0.005369
30624.000000  -0.031770
30731.000000  0.034925
30895.000000  0.095923
31142.000000  -0.014219
31346.000000  0.215185
31382.000000  -0.118852
31423.000000  -0.416820
31503.000000  0.003513
31629.000000  0.045500
31730.000000  0.266466
31797.000000  0.037192
31906.000000  0.070714
32021.000000  -0.404064
32137.000000  0.010816
32290.000000  0.308943
32497.000000  0.026356
32692.000000  0.124928
32902.000000  0.033658
33090.000000  -0.031319
33279.000000  -0.066163
33402.000000  -0.095396
33436.000000  -0.075042
33502.000000  0.085938
33598.000000  0.065086
33633.000000  -0.182200
33725.000000  0.447740
33766.000000  -0.538430
33780.000000  0.007514
33814.000000  0.006721
33947.000000  0.054778
34039.000000  0.071498
34084.000000  0.024767
34155.000000  -0.310584
34261.000000  0.015514
34271.000000  -0.047912
34316.000000  0.011461
34373.000000  0.011098
34448.000000  -0.006947
34531.000000  0.010001
34638.000000  0.012898
34724.000000  0.050615
34849.000000  -0.022964
34892.000000  -0.027567
34959.000000  0.347074
35063.000000  0.029297
35165.000000  -0.021031
35248.000000  0.242347
35334.000000  -0.550304
35437.000000  -0.022676
35537.000000  0.006904
35662.000000  0.004866
35721.000000  -0.021583
35776.000000  0.019830
35901.000000  0.044639
36086.000000  0.012158
36280.000000  0.014933
36434.000000  0.038508
36586.000000  0.010691
36688.000000  -0.069661
36789.000000  -0.045348
36849.000000  0.003332
36874.000000  -0.056286
36955.000000  0.013962
37057.000000  0.023252
37197.000000  -0.009120
37356.000000  0.106787
37583.000000  0.096545
37664.000000  -0.104463
37894.000000  0.122351
38009.000000  0.008577
38051.000000  0.016312
38133.000000  -0.242967
38215.000000  0.005978
38287.000000  -0.008311
38351.000000  0.003037
38411.000000  0.015078
38506.000000  0.036524
38593.000000  0.001211
38714.000000  -0.013596
38806.000000  -0.015141
38902.000000  -0.001611
38978.000000  0.000696
39027.000000  0.005382
39108.000000  0.019036
39162.000000  0.025042
39191.000000  -0.082855
39193.000000  -0.050060
39234.000000  0.147874
39274.000000  -0.010672
39286.000000  -0.056253
39364.000000  -0.040446
39534.000000  0.009787
39712.000000  0.025424
39897.000000  0.029692
39938.000000  -0.012895
40132.000000  0.051791
40327.000000  0.000044
40529.000000  0.028034
40689.000000  0.024330
40771.000000  -0.078956
40815.000000  -0.013979
40820.000000  -0.067760
40824.000000  -0.005203
