576.000000  0.111255
716.000000  -0.008834
888.000000  0.005935
1108.000000  0.017987
1325.000000  0.001242
1495.000000  -0.010157
1614.000000  -0.023675
1785.000000  0.034901
1862.000000  -0.019149
2008.000000  0.017987
2247.000000  0.035424
2404.000000  -0.002563
2632.000000  0.030675
2816.000000  -0.008065
3011.000000  -0.010595
3149.000000  -0.068869
3258.000000  0.012771
3335.000000  -0.036321
3387.000000  -0.021709
3509.000000  0.016372
3608.000000  -0.010383
3661.000000  -0.008250
3730.000000  -0.002257
3813.000000  0.002260
3836.000000  -0.024740
3909.000000  0.012906
3985.000000  0.003558
4057.000000  0.010625
4165.000000  0.030799
4262.000000  -0.012004
4417.000000  0.064281
4570.000000  0.004796
4697.000000  0.015038
4849.000000  0.014410
4954.000000  -0.053099
5085.000000  -0.009465
5239.000000  0.002926
5356.000000  0.023868
5510.000000  -0.014390
5688.000000  0.035136
5853.000000  -0.009225
5991.000000  -0.001282
6170.000000  -0.019369
6331.000000  0.013422
6502.000000  0.010104
6720.000000  0.028156
6902.000000  -0.039982
7097.000000  0.034518
7294.000000  -0.016865
7476.000000  -0.011712
7685.000000  0.015758
7873.000000  0.007102
7933.000000  -0.071996
8129.000000  0.062635
8298.000000  -0.011481
8413.000000  -0.055894
8508.000000  -0.006461
8614.000000  0.014825
8753.000000  0.033287
8908.000000  0.147235
9064.000000  -0.041301
9261.000000  0.017170
9389.000000  -0.083301
9541.000000  -0.022194
9701.000000  -0.010887
9754.000000  -0.036347
9901.000000  0.002630
10027.000000  0.008899
10164.000000  0.014114
10341.000000  -0.011421
10477.000000  0.007508
10620.000000  -0.001704
10817.000000  0.022288
10943.000000  -0.023169
11069.000000  0.005092
11222.000000  -0.000817
11262.000000  -0.059482
11418.000000  0.028274
11575.000000  0.004518
11754.000000  0.011118
11869.000000  -0.015401
11919.000000  -0.025507
11929.000000  -0.022500
12058.000000  0.042844
12223.000000  0.017835
12388.000000  0.034570
12548.000000  0.015287
12794.000000  -0.013999
12996.000000  -0.008863
13138.000000  -0.049179
13260.000000  0.017462
13386.000000  -0.025350
13516.000000  0.002608
13702.000000  0.015241
13854.000000  0.023738
14006.000000  -0.028725
14173.000000  0.038218
14340.000000  0.006477
14532.000000  0.019539
14711.000000  0.016534
14893.000000  -0.037375
15108.000000  0.018333
15291.000000  -0.017974
15462.000000  -0.024384
15637.000000  0.007924
15784.000000  -0.018543
15922.000000  0.003477
16077.000000  0.035833
16277.000000  0.052144
16422.000000  -0.003054
16654.000000  0.006943
16857.000000  -0.051713
17038.000000  0.017873
17275.000000  0.030072
17482.000000  -0.002323
17724.000000  -0.020754
17909.000000  -0.006402
18103.000000  -0.032097
18314.000000  -0.003204
18470.000000  0.008294
18646.000000  0.023209
18860.000000  0.069622
19062.000000  0.069548
19182.000000  -0.003099
19277.000000  -0.174273
19326.000000  -0.036570
19432.000000  0.015863
19506.000000  -0.038320
19582.000000  -0.012944
19682.000000  0.011742
19773.000000  0.090667
19886.000000  0.014765
20012.000000  -0.000324
20133.000000  0.018871
20267.000000  -0.010164
20425.000000  0.005721
20546.000000  -0.017488
20709.000000  -0.003564
20847.000000  -0.025941
21005.000000  0.029631
21151.000000  0.014276
21309.000000  -0.025407
21486.000000  0.040149
21655.000000  -0.043424
21794.000000  -0.002385
21968.000000  0.058738
22122.000000  -0.041051
22185.000000  0.036113
22247.000000  -0.046731
22343.000000  0.037891
22487.000000  0.032518
22601.000000  0.018245
22740.000000  0.098859
22870.000000  -0.048594
23037.000000  0.125837
23210.000000  0.089190
23329.000000  -0.048576
23444.000000  0.121241
23531.000000  -0.395785
23630.000000  0.028902
23740.000000  -0.059917
23867.000000  0.020399
23960.000000  0.017607
24056.000000  -0.018136
24169.000000  0.053080
24300.000000  -0.030930
24478.000000  0.105826
24596.000000  -0.006273
24702.000000  -0.218479
24792.000000  -0.017214
24924.000000  0.212703
25040.000000  0.119049
25090.000000  -0.046761
25132.000000  -0.044266
25211.000000  0.256452
25279.000000  -0.522917
25404.000000  0.011716
25558.000000  0.030568
25695.000000  -0.002733
25837.000000  0.340620
26034.000000  0.046852
26203.000000  0.003161
26321.000000  -0.055348
26413.000000  -0.087636
26494.000000  -0.055709
26610.000000  0.213378
26775.000000  -0.398088
26795.000000  -0.064489
26865.000000  0.049691
26920.000000  -0.042323
26997.000000  0.014724
27038.000000  -0.014526
27188.000000  0.517455
27327.000000  0.097144
27402.000000  -0.575311
27442.000000  -0.023984
27464.000000  0.125890
27560.000000  -0.109861
27578.000000  -0.034865
27644.000000  0.025998
27717.000000  -0.009788
27801.000000  -0.000490
27868.000000  0.002890
27918.000000  0.023175
27985.000000  0.204159
28017.000000  -0.243265
28111.000000  0.008433
28188.000000  0.004529
28224.000000  -0.018664
28237.000000  0.008419
28285.000000  0.012905
28441.000000  0.026917
28568.000000  -0.005725
28711.000000  0.027640
28738.000000  -0.039213
28874.000000  0.058578
28977.000000  -0.017819
29028.000000  -0.015393
29227.000000  0.039271
29461.000000  -0.002800
29570.000000  -0.005589
29634.000000  -0.019863
29699.000000  0.001692
29746.000000  0.000056
29755.000000  -0.066891
29830.000000  0.016584
29914.000000  0.015913
30001.000000  0.010870
30099.000000  0.030006
30140.000000  -0.018399
30149.000000  -0.055496
30163.000000  0.019085
30205.000000  -0.005648
30230.000000  -0.017019
30277.000000  0.010098
30373.000000  0.011211
30460.000000  0.044785
30565.000000  -0.006959
30640.000000  -0.014681
30717.000000  0.004606
30765.000000  -0.013942
30796.000000  0.020221
30834.000000  -0.011179
30914.000000  -0.003973
31010.000000  -0.005806
31082.000000  -0.007648
31175.000000  0.016115
31272.000000  0.033376
31382.000000  0.015304
31587.000000  0.025794
31746.000000  -0.002246
31996.000000  0.037882
32224.000000  0.007315
32505.000000  0.005728
32697.000000  -0.022185
32810.000000  -0.040171
32879.000000  -0.075688
32918.000000  0.033960
32979.000000  0.017763
33028.000000  -0.025206
33067.000000  -0.046985
33105.000000  -0.007340
33117.000000  -0.006665
33180.000000  0.035631
33225.000000  -0.014745
33279.000000  0.012962
33383.000000  0.040958
33497.000000  0.021495
33594.000000  -0.034990
33707.000000  0.038325
33942.000000  0.032808
34103.000000  -0.029593
34315.000000  0.028541
34532.000000  0.022736
34742.000000  0.043878
34925.000000  -0.051943
35090.000000  0.008538
35140.000000  -0.038383
35214.000000  -0.005127
35289.000000  -0.020029
35396.000000  0.035315
35469.000000  -0.002244
35579.000000  0.010822
35657.000000  -0.023357
35749.000000  -0.025592
35924.000000  0.039628
35954.000000  -0.086217
36074.000000  0.053057
36242.000000  0.071543
36393.000000  -0.000164
36571.000000  0.039264
36721.000000  -0.065548
36861.000000  0.062795
36895.000000  -0.040783
37060.000000  0.061816
37201.000000  0.060659
37264.000000  -0.075173
37300.000000  -0.086573
37306.000000  -0.112363
37353.000000  0.221220
37376.000000  0.038712
37423.000000  0.020728
37463.000000  -0.142336
37585.000000  -0.053052
37700.000000  -0.022898
37762.000000  -0.014240
37874.000000  0.020425
37982.000000  0.011342
38113.000000  0.007219
38274.000000  0.012264
38413.000000  0.007882
38474.000000  -0.052448
38621.000000  0.030061
38709.000000  -0.024737
38788.000000  -0.027009
38868.000000  0.026199
38893.000000  -0.017362
38898.000000  -0.045894
38900.000000  -0.002414
38992.000000  0.042156
39072.000000  0.001883
39153.000000  0.039630
39220.000000  -0.029073
39279.000000  0.001879
39282.000000  -0.061990
39283.000000  0.009100
39335.000000  0.013002
39413.000000  0.019101
39551.000000  0.024653
39632.000000  -0.007972
39673.000000  0.014725
39753.000000  -0.004639
39836.000000  0.011831
39837.000000  -0.082549
39928.000000  0.060617
40003.000000  -0.010744
40115.000000  0.036278
40202.000000  -0.017382
40275.000000  0.005758
40361.000000  -0.004248
40468.000000  0.024838
40560.000000  0.013315
40650.000000  0.043325
40744.000000  -0.028218
40766.000000  -0.087854
40790.000000  0.069783
40818.000000  -0.013960
40820.000000  -0.040184
