576.000000  0.099338
744.000000  0.064099
927.000000  0.076145
1184.000000  0.118176
1412.000000  0.130079
1626.000000  0.140000
1819.000000  0.121350
2007.000000  0.136275
2267.000000  0.150927
2396.000000  0.089229
2590.000000  0.117870
2803.000000  0.145143
2947.000000  0.116385
3063.000000  0.051017
3152.000000  0.042243
3258.000000  0.076185
3334.000000  0.074736
3431.000000  0.070792
3550.000000  0.121372
3692.000000  0.067332
3779.000000  0.036232
3835.000000  0.027535
3939.000000  0.049438
4107.000000  0.075618
4259.000000  0.067822
4381.000000  0.074712
4510.000000  0.094493
4673.000000  0.109391
4845.000000  0.108377
5036.000000  0.116215
5158.000000  0.080128
5290.000000  0.100643
5453.000000  0.144557
5603.000000  0.112257
5699.000000  0.076458
5799.000000  0.073691
5960.000000  0.120397
6125.000000  0.093966
6311.000000  0.119736
6454.000000  0.109043
6601.000000  0.106379
6766.000000  0.118076
6953.000000  0.135471
7071.000000  0.134729
7260.000000  0.160279
7475.000000  0.169995
7649.000000  0.129940
7819.000000  0.143696
7994.000000  0.143984
8129.000000  0.161804
8142.000000  0.125662
8171.000000  0.184275
8240.000000  0.041182
8267.000000  0.043010
8342.000000  0.068348
8414.000000  0.074979
8483.000000  0.075207
8547.000000  0.101086
8610.000000  0.104323
8701.000000  0.110780
8828.000000  0.138865
9013.000000  0.131346
9231.000000  0.163532
9438.000000  0.161266
9597.000000  0.104042
9818.000000  0.116790
10012.000000  0.128129
10174.000000  0.123274
10305.000000  0.090900
10461.000000  0.095906
10624.000000  0.113237
10792.000000  0.103893
10960.000000  0.112072
11130.000000  0.119509
11231.000000  0.085716
11281.000000  0.059423
11300.000000  0.025059
11367.000000  0.057146
11443.000000  0.069119
11533.000000  0.103093
11634.000000  0.080363
11774.000000  0.069911
11820.000000  0.075571
12014.000000  0.106383
12202.000000  0.101320
12345.000000  0.086793
12442.000000  0.085477
12571.000000  0.116484
12718.000000  0.103966
12879.000000  0.108546
13071.000000  0.125889
13216.000000  0.121192
13346.000000  0.119972
13547.000000  0.134448
13709.000000  0.129207
13761.000000  0.111588
13948.000000  0.145591
14055.000000  0.073887
14181.000000  0.058381
14339.000000  0.088724
14513.000000  0.119558
14655.000000  0.131556
14716.000000  0.102940
14894.000000  0.125708
15039.000000  0.115862
15162.000000  0.089928
15283.000000  0.101569
15390.000000  0.067328
15474.000000  0.066603
15607.000000  0.127689
15747.000000  0.141218
15874.000000  0.150279
16036.000000  0.160740
16205.000000  0.146624
16379.000000  0.158050
16536.000000  0.143918
16689.000000  0.178257
16837.000000  0.213515
16973.000000  0.176760
17158.000000  0.189211
17313.000000  0.233316
17481.000000  0.297703
17671.000000  0.286276
17846.000000  0.387867
17970.000000  0.337912
18101.000000  0.358080
18207.000000  0.289272
18284.000000  0.063192
18358.000000  0.050367
18430.000000  0.071002
18518.000000  0.185569
18608.000000  0.086661
18692.000000  0.099830
18769.000000  0.057095
18848.000000  0.057408
18929.000000  0.057243
19068.000000  0.166098
19172.000000  0.283069
19264.000000  0.336476
19303.000000  0.141979
19450.000000  0.286941
19621.000000  0.195731
19796.000000  0.188585
19998.000000  0.272436
20210.000000  0.317157
20442.000000  0.400930
20600.000000  0.458524
20738.000000  0.450882
20843.000000  0.164996
20863.000000  0.147948
20884.000000  0.171287
20902.000000  0.324975
20920.000000  0.024598
21007.000000  0.026277
21107.000000  0.145583
21248.000000  0.248377
21386.000000  0.368275
21537.000000  0.504021
21645.000000  0.391283
21744.000000  0.382898
21830.000000  0.553952
21945.000000  0.071793
22086.000000  0.083617
22203.000000  0.065169
22253.000000  0.030628
22351.000000  0.054409
22410.000000  0.367312
22534.000000  0.402607
22685.000000  0.619371
22832.000000  0.076166
22894.000000  0.072640
23075.000000  0.123466
23271.000000  0.147212
23426.000000  0.132991
23585.000000  0.105029
23658.000000  0.093012
23876.000000  0.154426
24003.000000  0.119281
24130.000000  0.111341
24260.000000  0.132338
24401.000000  0.134278
24549.000000  0.170123
24735.000000  0.179490
24854.000000  0.100976
24985.000000  0.159594
25143.000000  0.177498
25245.000000  0.226317
25344.000000  0.087781
25500.000000  0.210294
25697.000000  0.232133
25849.000000  0.183873
25936.000000  0.141504
26003.000000  0.094926
26081.000000  0.097170
26178.000000  0.114375
26300.000000  0.124866
26451.000000  0.143952
26636.000000  0.175573
26856.000000  0.191732
27051.000000  0.207013
27161.000000  0.191988
27287.000000  0.257536
27409.000000  0.169765
27516.000000  0.166425
27620.000000  0.311582
27708.000000  0.332341
27766.000000  0.048150
27804.000000  0.150693
27824.000000  0.128420
27912.000000  0.082842
28007.000000  0.094454
28091.000000  0.053793
28177.000000  0.059032
28253.000000  0.060056
28314.000000  0.060751
28377.000000  0.060743
28444.000000  0.070128
28517.000000  0.076158
28630.000000  0.105715
28708.000000  0.062135
28785.000000  0.036877
28896.000000  0.115933
29058.000000  0.099543
29189.000000  0.143625
29261.000000  0.134560
29350.000000  0.231679
29414.000000  0.170952
29466.000000  0.112556
29537.000000  0.107245
29559.000000  0.052739
29665.000000  0.069500
29737.000000  0.045786
29825.000000  0.051951
29909.000000  0.065383
29999.000000  0.074051
30019.000000  0.056542
30023.000000  0.069594
30077.000000  0.028441
30237.000000  0.076403
30418.000000  0.081575
30612.000000  0.108193
30746.000000  0.102800
30838.000000  0.079897
30954.000000  0.083289
31034.000000  0.068118
31122.000000  0.064071
31206.000000  0.062698
31288.000000  0.065665
31374.000000  0.054557
31434.000000  0.050155
31495.000000  0.057830
31545.000000  0.073167
31607.000000  0.095337
31623.000000  0.468068
31629.000000  0.571024
31705.000000  0.027513
31775.000000  0.028187
31836.000000  0.020587
31957.000000  0.043263
32101.000000  0.062576
32205.000000  0.046605
32304.000000  0.039883
32387.000000  0.032442
32470.000000  0.032115
32599.000000  0.062380
32777.000000  0.073456
32968.000000  0.079096
33123.000000  0.065191
33192.000000  0.042604
33305.000000  0.044468
33430.000000  0.045591
33541.000000  0.043425
33669.000000  0.049794
33806.000000  0.055808
33956.000000  0.074194
34103.000000  0.071749
34196.000000  0.064761
34299.000000  0.041431
34491.000000  0.069198
34631.000000  0.061844
34662.000000  0.028318
34750.000000  0.036484
34902.000000  0.049905
35018.000000  0.053065
35182.000000  0.074109
35215.000000  0.051934
35339.000000  0.066369
35423.000000  0.066363
35491.000000  0.042283
35602.000000  0.044195
35755.000000  0.049620
35926.000000  0.071744
36031.000000  0.063388
36136.000000  0.050142
36158.000000  0.035277
36275.000000  0.059328
36393.000000  0.069492
36532.000000  0.067453
36656.000000  0.064152
36796.000000  0.065585
36959.000000  0.084068
37009.000000  0.047994
37037.000000  0.004787
37068.000000  0.040028
37160.000000  0.064873
37222.000000  0.043087
37259.000000  0.031345
37344.000000  0.026419
37410.000000  0.033320
37489.000000  0.030846
37534.000000  0.011018
37565.000000  0.008352
37650.000000  0.028031
37752.000000  0.042070
37823.000000  0.050332
37918.000000  0.060470
37959.000000  0.024097
37983.000000  0.005849
37999.000000  0.008382
38097.000000  0.025126
38173.000000  0.023435
38221.000000  0.018334
38234.000000  0.006675
38242.000000  0.005341
38294.000000  0.022809
38389.000000  0.043657
38479.000000  0.054202
38571.000000  0.051775
38722.000000  0.120909
38808.000000  0.139904
38899.000000  0.135807
38933.000000  0.104840
39001.000000  0.117750
39075.000000  0.115795
39151.000000  0.130944
39224.000000  0.070784
39302.000000  0.089963
39339.000000  0.075614
39402.000000  0.090445
39455.000000  0.182018
39492.000000  0.060670
39512.000000  0.065633
39583.000000  0.031947
39680.000000  0.059522
39758.000000  0.054744
39868.000000  0.079383
39946.000000  0.041943
39963.000000  0.023486
39972.000000  0.023645
40030.000000  0.036379
40120.000000  0.059604
40213.000000  0.055013
40303.000000  0.058390
40381.000000  0.038460
40399.000000  0.027302
40441.000000  0.024059
40539.000000  0.039452
40624.000000  0.057516
40687.000000  0.103582
40752.000000  0.055924
40817.000000  0.042176
40820.000000  0.005861
