995.000000  0.212528
1191.000000  -0.047872
1446.000000  0.000276
1660.000000  -0.010728
1874.000000  0.008308
2129.000000  0.037060
2333.000000  -0.013876
2565.000000  0.019690
2787.000000  0.014083
3070.000000  0.037094
3122.000000  -0.103146
3485.000000  0.140966
3858.000000  0.033708
4177.000000  0.025311
4455.000000  -0.059651
4737.000000  -0.017051
4864.000000  -0.000779
5113.000000  -0.022487
5339.000000  -0.018957
5497.000000  -0.047440
5660.000000  0.041048
5872.000000  0.047119
6027.000000  -0.007874
6177.000000  -0.028485
6325.000000  -0.069488
6453.000000  0.009357
6572.000000  0.002091
6731.000000  0.021792
6912.000000  0.099270
7125.000000  0.018638
7361.000000  -0.021635
7421.000000  -0.085860
7639.000000  0.059798
7703.000000  -0.031141
7918.000000  0.065160
8168.000000  -0.031031
8448.000000  0.007564
8697.000000  0.019195
8933.000000  -0.009001
9139.000000  -0.030958
9356.000000  0.002082
9564.000000  0.007985
9733.000000  0.003495
9870.000000  -0.042537
10046.000000  0.063424
10224.000000  0.037651
10342.000000  -0.083123
10453.000000  -0.027630
10515.000000  0.015147
10646.000000  0.033717
10780.000000  0.035797
10916.000000  -0.008212
11047.000000  -0.019528
11233.000000  -0.007923
11322.000000  0.046557
11474.000000  -0.049143
11651.000000  0.013974
11796.000000  0.009017
11966.000000  -0.035753
12011.000000  -0.066595
12164.000000  0.031521
12203.000000  -0.049410
12325.000000  0.037781
12485.000000  0.006287
12649.000000  0.056708
12727.000000  -0.036126
12885.000000  0.011610
12996.000000  0.005229
13163.000000  -0.014745
13346.000000  0.059804
13527.000000  0.030831
13786.000000  0.038628
14051.000000  0.054576
14349.000000  0.054075
14612.000000  0.037267
14834.000000  -0.077262
15086.000000  0.000367
15267.000000  0.014099
15399.000000  -0.051498
15662.000000  0.068668
15857.000000  -0.044130
16102.000000  -0.029328
16348.000000  0.017195
16496.000000  -0.072562
16565.000000  -0.078610
16657.000000  -0.003846
16757.000000  0.058821
16863.000000  -0.011502
16947.000000  0.012298
17017.000000  0.036350
17074.000000  0.004064
17143.000000  -0.005736
17217.000000  0.003010
17311.000000  0.032771
17458.000000  0.013124
17633.000000  0.032052
17763.000000  0.030666
17890.000000  -0.040012
18054.000000  0.001848
18201.000000  -0.049406
18335.000000  -0.050981
18469.000000  0.003904
18629.000000  -0.046332
18791.000000  0.110044
18886.000000  -0.048456
19012.000000  -0.004352
19216.000000  0.037592
19390.000000  -0.010844
19621.000000  0.035460
19898.000000  -0.007933
20157.000000  0.003934
20348.000000  -0.022742
20501.000000  -0.012726
20650.000000  0.030127
20821.000000  0.017253
20971.000000  -0.031479
21145.000000  0.022734
21317.000000  0.005678
21515.000000  0.062929
21667.000000  -0.080042
21817.000000  0.004546
22008.000000  0.000298
22174.000000  -0.006979
22372.000000  0.021771
22507.000000  0.055411
22647.000000  -0.088309
22770.000000  0.004192
22922.000000  0.067352
23070.000000  -0.023483
23168.000000  0.003919
23300.000000  -0.010890
23322.000000  -0.006751
23357.000000  -0.105599
23427.000000  0.125237
23526.000000  0.052869
23617.000000  0.047459
23730.000000  0.023480
23858.000000  0.117414
23982.000000  -0.365343
24122.000000  0.043665
24259.000000  -0.036489
24367.000000  -0.000069
24380.000000  -0.002539
24448.000000  0.113599
24578.000000  0.043923
24717.000000  -0.012288
25026.000000  0.057873
25343.000000  0.018195
25612.000000  -0.012529
25921.000000  0.009134
26171.000000  0.025235
26336.000000  0.029895
26526.000000  -0.059262
26633.000000  0.014235
26727.000000  0.004632
26822.000000  0.001265
26967.000000  0.152737
27167.000000  0.025413
27352.000000  -0.000139
27513.000000  -0.024389
27714.000000  0.226007
27937.000000  -0.469287
28047.000000  -0.055010
28132.000000  -0.047335
28215.000000  0.028201
28383.000000  0.007645
28545.000000  0.392361
28709.000000  0.003787
28798.000000  0.056965
28845.000000  -0.100346
28962.000000  -0.036254
29073.000000  0.033954
29128.000000  -0.005349
29178.000000  -0.010232
29300.000000  0.039941
29430.000000  0.079499
29524.000000  -0.029045
29604.000000  -0.463156
29715.000000  -0.007917
29832.000000  0.037609
29945.000000  -0.000857
30032.000000  -0.042871
30100.000000  -0.014055
30164.000000  -0.007292
30228.000000  0.026483
30292.000000  -0.012296
30370.000000  0.031582
30459.000000  0.031330
30534.000000  0.093123
30632.000000  0.065946
30717.000000  0.081245
30921.000000  0.122412
31111.000000  -0.113273
31315.000000  -0.021306
31592.000000  0.232952
31840.000000  -0.049508
32043.000000  -0.223790
32206.000000  -0.122543
32302.000000  -0.020939
32443.000000  -0.010299
32635.000000  0.067068
32741.000000  0.033964
32810.000000  -0.108995
32900.000000  0.111620
33080.000000  0.233044
33275.000000  -0.290951
33451.000000  -0.023461
33634.000000  -0.018642
33806.000000  0.027202
33931.000000  -0.024583
34059.000000  -0.013283
34145.000000  0.009561
34244.000000  -0.012699
34375.000000  0.024950
34519.000000  -0.000513
34643.000000  -0.014034
34742.000000  0.005198
34872.000000  -0.004737
34989.000000  0.024718
35129.000000  0.228240
35228.000000  -0.178296
35265.000000  -0.069133
35303.000000  -0.043423
35332.000000  0.224939
35352.000000  0.048720
35409.000000  0.160773
35489.000000  0.315000
35580.000000  -0.544944
35671.000000  0.060117
35806.000000  0.020191
35912.000000  -0.157868
36035.000000  0.002859
36169.000000  0.008183
36255.000000  0.070650
36328.000000  0.010644
36421.000000  -0.088836
36486.000000  -0.023610
36584.000000  0.092690
36709.000000  -0.045467
36795.000000  0.034427
36873.000000  -0.084756
36983.000000  0.089848
37107.000000  0.090197
37229.000000  0.075241
37308.000000  -0.097594
37423.000000  0.019945
37501.000000  -0.048073
37598.000000  0.040470
37661.000000  0.065300
37715.000000  -0.237136
37734.000000  -0.038073
37764.000000  -0.032329
37802.000000  -0.021344
37834.000000  0.021659
37900.000000  0.137572
37984.000000  -0.002655
38060.000000  0.007888
38113.000000  0.071673
38144.000000  -0.257835
38184.000000  0.040030
38279.000000  0.060401
38372.000000  -0.024252
38464.000000  0.010935
38557.000000  -0.032309
38584.000000  -0.039764
38586.000000  -0.005562
38627.000000  -0.010832
38667.000000  0.029645
38743.000000  0.004843
38808.000000  0.015901
38856.000000  -0.011336
38917.000000  0.000501
38955.000000  0.017995
39023.000000  -0.012928
39119.000000  0.021914
39220.000000  -0.012340
39280.000000  -0.009322
39328.000000  -0.007522
39338.000000  -0.007735
39388.000000  -0.008708
39412.000000  0.010500
39437.000000  0.037084
39466.000000  -0.039373
39505.000000  0.041643
39559.000000  -0.053972
39625.000000  0.016824
39680.000000  0.011660
39744.000000  -0.003446
39771.000000  0.005307
39814.000000  -0.003499
39890.000000  0.093176
39954.000000  -0.082021
39976.000000  -0.013410
40064.000000  0.015140
40143.000000  0.007333
40231.000000  0.013920
40321.000000  -0.015264
40384.000000  -0.020539
40462.000000  -0.000075
40527.000000  0.042279
40607.000000  -0.009307
40672.000000  0.033881
40752.000000  -0.017515
40794.000000  0.000499
40816.000000  -0.028414
40833.000000  0.027603
