995.000000  0.256469
1258.000000  0.208723
1483.000000  0.201315
1793.000000  0.226712
2054.000000  0.255437
2348.000000  0.299497
2721.000000  0.342446
3107.000000  0.349344
3469.000000  0.369363
3809.000000  0.387970
4154.000000  0.427753
4296.000000  0.354558
4621.000000  0.440070
4882.000000  0.334696
5136.000000  0.358235
5344.000000  0.290885
5475.000000  0.272098
5630.000000  0.269306
5775.000000  0.290927
5798.000000  0.202296
5913.000000  0.232382
6025.000000  0.257637
6206.000000  0.312386
6348.000000  0.328924
6435.000000  0.324209
6555.000000  0.343042
6730.000000  0.358483
6827.000000  0.256396
6923.000000  0.270553
7075.000000  0.378862
7381.000000  0.424771
7691.000000  0.390235
7958.000000  0.407385
8343.000000  0.449245
8601.000000  0.396690
8865.000000  0.447416
9085.000000  0.437315
9330.000000  0.411300
9527.000000  0.468457
9655.000000  0.449960
9824.000000  0.549599
9955.000000  0.467248
10096.000000  0.285607
10263.000000  0.342702
10400.000000  0.325942
10561.000000  0.385356
10729.000000  0.416600
10935.000000  0.427176
11083.000000  0.420287
11266.000000  0.445848
11395.000000  0.364118
11582.000000  0.375280
11700.000000  0.376822
11944.000000  0.408111
12269.000000  0.508366
12507.000000  0.475007
12757.000000  0.496720
12998.000000  0.496287
13264.000000  0.502518
13442.000000  0.451614
13602.000000  0.422239
13804.000000  0.440189
13982.000000  0.472853
14146.000000  0.501563
14210.000000  0.531643
14297.000000  0.536632
14462.000000  0.376841
14636.000000  0.405099
14834.000000  0.422463
14976.000000  0.520966
15153.000000  0.551328
15296.000000  0.486836
15463.000000  0.458024
15586.000000  0.443845
15805.000000  0.576827
16070.000000  0.477307
16322.000000  0.509197
16533.000000  0.483745
16737.000000  0.501418
16945.000000  0.479399
17108.000000  0.477398
17266.000000  0.454627
17427.000000  0.428650
17537.000000  0.466771
17686.000000  0.454546
17842.000000  0.473349
17871.000000  0.417257
17969.000000  0.484409
18114.000000  0.529777
18306.000000  0.517904
18548.000000  0.506948
18755.000000  0.477143
18951.000000  0.483713
19106.000000  0.510501
19281.000000  0.545063
19511.000000  0.569552
19680.000000  0.540870
19832.000000  0.591739
19953.000000  0.525600
20114.000000  0.608429
20309.000000  0.618789
20497.000000  0.633019
20595.000000  0.636344
20829.000000  0.651201
21077.000000  0.605315
21300.000000  0.559496
21474.000000  0.544041
21502.000000  0.488072
21562.000000  0.455687
21644.000000  0.594855
21684.000000  0.441697
21722.000000  0.437729
21771.000000  0.464165
21830.000000  0.481817
21880.000000  0.467296
21959.000000  0.476671
22096.000000  0.537328
22331.000000  0.545692
22480.000000  0.532873
22645.000000  0.539336
22823.000000  0.560527
22906.000000  0.514695
23098.000000  0.553100
23387.000000  0.682629
23520.000000  0.634340
23761.000000  0.659046
24007.000000  0.677791
24282.000000  0.702539
24507.000000  0.672508
24733.000000  0.674633
24940.000000  0.759245
25122.000000  0.707602
25206.000000  0.682575
25340.000000  0.782254
25494.000000  0.735249
25729.000000  0.823722
25943.000000  0.984641
26212.000000  0.933625
26430.000000  0.760042
26587.000000  0.750506
26757.000000  0.667831
26898.000000  0.866494
27005.000000  0.796888
27181.000000  0.761238
27389.000000  0.895402
27550.000000  0.732014
27737.000000  0.738776
27816.000000  0.843354
27934.000000  1.011433
28121.000000  0.830661
28283.000000  0.521758
28463.000000  0.790184
28721.000000  0.845889
28872.000000  0.516192
29078.000000  0.552023
29325.000000  0.870268
29574.000000  0.963418
29734.000000  1.099869
29881.000000  0.537839
30031.000000  0.563680
30098.000000  0.577925
30138.000000  0.541078
30145.000000  0.564598
30277.000000  0.461898
30326.000000  0.488139
30461.000000  0.485425
30587.000000  0.484682
30760.000000  0.503794
31060.000000  0.605778
31335.000000  0.633985
31602.000000  0.648798
31801.000000  0.605971
32034.000000  0.600346
32278.000000  0.559473
32493.000000  0.614277
32704.000000  0.624417
32891.000000  0.576518
33144.000000  0.588209
33395.000000  0.609676
33600.000000  0.627993
33754.000000  0.590709
33830.000000  0.489897
33910.000000  0.497289
34004.000000  0.563030
34136.000000  0.507181
34274.000000  0.541122
34463.000000  0.571725
34706.000000  0.614103
34938.000000  0.628186
35143.000000  0.661015
35345.000000  0.663468
35513.000000  0.697545
35690.000000  0.605833
35920.000000  0.729003
36093.000000  0.805434
36296.000000  0.757779
36415.000000  0.539742
36509.000000  0.522208
36588.000000  0.496443
36715.000000  0.542436
36770.000000  0.492946
36778.000000  0.469810
36898.000000  0.537383
37026.000000  0.532194
37186.000000  0.579170
37375.000000  0.568543
37538.000000  0.590690
37603.000000  0.541276
37674.000000  0.594588
37732.000000  0.580509
37780.000000  0.560603
37799.000000  0.514837
37836.000000  0.468291
37888.000000  0.511538
37906.000000  0.491198
37913.000000  0.417884
37964.000000  0.474841
38050.000000  0.521255
38125.000000  0.502565
38229.000000  0.512669
38303.000000  0.503739
38408.000000  0.523104
38594.000000  0.542489
38716.000000  0.546998
38810.000000  0.506088
38889.000000  0.533098
38976.000000  0.521653
39078.000000  0.521651
39158.000000  0.503853
39238.000000  0.503382
39344.000000  0.503676
39385.000000  0.482577
39591.000000  0.598935
39610.000000  0.537418
39618.000000  0.498563
39690.000000  0.589782
39755.000000  0.592025
39780.000000  0.536491
39822.000000  0.614009
39907.000000  0.648557
40028.000000  0.673363
40091.000000  0.703846
40156.000000  0.700190
40186.000000  0.399310
40326.000000  0.411732
40384.000000  0.415459
40419.000000  0.411700
40442.000000  0.388216
40526.000000  0.412428
40617.000000  0.441220
40706.000000  0.456368
40806.000000  0.436118
40813.000000  0.388599
40818.000000  0.377435
