816.000000  0.151982
1030.000000  -0.013433
1247.000000  -0.022336
1473.000000  0.025329
1672.000000  0.008813
1914.000000  0.050712
2134.000000  -0.040779
2345.000000  0.016646
2603.000000  0.044642
2670.000000  -0.082759
2922.000000  0.083874
3169.000000  -0.040283
3414.000000  0.019735
3626.000000  -0.023104
3890.000000  0.016496
4062.000000  -0.012971
4280.000000  0.053242
4491.000000  -0.011191
4659.000000  -0.040151
4781.000000  -0.093495
4892.000000  -0.010979
4965.000000  -0.019347
5098.000000  0.035200
5220.000000  0.025469
5339.000000  0.009176
5442.000000  -0.006421
5555.000000  0.001835
5576.000000  -0.052466
5671.000000  0.068590
5782.000000  -0.018172
5808.000000  -0.083684
5915.000000  0.032327
6018.000000  0.002559
6110.000000  -0.006049
6220.000000  0.007532
6425.000000  0.049813
6612.000000  -0.014599
6797.000000  0.012521
6966.000000  0.008866
7041.000000  -0.042278
7261.000000  0.045675
7318.000000  -0.063228
7494.000000  0.022943
7667.000000  0.019865
7863.000000  0.021027
8101.000000  0.008002
8254.000000  -0.007669
8426.000000  -0.005674
8621.000000  -0.014144
8721.000000  0.001720
8840.000000  -0.009549
8959.000000  0.006272
9117.000000  0.028575
9258.000000  -0.031951
9387.000000  0.001722
9540.000000  -0.001488
9671.000000  -0.015051
9793.000000  0.004257
9840.000000  -0.030003
9964.000000  0.043742
10009.000000  -0.031384
10160.000000  0.036898
10313.000000  0.003112
10422.000000  -0.024689
10466.000000  -0.044975
10559.000000  0.027341
10639.000000  0.005596
10775.000000  0.029618
10914.000000  -0.011155
11041.000000  -0.009287
11165.000000  0.007922
11303.000000  -0.001154
11440.000000  0.019841
11569.000000  0.010199
11700.000000  0.016965
11852.000000  -0.025541
11923.000000  -0.037077
12076.000000  0.041157
12174.000000  0.007340
12389.000000  0.055777
12555.000000  -0.009055
12668.000000  -0.032278
12777.000000  0.020128
12863.000000  -0.021467
12923.000000  -0.024342
12962.000000  -0.027855
13048.000000  0.047655
13154.000000  0.016576
13220.000000  0.007792
13304.000000  0.066097
13350.000000  -0.083633
13448.000000  0.049685
13486.000000  -0.074569
13572.000000  -0.009458
13655.000000  0.015787
13742.000000  -0.054468
13827.000000  0.021584
13899.000000  -0.007340
13983.000000  0.015015
14132.000000  0.017252
14220.000000  -0.014492
14376.000000  0.026142
14545.000000  0.041063
14700.000000  -0.033703
14862.000000  0.033616
15024.000000  0.031441
15157.000000  0.016971
15292.000000  -0.128957
15351.000000  -0.026251
15446.000000  0.091763
15548.000000  0.017544
15666.000000  0.018711
15818.000000  0.024737
15950.000000  -0.022869
16094.000000  0.032814
16272.000000  0.031732
16403.000000  -0.015746
16587.000000  0.000620
16779.000000  -0.024406
16946.000000  -0.024670
17147.000000  -0.000553
17323.000000  0.008247
17525.000000  -0.019561
17689.000000  -0.003831
17828.000000  -0.010058
17952.000000  -0.013707
18061.000000  0.007290
18149.000000  0.011048
18267.000000  0.007464
18448.000000  0.061716
18593.000000  0.122280
18709.000000  -0.033835
18836.000000  0.041824
18943.000000  -0.012335
19109.000000  0.093662
19258.000000  0.015019
19419.000000  0.077767
19582.000000  -0.040622
19701.000000  -0.108449
19799.000000  -0.008391
19929.000000  0.076515
19983.000000  0.034104
20031.000000  -0.353524
20109.000000  -0.096266
20163.000000  0.018760
20207.000000  0.016518
20287.000000  0.194528
20388.000000  0.021633
20505.000000  -0.016018
20604.000000  -0.033316
20725.000000  -0.033725
20822.000000  0.017467
20942.000000  0.038086
21103.000000  -0.004420
21231.000000  -0.123703
21322.000000  0.136761
21388.000000  -0.098726
21452.000000  0.004517
21506.000000  0.056057
21560.000000  0.018658
21618.000000  -0.090773
21722.000000  0.154413
21818.000000  0.028035
21935.000000  0.017867
22049.000000  0.032966
22160.000000  0.049026
22258.000000  0.060306
22288.000000  -0.484458
22348.000000  0.469502
22398.000000  0.086062
22499.000000  -0.510129
22663.000000  0.033790
22824.000000  0.047605
22935.000000  0.011269
23081.000000  0.415283
23211.000000  0.052725
23361.000000  0.027291
23509.000000  0.125079
23649.000000  -0.688156
23759.000000  -0.015895
23871.000000  0.047216
24030.000000  0.010534
24204.000000  0.014362
24361.000000  -0.005284
24519.000000  0.045623
24692.000000  0.007820
24894.000000  -0.060914
25071.000000  -0.028969
25158.000000  -0.020849
25361.000000  0.159308
25566.000000  0.071640
25761.000000  0.021671
25865.000000  -0.237953
26074.000000  0.021254
26269.000000  0.012390
26463.000000  0.001624
26660.000000  -0.010566
26862.000000  -0.002372
27056.000000  -0.006913
27254.000000  0.027186
27447.000000  0.000756
27579.000000  -0.003953
27724.000000  -0.035766
27825.000000  -0.038722
27950.000000  -0.004425
28028.000000  -0.042115
28107.000000  0.024745
28262.000000  0.067584
28400.000000  0.007621
28599.000000  0.020840
28683.000000  -0.021255
28862.000000  0.054045
29102.000000  0.017184
29262.000000  0.002816
29440.000000  -0.040241
29518.000000  -0.064777
29608.000000  0.015090
29784.000000  0.017973
29836.000000  -0.033289
29904.000000  0.020200
29946.000000  -0.011151
30005.000000  0.002409
30112.000000  -0.005988
30176.000000  -0.032800
30244.000000  -0.047039
30321.000000  0.046711
30455.000000  0.059523
30585.000000  0.010761
30657.000000  -0.010164
30791.000000  -0.010823
30869.000000  -0.065850
31027.000000  0.068058
31203.000000  0.005653
31282.000000  -0.013723
31436.000000  0.014779
31632.000000  0.033928
31751.000000  -0.025837
31819.000000  -0.053695
31873.000000  -0.033328
31936.000000  0.079385
31984.000000  -0.010681
32035.000000  -0.015702
32110.000000  0.026455
32159.000000  -0.029624
32194.000000  -0.083933
32388.000000  0.057115
32505.000000  0.010350
32686.000000  0.149234
32775.000000  -0.004445
32866.000000  0.057306
32900.000000  -0.228238
32980.000000  0.026175
33061.000000  -0.006344
33151.000000  -0.006866
33260.000000  0.163820
33362.000000  0.012891
33449.000000  -0.010982
33609.000000  0.081577
33686.000000  -0.018784
33779.000000  -0.216296
33842.000000  -0.003836
33900.000000  0.012435
33980.000000  0.010186
34026.000000  0.082883
34071.000000  -0.043667
34090.000000  -0.100167
34127.000000  0.006645
34172.000000  -0.006461
34215.000000  -0.004054
34230.000000  -0.014112
34231.000000  -0.021819
34245.000000  0.012477
34269.000000  0.027999
34309.000000  0.017153
34321.000000  0.024822
34385.000000  -0.013202
34468.000000  0.015815
34550.000000  -0.018348
34644.000000  -0.006949
34717.000000  0.011785
34800.000000  -0.011798
34900.000000  0.005322
34947.000000  -0.005486
34996.000000  -0.019253
35037.000000  0.031038
35098.000000  -0.016019
35160.000000  -0.011067
35185.000000  0.081665
35209.000000  0.017149
35239.000000  0.047432
35279.000000  0.087761
35321.000000  -0.047494
35367.000000  0.031774
35418.000000  0.010047
35472.000000  -0.004987
35528.000000  -0.076094
35584.000000  -0.091800
35634.000000  -0.062789
35680.000000  0.020146
35722.000000  0.054052
35737.000000  -0.027232
35791.000000  0.034041
35826.000000  0.072335
35862.000000  0.156363
35917.000000  -0.314778
35971.000000  0.022804
36048.000000  0.027676
36143.000000  -0.028861
36196.000000  -0.017975
36319.000000  0.042370
36397.000000  0.000844
36490.000000  0.024222
36639.000000  0.000761
36767.000000  -0.001734
36857.000000  -0.004999
36954.000000  0.011157
37044.000000  0.004528
37084.000000  -0.011258
37118.000000  -0.041920
37153.000000  0.027711
37165.000000  -0.025685
37255.000000  0.016380
37340.000000  -0.031268
37412.000000  0.010754
37491.000000  0.004629
37584.000000  0.028538
37660.000000  0.002655
37756.000000  -0.023424
37846.000000  0.007371
37924.000000  0.004815
38004.000000  -0.010827
38096.000000  0.014069
38171.000000  0.013271
38219.000000  -0.024205
38232.000000  -0.027828
38239.000000  0.012942
38252.000000  0.010215
38285.000000  0.020568
38330.000000  0.008294
38379.000000  0.007207
38447.000000  0.006510
38505.000000  0.002546
38574.000000  0.026002
38603.000000  -0.071872
38638.000000  0.062750
38643.000000  -0.047051
38671.000000  -0.007019
38699.000000  0.010447
38733.000000  -0.004153
38774.000000  0.008614
38819.000000  0.015719
38910.000000  0.010989
39030.000000  0.057667
39118.000000  -0.001130
39189.000000  -0.023629
39235.000000  -0.102466
39289.000000  0.003629
39321.000000  -0.028184
39324.000000  0.012352
39407.000000  -0.010280
39489.000000  0.010662
39567.000000  0.023348
39642.000000  0.013834
39726.000000  -0.013642
39770.000000  -0.017537
39821.000000  -0.004066
39872.000000  0.012152
39939.000000  0.013010
40005.000000  -0.009018
40062.000000  -0.017114
40103.000000  0.017279
40172.000000  0.018447
40255.000000  0.009354
40329.000000  0.001435
40413.000000  0.028765
40493.000000  -0.013471
40587.000000  0.008090
40682.000000  0.019114
40719.000000  -0.003622
40755.000000  -0.020922
40800.000000  -0.064003
40817.000000  0.010228
40818.000000  -0.040584
40833.000000  0.015880
