399.000000  0.182224
540.000000  -0.044506
637.000000  0.000765
717.000000  -0.075344
785.000000  0.054258
895.000000  0.017667
999.000000  0.007932
1189.000000  0.011280
1356.000000  0.030269
1524.000000  0.005132
1649.000000  -0.019654
1817.000000  0.008068
1920.000000  -0.017766
2024.000000  -0.014797
2137.000000  0.052698
2209.000000  -0.043993
2304.000000  0.013898
2392.000000  -0.003797
2459.000000  -0.007668
2503.000000  -0.048488
2558.000000  0.014999
2642.000000  -0.006705
2719.000000  0.008830
2829.000000  0.009682
2896.000000  -0.016991
2973.000000  0.028625
3054.000000  0.005922
3159.000000  0.016830
3290.000000  0.008932
3470.000000  0.028162
3587.000000  -0.028339
3694.000000  0.015037
3751.000000  -0.036987
3920.000000  0.067032
4051.000000  0.017496
4168.000000  -0.033070
4291.000000  0.001840
4455.000000  0.022728
4615.000000  -0.017854
4777.000000  -0.006457
4948.000000  -0.016926
4948.000000  -0.126502
5023.000000  0.078231
5081.000000  -0.030909
5167.000000  0.011021
5274.000000  0.026750
5374.000000  -0.001381
5492.000000  0.033947
5500.000000  -0.098444
5616.000000  0.111499
5775.000000  0.002479
5775.000000  -0.125349
5950.000000  0.116238
6059.000000  0.033038
6158.000000  -0.071947
6233.000000  0.031961
6333.000000  0.034491
6466.000000  0.027972
6545.000000  -0.042143
6651.000000  0.016217
6740.000000  -0.022012
6839.000000  0.034858
6924.000000  -0.027004
7030.000000  -0.003375
7136.000000  0.023104
7242.000000  -0.010886
7320.000000  -0.005743
7368.000000  -0.039873
7476.000000  0.014252
7623.000000  0.049288
7753.000000  -0.068530
7923.000000  0.077068
8074.000000  0.000974
8175.000000  -0.052762
8224.000000  -0.007773
8292.000000  0.061256
8346.000000  0.013501
8407.000000  0.009663
8473.000000  0.033923
8562.000000  -0.159267
8657.000000  0.044297
8756.000000  0.026511
8853.000000  -0.008901
8962.000000  0.003830
9109.000000  0.005821
9241.000000  -0.003134
9324.000000  0.012694
9375.000000  -0.081923
9481.000000  0.075140
9592.000000  0.026756
9764.000000  0.027557
9944.000000  0.006349
10134.000000  0.006687
10264.000000  -0.034933
10419.000000  0.027279
10559.000000  -0.001626
10706.000000  0.020314
10820.000000  0.019497
10998.000000  0.032298
11168.000000  -0.000993
11322.000000  -0.038721
11414.000000  -0.045501
11524.000000  0.050192
11615.000000  -0.083181
11690.000000  0.025132
11767.000000  -0.015110
11943.000000  0.166728
12089.000000  -0.035352
12282.000000  -0.022977
12462.000000  0.024833
12602.000000  -0.100544
12761.000000  0.040782
12917.000000  -0.028442
12937.000000  -0.089564
13083.000000  0.127704
13210.000000  0.042303
13285.000000  0.003928
13303.000000  -0.068594
13387.000000  0.130866
13428.000000  0.012857
13437.000000  -0.094775
13484.000000  0.065185
13552.000000  -0.056822
13616.000000  0.010645
13698.000000  -0.045834
13772.000000  0.003403
13800.000000  -0.022905
13803.000000  -0.040614
13836.000000  -0.052103
13916.000000  0.019371
14015.000000  0.005980
14118.000000  0.023058
14198.000000  -0.004150
14295.000000  0.002224
14395.000000  0.010450
14532.000000  0.041835
14687.000000  -0.009057
14844.000000  0.006624
14880.000000  -0.106225
14983.000000  0.043502
15120.000000  0.035122
15244.000000  -0.015088
15378.000000  0.027242
15536.000000  0.011501
15682.000000  -0.050486
15801.000000  0.005788
16003.000000  0.018554
16195.000000  0.055954
16362.000000  -0.024553
16539.000000  -0.005804
16619.000000  -0.011395
16814.000000  0.091391
17005.000000  0.040978
17178.000000  0.006654
17353.000000  0.057190
17434.000000  0.044659
17515.000000  -0.218238
17605.000000  -0.002814
17685.000000  0.075846
17766.000000  0.001801
17880.000000  0.049032
18037.000000  -0.035646
18120.000000  0.008568
18191.000000  -0.072405
18275.000000  -0.037216
18389.000000  0.020970
18453.000000  -0.084897
18523.000000  0.055104
18605.000000  0.015215
18690.000000  -0.048614
18785.000000  0.039732
18882.000000  0.059352
19022.000000  0.001758
19202.000000  0.047924
19353.000000  0.060403
19495.000000  -0.047452
19642.000000  0.054768
19780.000000  -0.051542
19947.000000  0.155265
20110.000000  -0.014668
20295.000000  0.043954
20468.000000  -0.163943
20585.000000  -0.006722
20766.000000  0.026628
20916.000000  0.016281
21010.000000  0.024578
21121.000000  0.045221
21233.000000  -0.034224
21371.000000  -0.011264
21494.000000  -0.045561
21604.000000  -0.016769
21626.000000  -0.083208
21678.000000  0.061203
21778.000000  -0.016722
21884.000000  -0.023285
21972.000000  0.063849
22035.000000  0.141620
22120.000000  -0.123160
22247.000000  0.130914
22338.000000  -0.080637
22472.000000  0.031392
22623.000000  0.098201
22784.000000  -0.013803
22908.000000  -0.024657
22971.000000  0.013988
23010.000000  0.082459
23084.000000  -0.042861
23111.000000  0.175894
23123.000000  -0.529406
23163.000000  0.339537
23247.000000  0.074832
23301.000000  -0.100116
23378.000000  -0.031545
23537.000000  -0.011986
23704.000000  -0.045342
23829.000000  0.015865
23948.000000  -0.020283
24069.000000  0.039629
24086.000000  -0.147403
24159.000000  0.062825
24319.000000  0.049744
24421.000000  -0.067120
24469.000000  -0.127288
24475.000000  -0.034386
24480.000000  0.042091
24536.000000  0.094139
24606.000000  -0.017705
24660.000000  0.084673
24725.000000  0.056675
24801.000000  0.024757
24901.000000  0.731833
24926.000000  -0.496294
25009.000000  -0.111668
25132.000000  -0.032531
25255.000000  -0.004747
25376.000000  -0.181934
25453.000000  -0.134914
25535.000000  0.017668
25568.000000  -0.040944
25626.000000  0.016724
25702.000000  0.022554
25723.000000  -0.021150
25793.000000  0.024708
25834.000000  -0.003983
25836.000000  -0.067313
25881.000000  0.157027
25920.000000  -0.072723
25950.000000  -0.045132
25992.000000  -0.029101
26092.000000  0.031998
26177.000000  -0.004951
26277.000000  0.019643
26410.000000  0.003177
26524.000000  0.004579
26596.000000  -0.022673
26678.000000  0.008232
26746.000000  0.002812
26845.000000  0.014645
26913.000000  -0.013978
26946.000000  0.013748
26977.000000  -0.039326
27055.000000  0.010962
27128.000000  0.009868
27198.000000  0.024669
27295.000000  -0.001494
27450.000000  0.007576
27537.000000  -0.018303
27630.000000  0.005167
27706.000000  0.005161
27772.000000  -0.012155
27854.000000  0.005697
27903.000000  -0.024462
27932.000000  0.017843
27950.000000  -0.024342
28013.000000  0.020290
28061.000000  -0.019827
28175.000000  0.032378
28193.000000  -0.074909
28305.000000  0.083716
28422.000000  0.004444
28540.000000  -0.009668
28628.000000  0.000204
28740.000000  -0.001422
28808.000000  -0.059701
28900.000000  0.038637
28996.000000  0.030720
29067.000000  0.007816
29149.000000  -0.003474
29235.000000  0.011177
29341.000000  0.028450
29428.000000  -0.053956
29522.000000  0.033639
29636.000000  0.002586
29712.000000  -0.022198
29789.000000  -0.015464
29877.000000  0.023472
29954.000000  -0.002968
30044.000000  0.008142
30144.000000  0.007418
30170.000000  -0.043866
30243.000000  0.021060
30338.000000  0.026286
30406.000000  0.007687
30594.000000  0.048043
30725.000000  -0.037730
30869.000000  0.044911
31015.000000  0.028887
31130.000000  -0.021394
31231.000000  -0.021753
31328.000000  0.004243
31383.000000  -0.089034
31505.000000  0.066605
31605.000000  -0.010858
31660.000000  -0.032815
31721.000000  0.000140
31787.000000  -0.009051
31864.000000  0.016579
32039.000000  0.074097
32164.000000  0.003403
32250.000000  -0.013070
32334.000000  -0.035008
32466.000000  0.020593
32557.000000  0.012032
32630.000000  -0.065657
32685.000000  -0.015004
32765.000000  0.021791
32876.000000  0.053458
33015.000000  -0.026257
33156.000000  -0.045679
33274.000000  0.066774
33370.000000  0.019629
33464.000000  0.015463
33538.000000  -0.039018
33605.000000  0.053575
33683.000000  0.026735
33771.000000  0.011835
33807.000000  -0.067727
33899.000000  0.107074
33981.000000  -0.035771
34071.000000  -0.002193
34177.000000  0.057161
34265.000000  0.038066
34342.000000  0.054150
34401.000000  -0.317566
34462.000000  0.043548
34520.000000  -0.023239
34587.000000  0.006811
34674.000000  -0.001061
34732.000000  0.007903
34773.000000  -0.010441
34786.000000  0.017870
34789.000000  -0.047377
34796.000000  0.055292
34882.000000  0.007940
34946.000000  -0.009864
35018.000000  0.006001
35097.000000  -0.024159
35195.000000  0.024806
35211.000000  -0.022494
35275.000000  -0.058819
35411.000000  0.080275
35493.000000  0.039971
35572.000000  -0.002727
35587.000000  -0.037295
35645.000000  0.005004
35706.000000  -0.028416
35786.000000  -0.030848
35865.000000  0.041725
35945.000000  -0.025168
36024.000000  0.062680
36105.000000  -0.013034
36185.000000  0.002011
36227.000000  0.006183
36231.000000  -0.100919
36298.000000  0.041522
36393.000000  0.014531
36471.000000  0.014731
36570.000000  0.025848
36642.000000  -0.053479
36702.000000  0.048599
36730.000000  -0.018076
36797.000000  -0.015413
36853.000000  -0.008733
36898.000000  0.011734
36991.000000  -0.006516
37068.000000  -0.009506
37179.000000  0.022169
37312.000000  -0.018346
37417.000000  0.012077
37589.000000  0.030476
37680.000000  0.001309
37752.000000  -0.006792
37837.000000  -0.033492
37947.000000  0.022575
38052.000000  0.027717
38069.000000  -0.089174
38150.000000  0.021215
38214.000000  0.014751
38256.000000  0.021723
38310.000000  -0.037519
38366.000000  0.030494
38436.000000  0.004461
38490.000000  -0.036130
38525.000000  0.014788
38601.000000  0.048658
38620.000000  -0.064036
38709.000000  0.013267
38795.000000  0.036053
38885.000000  -0.016848
38950.000000  0.022249
38959.000000  -0.048650
39057.000000  0.095753
39106.000000  -0.013970
39151.000000  -0.044460
39156.000000  0.030401
39189.000000  -0.036958
39221.000000  -0.003600
39302.000000  0.021378
39344.000000  0.037969
39380.000000  -0.104841
39413.000000  0.015418
39508.000000  0.050835
39583.000000  -0.014584
39680.000000  0.039674
39754.000000  -0.003854
39828.000000  -0.009409
39846.000000  -0.033464
39862.000000  0.048315
39902.000000  -0.025045
39935.000000  -0.043612
39993.000000  0.037044
40060.000000  -0.024116
40130.000000  0.014610
40153.000000  -0.004679
40202.000000  0.020849
40218.000000  -0.015695
40262.000000  0.033667
40373.000000  -0.012900
40477.000000  0.039724
40595.000000  0.002383
40648.000000  -0.025126
40746.000000  -0.040442
40797.000000  0.059602
40818.000000  -0.033194
