4067.000000  70.566589
4810.000000  76.089706
5496.000000  56.012028
6445.000000  66.377625
7663.000000  73.701408
9103.000000  75.199356
10576.000000  76.188004
11612.000000  76.243149
12747.000000  72.854630
14031.000000  76.874992
15321.000000  74.689575
16724.000000  77.449867
18037.000000  77.484421
18833.000000  70.796654
19604.000000  58.734310
20113.000000  59.644932
20368.000000  51.946301
20909.000000  56.636536
21776.000000  62.430496
22677.000000  65.982018
23376.000000  57.885033
24090.000000  61.649616
24779.000000  65.984955
25454.000000  59.521282
26133.000000  52.848148
26841.000000  50.671776
27613.000000  54.491840
28655.000000  60.552429
29783.000000  59.246971
31206.000000  59.949177
32544.000000  59.957973
34032.000000  68.176575
35255.000000  67.583755
36288.000000  65.861259
37109.000000  63.652325
37626.000000  50.875092
38452.000000  58.405281
39463.000000  59.257866
40532.000000  61.877750
41242.000000  51.327591
41591.000000  40.815662
42725.000000  49.735332
44373.000000  54.462833
45794.000000  46.777256
47085.000000  55.781246
48150.000000  53.526669
49391.000000  45.267929
50371.000000  42.082001
51579.000000  41.184788
52958.000000  46.246555
54057.000000  45.694508
54799.000000  59.435154
55483.000000  31.165405
56946.000000  67.283295
57970.000000  59.800552
59126.000000  63.126278
60148.000000  69.295341
61804.000000  70.716682
63189.000000  69.942940
64511.000000  63.203197
65711.000000  64.297165
66975.000000  66.929207
68304.000000  63.473286
69316.000000  60.736717
70319.000000  60.507755
71298.000000  44.949432
72270.000000  34.230099
73941.000000  28.779121
75066.000000  22.416199
77593.000000  55.304600
78858.000000  48.029179
80188.000000  50.449032
81932.000000  55.040001
82898.000000  50.777920
83720.000000  51.675636
84431.000000  44.837086
85128.000000  41.547485
85645.000000  47.971035
86392.000000  57.521652
87235.000000  60.686558
88159.000000  30.607773
89025.000000  28.085423
89627.000000  31.293440
90233.000000  58.293640
91176.000000  65.620544
91968.000000  60.675056
93210.000000  62.132401
94448.000000  56.306450
95996.000000  60.417015
97794.000000  59.958416
99540.000000  52.913380
101583.000000  37.608292
102823.000000  42.641804
103683.000000  31.347052
104263.000000  26.375189
104924.000000  33.062775
105834.000000  37.227726
107038.000000  40.728302
107961.000000  41.734303
108524.000000  23.320299
109541.000000  32.688427
110252.000000  36.190872
111110.000000  38.754547
112369.000000  59.915520
113224.000000  49.032604
113963.000000  42.593784
114809.000000  44.457897
116057.000000  37.794624
116957.000000  29.782333
117961.000000  31.909716
118970.000000  39.552383
120121.000000  42.300560
121003.000000  30.015501
121766.000000  25.320017
122955.000000  32.239662
124482.000000  35.354836
125730.000000  47.177410
126370.000000  52.186756
126959.000000  20.839886
127572.000000  40.590031
128453.000000  42.992783
129179.000000  47.083508
130501.000000  50.508194
131724.000000  53.494583
133119.000000  59.666103
133653.000000  28.059357
133803.000000  10.389349
134090.000000  12.737309
134525.000000  28.019661
134595.000000  15.217497
134654.000000  7.922729
135471.000000  24.386477
136001.000000  24.225260
136456.000000  23.228050
137045.000000  18.936615
137751.000000  20.664309
138229.000000  19.449743
138616.000000  14.083407
139471.000000  16.674797
140300.000000  21.928688
140872.000000  21.466702
141315.000000  19.342012
141847.000000  23.280745
142373.000000  24.053366
142972.000000  21.327650
143797.000000  20.150682
144846.000000  25.952059
145821.000000  26.924515
146762.000000  25.173325
147177.000000  20.324020
147358.000000  6.449711
147490.000000  7.985047
147804.000000  4.383498
148285.000000  16.193541
148793.000000  23.850851
148965.000000  23.633286
149471.000000  18.866835
150137.000000  38.887966
150563.000000  34.752892
151036.000000  38.424366
151247.000000  44.253059
151615.000000  12.018416
151994.000000  8.955171
152526.000000  11.435369
152922.000000  11.012397
153250.000000  8.773918
153819.000000  12.041179
154270.000000  9.274860
154689.000000  7.728134
154906.000000  9.201538
155166.000000  8.148978
155622.000000  10.039582
156179.000000  43.713623
156753.000000  45.978920
157227.000000  40.466702
157504.000000  47.397526
158663.000000  51.277000
158854.000000  63.533836
159416.000000  11.836685
159418.000000  0.147878
159700.000000  19.540863
159868.000000  22.162325
160046.000000  20.138721
160307.000000  18.102316
160432.000000  30.299166
160526.000000  61.349010
160530.000000  0.491583
160549.000000  31.191223
