4067.000000  5.833702
4810.000000  7.202878
5496.000000  15.666294
6445.000000  9.310615
7663.000000  6.601789
9103.000000  5.868986
10576.000000  5.369837
11612.000000  5.381763
12747.000000  6.605649
14031.000000  4.660809
15321.000000  5.539164
16724.000000  4.356518
18037.000000  4.252450
18833.000000  5.219884
19604.000000  8.326426
20113.000000  7.898065
20368.000000  9.728288
20909.000000  6.375314
21776.000000  5.799504
22677.000000  5.421357
23376.000000  7.508149
24090.000000  5.663859
24779.000000  5.119847
25454.000000  6.610192
26133.000000  8.277056
26841.000000  8.086683
27613.000000  7.680146
28655.000000  6.148866
29783.000000  5.827688
31206.000000  6.486174
32544.000000  6.884962
34032.000000  5.051831
35255.000000  4.543828
36288.000000  6.054680
37109.000000  5.639297
37626.000000  7.305797
38452.000000  6.173172
39463.000000  5.575118
40532.000000  5.908892
41242.000000  7.718233
41591.000000  9.467436
42725.000000  8.939686
44373.000000  7.932904
45794.000000  25.113741
47085.000000  12.204690
48150.000000  10.675055
49391.000000  28.149349
50371.000000  32.287819
51579.000000  35.198479
52958.000000  31.138935
54057.000000  24.153727
54799.000000  5.806030
55483.000000  47.868279
56946.000000  3.774198
57970.000000  4.239161
59126.000000  4.782237
60148.000000  3.307895
61804.000000  2.593120
63189.000000  2.901222
64511.000000  4.289601
65711.000000  3.132171
66975.000000  2.990087
68304.000000  3.729182
69316.000000  3.830138
70319.000000  6.583623
71298.000000  33.576347
72270.000000  41.383728
73941.000000  51.663494
75066.000000  61.875717
77593.000000  4.422380
78858.000000  4.817112
80188.000000  4.329115
81932.000000  3.832146
82898.000000  4.520866
83720.000000  4.523634
84431.000000  4.892605
85128.000000  5.581349
85645.000000  4.567600
86392.000000  3.408639
87235.000000  3.165790
88159.000000  5.859602
89025.000000  6.420219
89627.000000  5.764963
90233.000000  3.131742
91176.000000  2.137339
91968.000000  2.801701
93210.000000  2.367776
94448.000000  2.722466
95996.000000  2.511199
97794.000000  2.705821
99540.000000  3.333683
101583.000000  2.679502
102823.000000  3.390674
103683.000000  4.893637
104263.000000  4.390073
104924.000000  3.986643
105834.000000  4.528809
107038.000000  3.457692
107961.000000  3.572131
108524.000000  5.063333
109541.000000  5.098236
110252.000000  3.432467
111110.000000  4.480650
112369.000000  2.487217
113224.000000  3.059833
113963.000000  4.102459
114809.000000  3.144745
116057.000000  3.492440
116957.000000  4.483510
117961.000000  3.847510
118970.000000  3.272761
120121.000000  3.229149
121003.000000  4.349393
121766.000000  4.866765
122955.000000  3.941192
124482.000000  3.716879
125730.000000  2.700183
126370.000000  2.638135
126959.000000  4.307450
127572.000000  3.056240
128453.000000  2.573563
129179.000000  2.429223
130501.000000  2.267859
131724.000000  2.204639
133119.000000  1.727197
133653.000000  2.967717
133803.000000  3.811043
134090.000000  3.678266
134525.000000  2.961616
134595.000000  3.613419
134654.000000  4.509322
135471.000000  3.268766
136001.000000  3.103918
136456.000000  3.291079
137045.000000  4.185575
137751.000000  3.697123
138229.000000  4.543280
138616.000000  3.702541
139471.000000  3.551650
140300.000000  3.123103
140872.000000  3.570965
141315.000000  3.282507
141847.000000  3.690636
142373.000000  2.945809
142972.000000  3.176364
143797.000000  3.210176
144846.000000  2.920661
145821.000000  3.163778
146762.000000  3.181751
147177.000000  3.463118
147358.000000  3.544341
147490.000000  4.012699
147804.000000  4.112351
148285.000000  3.168178
148793.000000  2.977517
148965.000000  2.817139
149471.000000  3.251235
150137.000000  2.481167
150563.000000  2.573227
151036.000000  2.084112
151247.000000  1.994264
151615.000000  3.449214
151994.000000  3.429253
152526.000000  3.011830
152922.000000  3.120950
153250.000000  2.958916
153819.000000  3.072168
154270.000000  3.487054
154689.000000  3.092835
154906.000000  2.942880
155166.000000  3.087732
155622.000000  3.482971
156179.000000  1.828764
156753.000000  1.650298
157227.000000  1.994843
157504.000000  1.728680
158663.000000  1.420139
158854.000000  1.140022
159416.000000  2.943396
159418.000000  3.117260
159700.000000  2.519463
159868.000000  2.357003
160046.000000  2.445823
160307.000000  2.667977
160432.000000  2.017716
160526.000000  1.004732
160530.000000  3.009871
160549.000000  1.979198
