269.000000  0.049177
344.000000  0.033608
382.000000  0.019167
438.000000  0.024979
496.000000  0.040569
537.000000  0.028909
575.000000  0.040691
617.000000  0.039140
697.000000  0.035669
733.000000  0.031334
781.000000  0.031108
835.000000  0.041610
874.000000  0.029963
924.000000  0.042230
989.000000  0.048515
1031.000000  0.028944
1054.000000  0.019281
1084.000000  0.030955
1127.000000  0.036251
1169.000000  0.039588
1215.000000  0.044190
1220.000000  0.006588
1278.000000  0.044330
1302.000000  0.025281
1349.000000  0.044879
1393.000000  0.033102
1423.000000  0.019832
1456.000000  0.019970
1514.000000  0.037344
1549.000000  0.041428
1578.000000  0.030037
1603.000000  0.029788
1650.000000  0.044908
1689.000000  0.056842
1744.000000  0.062582
1783.000000  0.046551
1826.000000  0.050631
1867.000000  0.045534
1903.000000  0.046416
1938.000000  0.036100
1994.000000  0.050662
2027.000000  0.034491
2069.000000  0.033641
2122.000000  0.034640
2122.000000  0.000066
2159.000000  0.037763
2198.000000  0.027491
2198.000000  0.000048
2222.000000  0.027545
2276.000000  0.056410
2331.000000  0.042688
2372.000000  0.056114
2418.000000  0.068359
2451.000000  0.045162
2468.000000  0.039565
2479.000000  0.035658
2493.000000  0.043528
2507.000000  0.032922
2543.000000  0.043380
2586.000000  0.039884
2623.000000  0.035191
2649.000000  0.036930
2682.000000  0.035667
2719.000000  0.030034
2756.000000  0.028768
2788.000000  0.023449
2809.000000  0.028590
2844.000000  0.024753
2885.000000  0.028856
2920.000000  0.031665
2942.000000  0.034487
2950.000000  0.040307
2966.000000  0.057661
2993.000000  0.066906
3013.000000  0.063391
3025.000000  0.046019
3037.000000  0.052206
3060.000000  0.054722
3087.000000  0.052422
3106.000000  0.038312
3132.000000  0.036140
3158.000000  0.037973
3209.000000  0.031785
3246.000000  0.023849
3246.000000  0.000089
3284.000000  0.027361
3291.000000  0.012130
3328.000000  0.026357
3352.000000  0.031774
3377.000000  0.017631
3383.000000  0.008847
3418.000000  0.016717
3483.000000  0.034202
3533.000000  0.038179
3568.000000  0.052115
3618.000000  0.046716
3669.000000  0.039284
3701.000000  0.032395
3735.000000  0.039525
3772.000000  0.038545
3811.000000  0.046948
3878.000000  0.038283
3915.000000  0.019841
3938.000000  0.024247
3978.000000  0.029864
4017.000000  0.028536
4036.000000  0.021358
4079.000000  0.030004
4113.000000  0.028866
4117.000000  0.004172
4152.000000  0.033132
4183.000000  0.035507
4216.000000  0.038406
4254.000000  0.036910
4299.000000  0.036150
4369.000000  0.043237
4418.000000  0.053588
4450.000000  0.032304
4489.000000  0.029560
4525.000000  0.025805
4549.000000  0.028469
4565.000000  0.026857
4585.000000  0.038061
4619.000000  0.061071
4649.000000  0.063003
4673.000000  0.061113
4691.000000  0.020118
4713.000000  0.055053
4743.000000  0.056334
4772.000000  0.040704
4804.000000  0.024926
4831.000000  0.039453
4853.000000  0.027721
4893.000000  0.019346
4952.000000  0.055292
5006.000000  0.027224
5032.000000  0.018021
5068.000000  0.018532
5102.000000  0.041311
5130.000000  0.051063
5168.000000  0.031947
5205.000000  0.031249
5246.000000  0.033262
5277.000000  0.030963
5327.000000  0.033933
5370.000000  0.021606
5406.000000  0.021756
5463.000000  0.107037
5498.000000  0.023361
5536.000000  0.029483
5569.000000  0.027558
5587.000000  0.014993
5615.000000  0.021489
5648.000000  0.016777
5666.000000  0.022825
5708.000000  0.091699
5759.000000  0.068060
5799.000000  0.068153
5835.000000  0.050547
5894.000000  0.100789
5930.000000  0.102956
5977.000000  0.069040
6026.000000  0.114344
6079.000000  0.071739
6120.000000  0.050156
6138.000000  0.026101
6188.000000  0.123403
6255.000000  0.142359
6296.000000  0.126337
6359.000000  0.158973
6421.000000  0.080760
6466.000000  0.091854
6514.000000  0.102141
6566.000000  0.109388
6612.000000  0.109193
6645.000000  0.128885
6692.000000  0.138897
6741.000000  0.087139
6812.000000  0.088521
6866.000000  0.093108
6890.000000  0.091972
6908.000000  0.023400
6946.000000  0.076789
6991.000000  0.094586
7047.000000  0.107366
7097.000000  0.103435
7157.000000  0.120481
7199.000000  0.112278
7210.000000  0.031716
7262.000000  0.109597
7291.000000  0.082066
7352.000000  0.117313
7358.000000  0.023475
7408.000000  0.125415
7450.000000  0.147462
7504.000000  0.134776
7555.000000  0.050686
7604.000000  0.052941
7614.000000  0.028943
7619.000000  0.001914
7640.000000  0.168798
7660.000000  0.180741
7676.000000  0.053421
7726.000000  0.021277
7742.000000  0.010449
7764.000000  0.017965
7796.000000  0.022317
7838.000000  0.026289
7841.000000  0.076078
7880.000000  0.114704
7902.000000  0.052403
7945.000000  0.124266
7956.000000  0.107113
8004.000000  0.146453
8042.000000  0.071064
8091.000000  0.127630
8121.000000  0.076778
8160.000000  0.101266
8196.000000  0.185156
8214.000000  0.112076
8249.000000  0.036272
8275.000000  0.099169
8295.000000  0.067363
8320.000000  0.087694
8346.000000  0.063488
8379.000000  0.131746
8415.000000  0.056130
8451.000000  0.060636
8503.000000  0.071966
8543.000000  0.060176
8573.000000  0.048787
8599.000000  0.045705
8634.000000  0.059882
8661.000000  0.024696
8686.000000  0.041188
8732.000000  0.035922
8755.000000  0.026956
8780.000000  0.030173
8798.000000  0.018422
8818.000000  0.012973
8839.000000  0.016595
8848.000000  0.011970
8861.000000  0.018257
8885.000000  0.024707
8904.000000  0.014826
8914.000000  0.009142
8932.000000  0.011958
8952.000000  0.011663
8965.000000  0.018874
8984.000000  0.018362
8999.000000  0.010035
9003.000000  0.004953
9022.000000  0.010437
9036.000000  0.008305
9066.000000  0.021867
9066.000000  0.000049
9095.000000  0.028359
9116.000000  0.015964
9136.000000  0.011247
9164.000000  0.030374
9195.000000  0.024204
9218.000000  0.018559
9255.000000  0.030187
9289.000000  0.028167
9311.000000  0.036951
9341.000000  0.023275
9369.000000  0.021597
9400.000000  0.020893
9421.000000  0.024323
9444.000000  0.019705
9505.000000  0.043176
9548.000000  0.034976
9568.000000  0.018576
9596.000000  0.034690
9610.000000  0.035776
9634.000000  0.053037
9643.000000  0.047957
9652.000000  0.050960
9673.000000  0.055999
9705.000000  0.074195
9736.000000  0.066877
9777.000000  0.076200
9803.000000  0.069165
9803.000000  0.000129
9808.000000  0.014977
9826.000000  0.019115
9843.000000  0.021622
9886.000000  0.017612
9916.000000  0.016873
9941.000000  0.012239
9953.000000  0.010186
9968.000000  0.012401
10005.000000  0.024036
10039.000000  0.025201
10071.000000  0.028271
10102.000000  0.028804
10127.000000  0.011816
10136.000000  0.009850
10138.000000  0.005064
10141.000000  0.002337
10180.000000  0.020247
10201.000000  0.009049
10217.000000  0.011824
10236.000000  0.010518
10252.000000  0.007943
10259.000000  0.007809
10260.000000  0.000269
10278.000000  0.013089
10299.000000  0.013900
10315.000000  0.014503
10348.000000  0.016847
10373.000000  0.015208
10377.000000  0.013454
10381.000000  0.002394
