269.000000  0.012577
344.000000  0.013978
382.000000  0.017018
438.000000  0.013570
496.000000  0.014387
537.000000  0.018612
575.000000  0.017262
617.000000  0.013826
697.000000  0.014402
733.000000  0.014384
781.000000  0.017117
835.000000  0.016417
874.000000  0.015112
924.000000  0.017618
989.000000  0.017284
1031.000000  0.015917
1054.000000  0.014850
1084.000000  0.014453
1127.000000  0.015795
1169.000000  0.016774
1215.000000  0.016434
1220.000000  0.017711
1278.000000  0.021097
1302.000000  0.018605
1349.000000  0.018609
1393.000000  0.019842
1423.000000  0.019204
1456.000000  0.025246
1514.000000  0.024212
1549.000000  0.018703
1578.000000  0.019291
1603.000000  0.029165
1650.000000  0.021010
1689.000000  0.023272
1744.000000  0.022248
1783.000000  0.021976
1826.000000  0.022497
1867.000000  0.023191
1903.000000  0.034371
1938.000000  0.027286
1994.000000  0.026471
2027.000000  0.026383
2069.000000  0.026467
2122.000000  0.028277
2122.000000  0.028188
2159.000000  0.026784
2198.000000  0.029990
2198.000000  0.027423
2222.000000  0.032800
2276.000000  0.027761
2331.000000  0.030112
2372.000000  0.029347
2418.000000  0.028418
2451.000000  0.030522
2468.000000  0.041140
2479.000000  0.032991
2493.000000  0.025695
2507.000000  0.027791
2543.000000  0.033295
2586.000000  0.028188
2623.000000  0.027724
2649.000000  0.026941
2682.000000  0.040665
2719.000000  0.029058
2756.000000  0.040123
2788.000000  0.029973
2809.000000  0.032507
2844.000000  0.031294
2885.000000  0.034013
2920.000000  0.035199
2942.000000  0.033471
2950.000000  0.032012
2966.000000  0.040660
2993.000000  0.035781
3013.000000  0.026772
3025.000000  0.034358
3037.000000  0.024406
3060.000000  0.029166
3087.000000  0.023335
3106.000000  0.023624
3132.000000  0.025295
3158.000000  0.027931
3209.000000  0.032009
3246.000000  0.028004
3246.000000  0.029513
3284.000000  0.042985
3291.000000  0.029946
3328.000000  0.029682
3352.000000  0.028679
3377.000000  0.043780
3383.000000  0.030366
3418.000000  0.038902
3483.000000  0.033158
3533.000000  0.030161
3568.000000  0.032523
3618.000000  0.032999
3669.000000  0.034892
3701.000000  0.034740
3735.000000  0.044089
3772.000000  0.042728
3811.000000  0.037281
3878.000000  0.036796
3915.000000  0.033882
3938.000000  0.042142
3978.000000  0.037935
4017.000000  0.038172
4036.000000  0.033621
4079.000000  0.035977
4113.000000  0.036343
4117.000000  0.035948
4152.000000  0.033670
4183.000000  0.034148
4216.000000  0.037974
4254.000000  0.042026
4299.000000  0.037615
4369.000000  0.038943
4418.000000  0.041128
4450.000000  0.041104
4489.000000  0.039982
4525.000000  0.048269
4549.000000  0.043419
4565.000000  0.038116
4585.000000  0.039035
4619.000000  0.039211
4649.000000  0.037947
4673.000000  0.039902
4691.000000  0.036291
4713.000000  0.048934
4743.000000  0.039506
4772.000000  0.039350
4804.000000  0.039140
4831.000000  0.038898
4853.000000  0.037199
4893.000000  0.038560
4952.000000  0.045365
5006.000000  0.064977
5032.000000  0.051839
5068.000000  0.042667
5102.000000  0.050267
5130.000000  0.045995
5168.000000  0.042424
5205.000000  0.045484
5246.000000  0.042879
5277.000000  0.049135
5327.000000  0.047724
5370.000000  0.042557
5406.000000  0.049996
5463.000000  0.047553
5498.000000  0.046344
5536.000000  0.043002
5569.000000  0.043902
5587.000000  0.045491
5615.000000  0.043313
5648.000000  0.044611
5666.000000  0.046377
5708.000000  0.043669
5759.000000  0.046836
5799.000000  0.043171
5835.000000  0.046311
5894.000000  0.043532
5930.000000  0.046699
5977.000000  0.048766
6026.000000  0.046760
6079.000000  0.044149
6120.000000  0.048831
6138.000000  0.054710
6188.000000  0.046792
6255.000000  0.056531
6296.000000  0.049281
6359.000000  0.045210
6421.000000  0.047530
6466.000000  0.054325
6514.000000  0.064427
6566.000000  0.052775
6612.000000  0.048319
6645.000000  0.054445
6692.000000  0.046299
6741.000000  0.047981
6812.000000  0.047368
6866.000000  0.040153
6890.000000  0.039543
6908.000000  0.038708
6946.000000  0.039105
6991.000000  0.043103
7047.000000  0.051604
7097.000000  0.045262
7157.000000  0.045704
7199.000000  0.036000
7210.000000  0.036414
7262.000000  0.038330
7291.000000  0.035724
7352.000000  0.033509
7358.000000  0.037147
7408.000000  0.034134
7450.000000  0.034224
7504.000000  0.032223
7555.000000  0.034275
7604.000000  0.039076
7614.000000  0.037638
7619.000000  0.030342
7640.000000  0.029443
7660.000000  0.030063
7676.000000  0.028264
7726.000000  0.028110
7742.000000  0.028334
7764.000000  0.028236
7796.000000  0.031147
7838.000000  0.032272
7841.000000  0.037365
7880.000000  0.027488
7902.000000  0.027395
7945.000000  0.027044
7956.000000  0.030856
8004.000000  0.030588
8042.000000  0.027707
8091.000000  0.022427
8121.000000  0.024710
8160.000000  0.023252
8196.000000  0.021165
8214.000000  0.021906
8249.000000  0.028435
8275.000000  0.020858
8295.000000  0.026014
8320.000000  0.021088
8346.000000  0.023746
8379.000000  0.020279
8415.000000  0.021871
8451.000000  0.034912
8503.000000  0.023193
8543.000000  0.021142
8573.000000  0.021810
8599.000000  0.020439
8634.000000  0.029712
8661.000000  0.023967
8686.000000  0.021838
8732.000000  0.030144
8755.000000  0.031208
8780.000000  0.022323
8798.000000  0.021357
8818.000000  0.020728
8839.000000  0.029186
8848.000000  0.021460
8861.000000  0.032402
8885.000000  0.022398
8904.000000  0.032616
8914.000000  0.022741
8932.000000  0.024843
8952.000000  0.023891
8965.000000  0.022615
8984.000000  0.022357
8999.000000  0.020798
9003.000000  0.020262
9022.000000  0.021650
9036.000000  0.020165
9066.000000  0.021740
9066.000000  0.028007
9095.000000  0.021087
9116.000000  0.022969
9136.000000  0.026189
9164.000000  0.025560
9195.000000  0.024654
9218.000000  0.024201
9255.000000  0.025006
9289.000000  0.026217
9311.000000  0.025901
9341.000000  0.024053
9369.000000  0.024152
9400.000000  0.026574
9421.000000  0.023731
9444.000000  0.023694
9505.000000  0.027201
9548.000000  0.022664
9568.000000  0.023413
9596.000000  0.023128
9610.000000  0.020909
9634.000000  0.016369
9643.000000  0.016547
9652.000000  0.015854
9673.000000  0.017097
9705.000000  0.017169
9736.000000  0.016909
9777.000000  0.017261
9803.000000  0.009889
9803.000000  0.011912
9808.000000  0.008946
9826.000000  0.012459
9843.000000  0.012018
9886.000000  0.008519
9916.000000  0.007682
9941.000000  0.008556
9953.000000  0.009414
9968.000000  0.008864
10005.000000  0.018459
10039.000000  0.009146
10071.000000  0.010897
10102.000000  0.009038
10127.000000  0.016642
10136.000000  0.008967
10138.000000  0.006707
10141.000000  0.006031
10180.000000  0.006722
10201.000000  0.008617
10217.000000  0.007725
10236.000000  0.006254
10252.000000  0.005322
10259.000000  0.005945
10260.000000  0.004421
10278.000000  0.004556
10299.000000  0.004732
10315.000000  0.007095
10348.000000  0.005267
10373.000000  0.004934
10377.000000  0.003904
10381.000000  0.003688
