399.000000  0.079502
562.000000  0.074368
672.000000  0.062999
736.000000  0.041014
827.000000  0.048919
971.000000  0.072816
1120.000000  0.080340
1238.000000  0.064600
1388.000000  0.099919
1519.000000  0.085675
1666.000000  0.103027
1824.000000  0.099424
1864.000000  0.086114
2048.000000  0.096386
2215.000000  0.101679
2234.000000  0.033610
2370.000000  0.094964
2514.000000  0.092568
2641.000000  0.072405
2729.000000  0.069276
2840.000000  0.068471
3045.000000  0.082421
3209.000000  0.091560
3315.000000  0.074385
3434.000000  0.091038
3450.000000  0.034855
3574.000000  0.105097
3692.000000  0.081973
3852.000000  0.113751
4030.000000  0.131831
4201.000000  0.139498
4385.000000  0.143167
4569.000000  0.121205
4726.000000  0.106273
4823.000000  0.079259
4916.000000  0.048382
5003.000000  0.057598
5161.000000  0.113705
5316.000000  0.114983
5475.000000  0.124470
5633.000000  0.122458
5813.000000  0.123681
5981.000000  0.121555
6145.000000  0.122099
6255.000000  0.081760
6349.000000  0.083146
6463.000000  0.100156
6600.000000  0.133760
6755.000000  0.192930
6899.000000  0.196112
7036.000000  0.202261
7133.000000  0.184142
7240.000000  0.133099
7385.000000  0.130617
7505.000000  0.102711
7665.000000  0.116516
7756.000000  0.186396
7877.000000  0.083127
7987.000000  0.069160
8067.000000  0.050141
8192.000000  0.081919
8357.000000  0.091916
8532.000000  0.099814
8668.000000  0.084652
8821.000000  0.076071
8929.000000  0.084745
9009.000000  0.065942
9095.000000  0.066939
9191.000000  0.048247
9271.000000  0.047202
9353.000000  0.056798
9436.000000  0.055116
9525.000000  0.070679
9600.000000  0.052456
9681.000000  0.064909
9761.000000  0.056102
9845.000000  0.057048
9941.000000  0.049166
10072.000000  0.101100
10176.000000  0.109614
10280.000000  0.091495
10341.000000  0.042019
10403.000000  0.069799
10501.000000  0.087246
10600.000000  0.120887
10650.000000  0.131147
10701.000000  0.124977
10712.000000  0.064774
10777.000000  0.154719
10843.000000  0.104269
10889.000000  0.096414
10953.000000  0.120202
11097.000000  0.132663
11239.000000  0.132726
11398.000000  0.156185
11524.000000  0.132102
11626.000000  0.131439
11672.000000  0.160219
11737.000000  0.156426
11802.000000  0.111294
11911.000000  0.126447
12014.000000  0.140892
12109.000000  0.179791
12252.000000  0.198388
12397.000000  0.140023
12490.000000  0.137939
12612.000000  0.130060
12825.000000  0.197572
12998.000000  0.217305
13163.000000  0.290579
13326.000000  0.312612
13395.000000  0.261645
13416.000000  0.360540
13420.000000  0.341946
13421.000000  0.009038
13424.000000  0.283288
13483.000000  0.349393
13541.000000  0.376615
13595.000000  0.352827
13690.000000  0.376421
13800.000000  0.378229
13904.000000  0.378556
14027.000000  0.416223
14142.000000  0.412158
14345.000000  0.426191
14496.000000  0.405696
14598.000000  0.317949
14655.000000  0.319336
14686.000000  0.128521
14794.000000  0.607853
14839.000000  0.525958
14848.000000  0.757738
14913.000000  0.063535
15004.000000  0.052372
15067.000000  0.029642
15149.000000  0.032756
15206.000000  0.023445
15260.000000  0.018570
15311.000000  0.020735
15400.000000  0.030149
15530.000000  0.043410
15667.000000  0.055689
15774.000000  0.050540
15917.000000  0.063440
16057.000000  0.074956
16185.000000  0.066253
16331.000000  0.083355
16406.000000  0.076243
16474.000000  0.033388
16533.000000  0.024713
16594.000000  0.027167
16673.000000  0.030597
16733.000000  0.024007
16820.000000  0.026711
16883.000000  0.024395
16962.000000  0.028426
17023.000000  0.024002
17096.000000  0.026117
17171.000000  0.030485
17233.000000  0.026096
17309.000000  0.030526
17371.000000  0.027159
17470.000000  0.029332
17599.000000  0.049058
17753.000000  0.054158
17921.000000  0.068597
18094.000000  0.081082
18251.000000  0.086849
18421.000000  0.088258
18467.000000  0.038745
18519.000000  0.024680
18562.000000  0.022613
18604.000000  0.016002
18648.000000  0.027443
18693.000000  0.035938
18790.000000  0.050706
18880.000000  0.053960
18971.000000  0.063473
19056.000000  0.060993
19131.000000  0.053786
19224.000000  0.062198
19308.000000  0.075636
19394.000000  0.059116
19473.000000  0.060111
19551.000000  0.058651
19641.000000  0.078109
19771.000000  0.081158
19849.000000  0.071027
19922.000000  0.051921
19988.000000  0.075617
20040.000000  0.015305
20083.000000  0.014608
20138.000000  0.015720
20193.000000  0.015298
20264.000000  0.024007
20342.000000  0.029855
20436.000000  0.032410
20514.000000  0.035126
20607.000000  0.027909
20742.000000  0.044050
20884.000000  0.051569
20957.000000  0.041968
21024.000000  0.046659
21142.000000  0.059601
21206.000000  0.060786
21218.000000  0.006766
21312.000000  0.078555
21445.000000  0.087142
21624.000000  0.116673
21785.000000  0.134561
21799.000000  0.039303
21930.000000  0.117357
22081.000000  0.138434
22250.000000  0.129855
22399.000000  0.118012
22531.000000  0.093982
22592.000000  0.040522
22660.000000  0.039979
22777.000000  0.067207
22931.000000  0.120115
23053.000000  0.112305
23200.000000  0.095416
23317.000000  0.059813
23460.000000  0.073368
23583.000000  0.067357
23704.000000  0.069269
23821.000000  0.057936
23926.000000  0.072766
24043.000000  0.085757
24223.000000  0.092588
24361.000000  0.096222
24485.000000  0.055941
24591.000000  0.059714
24702.000000  0.069580
24829.000000  0.149483
24913.000000  0.161671
24953.000000  0.158649
24998.000000  0.013762
25090.000000  0.025915
25155.000000  0.019678
25190.000000  0.008996
25288.000000  0.040309
25351.000000  0.027088
25409.000000  0.023245
25439.000000  0.014828
25528.000000  0.028074
25612.000000  0.036943
25708.000000  0.033035
25818.000000  0.039463
25820.000000  0.006039
25855.000000  0.017971
25932.000000  0.035707
25974.000000  0.031780
25993.000000  0.019198
26068.000000  0.030949
26184.000000  0.055633
26340.000000  0.076591
26469.000000  0.076280
26526.000000  0.042037
26632.000000  0.063280
26687.000000  0.049932
26723.000000  0.026873
26850.000000  0.025668
26982.000000  0.048120
27096.000000  0.047675
27201.000000  0.060251
27294.000000  0.044465
27377.000000  0.043436
27477.000000  0.046019
27573.000000  0.066135
27582.000000  0.017343
27583.000000  0.000314
27584.000000  0.002386
27643.000000  0.044748
27716.000000  0.039006
27732.000000  0.022773
27737.000000  0.019219
27828.000000  0.032188
27902.000000  0.027463
27928.000000  0.015981
28019.000000  0.029496
28076.000000  0.017500
28185.000000  0.042499
28285.000000  0.049362
28415.000000  0.054392
28429.000000  0.035038
28505.000000  0.041736
28586.000000  0.034771
28660.000000  0.024969
28743.000000  0.034592
28880.000000  0.043198
29024.000000  0.056586
29185.000000  0.070045
29368.000000  0.083692
29553.000000  0.089828
29599.000000  0.053236
29750.000000  0.073095
29775.000000  0.047898
29892.000000  0.087130
29975.000000  0.077595
30116.000000  0.108289
30218.000000  0.105034
30335.000000  0.135689
30402.000000  0.125109
30466.000000  0.144159
30478.000000  0.055400
30549.000000  0.104306
30644.000000  0.127406
30729.000000  0.090480
30831.000000  0.091682
30946.000000  0.075595
31070.000000  0.072916
31146.000000  0.075513
31221.000000  0.072837
31313.000000  0.076456
31373.000000  0.036575
31433.000000  0.094926
31522.000000  0.187779
31643.000000  0.034411
31754.000000  0.039811
31830.000000  0.047613
31925.000000  0.055631
32017.000000  0.057948
32089.000000  0.087993
32197.000000  0.094634
32274.000000  0.066797
32375.000000  0.087060
32432.000000  0.071042
32498.000000  0.067837
32594.000000  0.205823
32597.000000  0.228147
32659.000000  0.020834
32747.000000  0.029405
32836.000000  0.039554
32933.000000  0.052534
33027.000000  0.056396
33140.000000  0.065683
33272.000000  0.064745
33362.000000  0.047358
33461.000000  0.064874
33546.000000  0.051092
33633.000000  0.051475
33748.000000  0.064201
33834.000000  0.056696
33917.000000  0.059268
34032.000000  0.073397
34128.000000  0.057295
34285.000000  0.067507
34396.000000  0.060651
34533.000000  0.077192
34620.000000  0.036986
34715.000000  0.062430
34841.000000  0.085572
35012.000000  0.113179
35062.000000  0.085528
35172.000000  0.083259
35270.000000  0.073265
35449.000000  0.099093
35649.000000  0.130831
35773.000000  0.108210
35851.000000  0.116430
35967.000000  0.126075
36057.000000  0.105575
36294.000000  0.196467
36471.000000  0.230733
36628.000000  0.338251
36738.000000  0.235320
36849.000000  0.218857
36922.000000  0.132660
36994.000000  0.141970
37069.000000  0.152915
37171.000000  0.249530
37219.000000  0.220854
37265.000000  0.187160
37265.000000  0.000369
37302.000000  0.013578
37354.000000  0.250908
37369.000000  0.112876
37451.000000  0.106633
37531.000000  0.100074
37630.000000  0.047899
37750.000000  0.056914
37813.000000  0.040786
37915.000000  0.087401
38030.000000  0.069357
38124.000000  0.064040
38198.000000  0.027811
38204.000000  0.008429
38207.000000  0.002353
38280.000000  0.024243
38382.000000  0.042047
38471.000000  0.047308
38558.000000  0.051804
38580.000000  0.021262
38644.000000  0.042123
38655.000000  0.027978
38710.000000  0.016632
38775.000000  0.024325
38854.000000  0.036085
38949.000000  0.081381
39061.000000  0.056373
39062.000000  0.002473
39096.000000  0.039560
39187.000000  0.031439
39284.000000  0.044834
39391.000000  0.053609
39482.000000  0.055034
39502.000000  0.019917
39558.000000  0.038729
39603.000000  0.040631
39712.000000  0.056298
39799.000000  0.032350
39835.000000  0.017750
39838.000000  0.003993
39904.000000  0.029457
39973.000000  0.027227
40008.000000  0.020447
40050.000000  0.027152
40080.000000  0.024967
40201.000000  0.043562
40297.000000  0.046131
40417.000000  0.065745
40456.000000  0.033725
40472.000000  0.026435
40481.000000  0.013511
40550.000000  0.032307
40619.000000  0.035091
40656.000000  0.020779
40697.000000  0.016673
40750.000000  0.033676
40815.000000  0.055280
