995.000000  87.870735
1265.000000  89.105812
1518.000000  87.027534
1729.000000  89.097939
1967.000000  88.505272
2196.000000  88.783302
2500.000000  86.736717
2783.000000  87.243172
3119.000000  87.751625
3424.000000  85.565979
3663.000000  88.193222
3891.000000  88.682251
4193.000000  85.979553
4494.000000  87.323906
4734.000000  86.823425
4920.000000  86.941818
5225.000000  87.213547
5438.000000  86.949638
5670.000000  88.450256
5868.000000  87.449150
6024.000000  87.636688
6129.000000  88.139542
6264.000000  87.552399
6430.000000  86.067253
6707.000000  87.263176
6961.000000  86.511208
7212.000000  87.175957
7476.000000  85.941055
7703.000000  87.706390
7861.000000  84.673157
8047.000000  87.204277
8362.000000  86.725838
8653.000000  87.358490
8862.000000  87.867157
9057.000000  87.920654
9253.000000  86.792252
9425.000000  86.855911
9584.000000  86.682060
9722.000000  86.862930
9904.000000  87.134941
10165.000000  87.083252
10331.000000  87.217918
10549.000000  86.724533
10752.000000  86.621483
11038.000000  86.356316
11390.000000  86.896317
11723.000000  87.475723
12001.000000  87.264816
12260.000000  86.936775
12405.000000  86.319336
12613.000000  86.934433
12820.000000  87.542114
13022.000000  87.295761
13161.000000  86.872818
13346.000000  86.754974
13568.000000  87.277328
13798.000000  88.025749
14078.000000  86.982155
14271.000000  87.110161
14521.000000  87.600403
14689.000000  87.929443
14862.000000  87.933319
14931.000000  88.074860
15032.000000  88.013237
15157.000000  88.078934
15287.000000  87.794724
15475.000000  87.602257
15611.000000  88.183250
15758.000000  88.292480
15872.000000  88.449486
16095.000000  87.510971
16302.000000  87.948425
16613.000000  87.718140
16800.000000  87.166519
17082.000000  86.808044
17325.000000  87.673119
17580.000000  87.663910
17777.000000  88.038170
18046.000000  87.180412
18357.000000  88.086349
18616.000000  88.010002
18802.000000  87.592140
18887.000000  87.607262
19008.000000  88.467590
19105.000000  87.991470
19234.000000  87.861427
19392.000000  88.968376
19722.000000  88.125572
19983.000000  87.787994
20317.000000  87.799774
20594.000000  88.656525
20837.000000  88.333710
21015.000000  87.054840
21264.000000  87.509064
21529.000000  87.419060
21716.000000  88.329453
22056.000000  87.861847
22402.000000  87.379677
22716.000000  86.925163
23003.000000  87.940681
23280.000000  87.898605
23554.000000  87.250511
23851.000000  87.573181
24051.000000  87.604965
24440.000000  87.298370
24802.000000  87.196335
25084.000000  87.528755
25299.000000  87.993797
25533.000000  87.751114
25722.000000  87.919258
26072.000000  88.724220
26333.000000  88.637070
26652.000000  88.026337
26922.000000  88.720200
27221.000000  87.721817
27564.000000  88.649513
27809.000000  88.538170
28099.000000  88.395638
28252.000000  88.889244
28399.000000  89.450195
28881.000000  89.507355
29313.000000  89.653732
29375.000000  88.167122
29762.000000  89.775284
29949.000000  89.343468
30597.000000  89.105621
30863.000000  89.232185
31584.000000  89.196838
31850.000000  89.862061
32209.000000  89.471230
32485.000000  89.975189
32613.000000  90.234444
32757.000000  90.444588
33232.000000  90.333534
33587.000000  90.436432
33834.000000  90.681824
33985.000000  90.865150
34150.000000  90.693413
34387.000000  90.569519
34783.000000  90.513100
35121.000000  90.603043
35566.000000  90.690277
35972.000000  90.822273
36358.000000  91.085518
36606.000000  90.849625
36871.000000  91.134087
36974.000000  91.258408
37314.000000  91.302971
37483.000000  91.415306
37895.000000  91.191551
37994.000000  91.590248
38108.000000  91.432236
38378.000000  91.930397
38510.000000  91.236801
38916.000000  91.512146
39040.000000  91.635391
39231.000000  92.044601
39270.000000  91.775558
39459.000000  91.862457
39617.000000  91.844749
39802.000000  92.109207
40203.000000  92.274315
40446.000000  92.395683
40648.000000  92.246887
40734.000000  92.690186
40768.000000  92.121178
40821.000000  92.732903
