995.000000  0.627366
1265.000000  0.004241
1518.000000  0.044911
1729.000000  0.057026
1967.000000  -0.000337
2196.000000  0.016231
2500.000000  0.054203
2783.000000  0.017628
3119.000000  0.068711
3424.000000  0.010650
3663.000000  0.038998
3891.000000  0.063772
4193.000000  -0.027306
4494.000000  0.062148
4734.000000  0.024227
4920.000000  -0.010097
5225.000000  0.038255
5438.000000  0.028764
5670.000000  0.077394
5868.000000  -0.011835
6024.000000  0.013738
6129.000000  0.039928
6264.000000  0.006090
6430.000000  -0.010932
6707.000000  0.075366
6961.000000  -0.053710
7212.000000  0.092318
7476.000000  0.034566
7703.000000  0.077821
7861.000000  -0.054749
8047.000000  0.072182
8362.000000  -0.053248
8653.000000  0.103709
8862.000000  0.012524
9057.000000  0.052536
9253.000000  -0.005782
9425.000000  -0.020572
9584.000000  0.037540
9722.000000  -0.012424
9904.000000  0.116165
10165.000000  -0.040035
10331.000000  0.094654
10549.000000  -0.019411
10752.000000  0.002662
11038.000000  0.055309
11390.000000  0.025590
11723.000000  0.010678
12001.000000  0.035865
12260.000000  0.027752
12405.000000  0.001674
12613.000000  0.078433
12820.000000  -0.003348
13022.000000  0.013051
13161.000000  0.003910
13346.000000  0.106002
13568.000000  -0.064443
13798.000000  0.102954
14078.000000  -0.030881
14271.000000  0.004408
14521.000000  0.099957
14689.000000  0.024661
14862.000000  -0.050924
14931.000000  0.051178
15032.000000  0.000503
15157.000000  0.047603
15287.000000  0.032383
15475.000000  -0.022095
15611.000000  -0.014454
15758.000000  0.101651
15872.000000  -0.112898
16095.000000  0.135456
16302.000000  -0.028596
16613.000000  0.037736
16800.000000  0.074910
17082.000000  -0.064811
17325.000000  0.077339
17580.000000  0.031758
17777.000000  -0.034305
18046.000000  0.132014
18357.000000  -0.060975
18616.000000  0.059547
18802.000000  0.054803
18887.000000  0.009215
19008.000000  -0.007647
19105.000000  -0.038065
19234.000000  0.176893
19392.000000  -0.064570
19722.000000  0.061178
19983.000000  -0.018449
20317.000000  0.113156
20594.000000  0.026323
20837.000000  -0.031162
21015.000000  -0.032185
21264.000000  0.131327
21529.000000  -0.111419
21716.000000  0.085927
22056.000000  0.039077
22402.000000  0.076074
22716.000000  0.000345
23003.000000  0.158268
23280.000000  -0.013278
23554.000000  -0.039932
23851.000000  0.092546
24051.000000  0.033269
24440.000000  -0.104147
24802.000000  0.138323
25084.000000  -0.032965
25299.000000  0.017587
25533.000000  0.041957
25722.000000  -0.025046
26072.000000  0.048444
26333.000000  0.143614
26652.000000  -0.018013
26922.000000  -0.043318
27221.000000  0.190982
27564.000000  -0.074228
27809.000000  0.113550
28099.000000  -0.022494
28252.000000  0.020160
28399.000000  0.186077
28881.000000  -0.092982
29313.000000  0.074376
29375.000000  -0.078470
29762.000000  0.188927
29949.000000  0.067881
30597.000000  -0.004189
30863.000000  -0.004670
31584.000000  0.120383
31850.000000  -0.028020
32209.000000  -0.026842
32485.000000  0.080134
32613.000000  -0.012050
32757.000000  0.093946
33232.000000  -0.033385
33587.000000  0.095315
33834.000000  0.002900
33985.000000  0.009937
34150.000000  0.057612
34387.000000  0.125841
34783.000000  -0.184836
35121.000000  0.188235
35566.000000  -0.038769
35972.000000  0.080960
36358.000000  0.010650
36606.000000  0.042661
36871.000000  0.033086
36974.000000  -0.053801
37314.000000  0.162772
37483.000000  0.065104
37895.000000  -0.139599
37994.000000  0.202672
38108.000000  -0.117055
38378.000000  0.157395
38510.000000  -0.024533
38916.000000  0.013943
39040.000000  0.012929
39231.000000  -0.033327
39270.000000  0.124726
39459.000000  -0.109750
39617.000000  0.075587
39802.000000  -0.038708
40203.000000  0.149467
40446.000000  -0.077796
40648.000000  0.012711
40734.000000  0.184499
40768.000000  -0.100669
40821.000000  0.007610
