995.000000  0.164410
1264.000000  0.145169
1468.000000  0.113818
1691.000000  0.111505
1985.000000  0.152256
2288.000000  0.190109
2681.000000  0.227102
3012.000000  0.226190
3283.000000  0.239346
3590.000000  0.211578
3837.000000  0.208319
4125.000000  0.229781
4470.000000  0.236081
4800.000000  0.218043
4991.000000  0.124043
5203.000000  0.166752
5397.000000  0.188564
5586.000000  0.171444
5726.000000  0.129412
5875.000000  0.144740
5980.000000  0.119502
6092.000000  0.115869
6255.000000  0.099940
6434.000000  0.157462
6597.000000  0.122677
6764.000000  0.124015
7005.000000  0.144438
7054.000000  0.082344
7369.000000  0.164654
7629.000000  0.159584
7937.000000  0.201225
8211.000000  0.168094
8280.000000  0.130900
8561.000000  0.172517
8795.000000  0.141266
8950.000000  0.098816
9102.000000  0.106712
9233.000000  0.085654
9310.000000  0.069837
9404.000000  0.065087
9506.000000  0.072403
9667.000000  0.116673
9832.000000  0.116822
9951.000000  0.088090
10124.000000  0.117531
10348.000000  0.137726
10527.000000  0.132943
10666.000000  0.108493
10852.000000  0.129188
11038.000000  0.132870
11218.000000  0.136169
11396.000000  0.123419
11612.000000  0.178149
11823.000000  0.200645
11897.000000  0.155894
12086.000000  0.168712
12152.000000  0.124750
12381.000000  0.167140
12615.000000  0.178311
12930.000000  0.214691
13219.000000  0.203897
13572.000000  0.218114
13851.000000  0.200876
14179.000000  0.226814
14482.000000  0.244884
14726.000000  0.243261
14964.000000  0.189024
15202.000000  0.165372
15429.000000  0.149170
15643.000000  0.161841
15844.000000  0.138517
16032.000000  0.160858
16230.000000  0.191354
16437.000000  0.214778
16639.000000  0.269981
16781.000000  0.242166
16935.000000  0.210792
17138.000000  0.211323
17393.000000  0.245254
17700.000000  0.252445
18008.000000  0.253640
18322.000000  0.243101
18605.000000  0.193187
18785.000000  0.138190
18959.000000  0.167348
19185.000000  0.149347
19340.000000  0.145102
19496.000000  0.154309
19674.000000  0.165331
19896.000000  0.203804
20112.000000  0.178620
20343.000000  0.166203
20621.000000  0.176128
20955.000000  0.196305
21244.000000  0.237511
21507.000000  0.242925
21723.000000  0.226616
21955.000000  0.265462
22150.000000  0.326235
22346.000000  0.366441
22502.000000  0.314875
22627.000000  0.345163
22858.000000  0.190607
23080.000000  0.174643
23295.000000  0.182649
23569.000000  0.197715
23741.000000  0.183232
23798.000000  0.144679
23896.000000  0.189070
24011.000000  0.186159
24192.000000  0.162148
24369.000000  0.167296
24530.000000  0.148552
24723.000000  0.175010
24932.000000  0.231635
25202.000000  0.153942
25450.000000  0.181531
25682.000000  0.174410
25895.000000  0.154286
26071.000000  0.125853
26216.000000  0.185226
26363.000000  0.256706
26586.000000  0.204257
26744.000000  0.170867
26840.000000  0.072819
26914.000000  0.048205
27072.000000  0.087933
27112.000000  0.053312
27216.000000  0.069721
27321.000000  0.072745
27413.000000  0.034201
27474.000000  0.014735
27521.000000  0.019016
27590.000000  0.030515
27727.000000  0.088223
27918.000000  0.084959
28089.000000  0.080627
28212.000000  0.071053
28343.000000  0.066009
28455.000000  0.183341
28558.000000  0.157914
28657.000000  0.175700
28768.000000  0.183910
28861.000000  0.148572
29036.000000  0.197265
29065.000000  0.076037
29166.000000  0.135115
29306.000000  0.176625
29381.000000  0.087152
29529.000000  0.097572
29662.000000  0.081421
29805.000000  0.118954
29916.000000  0.162009
30000.000000  0.098687
30090.000000  0.188282
30181.000000  0.170426
30302.000000  0.264121
30408.000000  0.259116
30507.000000  0.239590
30605.000000  0.242534
30769.000000  0.285401
30913.000000  0.297310
31055.000000  0.329823
31238.000000  0.462771
31353.000000  0.396526
31474.000000  0.385302
31585.000000  0.370560
31697.000000  0.331920
31810.000000  0.327270
31866.000000  0.415669
31871.000000  0.351185
31871.000000  0.000626
31952.000000  0.027661
32025.000000  0.024806
32093.000000  0.015028
32122.000000  0.355673
32133.000000  0.352846
32301.000000  0.464508
32460.000000  0.340978
32610.000000  0.238178
32769.000000  0.261196
32901.000000  0.178895
33019.000000  0.195212
33037.000000  0.131363
33087.000000  0.223308
33153.000000  0.460801
33163.000000  0.331044
33175.000000  0.566476
33257.000000  0.031011
33344.000000  0.030078
33432.000000  0.030703
33506.000000  0.037330
33599.000000  0.053756
33692.000000  0.503918
33788.000000  0.555443
33867.000000  0.063282
33959.000000  0.516360
34070.000000  0.521991
34168.000000  0.542671
34250.000000  0.045817
34329.000000  0.045173
34409.000000  0.046971
34508.000000  0.049863
34587.000000  0.047459
34662.000000  0.048876
34753.000000  0.064915
34822.000000  0.050339
34898.000000  0.040302
34943.000000  0.043050
34950.000000  0.019537
34957.000000  0.028487
35023.000000  0.066300
35100.000000  0.074917
35220.000000  0.101303
35376.000000  0.080467
35535.000000  0.099712
35710.000000  0.115594
35885.000000  0.127325
35983.000000  0.087460
36116.000000  0.104557
36272.000000  0.123664
36385.000000  0.098868
36501.000000  0.083525
36596.000000  0.109772
36692.000000  0.088836
36859.000000  0.126961
36903.000000  0.075693
37064.000000  0.123319
37245.000000  0.146443
37436.000000  0.166012
37554.000000  0.104729
37707.000000  0.104276
37735.000000  0.036700
37828.000000  0.101807
37978.000000  0.156981
38145.000000  0.185605
38333.000000  0.198991
38540.000000  0.234585
38699.000000  0.127582
38851.000000  0.118602
39005.000000  0.121627
39126.000000  0.081190
39219.000000  0.133116
39289.000000  0.098801
39316.000000  0.096245
39358.000000  0.063071
39434.000000  0.062051
39530.000000  0.058019
39605.000000  0.040012
39708.000000  0.051642
39826.000000  0.129290
39852.000000  0.120368
39940.000000  0.180976
40036.000000  0.161751
40129.000000  0.191679
40216.000000  0.212422
40252.000000  0.243907
40357.000000  0.262908
40460.000000  0.344614
40495.000000  0.038767
40565.000000  0.053657
40657.000000  0.071578
40752.000000  0.074338
40810.000000  0.087195
40814.000000  0.046849
40818.000000  0.002215
