576.000000  0.231902
753.000000  0.171085
775.000000  0.084829
976.000000  0.193393
1197.000000  0.206732
1422.000000  0.216113
1627.000000  0.215480
1818.000000  0.218158
2079.000000  0.284177
2279.000000  0.257298
2419.000000  0.212828
2619.000000  0.230990
2630.000000  0.107737
2864.000000  0.250106
3048.000000  0.277528
3181.000000  0.241700
3204.000000  0.165033
3364.000000  0.229189
3481.000000  0.172672
3571.000000  0.186702
3632.000000  0.160099
3730.000000  0.175689
3874.000000  0.234869
4061.000000  0.233480
4262.000000  0.260600
4395.000000  0.210434
4485.000000  0.177799
4533.000000  0.147151
4589.000000  0.173531
4643.000000  0.175221
4710.000000  0.173260
4782.000000  0.168997
4861.000000  0.207847
4909.000000  0.190174
5106.000000  0.250895
5283.000000  0.313888
5325.000000  0.201015
5532.000000  0.283860
5760.000000  0.290050
5978.000000  0.305209
6225.000000  0.326774
6458.000000  0.344267
6715.000000  0.366560
6976.000000  0.388260
7142.000000  0.323714
7187.000000  0.282180
7354.000000  0.318351
7482.000000  0.337915
7617.000000  0.307700
7755.000000  0.317939
7937.000000  0.355991
8080.000000  0.339367
8248.000000  0.348777
8414.000000  0.315446
8593.000000  0.341730
8685.000000  0.318375
8826.000000  0.328548
9017.000000  0.318897
9237.000000  0.320540
9398.000000  0.340484
9577.000000  0.412891
9791.000000  0.469241
10054.000000  0.513089
10243.000000  0.466104
10323.000000  0.421638
10388.000000  0.421652
10455.000000  0.334393
10538.000000  0.425218
10624.000000  0.434279
10708.000000  0.337682
10793.000000  0.336325
10877.000000  0.313950
10956.000000  0.275467
11041.000000  0.307918
11111.000000  0.331870
11191.000000  0.330209
11277.000000  0.309678
11365.000000  0.329651
11441.000000  0.339988
11588.000000  0.375663
11757.000000  0.371354
11922.000000  0.378110
12143.000000  0.409557
12168.000000  0.320876
12374.000000  0.434734
12581.000000  0.430199
12768.000000  0.417875
12948.000000  0.409147
12998.000000  0.355448
13245.000000  0.428632
13471.000000  0.466249
13722.000000  0.470884
13965.000000  0.484887
14170.000000  0.431261
14346.000000  0.463024
14568.000000  0.479812
14805.000000  0.500758
15056.000000  0.516794
15241.000000  0.490552
15394.000000  0.466651
15575.000000  0.463483
15772.000000  0.514884
15992.000000  0.516492
16234.000000  0.505181
16478.000000  0.556687
16656.000000  0.506982
16774.000000  0.498267
16883.000000  0.493628
17040.000000  0.569367
17195.000000  0.565050
17349.000000  0.567116
17503.000000  0.494040
17686.000000  0.660700
17872.000000  0.543527
18034.000000  0.500525
18193.000000  0.502405
18317.000000  0.558083
18451.000000  0.556430
18585.000000  0.516378
18718.000000  0.547607
18852.000000  0.527713
19014.000000  0.560860
19187.000000  0.648930
19317.000000  0.622808
19445.000000  0.489169
19634.000000  0.508804
19782.000000  0.488984
19901.000000  0.470790
20063.000000  0.490037
20237.000000  0.485394
20405.000000  0.491578
20550.000000  0.510092
20666.000000  0.487225
20861.000000  0.500729
21124.000000  0.535831
21297.000000  0.526761
21438.000000  0.506193
21621.000000  0.528082
21831.000000  0.555281
21951.000000  0.514114
22026.000000  0.480406
22122.000000  0.463145
22200.000000  0.472492
22282.000000  0.461334
22382.000000  0.474903
22470.000000  0.480206
22487.000000  0.453921
22529.000000  0.429269
22621.000000  0.470638
22804.000000  0.493354
22967.000000  0.519196
23092.000000  0.525493
23177.000000  0.482780
23258.000000  0.500796
23399.000000  0.528237
23506.000000  0.551410
23542.000000  0.460576
23633.000000  0.501044
23719.000000  0.508133
23833.000000  0.508853
23967.000000  0.525653
24056.000000  0.529343
24117.000000  0.489933
24195.000000  0.506633
24290.000000  0.495275
24377.000000  0.466354
24487.000000  0.500452
24579.000000  0.515879
24668.000000  0.462820
24768.000000  0.474051
24826.000000  0.460123
24888.000000  0.472375
24971.000000  0.492976
25008.000000  0.472471
25070.000000  0.441805
25119.000000  0.457650
25198.000000  0.552077
25309.000000  0.594736
25387.000000  0.563279
25518.000000  0.585541
25635.000000  0.585431
25808.000000  0.569790
25941.000000  0.542916
26041.000000  0.526488
26134.000000  0.529238
26265.000000  0.562474
26356.000000  0.579158
26464.000000  0.547301
26586.000000  0.560207
26774.000000  0.605271
26896.000000  0.615391
26936.000000  0.616223
27067.000000  0.704360
27157.000000  0.728555
27247.000000  0.877120
27323.000000  0.540267
27408.000000  0.568270
27446.000000  0.556171
27452.000000  0.487297
27478.000000  0.629613
27536.000000  0.640594
27637.000000  0.723092
27769.000000  0.722323
27929.000000  0.718912
28068.000000  0.644352
28095.000000  0.565752
28232.000000  0.788429
28289.000000  0.643578
28349.000000  0.617365
28417.000000  0.622052
28483.000000  0.605199
28553.000000  0.593892
28647.000000  0.607261
28728.000000  0.511072
28826.000000  0.522358
28955.000000  0.518889
29189.000000  0.563970
29396.000000  0.540867
29608.000000  0.565775
29778.000000  0.570409
29971.000000  0.577466
30127.000000  0.561458
30239.000000  0.549123
30336.000000  0.536195
30505.000000  0.560181
30597.000000  0.571057
30705.000000  0.558360
30785.000000  0.560183
30825.000000  0.556880
30867.000000  0.563733
30912.000000  0.588592
31048.000000  0.598393
31094.000000  0.508583
31206.000000  0.715218
31314.000000  0.778734
31389.000000  0.503303
31511.000000  0.796182
31608.000000  0.749143
31733.000000  0.751400
31826.000000  0.707394
31916.000000  0.703220
32020.000000  0.702332
32128.000000  0.561849
32252.000000  0.638189
32418.000000  0.586225
32598.000000  0.630117
32703.000000  0.814698
32774.000000  0.792944
32876.000000  0.819774
32936.000000  0.856358
33022.000000  0.464719
33113.000000  0.600162
33256.000000  0.820566
33355.000000  0.835163
33381.000000  0.745797
33410.000000  0.739187
33478.000000  0.769163
33496.000000  0.743241
33507.000000  0.725334
33638.000000  0.741682
33750.000000  1.106920
33844.000000  0.527917
33978.000000  0.532790
34126.000000  0.565064
34239.000000  0.572245
34325.000000  0.499188
34435.000000  0.488316
34547.000000  0.506338
34702.000000  0.528877
34810.000000  0.515209
34913.000000  0.515228
35019.000000  0.514137
35141.000000  0.533511
35260.000000  0.500140
35389.000000  0.509049
35537.000000  0.530638
35671.000000  0.542443
35777.000000  0.542921
35919.000000  0.567898
35999.000000  0.550600
36088.000000  0.530962
36137.000000  0.504151
36153.000000  0.462028
36187.000000  0.469231
36262.000000  0.470783
36361.000000  0.528226
36444.000000  0.620351
36593.000000  0.572329
36763.000000  0.576144
36954.000000  0.588833
37138.000000  0.596384
37244.000000  0.628188
37346.000000  0.593499
37458.000000  0.605454
37557.000000  0.569742
37574.000000  0.435901
37576.000000  0.435139
37621.000000  0.626670
37689.000000  0.604932
37734.000000  0.643001
37772.000000  0.644970
37829.000000  0.664392
37926.000000  0.610664
38031.000000  0.651492
38047.000000  0.702409
38156.000000  0.524549
38284.000000  0.523593
38441.000000  0.505998
38634.000000  0.495741
38830.000000  0.508194
38876.000000  0.428700
38883.000000  0.453827
38934.000000  0.450503
39025.000000  0.476623
39093.000000  0.473467
39211.000000  0.486838
39346.000000  0.516717
39414.000000  0.450958
39538.000000  0.493327
39619.000000  0.448791
39697.000000  0.461577
39786.000000  0.496253
39832.000000  0.507370
39864.000000  0.417324
39906.000000  0.449823
39961.000000  0.417949
40076.000000  0.461466
40170.000000  0.461137
40258.000000  0.480155
40329.000000  0.446447
40353.000000  0.434502
40443.000000  0.452093
40547.000000  0.497960
40633.000000  0.498336
40695.000000  0.417990
40699.000000  0.421083
40702.000000  0.412922
40745.000000  0.470910
40779.000000  0.418946
40783.000000  0.380503
40810.000000  0.411067
40818.000000  0.426747
