2285.000000  0.122176
2886.000000  0.147487
3353.000000  0.110166
3771.000000  0.122337
4296.000000  0.119293
4949.000000  0.124642
5628.000000  0.150307
6056.000000  0.144632
6796.000000  0.147813
7618.000000  0.190090
8601.000000  0.195472
9394.000000  0.185698
10026.000000  0.198356
10560.000000  0.190467
11018.000000  0.203363
11541.000000  0.204337
11964.000000  0.230217
12397.000000  0.225039
12908.000000  0.227423
13430.000000  0.206303
13893.000000  0.230618
14287.000000  0.231852
14854.000000  0.234577
15482.000000  0.226128
16055.000000  0.248548
16382.000000  0.240149
16794.000000  0.244875
17215.000000  0.235260
17691.000000  0.255578
18203.000000  0.248325
18679.000000  0.253453
19115.000000  0.285957
19539.000000  0.256311
20086.000000  0.266263
20533.000000  0.280519
20892.000000  0.279707
21202.000000  0.283560
21706.000000  0.259107
22219.000000  0.261803
22731.000000  0.283172
23148.000000  0.311694
23694.000000  0.287950
24300.000000  0.355380
24636.000000  0.281367
25074.000000  0.295777
25750.000000  0.314255
26454.000000  0.306738
27001.000000  0.289145
27409.000000  0.318647
27910.000000  0.306718
28582.000000  0.316814
29242.000000  0.334238
29658.000000  0.304789
29902.000000  0.300304
30107.000000  0.340576
30614.000000  0.303755
31199.000000  0.337882
31867.000000  0.293293
32627.000000  0.301175
33187.000000  0.336187
33678.000000  0.350005
34173.000000  0.330800
34671.000000  0.367912
35037.000000  0.332489
35312.000000  0.319162
35765.000000  0.318664
36333.000000  0.318553
36714.000000  0.342027
37206.000000  0.341112
37732.000000  0.345490
38145.000000  0.362049
38477.000000  0.354109
38990.000000  0.355985
39282.000000  0.349219
39858.000000  0.339311
40432.000000  0.349157
41056.000000  0.358971
41595.000000  0.345544
42307.000000  0.346831
43070.000000  0.361383
43578.000000  0.369511
44152.000000  0.337213
44745.000000  0.328757
45293.000000  0.357182
45607.000000  0.316756
46009.000000  0.291718
46262.000000  0.300903
46708.000000  0.299915
47218.000000  0.292184
47754.000000  0.317461
48243.000000  0.323706
48576.000000  0.321612
48813.000000  0.331358
49212.000000  0.305010
49564.000000  0.307613
49965.000000  0.327220
50502.000000  0.291895
50960.000000  0.306993
51435.000000  0.280973
51646.000000  0.252132
51864.000000  0.238115
52101.000000  0.267092
52316.000000  0.292950
52561.000000  0.243720
52906.000000  0.267761
53262.000000  0.254891
53482.000000  0.262207
53864.000000  0.245804
54047.000000  0.224382
54289.000000  0.222008
54654.000000  0.233838
55125.000000  0.244100
55605.000000  0.265735
55914.000000  0.283435
56078.000000  0.279140
56227.000000  0.266117
56412.000000  0.260254
56657.000000  0.282401
57384.000000  0.296325
57788.000000  0.305353
58521.000000  0.295909
59372.000000  0.295481
60168.000000  0.314522
60950.000000  0.307135
61578.000000  0.317743
62151.000000  0.345100
62790.000000  0.319433
63224.000000  0.331521
63841.000000  0.345452
64552.000000  0.342469
65342.000000  0.345037
66112.000000  0.338344
66521.000000  0.337892
66930.000000  0.362861
67359.000000  0.334147
67937.000000  0.351784
68718.000000  0.367061
69385.000000  0.352270
69834.000000  0.378200
70438.000000  0.353873
71117.000000  0.357225
71952.000000  0.358028
72465.000000  0.355315
73102.000000  0.354965
73680.000000  0.358983
74257.000000  0.370849
74965.000000  0.367886
75253.000000  0.378533
75541.000000  0.359348
75916.000000  0.361435
76153.000000  0.335677
76345.000000  0.319056
76455.000000  0.317742
76502.000000  0.307477
76680.000000  0.280373
76949.000000  0.274203
77186.000000  0.268718
77713.000000  0.289383
78135.000000  0.292736
78387.000000  0.310607
78659.000000  0.298230
78968.000000  0.283213
79335.000000  0.276083
79619.000000  0.284032
80178.000000  0.296977
80728.000000  0.352401
81070.000000  0.288072
81392.000000  0.285843
81672.000000  0.302766
81977.000000  0.271938
82504.000000  0.286169
82823.000000  0.280266
83204.000000  0.279196
83518.000000  0.278251
83827.000000  0.254840
84214.000000  0.255781
84467.000000  0.256838
84643.000000  0.246611
84803.000000  0.243925
84878.000000  0.224037
85098.000000  0.233381
85225.000000  0.261054
85492.000000  0.229807
85777.000000  0.244696
86056.000000  0.221633
86314.000000  0.186943
86575.000000  0.226539
86693.000000  0.176280
86932.000000  0.194971
87280.000000  0.196059
87538.000000  0.199919
87886.000000  0.181566
88126.000000  0.187089
88411.000000  0.171857
88673.000000  0.156106
88868.000000  0.142502
88927.000000  0.137368
89018.000000  0.127987
89126.000000  0.113317
89459.000000  0.083374
89685.000000  0.078715
89748.000000  0.064285
89755.000000  0.061924
89983.000000  0.061726
90146.000000  0.052998
90392.000000  0.061429
90507.000000  0.049012
90764.000000  0.052034
91031.000000  0.059798
91304.000000  0.048491
91480.000000  0.039371
91490.000000  0.035068
91493.000000  0.028722
