399.000000  0.185447
579.000000  -0.027047
666.000000  -0.002927
727.000000  -0.025172
793.000000  0.030851
896.000000  -0.016485
1007.000000  0.006587
1210.000000  0.034273
1383.000000  0.018752
1563.000000  0.002044
1713.000000  0.011716
1853.000000  -0.010236
1944.000000  -0.015137
2070.000000  0.012459
2104.000000  -0.074379
2197.000000  0.043409
2268.000000  0.020716
2361.000000  -0.022179
2467.000000  0.018001
2522.000000  -0.013556
2586.000000  -0.032910
2677.000000  0.006335
2765.000000  0.011372
2825.000000  0.025362
2917.000000  -0.015706
3004.000000  0.000568
3061.000000  0.009839
3109.000000  -0.010874
3172.000000  0.020423
3270.000000  0.008331
3371.000000  0.020770
3463.000000  0.001842
3548.000000  -0.019837
3622.000000  -0.002475
3773.000000  0.060440
3948.000000  0.021151
4093.000000  -0.068005
4209.000000  -0.027572
4291.000000  0.052224
4372.000000  -0.035886
4456.000000  0.044606
4541.000000  -0.033013
4625.000000  -0.015051
4712.000000  -0.007955
4808.000000  0.016894
4919.000000  0.028182
5061.000000  0.017339
5211.000000  -0.020626
5380.000000  0.060877
5559.000000  -0.006795
5661.000000  -0.018322
5661.000000  -0.114879
5758.000000  0.099304
5833.000000  -0.057441
5925.000000  0.050215
5949.000000  -0.024591
5952.000000  -0.015915
5957.000000  -0.002500
5958.000000  -0.014192
5991.000000  0.055185
6067.000000  0.018701
6312.000000  0.024515
6489.000000  0.008622
6526.000000  -0.051427
6693.000000  0.170158
6879.000000  -0.022867
7017.000000  -0.096456
7170.000000  0.053285
7318.000000  -0.015513
7446.000000  -0.015384
7651.000000  0.061791
7837.000000  -0.028642
7995.000000  -0.022723
8073.000000  -0.044516
8212.000000  0.059206
8304.000000  -0.005601
8384.000000  0.020707
8471.000000  -0.023687
8574.000000  0.032471
8706.000000  0.021680
8842.000000  -0.002747
8978.000000  0.005649
9157.000000  0.013185
9334.000000  -0.050151
9449.000000  0.004039
9582.000000  -0.021686
9712.000000  0.036897
9852.000000  0.038921
9958.000000  -0.033679
10098.000000  0.041723
10251.000000  0.074912
10375.000000  -0.058028
10512.000000  0.004377
10620.000000  -0.083235
10647.000000  -0.091338
10736.000000  0.061827
10849.000000  -0.003814
10936.000000  -0.028362
11022.000000  0.032254
11103.000000  -0.040467
11187.000000  0.030700
11298.000000  0.067499
11397.000000  0.026943
11422.000000  0.028753
11470.000000  0.048563
11509.000000  -0.043739
11521.000000  0.123390
11600.000000  -0.299858
11637.000000  0.018590
11721.000000  0.133992
11765.000000  -0.181962
11809.000000  0.016781
11855.000000  -0.025591
11927.000000  0.034887
12102.000000  0.037025
12176.000000  0.004290
12312.000000  0.036484
12457.000000  0.003439
12617.000000  0.009568
12751.000000  -0.001868
12920.000000  -0.017790
13109.000000  0.069443
13298.000000  -0.041282
13433.000000  0.030142
13611.000000  0.014953
13791.000000  0.013423
13971.000000  0.003284
14115.000000  -0.058382
14264.000000  -0.002518
14425.000000  0.054042
14577.000000  0.015957
14696.000000  -0.058679
14826.000000  0.004905
14977.000000  0.003524
15098.000000  -0.005814
15232.000000  0.021043
15266.000000  -0.017596
15399.000000  0.073089
15467.000000  -0.010488
15534.000000  0.013674
15572.000000  -0.133163
15658.000000  -0.022197
15704.000000  0.013682
15811.000000  0.043454
15914.000000  0.015476
16089.000000  0.062040
16266.000000  -0.003119
16452.000000  0.013030
16595.000000  0.002893
16709.000000  -0.062008
16811.000000  0.029960
16875.000000  -0.019036
16976.000000  0.017477
17062.000000  0.002269
17152.000000  0.013961
17316.000000  0.028800
17480.000000  -0.003850
17597.000000  0.010900
17706.000000  -0.020575
17879.000000  0.028368
18038.000000  0.009061
18109.000000  -0.076579
18210.000000  0.117535
18308.000000  -0.067117
18440.000000  0.014290
18600.000000  0.020473
18734.000000  -0.001865
18905.000000  -0.004950
19041.000000  -0.013719
19175.000000  0.002640
19268.000000  0.000308
19370.000000  -0.036236
19502.000000  0.036770
19653.000000  0.030443
19783.000000  0.020211
19924.000000  -0.041628
20058.000000  0.010108
20198.000000  0.010598
20307.000000  0.016620
20429.000000  -0.045659
20556.000000  0.029593
20696.000000  -0.012949
20871.000000  0.027661
21018.000000  -0.019212
21153.000000  0.028153
21297.000000  -0.082169
21430.000000  0.046019
21539.000000  0.021209
21632.000000  -0.033740
21781.000000  0.028912
21838.000000  -0.049270
21977.000000  0.071767
22120.000000  0.002169
22293.000000  -0.013401
22428.000000  0.017172
22519.000000  -0.010538
22626.000000  -0.002538
22761.000000  0.018753
22902.000000  0.013937
22951.000000  -0.059129
23105.000000  0.076507
23299.000000  0.002642
23470.000000  -0.002528
23625.000000  -0.033521
23744.000000  0.038692
23838.000000  -0.008860
23937.000000  0.020666
24029.000000  -0.069689
24094.000000  0.025542
24129.000000  -0.008107
24178.000000  -0.002989
24248.000000  -0.020436
24349.000000  0.018016
24434.000000  0.004671
24511.000000  -0.024721
24597.000000  0.009210
24769.000000  0.045753
24873.000000  0.020207
25039.000000  0.055184
25203.000000  -0.014987
25381.000000  0.014605
25551.000000  -0.016115
25702.000000  -0.011554
25849.000000  0.025300
26044.000000  -0.005081
26143.000000  -0.028935
26224.000000  0.009341
26328.000000  0.003059
26438.000000  0.005780
26515.000000  -0.024426
26664.000000  -0.016354
26749.000000  0.038863
26840.000000  0.013611
26964.000000  0.001126
27060.000000  0.016680
27199.000000  0.047613
27273.000000  -0.038866
27309.000000  -0.014467
27369.000000  0.067590
27381.000000  -0.056602
27387.000000  0.060136
27430.000000  0.099580
27451.000000  0.004804
27453.000000  -0.018227
27470.000000  -0.060166
27497.000000  0.002905
27597.000000  -0.071696
27640.000000  0.036976
27672.000000  -0.013221
27708.000000  0.197119
27716.000000  -0.163021
27722.000000  0.126504
27738.000000  -0.038197
27856.000000  -0.042781
27924.000000  -0.120006
27940.000000  -0.041342
28049.000000  0.199403
28081.000000  0.017954
28091.000000  0.273439
28095.000000  -0.685897
28161.000000  0.050861
28234.000000  -0.020904
28337.000000  0.001660
28391.000000  -0.003048
28422.000000  -0.014059
28539.000000  0.026985
28698.000000  0.035311
28799.000000  -0.002859
28889.000000  -0.028147
28958.000000  0.050795
29067.000000  -0.009800
29221.000000  0.000482
29304.000000  -0.023288
29360.000000  0.004460
29370.000000  -0.050719
29394.000000  -0.006666
29467.000000  0.044180
29514.000000  -0.026488
29554.000000  -0.000912
29605.000000  -0.012583
29616.000000  -0.016327
29682.000000  0.028157
29737.000000  -0.008398
29790.000000  -0.009944
29869.000000  0.009599
29927.000000  -0.010522
30021.000000  0.017004
30121.000000  -0.000492
30233.000000  0.023238
30352.000000  0.000132
30413.000000  0.001152
30458.000000  -0.010451
30492.000000  -0.021994
30563.000000  0.012881
30641.000000  0.000085
30714.000000  -0.008690
30775.000000  -0.006637
30876.000000  0.029928
30958.000000  -0.040610
31046.000000  0.003088
31129.000000  0.018732
31247.000000  -0.003651
31310.000000  0.015914
31411.000000  -0.001481
31525.000000  -0.002774
31641.000000  0.013526
31751.000000  0.012066
31835.000000  0.004802
31916.000000  -0.021869
31924.000000  -0.027160
31941.000000  0.014744
31997.000000  0.065755
32071.000000  -0.018384
32156.000000  0.006858
32240.000000  0.034148
32318.000000  -0.045904
32397.000000  0.001973
32476.000000  -0.021077
32559.000000  0.014986
32643.000000  0.047080
32729.000000  -0.027086
32813.000000  -0.004928
32892.000000  -0.040619
32970.000000  0.029888
33054.000000  0.005669
33149.000000  0.001213
33227.000000  -0.007758
33300.000000  -0.005087
33363.000000  0.042619
33404.000000  -0.006487
33442.000000  0.036419
33553.000000  0.016206
33580.000000  0.086354
33580.000000  -0.301240
33628.000000  0.106958
33695.000000  -0.009688
33770.000000  0.008685
33847.000000  -0.008073
33935.000000  0.009809
34056.000000  0.017558
34169.000000  0.004082
34197.000000  -0.029951
34198.000000  -0.027061
34208.000000  -0.019936
34214.000000  0.034832
34294.000000  -0.012280
34343.000000  0.000314
34401.000000  0.000966
34460.000000  0.001334
34514.000000  -0.006779
34549.000000  -0.003059
34633.000000  0.021359
34719.000000  0.043751
34826.000000  -0.002578
34837.000000  -0.049485
34890.000000  -0.007544
35001.000000  0.028333
35086.000000  -0.018355
35204.000000  0.042149
35229.000000  -0.015831
35355.000000  0.008805
35461.000000  -0.002606
35582.000000  0.024425
35688.000000  -0.002287
35728.000000  -0.060008
35765.000000  0.010541
35769.000000  -0.024206
35772.000000  0.003731
35903.000000  0.026904
35989.000000  0.009087
36062.000000  -0.002291
36166.000000  0.029453
36207.000000  -0.014429
36213.000000  -0.060096
36266.000000  0.040226
36324.000000  -0.015735
36380.000000  -0.000520
36429.000000  0.001789
36487.000000  -0.001417
36561.000000  -0.000104
36675.000000  0.022421
36758.000000  0.004757
36864.000000  0.006270
36964.000000  0.011298
37042.000000  -0.007713
37165.000000  -0.016599
37259.000000  -0.018421
37349.000000  0.026707
37426.000000  0.005188
37458.000000  -0.008736
37530.000000  0.008499
37616.000000  0.007319
37672.000000  -0.033257
37674.000000  -0.039294
37740.000000  -0.012289
37820.000000  0.058697
37907.000000  0.008255
38025.000000  0.008758
38080.000000  -0.007397
38150.000000  0.006532
38218.000000  0.012281
38335.000000  0.015387
38470.000000  0.001913
38562.000000  0.007059
38689.000000  0.013550
38829.000000  0.023213
38967.000000  -0.002406
39012.000000  -0.066895
39030.000000  -0.011255
39069.000000  -0.036300
39129.000000  -0.003726
39205.000000  0.049815
39290.000000  0.007698
39406.000000  0.000120
39521.000000  0.004006
39582.000000  -0.024341
39598.000000  -0.003308
39708.000000  0.004933
39791.000000  -0.007908
39902.000000  0.015692
39973.000000  0.002461
40050.000000  0.000460
40068.000000  -0.044151
40088.000000  0.072874
40146.000000  -0.057423
40237.000000  0.010222
40355.000000  0.004337
40435.000000  0.019976
40502.000000  -0.009608
40563.000000  -0.009027
40567.000000  -0.050396
40569.000000  0.005233
40662.000000  0.076172
40704.000000  -0.064376
40756.000000  -0.006457
40771.000000  -0.002608
40809.000000  -0.001292
40818.000000  -0.009851
