995.000000  0.161841
1180.000000  0.121986
1386.000000  0.117126
1568.000000  0.109836
1767.000000  0.130287
1965.000000  0.152012
2205.000000  0.165327
2460.000000  0.143974
2686.000000  0.175182
3005.000000  0.197933
3274.000000  0.206805
3402.000000  0.187787
3682.000000  0.198176
3958.000000  0.196144
4200.000000  0.185606
4292.000000  0.156109
4559.000000  0.197196
4868.000000  0.222647
5153.000000  0.215490
5406.000000  0.196276
5565.000000  0.179883
5790.000000  0.227581
5989.000000  0.192927
6179.000000  0.176027
6334.000000  0.139271
6501.000000  0.111516
6668.000000  0.124663
6792.000000  0.132328
6870.000000  0.106532
6938.000000  0.118348
7049.000000  0.085408
7116.000000  0.060446
7191.000000  0.078443
7364.000000  0.117455
7592.000000  0.146204
7887.000000  0.216722
8058.000000  0.197921
8376.000000  0.240337
8676.000000  0.259573
8963.000000  0.226988
9095.000000  0.172231
9279.000000  0.186918
9409.000000  0.161244
9627.000000  0.209669
9796.000000  0.177499
9970.000000  0.200948
10068.000000  0.162851
10306.000000  0.186829
10408.000000  0.144291
10574.000000  0.158583
10746.000000  0.154984
10903.000000  0.151983
11044.000000  0.118425
11171.000000  0.124573
11303.000000  0.106178
11423.000000  0.113645
11536.000000  0.125311
11648.000000  0.142962
11754.000000  0.070043
11869.000000  0.074785
12002.000000  0.070637
12070.000000  0.054575
12161.000000  0.068030
12283.000000  0.092258
12420.000000  0.100874
12548.000000  0.113736
12675.000000  0.111663
12813.000000  0.116602
12991.000000  0.140441
13162.000000  0.143085
13293.000000  0.118183
13491.000000  0.169280
13597.000000  0.097843
13743.000000  0.140275
13879.000000  0.112703
14061.000000  0.123647
14211.000000  0.141013
14384.000000  0.134536
14543.000000  0.175421
14718.000000  0.209330
14964.000000  0.240928
15064.000000  0.180521
15152.000000  0.102512
15234.000000  0.172575
15316.000000  0.189949
15441.000000  0.252450
15554.000000  0.253547
15700.000000  0.247756
15785.000000  0.210288
15915.000000  0.223503
16089.000000  0.260479
16225.000000  0.250633
16364.000000  0.363104
16463.000000  0.333316
16557.000000  0.250252
16639.000000  0.273140
16741.000000  0.312882
16884.000000  0.439072
16976.000000  0.519424
17071.000000  0.184921
17152.000000  0.146641
17234.000000  0.160397
17318.000000  0.130000
17404.000000  0.114462
17554.000000  0.149199
17760.000000  0.213965
18070.000000  0.281671
18251.000000  0.276321
18530.000000  0.322784
18816.000000  0.405661
19075.000000  0.456262
19330.000000  0.338048
19533.000000  0.281889
19789.000000  0.332221
20011.000000  0.250724
20213.000000  0.266413
20413.000000  0.236202
20571.000000  0.225956
20669.000000  0.213972
20776.000000  0.135625
20902.000000  0.139188
21011.000000  0.157348
21132.000000  0.157435
21253.000000  0.174868
21369.000000  0.149086
21531.000000  0.170034
21691.000000  0.172914
21842.000000  0.165954
21995.000000  0.164038
22125.000000  0.169851
22274.000000  0.168736
22408.000000  0.183363
22516.000000  0.216475
22645.000000  0.109144
22782.000000  0.236946
22955.000000  0.270863
23120.000000  0.289521
23301.000000  0.339507
23528.000000  0.433699
23771.000000  0.374465
24004.000000  0.354069
24243.000000  0.367275
24434.000000  0.330408
24612.000000  0.168649
24745.000000  0.284751
24891.000000  0.323002
24988.000000  0.353832
25113.000000  0.448389
25240.000000  0.407092
25350.000000  0.383692
25484.000000  0.365820
25658.000000  0.458687
25758.000000  0.346226
25832.000000  0.396798
25927.000000  0.557586
26048.000000  0.737761
26134.000000  0.295919
26194.000000  0.104207
26298.000000  0.122188
26369.000000  0.119020
26432.000000  0.605749
26540.000000  0.600658
26628.000000  0.061520
26693.000000  0.095473
26743.000000  0.034546
26780.000000  0.011260
26835.000000  0.194403
26934.000000  0.382994
27077.000000  0.393784
27241.000000  0.401628
27439.000000  0.449109
27623.000000  0.359895
27798.000000  0.140519
27960.000000  0.095462
28108.000000  0.095121
28240.000000  0.092348
28351.000000  0.092113
28464.000000  0.112002
28604.000000  0.132008
28704.000000  0.099833
28804.000000  0.087996
28922.000000  0.112063
29162.000000  0.161188
29374.000000  0.205262
29524.000000  0.199076
29753.000000  0.205818
29933.000000  0.261983
30113.000000  0.217327
30221.000000  0.155135
30310.000000  0.115627
30405.000000  0.057249
30503.000000  0.224010
30617.000000  0.266926
30739.000000  0.269793
30814.000000  0.243139
30884.000000  0.232201
30952.000000  0.034440
31036.000000  0.045861
31173.000000  0.065029
31244.000000  0.062344
31324.000000  0.439911
31426.000000  0.170894
31532.000000  0.198776
31659.000000  0.273651
31752.000000  0.268190
31817.000000  0.247853
31868.000000  0.021638
31944.000000  0.057169
32048.000000  0.495492
32121.000000  0.479202
32192.000000  0.446776
32296.000000  0.490029
32427.000000  0.504984
32540.000000  0.485290
32627.000000  0.507182
32691.000000  0.512349
32815.000000  0.048779
32926.000000  0.050771
33142.000000  0.097404
33293.000000  0.089492
33433.000000  0.082688
33598.000000  0.083535
33772.000000  0.079973
33896.000000  0.060850
33989.000000  0.038045
34127.000000  0.064382
34273.000000  0.078934
34462.000000  0.093254
34539.000000  0.103564
34696.000000  0.097400
34953.000000  0.141726
35167.000000  0.150572
35339.000000  0.118133
35459.000000  0.097505
35538.000000  0.050074
35576.000000  0.058424
35601.000000  0.033642
35651.000000  0.051571
35722.000000  0.066406
35749.000000  0.075398
35752.000000  0.013782
35777.000000  0.036991
35802.000000  0.035020
35854.000000  0.055740
35903.000000  0.035895
35930.000000  0.035019
35947.000000  0.022587
35975.000000  0.007987
36047.000000  0.035192
36155.000000  0.052469
36248.000000  0.054123
36317.000000  0.029157
36366.000000  0.017220
36401.000000  0.030924
36483.000000  0.026061
36567.000000  0.033047
36714.000000  0.075710
36899.000000  0.083826
37077.000000  0.124401
37225.000000  0.100207
37383.000000  0.101635
37486.000000  0.095169
37609.000000  0.103705
37693.000000  0.097318
37768.000000  0.067286
37858.000000  0.071480
37952.000000  0.067788
38031.000000  0.080249
38100.000000  0.080049
38162.000000  0.084937
38192.000000  0.054223
38201.000000  0.042535
38209.000000  0.061541
38227.000000  0.067815
38269.000000  0.078577
38368.000000  0.100554
38484.000000  0.120015
38597.000000  0.121266
38716.000000  0.153971
38822.000000  0.115467
38889.000000  0.087169
38982.000000  0.077883
39034.000000  0.125444
39051.000000  0.058492
39109.000000  0.138203
39211.000000  0.177233
39263.000000  0.041172
39316.000000  0.050220
39366.000000  0.035429
39415.000000  0.095994
39456.000000  0.095620
39490.000000  0.061836
39593.000000  0.141877
39705.000000  0.154348
39846.000000  0.163912
39964.000000  0.168303
40107.000000  0.245366
40206.000000  0.219897
40252.000000  0.169190
40302.000000  0.090838
40333.000000  0.067731
40392.000000  0.078959
40421.000000  0.067646
40422.000000  0.032032
40505.000000  0.036577
40575.000000  0.045224
40639.000000  0.039931
40703.000000  0.056184
40778.000000  0.058533
40788.000000  0.039862
40808.000000  0.031138
40823.000000  0.020966
