216.000000  0.169483
296.000000  0.126037
406.000000  0.148009
463.000000  0.127540
534.000000  0.080700
586.000000  0.087088
637.000000  0.124575
693.000000  0.142735
766.000000  0.126022
835.000000  0.154038
911.000000  0.129223
977.000000  0.121438
1080.000000  0.142148
1158.000000  0.132064
1246.000000  0.135357
1318.000000  0.135441
1386.000000  0.160539
1430.000000  0.125283
1475.000000  0.125623
1519.000000  0.121795
1560.000000  0.134913
1617.000000  0.110429
1668.000000  0.101284
1715.000000  0.128715
1759.000000  0.089348
1820.000000  0.120505
1888.000000  0.139733
1969.000000  0.097280
2051.000000  0.154883
2091.000000  0.111261
2174.000000  0.136114
2258.000000  0.156928
2320.000000  0.138786
2370.000000  0.129714
2426.000000  0.142010
2512.000000  0.163538
2607.000000  0.166905
2711.000000  0.157177
2801.000000  0.131678
2882.000000  0.171549
2961.000000  0.084420
3033.000000  0.132193
3106.000000  0.186510
3145.000000  0.133110
3200.000000  0.149060
3287.000000  0.169664
3356.000000  0.148724
3457.000000  0.173544
3497.000000  0.135803
3572.000000  0.156456
3590.000000  0.146485
3643.000000  0.167267
3751.000000  0.191224
3773.000000  0.156204
3846.000000  0.122217
3958.000000  0.187582
4052.000000  0.171812
4123.000000  0.185999
4198.000000  0.184308
4282.000000  0.190909
4359.000000  0.182226
4433.000000  0.197014
4513.000000  0.198476
4610.000000  0.187224
4684.000000  0.183295
4765.000000  0.151652
4845.000000  0.214313
4925.000000  0.170027
4996.000000  0.185572
5110.000000  0.233975
5210.000000  0.217844
5291.000000  0.176285
5380.000000  0.188495
5485.000000  0.173105
5580.000000  0.204043
5656.000000  0.184829
5719.000000  0.207353
5794.000000  0.175834
5872.000000  0.224525
5942.000000  0.186360
6031.000000  0.238641
6117.000000  0.213808
6200.000000  0.209436
6281.000000  0.207940
6347.000000  0.164240
6419.000000  0.206150
6490.000000  0.151799
6549.000000  0.164920
6619.000000  0.198400
6690.000000  0.199093
6763.000000  0.196132
6819.000000  0.194754
6880.000000  0.202761
6956.000000  0.206143
7022.000000  0.199713
7069.000000  0.212744
7159.000000  0.292741
7209.000000  0.323160
7255.000000  0.342043
7287.000000  0.325922
7328.000000  0.343284
7370.000000  0.374692
7411.000000  0.413140
7426.000000  0.438945
7495.000000  0.190017
7547.000000  0.161566
7584.000000  0.169583
7619.000000  0.177100
7634.000000  0.152618
7673.000000  0.175166
7682.000000  0.165590
7787.000000  0.211212
7895.000000  0.210465
7995.000000  0.215594
8091.000000  0.214987
8189.000000  0.225967
8261.000000  0.184209
8352.000000  0.214281
8416.000000  0.223837
8528.000000  0.240495
8603.000000  0.223995
8687.000000  0.225166
8788.000000  0.224563
8854.000000  0.215920
8929.000000  0.231820
9023.000000  0.198983
9104.000000  0.169756
9160.000000  0.211939
9262.000000  0.232924
9340.000000  0.242581
9415.000000  0.248808
9502.000000  0.248009
9605.000000  0.259499
9700.000000  0.216708
9804.000000  0.217010
9871.000000  0.180574
9927.000000  0.254269
10002.000000  0.195617
10085.000000  0.272659
10160.000000  0.228450
10236.000000  0.243988
10330.000000  0.238367
10415.000000  0.217889
10496.000000  0.245871
10509.000000  0.209768
10586.000000  0.246485
10648.000000  0.321955
10691.000000  0.311847
10744.000000  0.300362
10776.000000  0.389300
10830.000000  0.208027
10903.000000  0.225991
10968.000000  0.212911
11053.000000  0.221222
11085.000000  0.201754
11171.000000  0.186166
11258.000000  0.210977
11378.000000  0.223454
11421.000000  0.195341
11503.000000  0.221099
11618.000000  0.236811
11716.000000  0.235224
11795.000000  0.234981
11863.000000  0.171500
11959.000000  0.222477
12039.000000  0.240893
12076.000000  0.244330
12215.000000  0.224461
12293.000000  0.236798
12352.000000  0.239652
12403.000000  0.205561
12463.000000  0.198402
12526.000000  0.219220
12598.000000  0.228467
12665.000000  0.201344
12757.000000  0.242709
12845.000000  0.233039
12958.000000  0.260217
13030.000000  0.254676
13140.000000  0.266822
13222.000000  0.276940
13303.000000  0.290810
13384.000000  0.246950
13477.000000  0.286888
13554.000000  0.288232
13629.000000  0.299021
13743.000000  0.286629
13844.000000  0.286731
13931.000000  0.242204
14031.000000  0.281334
14136.000000  0.327616
14220.000000  0.296271
14314.000000  0.291170
14413.000000  0.294894
14505.000000  0.377720
14568.000000  0.359655
14679.000000  0.337785
14764.000000  0.324728
14874.000000  0.355125
14964.000000  0.350092
15061.000000  0.389330
15195.000000  0.377711
15289.000000  0.355110
15387.000000  0.394945
15501.000000  0.376230
15579.000000  0.314441
15665.000000  0.373890
15743.000000  0.474023
15827.000000  0.388153
15927.000000  0.371839
16011.000000  0.349618
16104.000000  0.369475
16178.000000  0.369135
16262.000000  0.357814
16324.000000  0.340817
16367.000000  0.344216
16414.000000  0.343711
16464.000000  0.393252
16528.000000  0.406967
16617.000000  0.340007
16714.000000  0.439104
16793.000000  0.485541
16863.000000  0.502153
16973.000000  0.469760
17053.000000  0.514616
17111.000000  0.433061
17204.000000  0.466011
17281.000000  0.465001
17386.000000  0.495265
17456.000000  0.451877
17535.000000  0.488312
17646.000000  0.528751
17704.000000  0.334379
17792.000000  0.526494
17859.000000  0.578299
17922.000000  0.474507
17972.000000  0.537514
18022.000000  0.575336
18042.000000  0.725088
18088.000000  0.452649
18126.000000  0.448625
18160.000000  0.364895
18205.000000  0.374262
18255.000000  0.413756
18315.000000  0.407289
18381.000000  0.433933
18452.000000  0.428070
18540.000000  0.330774
18604.000000  0.321834
18666.000000  0.317724
18739.000000  0.343182
18797.000000  0.333396
18869.000000  0.318275
18918.000000  0.305611
19008.000000  0.315484
19079.000000  0.334939
19174.000000  0.353238
19280.000000  0.410679
19371.000000  0.388186
19505.000000  0.460381
19599.000000  0.355207
19724.000000  0.446053
19776.000000  0.484674
19811.000000  0.483638
19940.000000  0.658446
19965.000000  0.657385
20010.000000  0.786958
20043.000000  0.802172
20044.000000  0.736865
20070.000000  0.484877
20101.000000  0.292391
20154.000000  0.237374
20238.000000  0.288382
20321.000000  0.302308
20407.000000  0.283713
20486.000000  0.290235
20570.000000  0.340206
20645.000000  0.330452
20729.000000  0.326085
20744.000000  0.293811
20816.000000  0.320025
20888.000000  0.339360
20976.000000  0.360677
21060.000000  0.348594
21164.000000  0.316753
21235.000000  0.324212
21392.000000  0.352347
21458.000000  0.321303
21539.000000  0.355430
21625.000000  0.355625
21719.000000  0.354950
21833.000000  0.396360
21902.000000  0.315334
21978.000000  0.389218
22043.000000  0.397938
22107.000000  0.399889
22141.000000  0.429320
22142.000000  0.262931
22201.000000  0.295340
22251.000000  0.294791
22291.000000  0.299813
22332.000000  0.301700
22387.000000  0.275976
22457.000000  0.313509
22550.000000  0.329082
22656.000000  0.335216
22746.000000  0.319805
22821.000000  0.344175
22903.000000  0.351309
22988.000000  0.328999
23073.000000  0.359949
23143.000000  0.343415
23219.000000  0.355576
23294.000000  0.354568
23366.000000  0.349278
23406.000000  0.352510
23443.000000  0.346918
23514.000000  0.331555
23555.000000  0.328198
23556.000000  0.301956
23585.000000  0.307655
23642.000000  0.269667
23702.000000  0.292487
23757.000000  0.279876
23827.000000  0.298499
23896.000000  0.301209
23980.000000  0.294305
24043.000000  0.344024
24100.000000  0.295535
24157.000000  0.287136
24213.000000  0.336696
24267.000000  0.343966
24325.000000  0.303613
24382.000000  0.270969
24441.000000  0.321136
24501.000000  0.356140
24561.000000  0.295063
24622.000000  0.333039
24681.000000  0.330797
24739.000000  0.331230
24807.000000  0.341787
24897.000000  0.285838
24951.000000  0.337354
25001.000000  0.313093
25007.000000  0.321290
25013.000000  0.302179
25099.000000  0.342551
25101.000000  0.261805
25105.000000  0.290256
25146.000000  0.323030
25221.000000  0.328078
25280.000000  0.297498
25322.000000  0.261004
25332.000000  0.314247
25406.000000  0.365695
25483.000000  0.339043
25519.000000  0.262589
25558.000000  0.273059
25568.000000  0.265232
25644.000000  0.338859
25724.000000  0.337499
25814.000000  0.338308
25915.000000  0.360216
25949.000000  0.298645
25963.000000  0.333109
26066.000000  0.346409
26160.000000  0.353727
26252.000000  0.354750
26331.000000  0.331402
26345.000000  0.350589
26426.000000  0.359538
26463.000000  0.361171
26471.000000  0.276639
26474.000000  0.324289
26524.000000  0.326883
26571.000000  0.328580
26619.000000  0.277616
26668.000000  0.274705
26715.000000  0.290438
26754.000000  0.313141
26811.000000  0.341405
26897.000000  0.292421
27001.000000  0.362509
27079.000000  0.330424
27173.000000  0.363522
27274.000000  0.378341
27353.000000  0.334347
27400.000000  0.341836
27480.000000  0.346496
27547.000000  0.343416
27620.000000  0.338444
27706.000000  0.370132
27809.000000  0.385167
27877.000000  0.360543
27910.000000  0.357869
27945.000000  0.351199
27960.000000  0.339598
27962.000000  0.339453
28074.000000  0.365830
28136.000000  0.372402
28207.000000  0.376762
28285.000000  0.391106
28373.000000  0.373691
28388.000000  0.332690
28402.000000  0.312604
28466.000000  0.377653
28515.000000  0.275564
28563.000000  0.351274
28602.000000  0.354040
28645.000000  0.342509
28745.000000  0.342770
28827.000000  0.343756
28917.000000  0.386707
28989.000000  0.407230
29054.000000  0.350325
29129.000000  0.332745
29179.000000  0.451353
29215.000000  0.391804
29236.000000  0.364221
29294.000000  0.354206
29365.000000  0.365717
29450.000000  0.389149
29568.000000  0.392427
29590.000000  0.349746
29655.000000  0.397981
29768.000000  0.390060
29790.000000  0.370873
29827.000000  0.367276
29915.000000  0.373563
29986.000000  0.370940
30075.000000  0.380426
30166.000000  0.406259
30251.000000  0.390492
30334.000000  0.387083
30364.000000  0.381197
30422.000000  0.410357
30494.000000  0.401192
30558.000000  0.414003
30618.000000  0.401813
30638.000000  0.363908
30745.000000  0.367013
30842.000000  0.326543
30929.000000  0.416132
31005.000000  0.423810
31078.000000  0.416226
31151.000000  0.374162
31153.000000  0.322369
31158.000000  0.362207
31212.000000  0.364950
31289.000000  0.414759
31359.000000  0.356348
31468.000000  0.410578
31512.000000  0.398685
31610.000000  0.377806
31681.000000  0.353270
31690.000000  0.360460
31700.000000  0.358123
31755.000000  0.379865
31828.000000  0.382540
31911.000000  0.361313
32019.000000  0.415682
32090.000000  0.379073
32168.000000  0.426577
32241.000000  0.413072
32318.000000  0.423242
32364.000000  0.370949
32443.000000  0.417175
32482.000000  0.386562
32485.000000  0.360541
32492.000000  0.370629
32560.000000  0.401007
32646.000000  0.417966
32711.000000  0.367026
32745.000000  0.361376
32868.000000  0.440447
32948.000000  0.404957
33049.000000  0.431198
33145.000000  0.412101
33208.000000  0.413908
33287.000000  0.407965
33375.000000  0.424355
33473.000000  0.447525
33525.000000  0.399717
33601.000000  0.393534
33653.000000  0.396345
33733.000000  0.411105
33818.000000  0.421635
33904.000000  0.390218
33979.000000  0.431666
33992.000000  0.390699
33995.000000  0.370132
34105.000000  0.408050
34230.000000  0.430514
34316.000000  0.428533
34403.000000  0.447478
34515.000000  0.434361
34531.000000  0.406631
34612.000000  0.415849
34693.000000  0.449093
34768.000000  0.432027
34863.000000  0.444056
34950.000000  0.421737
35043.000000  0.431705
35107.000000  0.443786
35171.000000  0.457777
35230.000000  0.452209
35279.000000  0.442279
35372.000000  0.461451
35452.000000  0.429857
35537.000000  0.441647
35639.000000  0.480785
35683.000000  0.396890
35757.000000  0.479103
35828.000000  0.513152
35931.000000  0.552473
35996.000000  0.519939
36047.000000  0.497569
36054.000000  0.399364
36112.000000  0.452893
36146.000000  0.550722
36167.000000  0.530942
36223.000000  0.422430
36307.000000  0.438168
36395.000000  0.446183
36458.000000  0.434701
36461.000000  0.431851
36529.000000  0.419930
36602.000000  0.402089
36606.000000  0.395635
36689.000000  0.437693
36773.000000  0.452331
36854.000000  0.478062
36930.000000  0.400249
36952.000000  0.420040
36953.000000  0.407396
37009.000000  0.481001
37035.000000  0.438901
37091.000000  0.789599
37149.000000  0.679369
37200.000000  0.729105
37246.000000  0.706839
37326.000000  0.644025
37386.000000  0.534658
37458.000000  0.790760
37536.000000  0.825578
37631.000000  0.699823
37676.000000  0.428262
37766.000000  0.509790
37802.000000  0.671549
37804.000000  0.504897
37872.000000  0.432862
37911.000000  0.419186
37952.000000  0.414265
38016.000000  0.401970
38079.000000  0.434972
38109.000000  0.424866
38159.000000  0.424861
38249.000000  0.384084
38351.000000  0.442350
38423.000000  0.436414
38534.000000  0.435875
38592.000000  0.444533
38662.000000  0.438708
38777.000000  0.451638
38781.000000  0.422548
38810.000000  0.426157
38841.000000  0.385527
38844.000000  0.407714
38901.000000  0.434392
38950.000000  0.431010
38981.000000  0.418190
39013.000000  0.419723
39108.000000  0.435081
39195.000000  0.412849
39235.000000  0.403482
39244.000000  0.420114
39258.000000  0.418166
39315.000000  0.438932
39439.000000  0.447684
39549.000000  0.457441
39630.000000  0.457409
39728.000000  0.445525
39797.000000  0.436650
39870.000000  0.468062
39939.000000  0.417807
40014.000000  0.457769
40099.000000  0.456785
40168.000000  0.410586
40183.000000  0.422492
40250.000000  0.447709
40306.000000  0.401980
40309.000000  0.427102
40317.000000  0.440388
40350.000000  0.432223
40426.000000  0.457295
40527.000000  0.471491
40636.000000  0.472520
40698.000000  0.441615
40756.000000  0.452317
40800.000000  0.471340
40822.000000  0.487088
