216.000000  0.169483
296.000000  -0.043445
406.000000  0.021972
463.000000  -0.020469
534.000000  -0.046840
586.000000  0.006388
637.000000  0.037487
693.000000  0.018160
766.000000  -0.016713
835.000000  0.028016
911.000000  -0.024815
977.000000  -0.007785
1080.000000  0.020710
1158.000000  -0.010084
1246.000000  0.003293
1318.000000  0.000083
1386.000000  0.025098
1430.000000  -0.035256
1475.000000  0.000341
1519.000000  -0.003828
1560.000000  0.013117
1617.000000  -0.024484
1668.000000  -0.009145
1715.000000  0.027431
1759.000000  -0.039366
1820.000000  0.031157
1888.000000  0.019227
1969.000000  -0.042453
2051.000000  0.057603
2091.000000  -0.043622
2174.000000  0.024853
2258.000000  0.020814
2320.000000  -0.018143
2370.000000  -0.009072
2426.000000  0.012296
2512.000000  0.021528
2607.000000  0.003367
2711.000000  -0.009729
2801.000000  -0.025498
2882.000000  0.039870
2961.000000  -0.087129
3033.000000  0.047774
3106.000000  0.054317
3145.000000  -0.053400
3200.000000  0.015949
3287.000000  0.020604
3356.000000  -0.020940
3457.000000  0.024820
3497.000000  -0.037740
3572.000000  0.020653
3590.000000  -0.009971
3643.000000  0.020782
3751.000000  0.023957
3773.000000  -0.035019
3846.000000  -0.033988
3958.000000  0.065365
4052.000000  -0.015770
4123.000000  0.014187
4198.000000  -0.001690
4282.000000  0.006600
4359.000000  -0.008683
4433.000000  0.014788
4513.000000  0.001462
4610.000000  -0.011252
4684.000000  -0.003929
4765.000000  -0.031644
4845.000000  0.062661
4925.000000  -0.044285
4996.000000  0.015545
5110.000000  0.048403
5210.000000  -0.016131
5291.000000  -0.041559
5380.000000  0.012210
5485.000000  -0.015390
5580.000000  0.030937
5656.000000  -0.019214
5719.000000  0.022524
5794.000000  -0.031519
5872.000000  0.048691
5942.000000  -0.038165
6031.000000  0.052281
6117.000000  -0.024833
6200.000000  -0.004372
6281.000000  -0.001496
6347.000000  -0.043700
6419.000000  0.041910
6490.000000  -0.054351
6549.000000  0.013122
6619.000000  0.033480
6690.000000  0.000693
6763.000000  -0.002961
6819.000000  -0.001377
6880.000000  0.008007
6956.000000  0.003382
7022.000000  -0.006431
7069.000000  0.013031
7159.000000  0.079997
7209.000000  0.030419
7255.000000  0.018882
7287.000000  -0.016120
7328.000000  0.017362
7370.000000  0.031408
7411.000000  0.038448
7426.000000  0.025805
7495.000000  -0.248927
7547.000000  -0.028451
7584.000000  0.008016
7619.000000  0.007517
7634.000000  -0.024482
7673.000000  0.022547
7682.000000  -0.009576
7787.000000  0.045622
7895.000000  -0.000747
7995.000000  0.005129
8091.000000  -0.000607
8189.000000  0.010980
8261.000000  -0.041758
8352.000000  0.030072
8416.000000  0.009556
8528.000000  0.016658
8603.000000  -0.016500
8687.000000  0.001171
8788.000000  -0.000603
8854.000000  -0.008643
8929.000000  0.015900
9023.000000  -0.032837
9104.000000  -0.029227
9160.000000  0.042184
9262.000000  0.020985
9340.000000  0.009657
9415.000000  0.006227
9502.000000  -0.000798
9605.000000  0.011490
9700.000000  -0.042791
9804.000000  0.000301
9871.000000  -0.036435
9927.000000  0.073694
10002.000000  -0.058652
10085.000000  0.077043
10160.000000  -0.044210
10236.000000  0.015538
10330.000000  -0.005621
10415.000000  -0.020478
10496.000000  0.027982
10509.000000  -0.036104
10586.000000  0.036717
10648.000000  0.075470
10691.000000  -0.010109
10744.000000  -0.011485
10776.000000  0.088938
10830.000000  -0.181274
10903.000000  0.017964
10968.000000  -0.013080
11053.000000  0.008311
11085.000000  -0.019468
11171.000000  -0.015588
11258.000000  0.024811
11378.000000  0.012476
11421.000000  -0.028113
11503.000000  0.025758
11618.000000  0.015713
11716.000000  -0.001587
11795.000000  -0.000244
11863.000000  -0.063481
11959.000000  0.050978
12039.000000  0.018415
12076.000000  0.003437
12215.000000  -0.019869
12293.000000  0.012337
12352.000000  0.002854
12403.000000  -0.034090
12463.000000  -0.007159
12526.000000  0.020818
12598.000000  0.009246
12665.000000  -0.027122
12757.000000  0.041365
12845.000000  -0.009670
12958.000000  0.027178
13030.000000  -0.005541
13140.000000  0.012146
13222.000000  0.010118
13303.000000  0.013870
13384.000000  -0.043860
13477.000000  0.039937
13554.000000  0.001344
13629.000000  0.010789
13743.000000  -0.012392
13844.000000  0.000102
13931.000000  -0.044526
14031.000000  0.039130
14136.000000  0.046282
14220.000000  -0.031344
14314.000000  -0.005101
14413.000000  0.003724
14505.000000  0.082827
14568.000000  -0.018065
14679.000000  -0.021869
14764.000000  -0.013057
14874.000000  0.030397
14964.000000  -0.005033
15061.000000  0.039238
15195.000000  -0.011620
15289.000000  -0.022601
15387.000000  0.039835
15501.000000  -0.018715
15579.000000  -0.061789
15665.000000  0.059449
15743.000000  0.100133
15827.000000  -0.085870
15927.000000  -0.016315
16011.000000  -0.022221
16104.000000  0.019857
16178.000000  -0.000340
16262.000000  -0.011321
16324.000000  -0.016998
16367.000000  0.003400
16414.000000  -0.000506
16464.000000  0.049541
16528.000000  0.013716
16617.000000  -0.066961
16714.000000  0.099098
16793.000000  0.046437
16863.000000  0.016612
16973.000000  -0.032393
17053.000000  0.044856
17111.000000  -0.081555
17204.000000  0.032950
17281.000000  -0.001010
17386.000000  0.030264
17456.000000  -0.043388
17535.000000  0.036435
17646.000000  0.040439
17704.000000  -0.194372
17792.000000  0.192116
17859.000000  0.051805
17922.000000  -0.103792
17972.000000  0.063007
18022.000000  0.037822
18042.000000  0.149752
18088.000000  -0.272439
18126.000000  -0.004023
18160.000000  -0.083730
18205.000000  0.009366
18255.000000  0.039494
18315.000000  -0.006467
18381.000000  0.026644
18452.000000  -0.005864
18540.000000  -0.097295
18604.000000  -0.008940
18666.000000  -0.004110
18739.000000  0.025458
18797.000000  -0.009785
18869.000000  -0.015121
18918.000000  -0.012664
19008.000000  0.009873
19079.000000  0.019455
19174.000000  0.018299
19280.000000  0.057441
19371.000000  -0.022493
19505.000000  0.072195
19599.000000  -0.105174
19724.000000  0.090846
19776.000000  0.038621
19811.000000  -0.001036
19940.000000  0.174808
19965.000000  -0.001061
20010.000000  0.129573
20043.000000  0.015213
20044.000000  -0.065307
20070.000000  -0.251988
20101.000000  -0.192486
20154.000000  -0.055017
20238.000000  0.051008
20321.000000  0.013926
20407.000000  -0.018595
20486.000000  0.006521
20570.000000  0.049971
20645.000000  -0.009754
20729.000000  -0.004367
20744.000000  -0.032274
20816.000000  0.026215
20888.000000  0.019335
20976.000000  0.021317
21060.000000  -0.012084
21164.000000  -0.031841
21235.000000  0.007460
21392.000000  0.028135
21458.000000  -0.031044
21539.000000  0.034127
21625.000000  0.000195
21719.000000  -0.000675
21833.000000  0.041410
21902.000000  -0.081026
21978.000000  0.073884
22043.000000  0.008720
22107.000000  0.001952
22141.000000  0.029431
22142.000000  -0.166389
22201.000000  0.032409
22251.000000  -0.000549
22291.000000  0.005022
22332.000000  0.001888
22387.000000  -0.025724
22457.000000  0.037532
22550.000000  0.015573
22656.000000  0.006134
22746.000000  -0.015410
22821.000000  0.024370
22903.000000  0.007133
22988.000000  -0.022310
23073.000000  0.030950
23143.000000  -0.016533
23219.000000  0.012160
23294.000000  -0.001008
23366.000000  -0.005290
23406.000000  0.003233
23443.000000  -0.005592
23514.000000  -0.015363
23555.000000  -0.003357
23556.000000  -0.026242
23585.000000  0.005699
23642.000000  -0.037988
23702.000000  0.022820
23757.000000  -0.012611
23827.000000  0.018623
23896.000000  0.002710
23980.000000  -0.006904
24043.000000  0.049719
24100.000000  -0.048490
24157.000000  -0.008399
24213.000000  0.049559
24267.000000  0.007270
24325.000000  -0.040353
24382.000000  -0.032644
24441.000000  0.050167
24501.000000  0.035003
24561.000000  -0.061077
24622.000000  0.037976
24681.000000  -0.002241
24739.000000  0.000433
24807.000000  0.010557
24897.000000  -0.055949
24951.000000  0.051516
25001.000000  -0.024261
25007.000000  0.008198
25013.000000  -0.019111
25099.000000  0.040372
25101.000000  -0.080745
25105.000000  0.028451
25146.000000  0.032774
25221.000000  0.005048
25280.000000  -0.030580
25322.000000  -0.036494
25332.000000  0.053244
25406.000000  0.051448
25483.000000  -0.026652
25519.000000  -0.076454
25558.000000  0.010470
25568.000000  -0.007826
25644.000000  0.073627
25724.000000  -0.001360
25814.000000  0.000808
25915.000000  0.021908
25949.000000  -0.061571
25963.000000  0.034464
26066.000000  0.013300
26160.000000  0.007318
26252.000000  0.001023
26331.000000  -0.023348
26345.000000  0.019187
26426.000000  0.008949
26463.000000  0.001633
26471.000000  -0.084532
26474.000000  0.047650
26524.000000  0.002593
26571.000000  0.001697
26619.000000  -0.050964
26668.000000  -0.002911
26715.000000  0.015733
26754.000000  0.022703
26811.000000  0.028265
26897.000000  -0.048984
27001.000000  0.070088
27079.000000  -0.032086
27173.000000  0.033099
27274.000000  0.014818
27353.000000  -0.043994
27400.000000  0.007489
27480.000000  0.004659
27547.000000  -0.003080
27620.000000  -0.004972
27706.000000  0.031688
27809.000000  0.015035
27877.000000  -0.024624
27910.000000  -0.002674
27945.000000  -0.006670
27960.000000  -0.011602
27962.000000  -0.000144
28074.000000  0.026377
28136.000000  0.006571
28207.000000  0.004360
28285.000000  0.014344
28373.000000  -0.017415
28388.000000  -0.041001
28402.000000  -0.020086
28466.000000  0.065049
28515.000000  -0.102089
28563.000000  0.075709
28602.000000  0.002766
28645.000000  -0.011530
28745.000000  0.000261
28827.000000  0.000986
28917.000000  0.042951
28989.000000  0.020523
29054.000000  -0.056905
29129.000000  -0.017579
29179.000000  0.118608
29215.000000  -0.059549
29236.000000  -0.027583
29294.000000  -0.010015
29365.000000  0.011511
29450.000000  0.023432
29568.000000  0.003278
29590.000000  -0.042681
29655.000000  0.048235
29768.000000  -0.007922
29790.000000  -0.019186
29827.000000  -0.003597
29915.000000  0.006287
29986.000000  -0.002623
30075.000000  0.009486
30166.000000  0.025833
30251.000000  -0.015767
30334.000000  -0.003410
30364.000000  -0.005885
30422.000000  0.029159
30494.000000  -0.009164
30558.000000  0.012811
30618.000000  -0.012190
30638.000000  -0.037906
30745.000000  0.003105
30842.000000  -0.040470
30929.000000  0.089590
31005.000000  0.007678
31078.000000  -0.007584
31151.000000  -0.042064
31153.000000  -0.051793
31158.000000  0.039837
31212.000000  0.002743
31289.000000  0.049808
31359.000000  -0.058411
31468.000000  0.054230
31512.000000  -0.011893
31610.000000  -0.020879
31681.000000  -0.024535
31690.000000  0.007190
31700.000000  -0.002337
31755.000000  0.021742
31828.000000  0.002675
31911.000000  -0.021227
32019.000000  0.054368
32090.000000  -0.036609
32168.000000  0.047504
32241.000000  -0.013505
32318.000000  0.010171
32364.000000  -0.052294
32443.000000  0.046227
32482.000000  -0.030614
32485.000000  -0.026021
32492.000000  0.010089
32560.000000  0.030378
32646.000000  0.016958
32711.000000  -0.050939
32745.000000  -0.005651
32868.000000  0.079071
32948.000000  -0.035490
33049.000000  0.026241
33145.000000  -0.019097
33208.000000  0.001807
33287.000000  -0.005943
33375.000000  0.016390
33473.000000  0.023170
33525.000000  -0.047808
33601.000000  -0.006183
33653.000000  0.002812
33733.000000  0.014759
33818.000000  0.010531
33904.000000  -0.031417
33979.000000  0.041448
33992.000000  -0.040968
33995.000000  -0.020567
34105.000000  0.037919
34230.000000  0.022464
34316.000000  -0.001980
34403.000000  0.018945
34515.000000  -0.013117
34531.000000  -0.027730
34612.000000  0.009217
34693.000000  0.033244
34768.000000  -0.017066
34863.000000  0.012029
34950.000000  -0.022319
35043.000000  0.009968
35107.000000  0.012080
35171.000000  0.013991
35230.000000  -0.005568
35279.000000  -0.009930
35372.000000  0.019172
35452.000000  -0.031593
35537.000000  0.011790
35639.000000  0.039138
35683.000000  -0.083895
35757.000000  0.082213
35828.000000  0.034050
35931.000000  0.039320
35996.000000  -0.032534
36047.000000  -0.022370
36054.000000  -0.098206
36112.000000  0.053529
36146.000000  0.097829
36167.000000  -0.019780
36223.000000  -0.108512
36307.000000  0.015738
36395.000000  0.008015
36458.000000  -0.011482
36461.000000  -0.002850
36529.000000  -0.011921
36602.000000  -0.017841
36606.000000  -0.006454
36689.000000  0.042058
36773.000000  0.014638
36854.000000  0.025731
36930.000000  -0.077813
36952.000000  0.019791
36953.000000  -0.012645
37009.000000  0.073606
37035.000000  -0.042101
37091.000000  0.350698
37149.000000  -0.110229
37200.000000  0.049735
37246.000000  -0.022266
37326.000000  -0.062814
37386.000000  -0.109367
37458.000000  0.256103
37536.000000  0.034817
37631.000000  -0.125755
37676.000000  -0.271561
37766.000000  0.081528
37802.000000  0.161760
37804.000000  -0.166652
37872.000000  -0.072036
37911.000000  -0.013676
37952.000000  -0.004921
38016.000000  -0.012295
38079.000000  0.033002
38109.000000  -0.010106
38159.000000  -0.000005
38249.000000  -0.040776
38351.000000  0.058266
38423.000000  -0.005936
38534.000000  -0.000539
38592.000000  0.008658
38662.000000  -0.005825
38777.000000  0.012930
38781.000000  -0.029090
38810.000000  0.003609
38841.000000  -0.040630
38844.000000  0.022187
38901.000000  0.026678
38950.000000  -0.003382
38981.000000  -0.012821
39013.000000  0.001533
39108.000000  0.015358
39195.000000  -0.022231
39235.000000  -0.009367
39244.000000  0.016632
39258.000000  -0.001949
39315.000000  0.020767
39439.000000  0.008751
39549.000000  0.009757
39630.000000  -0.000032
39728.000000  -0.011884
39797.000000  -0.008875
39870.000000  0.031412
39939.000000  -0.050255
40014.000000  0.039962
40099.000000  -0.000984
40168.000000  -0.046199
40183.000000  0.011906
40250.000000  0.025217
40306.000000  -0.045729
40309.000000  0.025122
40317.000000  0.013286
40350.000000  -0.008165
40426.000000  0.025072
40527.000000  0.014196
40636.000000  0.001029
40698.000000  -0.030905
40756.000000  0.010703
40800.000000  0.019023
40822.000000  0.015748
