2285.000000  1.424705
2890.000000  1.471959
3345.000000  1.574672
3713.000000  1.646859
4254.000000  1.696184
4728.000000  1.698589
5254.000000  1.848171
6043.000000  1.891635
6659.000000  1.938923
7388.000000  2.041308
8196.000000  2.211823
8871.000000  2.231786
9631.000000  2.342737
10334.000000  2.383209
10844.000000  2.489760
11378.000000  2.514461
12311.000000  2.722067
13081.000000  2.730133
13929.000000  2.869289
14956.000000  2.971337
15687.000000  2.997591
16591.000000  3.147550
17305.000000  3.159337
17961.000000  3.232256
18666.000000  3.370052
18972.000000  3.352951
19267.000000  3.555629
19522.000000  3.524412
19985.000000  3.614150
20659.000000  3.610911
21277.000000  3.617726
21949.000000  3.818992
22766.000000  3.805386
23174.000000  3.997299
23505.000000  3.926965
24790.000000  4.147522
26055.000000  4.670793
26667.000000  4.307027
27957.000000  4.467797
29167.000000  4.495728
30010.000000  4.598666
30792.000000  4.699443
31679.000000  4.946752
32478.000000  4.972341
34210.000000  5.124064
36153.000000  5.384062
37816.000000  5.530883
38812.000000  5.687027
39484.000000  5.863354
40616.000000  5.806838
41579.000000  6.107057
43236.000000  6.251684
44950.000000  6.396250
46111.000000  6.516211
46368.000000  6.574644
46988.000000  6.701014
47057.000000  6.849729
47382.000000  6.750523
47825.000000  6.700735
48702.000000  6.957088
49628.000000  6.849195
50038.000000  6.993225
50106.000000  7.076591
51419.000000  7.220060
52268.000000  7.278963
53995.000000  7.470662
55004.000000  7.542938
56493.000000  7.782436
57408.000000  7.843817
59472.000000  8.159609
60864.000000  8.180734
62060.000000  8.464811
62505.000000  8.614629
63043.000000  8.784987
63422.000000  8.481155
63623.000000  8.808709
63870.000000  8.510047
63971.000000  8.620815
64903.000000  8.765894
65126.000000  8.849721
65796.000000  8.808576
66254.000000  8.862710
67000.000000  9.111974
68577.000000  9.238050
69685.000000  9.279716
70332.000000  9.194609
70618.000000  9.422854
70707.000000  9.277032
70713.000000  9.384737
70979.000000  9.436580
71450.000000  9.642571
72304.000000  9.709918
72686.000000  9.684266
72955.000000  9.831700
73813.000000  9.953493
74323.000000  10.009565
75890.000000  10.008408
77579.000000  10.255170
78631.000000  10.270171
79562.000000  10.348211
80133.000000  10.331605
80612.000000  10.630802
81669.000000  10.691422
82740.000000  10.970812
83431.000000  10.905577
84181.000000  11.142522
85604.000000  11.326009
86849.000000  11.377092
87410.000000  11.409616
87954.000000  11.541451
88300.000000  11.482389
88785.000000  11.615592
89118.000000  11.743060
90009.000000  11.675455
90693.000000  11.695611
91024.000000  11.713171
91226.000000  11.787921
91396.000000  11.925963
91494.000000  11.846235
