216.000000  0.173793
305.000000  -0.023879
437.000000  0.026131
502.000000  -0.030889
568.000000  0.002480
636.000000  -0.006787
687.000000  -0.003208
760.000000  0.009876
830.000000  -0.004348
909.000000  0.003423
990.000000  0.017147
1085.000000  0.016051
1163.000000  0.004544
1222.000000  -0.019758
1300.000000  -0.006829
1359.000000  0.002351
1405.000000  -0.007545
1460.000000  -0.000157
1504.000000  -0.003048
1557.000000  0.006480
1597.000000  0.002369
1643.000000  -0.000613
1699.000000  0.010881
1767.000000  -0.009536
1832.000000  -0.006842
1923.000000  0.045214
1994.000000  -0.013109
2066.000000  0.000199
2141.000000  -0.000347
2216.000000  -0.012834
2270.000000  0.001706
2312.000000  -0.027632
2399.000000  0.024484
2511.000000  0.044833
2602.000000  0.003664
2675.000000  -0.014556
2744.000000  -0.001021
2841.000000  0.033196
2904.000000  -0.053325
2988.000000  0.016049
3056.000000  0.016852
3136.000000  -0.027685
3153.000000  -0.006167
3205.000000  0.011714
3296.000000  0.013601
3392.000000  0.005857
3491.000000  0.012574
3567.000000  -0.009321
3593.000000  -0.003176
3595.000000  0.014171
3657.000000  -0.029727
3711.000000  -0.003722
3749.000000  -0.003942
3798.000000  0.032926
3868.000000  -0.002609
3930.000000  -0.011487
4002.000000  -0.002415
4057.000000  -0.001190
4110.000000  -0.010570
4156.000000  0.016131
4205.000000  -0.005017
4265.000000  -0.013014
4324.000000  -0.017106
4363.000000  0.021623
4443.000000  0.007659
4557.000000  0.010103
4649.000000  0.033015
4778.000000  0.066679
4866.000000  -0.042497
4958.000000  -0.042033
5037.000000  0.038845
5118.000000  -0.007600
5207.000000  -0.014361
5288.000000  0.019843
5358.000000  0.001108
5437.000000  0.024449
5522.000000  0.026348
5609.000000  -0.032687
5684.000000  -0.057747
5764.000000  0.049962
5853.000000  -0.028796
5913.000000  0.019141
5976.000000  0.014486
6057.000000  0.011704
6137.000000  -0.051718
6219.000000  0.076967
6303.000000  -0.044046
6388.000000  0.012649
6466.000000  -0.022767
6541.000000  0.002204
6614.000000  0.011725
6684.000000  -0.020382
6785.000000  0.017938
6848.000000  -0.028209
6891.000000  0.011658
6941.000000  -0.015355
7041.000000  0.029896
7116.000000  -0.000491
7188.000000  -0.001331
7273.000000  0.022071
7385.000000  0.001317
7465.000000  0.011232
7551.000000  -0.011402
7581.000000  -0.020741
7670.000000  0.008355
7766.000000  0.029548
7806.000000  -0.024879
7901.000000  0.018896
8019.000000  -0.015722
8078.000000  -0.013976
8141.000000  0.009266
8196.000000  0.007003
8257.000000  0.001103
8354.000000  -0.042527
8426.000000  0.060517
8498.000000  -0.024698
8559.000000  -0.019924
8632.000000  0.028187
8707.000000  0.001453
8769.000000  0.000122
8844.000000  0.003215
8918.000000  -0.007513
8994.000000  -0.017113
9069.000000  0.027873
9144.000000  -0.017735
9218.000000  0.018262
9295.000000  0.001818
9355.000000  -0.030204
9414.000000  0.006367
9494.000000  0.024746
9556.000000  0.005327
9636.000000  -0.044245
9703.000000  0.049646
9798.000000  -0.005570
9905.000000  -0.012732
9956.000000  0.010687
9998.000000  -0.003385
10036.000000  0.013325
10088.000000  -0.058668
10194.000000  0.059221
10311.000000  0.028448
10411.000000  0.004778
10491.000000  0.011196
10585.000000  -0.053085
10610.000000  -0.014917
10686.000000  0.068248
10765.000000  0.003354
10869.000000  -0.039341
10942.000000  0.003991
10982.000000  0.004500
11033.000000  0.007335
11069.000000  0.000428
11137.000000  0.021275
11197.000000  0.009304
11225.000000  -0.031319
11230.000000  0.010527
11270.000000  -0.090943
11343.000000  0.071761
11443.000000  0.013451
11537.000000  0.023535
11612.000000  -0.063330
11688.000000  0.032947
11735.000000  -0.017800
11831.000000  0.035568
11923.000000  0.006823
12033.000000  -0.003252
12118.000000  0.001779
12205.000000  0.015893
12266.000000  -0.043252
12336.000000  -0.050259
12406.000000  0.077465
12478.000000  0.006350
12561.000000  -0.037922
12654.000000  0.017528
12690.000000  0.004252
12717.000000  -0.051465
12827.000000  0.106995
12892.000000  -0.005304
12959.000000  -0.030444
13036.000000  0.038441
13112.000000  -0.085606
13186.000000  0.002103
13270.000000  0.029703
13328.000000  0.051877
13371.000000  -0.044777
13434.000000  -0.048426
13498.000000  0.067640
13550.000000  -0.000491
13561.000000  0.025777
13668.000000  -0.044511
13770.000000  -0.044296
13840.000000  0.024713
13939.000000  0.031854
14011.000000  -0.047232
14108.000000  0.059084
14189.000000  -0.037655
14273.000000  0.038699
14360.000000  -0.047502
14434.000000  0.030371
14517.000000  -0.041843
14605.000000  0.044416
14708.000000  -0.028633
14791.000000  0.060217
14865.000000  -0.071412
14946.000000  0.029502
15033.000000  0.048371
15114.000000  -0.001237
15202.000000  -0.027656
15277.000000  0.040186
15358.000000  -0.025078
15446.000000  0.002478
15533.000000  -0.017151
15618.000000  0.029002
15692.000000  -0.026757
15776.000000  0.011237
15856.000000  -0.028928
15948.000000  0.005596
16021.000000  0.048749
16110.000000  0.010504
16159.000000  -0.030502
16226.000000  0.024887
16311.000000  -0.018756
16395.000000  -0.007825
16483.000000  0.048950
16560.000000  -0.040650
16639.000000  -0.002538
16738.000000  -0.016883
16816.000000  -0.026311
16899.000000  0.054979
16979.000000  0.033103
17063.000000  -0.019127
17149.000000  0.010339
17226.000000  -0.054956
17305.000000  0.047514
17389.000000  0.009435
17476.000000  -0.018924
17553.000000  -0.001019
17632.000000  -0.001179
17713.000000  0.032257
17803.000000  -0.040683
17880.000000  0.003753
17959.000000  -0.015584
18043.000000  0.064668
18129.000000  -0.054896
18204.000000  0.028940
18292.000000  0.015412
18351.000000  -0.039349
18413.000000  0.048914
18493.000000  -0.002324
18570.000000  0.016424
18653.000000  -0.044828
18735.000000  0.052685
18840.000000  -0.051005
18940.000000  -0.017976
19053.000000  0.018873
19120.000000  0.032587
19164.000000  -0.007672
19217.000000  0.019167
19287.000000  0.043787
19357.000000  0.015877
19429.000000  -0.049348
19534.000000  0.021304
19634.000000  -0.015873
19719.000000  0.032152
19841.000000  -0.026242
19945.000000  -0.003602
20077.000000  0.032455
20167.000000  0.019748
20306.000000  -0.009205
20376.000000  0.044431
20441.000000  -0.020641
20529.000000  0.065273
20546.000000  -0.062233
20577.000000  -0.041472
20598.000000  0.031967
20634.000000  0.105427
20653.000000  -0.034378
20661.000000  0.089951
20727.000000  -0.103878
20807.000000  0.169542
20865.000000  -0.066040
20937.000000  0.045423
21006.000000  0.034875
21062.000000  -0.226032
21135.000000  0.090429
21201.000000  -0.089940
21206.000000  0.002359
21251.000000  -0.064261
21386.000000  0.095903
21466.000000  -0.058285
21536.000000  0.003525
21560.000000  0.168921
21565.000000  0.167486
21593.000000  -0.153710
21668.000000  -0.010665
21718.000000  -0.040223
21728.000000  0.134152
21737.000000  -0.177656
21787.000000  0.099929
21790.000000  0.163442
21861.000000  -0.459973
21927.000000  -0.049131
22013.000000  0.015919
22078.000000  -0.008665
22109.000000  0.002902
22295.000000  -0.051907
22330.000000  0.013857
22410.000000  0.042702
22489.000000  -0.003925
22559.000000  0.030389
22631.000000  -0.010594
22709.000000  -0.007157
22790.000000  0.009574
22890.000000  0.003521
22990.000000  -0.056060
23090.000000  0.071706
23116.000000  -0.033607
23181.000000  -0.009073
23230.000000  0.007539
23270.000000  -0.007036
23353.000000  -0.012468
23429.000000  0.001511
23549.000000  0.025277
23658.000000  0.007843
23762.000000  -0.007960
23871.000000  -0.010633
23941.000000  0.030350
24009.000000  -0.001398
24075.000000  0.010724
24135.000000  -0.102249
24207.000000  0.049465
24254.000000  0.019190
24310.000000  -0.002379
24389.000000  0.009808
24489.000000  -0.019776
24574.000000  0.031752
24598.000000  -0.041041
24657.000000  0.029794
24706.000000  0.001919
24789.000000  0.033021
24836.000000  0.028335
24903.000000  -0.052830
24984.000000  0.032349
25065.000000  0.033736
25108.000000  -0.047921
25191.000000  0.069106
25212.000000  0.029233
25251.000000  0.032040
25252.000000  -0.186324
25339.000000  0.042563
25454.000000  -0.022603
25519.000000  -0.023746
25606.000000  0.001585
25700.000000  0.025287
25784.000000  0.040561
25871.000000  0.000235
25951.000000  -0.046869
26037.000000  0.067325
26206.000000  -0.008617
26279.000000  -0.007617
26360.000000  0.044297
26469.000000  -0.009343
26561.000000  -0.072383
26653.000000  0.094636
26746.000000  0.021933
26782.000000  -0.013868
26813.000000  -0.070757
26866.000000  0.045263
26903.000000  -0.051041
26904.000000  -0.035384
26980.000000  0.118590
27074.000000  -0.043379
27163.000000  0.016203
27261.000000  -0.012507
27359.000000  -0.005307
27441.000000  -0.010798
27548.000000  0.049495
27635.000000  0.013087
27723.000000  -0.029812
27869.000000  0.038823
27973.000000  -0.019920
28059.000000  -0.002975
28142.000000  -0.067545
28176.000000  0.058052
28206.000000  -0.055278
28279.000000  0.079692
28286.000000  0.005854
28289.000000  0.094209
28375.000000  -0.078552
28409.000000  -0.061906
28478.000000  0.081928
28552.000000  -0.016224
28604.000000  -0.032264
28671.000000  0.016860
28715.000000  0.000505
28781.000000  -0.023264
28855.000000  0.173081
28856.000000  -0.241679
28917.000000  -0.016442
29004.000000  0.016943
29045.000000  -0.022886
29091.000000  -0.072144
29122.000000  0.068739
29163.000000  -0.005052
29167.000000  -0.009391
29274.000000  -0.041427
29325.000000  0.014898
29370.000000  0.040481
29422.000000  -0.006169
29435.000000  -0.010310
29502.000000  0.001655
29606.000000  0.033455
29689.000000  0.001208
29806.000000  -0.001485
29903.000000  0.008159
29981.000000  -0.004799
29996.000000  -0.011246
30022.000000  0.000000
30034.000000  -0.018738
30094.000000  -0.068927
30186.000000  0.069545
30290.000000  0.023466
30390.000000  0.002489
30492.000000  0.004737
30573.000000  0.018632
30600.000000  -0.087885
30635.000000  0.048256
30736.000000  -0.034149
30811.000000  0.052025
30884.000000  0.008342
30973.000000  0.030049
31048.000000  -0.007436
31063.000000  -0.057793
31114.000000  0.052343
31218.000000  -0.100206
31312.000000  0.076937
31415.000000  0.002132
31469.000000  -0.028860
31546.000000  0.015238
31558.000000  -0.044429
31627.000000  -0.000839
31716.000000  0.059660
31820.000000  -0.003430
31909.000000  -0.039425
31986.000000  0.019419
32004.000000  -0.052627
32011.000000  0.038084
32061.000000  0.012284
32147.000000  -0.014952
32241.000000  0.029573
32348.000000  0.022689
32396.000000  -0.024621
32492.000000  0.032829
32515.000000  -0.044070
32582.000000  0.015970
32651.000000  -0.038738
32687.000000  -0.048018
32728.000000  0.022925
32803.000000  -0.003235
32903.000000  0.039888
32978.000000  -0.017049
33073.000000  0.060630
33138.000000  -0.020932
33244.000000  -0.004605
33305.000000  0.012203
33341.000000  -0.093260
33357.000000  0.044615
33414.000000  0.018627
33440.000000  -0.022971
33466.000000  0.014887
33486.000000  -0.009553
33573.000000  0.019307
33575.000000  -0.029772
33609.000000  0.020482
33637.000000  -0.027382
33670.000000  0.018740
33726.000000  0.013845
33866.000000  0.014081
33952.000000  0.016891
34060.000000  -0.009832
34180.000000  0.025719
34247.000000  -0.060933
34355.000000  0.092063
34450.000000  -0.028371
34491.000000  -0.003432
34540.000000  -0.064797
34582.000000  0.001177
34624.000000  -0.022542
34723.000000  0.005615
34814.000000  0.065066
34902.000000  -0.032276
34997.000000  -0.031672
35025.000000  0.048133
35058.000000  -0.006036
35113.000000  -0.001571
35188.000000  0.003725
35283.000000  -0.023501
35385.000000  0.010844
35453.000000  -0.024839
35459.000000  -0.037299
35466.000000  0.027614
35492.000000  0.027800
35550.000000  0.015326
35643.000000  -0.060010
35727.000000  0.067300
35820.000000  -0.017224
35933.000000  0.026219
36017.000000  -0.065755
36039.000000  0.036577
36041.000000  -0.004727
36134.000000  0.024574
36262.000000  0.032601
36348.000000  -0.014258
36443.000000  0.042550
36532.000000  -0.065397
36643.000000  0.032930
36726.000000  0.021267
36809.000000  -0.020102
36917.000000  -0.006179
37018.000000  0.036577
37131.000000  -0.028504
37213.000000  0.042505
37258.000000  0.007931
37337.000000  0.002725
37394.000000  -0.073851
37459.000000  0.010197
37541.000000  0.005135
37622.000000  -0.000674
37680.000000  -0.008046
37774.000000  0.053327
37845.000000  0.040475
37914.000000  -0.052734
37986.000000  0.063467
38043.000000  0.007594
38092.000000  -0.087497
38095.000000  -0.002243
38101.000000  -0.054775
38157.000000  0.005733
38251.000000  0.024060
38361.000000  0.013924
38456.000000  0.013792
38542.000000  0.011093
38604.000000  -0.040212
38677.000000  0.011365
38759.000000  -0.024453
38791.000000  0.020254
38849.000000  0.027506
38900.000000  -0.010330
38902.000000  -0.053221
38981.000000  -0.002218
39074.000000  0.036426
39176.000000  0.002290
39283.000000  0.001060
39380.000000  0.016508
39449.000000  0.004129
39455.000000  -0.030645
39495.000000  -0.027216
39571.000000  -0.010196
39669.000000  0.056974
39746.000000  -0.005806
39838.000000  -0.025261
39926.000000  0.042182
39997.000000  0.006908
40007.000000  -0.060415
40064.000000  0.012050
40146.000000  -0.000306
40243.000000  0.013140
40355.000000  0.037108
40452.000000  -0.027079
40529.000000  0.019856
40598.000000  0.013230
40684.000000  -0.023559
40760.000000  0.020983
40809.000000  -0.012031
40812.000000  -0.053452
