995.000000  0.164693
1214.000000  -0.032008
1416.000000  -0.023849
1622.000000  0.019074
1813.000000  0.010082
2035.000000  0.010739
2233.000000  -0.015447
2519.000000  0.029969
2770.000000  0.017093
3084.000000  0.035595
3384.000000  -0.001964
3639.000000  0.023244
3798.000000  -0.034596
4069.000000  0.038538
4362.000000  -0.018018
4681.000000  0.023651
4914.000000  -0.036651
5145.000000  -0.001755
5397.000000  -0.002329
5597.000000  -0.038787
5665.000000  -0.022109
5855.000000  0.008751
5951.000000  -0.074213
6085.000000  0.029150
6300.000000  0.039498
6505.000000  -0.006368
6745.000000  0.037398
6985.000000  0.071320
7237.000000  -0.057662
7442.000000  -0.012064
7622.000000  -0.018394
7880.000000  0.052546
8117.000000  -0.019763
8407.000000  0.008222
8689.000000  -0.010825
8972.000000  0.010951
9201.000000  -0.020863
9395.000000  -0.015719
9483.000000  -0.028767
9617.000000  0.000946
9749.000000  -0.008066
9895.000000  0.027019
10020.000000  0.038398
10184.000000  0.019130
10327.000000  -0.033817
10500.000000  -0.003924
10711.000000  0.098878
10931.000000  0.022519
11073.000000  -0.054670
11228.000000  -0.037664
11365.000000  0.009604
11498.000000  -0.059962
11559.000000  0.000017
11643.000000  -0.033997
11656.000000  -0.086587
11711.000000  0.020427
11773.000000  0.016547
11862.000000  -0.014125
11997.000000  0.021750
12173.000000  0.070994
12376.000000  0.034748
12566.000000  0.028360
12743.000000  0.008987
12891.000000  0.006078
13024.000000  -0.112494
13180.000000  0.033319
13275.000000  -0.020510
13450.000000  0.044914
13563.000000  -0.015714
13696.000000  -0.044714
13874.000000  0.009903
14065.000000  0.029107
14231.000000  0.065183
14390.000000  0.014657
14518.000000  0.002278
14624.000000  0.021950
14775.000000  0.000735
14951.000000  0.078169
15131.000000  -0.119828
15403.000000  -0.024508
15586.000000  0.070384
15769.000000  -0.046983
15907.000000  -0.039774
16133.000000  0.003655
16396.000000  0.043386
16642.000000  -0.002873
16789.000000  0.005144
16891.000000  -0.023514
17009.000000  0.013702
17148.000000  0.005215
17274.000000  -0.022401
17363.000000  -0.015486
17513.000000  0.007939
17633.000000  -0.034698
17749.000000  0.002518
17880.000000  -0.008818
17964.000000  -0.001513
18030.000000  -0.013490
18090.000000  -0.020645
18155.000000  0.014969
18256.000000  0.011353
18331.000000  -0.021679
18423.000000  0.048286
18556.000000  -0.021126
18635.000000  0.015405
18807.000000  0.050770
18950.000000  0.033133
19085.000000  0.034125
19215.000000  -0.050884
19340.000000  -0.026322
19489.000000  0.042499
19643.000000  -0.001386
19815.000000  0.015584
19994.000000  0.009526
20131.000000  0.005814
20256.000000  -0.005784
20389.000000  0.008785
20473.000000  -0.087320
20672.000000  0.033221
20859.000000  0.035953
20998.000000  -0.002297
21117.000000  -0.035158
21263.000000  0.084937
21454.000000  0.011064
21642.000000  -0.054921
21835.000000  0.050553
22006.000000  0.048085
22216.000000  0.002434
22337.000000  -0.045938
22450.000000  -0.095999
22612.000000  0.048552
22673.000000  0.059291
22697.000000  -0.057508
22752.000000  0.314126
22857.000000  -0.532496
22933.000000  0.016039
22956.000000  -0.017536
23029.000000  0.021793
23070.000000  -0.018315
23121.000000  0.000046
23205.000000  0.037372
23336.000000  0.031614
23436.000000  0.136569
23620.000000  0.090385
23807.000000  0.004938
24028.000000  0.022865
24218.000000  -0.145676
24357.000000  -0.065205
24433.000000  -0.054435
24584.000000  0.000829
24709.000000  0.018322
24848.000000  0.039640
25072.000000  0.052049
25254.000000  -0.051299
25400.000000  -0.020527
25586.000000  -0.032259
25756.000000  -0.016436
25879.000000  0.030767
26019.000000  0.026256
26143.000000  0.049283
26241.000000  0.063802
26353.000000  -0.116586
26430.000000  0.009773
26494.000000  0.045990
26536.000000  0.195883
26613.000000  -0.302784
26705.000000  0.060821
26882.000000  0.081617
27066.000000  -0.085497
27219.000000  -0.015029
27329.000000  0.224928
27459.000000  0.098711
27546.000000  0.026680
27642.000000  -0.406866
27747.000000  -0.016538
27849.000000  0.007354
27920.000000  -0.003028
28048.000000  0.115606
28193.000000  0.006900
28313.000000  -0.053484
28430.000000  0.045914
28536.000000  -0.095038
28589.000000  -0.027140
28669.000000  -0.008481
28762.000000  0.060074
28848.000000  0.160081
28925.000000  -0.018787
29008.000000  -0.019380
29126.000000  -0.182669
29232.000000  0.008050
29362.000000  0.017436
29434.000000  -0.023121
29515.000000  0.320706
29656.000000  0.081510
29820.000000  0.017684
29958.000000  0.039398
30127.000000  0.033411
30301.000000  0.023061
30388.000000  -0.059206
30470.000000  0.013781
30559.000000  -0.442058
30652.000000  0.000553
30712.000000  -0.049393
30773.000000  -0.005103
30820.000000  0.013935
30855.000000  -0.011032
30895.000000  -0.005993
30924.000000  0.002513
30990.000000  0.023571
31070.000000  0.010065
31194.000000  0.015235
31297.000000  -0.045800
31388.000000  0.007361
31510.000000  0.003112
31569.000000  -0.004156
31639.000000  0.030962
31673.000000  -0.003017
31786.000000  0.020858
31940.000000  0.015561
32067.000000  -0.001212
32177.000000  -0.022204
32244.000000  -0.008625
32337.000000  -0.019873
32475.000000  0.029851
32610.000000  0.034288
32697.000000  -0.015864
32762.000000  -0.061918
32826.000000  -0.006538
32903.000000  0.023417
33041.000000  0.049674
33250.000000  0.000865
33397.000000  -0.025097
33468.000000  -0.025023
33547.000000  0.000792
33665.000000  -0.005423
33733.000000  -0.005318
33811.000000  0.005009
33935.000000  0.021650
34061.000000  0.010982
34134.000000  -0.016998
34211.000000  -0.012693
34290.000000  -0.011179
34429.000000  0.009272
34610.000000  0.033334
34752.000000  0.012565
34848.000000  -0.017217
34880.000000  -0.063540
34934.000000  0.018752
35040.000000  0.016214
35158.000000  0.019781
35273.000000  0.019133
35366.000000  0.005027
35466.000000  -0.002400
35532.000000  0.011489
35571.000000  0.025967
35589.000000  -0.037706
35675.000000  0.024887
35793.000000  0.040398
35884.000000  -0.009939
35978.000000  -0.044033
36064.000000  0.008644
36128.000000  0.006970
36256.000000  -0.021475
36381.000000  0.051746
36525.000000  0.009482
36660.000000  0.041266
36809.000000  -0.030751
36943.000000  -0.052795
37047.000000  -0.029320
37162.000000  0.009362
37284.000000  0.039113
37403.000000  0.037940
37521.000000  -0.018543
37650.000000  0.001546
37776.000000  0.069874
37901.000000  0.011404
38026.000000  -0.028465
38151.000000  0.043588
38234.000000  0.085261
38281.000000  -0.126414
38410.000000  0.024340
38505.000000  0.017844
38569.000000  -0.139509
38654.000000  0.093598
38754.000000  0.062284
38809.000000  0.000071
38866.000000  -0.010376
38933.000000  0.032249
39020.000000  0.010896
39062.000000  -0.073593
39104.000000  0.071310
39151.000000  -0.264825
39161.000000  0.002841
39314.000000  0.011729
39391.000000  0.012782
39477.000000  0.014737
39573.000000  0.002422
39692.000000  0.024150
39829.000000  -0.005661
39908.000000  -0.033093
40022.000000  -0.009390
40133.000000  0.043871
40323.000000  0.051239
40460.000000  -0.023904
40578.000000  -0.073206
40669.000000  -0.006363
40725.000000  -0.027389
40745.000000  -0.000933
40774.000000  0.006670
40796.000000  -0.008086
40821.000000  -0.021796
40826.000000  -0.001933
40826.000000  -0.005487
