269.000000  2.144326
333.000000  0.253238
364.000000  0.228876
395.000000  0.083788
459.000000  0.172980
510.000000  0.126091
564.000000  0.105525
625.000000  0.071191
689.000000  0.090884
734.000000  0.072409
803.000000  0.071275
805.000000  0.028404
805.000000  0.031905
872.000000  0.141035
932.000000  0.087560
941.000000  0.051161
978.000000  0.092260
1010.000000  0.077048
1045.000000  0.085196
1095.000000  0.172195
1137.000000  0.156919
1189.000000  0.379628
1223.000000  0.263101
1265.000000  0.287569
1292.000000  0.342042
1318.000000  0.203525
1334.000000  0.362421
1362.000000  0.139049
1402.000000  0.205413
1480.000000  0.250179
1534.000000  0.249030
1560.000000  0.321417
1596.000000  0.269297
1651.000000  0.282439
1705.000000  0.250984
1707.000000  0.304666
1752.000000  0.273350
1776.000000  0.231367
1793.000000  0.251924
1815.000000  0.331735
1842.000000  0.395023
1864.000000  0.371827
1888.000000  0.352356
1906.000000  0.364615
1933.000000  0.385167
1964.000000  0.389381
1989.000000  0.255333
2015.000000  0.400995
2050.000000  0.374481
2084.000000  0.381229
2130.000000  0.427642
2167.000000  0.211146
2225.000000  0.427989
2275.000000  0.466218
2335.000000  0.323932
2393.000000  0.399685
2437.000000  0.442073
2461.000000  0.468329
2489.000000  0.394832
2511.000000  0.399281
2543.000000  0.383011
2569.000000  0.477050
2592.000000  0.265730
2636.000000  0.256818
2687.000000  0.371491
2719.000000  0.481420
2775.000000  0.462912
2844.000000  0.440163
2885.000000  0.067461
2924.000000  0.208021
2946.000000  0.340095
3000.000000  0.188286
3050.000000  0.286643
3104.000000  0.223864
3143.000000  0.247624
3178.000000  0.312832
3220.000000  0.355204
3276.000000  0.351495
3304.000000  0.206519
3344.000000  0.234990
3401.000000  0.164571
3442.000000  0.205489
3512.000000  0.166417
3572.000000  0.206776
3628.000000  0.192512
3675.000000  0.234119
3709.000000  0.155239
3752.000000  0.196847
3783.000000  0.159749
3825.000000  0.118450
3872.000000  0.187183
3921.000000  0.099066
3956.000000  0.156625
3993.000000  0.074860
4026.000000  0.073786
4049.000000  0.074948
4089.000000  0.085387
4127.000000  0.080321
4127.000000  0.091078
4151.000000  0.075884
4170.000000  0.078243
4190.000000  0.080100
4212.000000  0.087763
4233.000000  0.087827
4265.000000  0.083124
4312.000000  0.089977
4352.000000  0.088132
4383.000000  0.081299
4413.000000  0.238990
4430.000000  0.083701
4447.000000  0.088575
4475.000000  0.135411
4519.000000  0.238771
4562.000000  0.197443
4601.000000  0.301565
4644.000000  0.192579
4680.000000  0.124198
4716.000000  0.240741
4774.000000  0.290882
4824.000000  0.122306
4860.000000  0.122471
4920.000000  0.232336
4954.000000  0.145125
5007.000000  0.210820
5067.000000  0.125123
5116.000000  0.135136
5198.000000  0.182066
5267.000000  0.147694
5312.000000  0.144791
5347.000000  0.139892
5375.000000  0.129406
5415.000000  0.169743
5467.000000  0.129184
5490.000000  0.101057
5530.000000  0.106203
5556.000000  0.088785
5592.000000  0.081741
5641.000000  0.138688
5696.000000  0.141514
5753.000000  0.097089
5804.000000  0.130171
5875.000000  0.219120
5895.000000  0.197107
5915.000000  0.164081
5961.000000  0.314102
5993.000000  0.263522
6034.000000  0.269503
6060.000000  0.299441
6088.000000  0.295836
6102.000000  0.149438
6129.000000  0.223928
6156.000000  0.224827
6184.000000  0.209739
6217.000000  0.224366
6242.000000  0.194571
6285.000000  0.192116
6321.000000  0.232198
6352.000000  0.203479
6371.000000  0.149886
6398.000000  0.183659
6450.000000  0.224625
6491.000000  0.211421
6518.000000  0.218344
6544.000000  0.148195
6562.000000  0.161144
6576.000000  0.155966
6613.000000  0.190584
6651.000000  0.185606
6679.000000  0.132107
6722.000000  0.148964
6745.000000  0.135010
6777.000000  0.129726
6809.000000  0.137992
6851.000000  0.155851
6919.000000  0.173557
6953.000000  0.161532
6978.000000  0.158655
7002.000000  0.143878
7042.000000  0.144518
7069.000000  0.169264
7099.000000  0.118140
7141.000000  0.149812
7153.000000  0.112286
7170.000000  0.103464
7183.000000  0.090374
7237.000000  0.211334
7318.000000  0.215954
7371.000000  0.166647
7406.000000  0.170883
7453.000000  0.184573
7477.000000  0.096473
7498.000000  0.126946
7521.000000  0.115374
7566.000000  0.123273
7604.000000  0.137174
7635.000000  0.111140
7650.000000  0.103039
7662.000000  0.097073
7675.000000  0.081549
7692.000000  0.098547
7703.000000  0.101271
7735.000000  0.111866
7754.000000  0.133467
7782.000000  0.120317
7820.000000  0.120630
7857.000000  0.135051
7885.000000  0.188429
7912.000000  0.171762
7927.000000  0.128600
7977.000000  0.131587
7996.000000  0.140104
8013.000000  0.140745
8029.000000  0.117865
8045.000000  0.132222
8063.000000  0.135672
8085.000000  0.133324
8101.000000  0.154770
8118.000000  0.095521
8138.000000  0.142256
8149.000000  0.080780
8170.000000  0.086025
8186.000000  0.094544
8203.000000  0.089129
8225.000000  0.186044
8244.000000  0.209450
8269.000000  0.128880
8287.000000  0.178605
8310.000000  0.168569
8339.000000  0.182363
8367.000000  0.217421
8409.000000  0.213542
8436.000000  0.200402
8462.000000  0.154710
8512.000000  0.184299
8553.000000  0.258681
8562.000000  0.161189
8612.000000  0.212438
8644.000000  0.159013
8690.000000  0.125226
8729.000000  0.236566
8758.000000  0.122757
8800.000000  0.129777
8849.000000  0.220077
8917.000000  0.198024
8947.000000  0.158918
8984.000000  0.178477
9028.000000  0.153691
9058.000000  0.148437
9110.000000  0.208913
9141.000000  0.149657
9191.000000  0.157101
9244.000000  0.200611
9292.000000  0.151691
9340.000000  0.175943
9371.000000  0.181776
9397.000000  0.130649
9418.000000  0.119505
9466.000000  0.122824
9525.000000  0.163641
9546.000000  0.134085
9613.000000  0.176261
9664.000000  0.155127
9703.000000  0.170973
9750.000000  0.165976
9804.000000  0.149006
9850.000000  0.152026
9868.000000  0.129755
9883.000000  0.114625
9900.000000  0.117679
9918.000000  0.097216
9920.000000  0.101849
9954.000000  0.137124
9974.000000  0.112313
9995.000000  0.120968
10044.000000  0.139733
10074.000000  0.149529
10118.000000  0.144807
10140.000000  0.113060
10160.000000  0.093529
10176.000000  0.093356
10226.000000  0.122897
10245.000000  0.117545
10284.000000  0.122574
10325.000000  0.132758
10325.000000  0.100012
10352.000000  0.130059
10374.000000  0.116317
10378.000000  0.100358
10384.000000  0.104608
