269.000000  0.003041
324.000000  0.000153
351.000000  0.000319
379.000000  -0.000402
420.000000  0.000124
472.000000  0.001258
514.000000  -0.000936
556.000000  -0.000168
612.000000  0.000600
653.000000  -0.000182
693.000000  -0.000201
702.000000  0.000696
750.000000  -0.000165
784.000000  0.000416
833.000000  -0.000853
892.000000  0.000557
946.000000  0.000240
1013.000000  -0.000255
1078.000000  0.000233
1079.000000  0.000438
1136.000000  -0.000531
1171.000000  0.000014
1180.000000  0.000022
1203.000000  0.000512
1220.000000  0.000369
1259.000000  -0.000141
1310.000000  0.000535
1338.000000  0.000337
1376.000000  0.001005
1413.000000  -0.001476
1445.000000  0.000358
1486.000000  -0.000571
1546.000000  -0.000411
1578.000000  0.000168
1616.000000  0.001120
1665.000000  -0.001438
1711.000000  0.000779
1762.000000  0.000644
1821.000000  -0.001383
1867.000000  0.000259
1932.000000  0.000214
1936.000000  0.002612
1976.000000  -0.003113
2000.000000  0.002543
2057.000000  -0.002122
2091.000000  0.000553
2142.000000  -0.000189
2174.000000  -0.000556
2195.000000  0.004710
2228.000000  -0.005573
2253.000000  0.000712
2285.000000  0.004869
2322.000000  -0.005379
2349.000000  0.000766
2378.000000  0.000454
2407.000000  0.000143
2456.000000  -0.000307
2464.000000  0.000595
2509.000000  -0.001053
2549.000000  0.008473
2614.000000  -0.002207
2643.000000  -0.003320
2667.000000  0.002847
2704.000000  -0.000114
2738.000000  0.001207
2764.000000  0.002017
2787.000000  -0.003726
2813.000000  0.001233
2847.000000  -0.004765
2856.000000  -0.000209
2875.000000  0.002548
2892.000000  -0.000502
2902.000000  0.001016
2909.000000  -0.002699
2918.000000  0.011570
2929.000000  0.000523
2940.000000  -0.007983
2958.000000  -0.000999
2975.000000  0.002065
3000.000000  0.028114
3036.000000  -0.007013
3076.000000  0.001942
3078.000000  -0.005661
3093.000000  0.000891
3124.000000  0.009104
3159.000000  -0.011510
3184.000000  0.007269
3216.000000  -0.000922
3252.000000  -0.003534
3280.000000  -0.008083
3321.000000  0.006052
3374.000000  0.002981
3428.000000  -0.006117
3466.000000  0.004977
3490.000000  -0.006021
3510.000000  -0.009529
3533.000000  0.002993
3571.000000  0.014435
3586.000000  0.003695
3609.000000  -0.018633
3638.000000  -0.010072
3656.000000  -0.000375
3698.000000  0.004813
3728.000000  0.025596
3769.000000  -0.014274
3809.000000  -0.001671
3835.000000  0.000728
3879.000000  0.007699
3915.000000  -0.002497
3950.000000  0.010546
4006.000000  -0.001019
4063.000000  -0.001223
4101.000000  0.011673
4141.000000  0.003564
4166.000000  0.008632
4196.000000  -0.004684
4234.000000  0.017430
4292.000000  -0.028612
4358.000000  -0.027520
4406.000000  0.002423
4447.000000  0.014013
4490.000000  -0.004673
4494.000000  -0.002431
4532.000000  0.004378
4570.000000  0.007354
4615.000000  -0.014808
4654.000000  -0.000466
4707.000000  -0.002959
4753.000000  0.005261
4800.000000  0.015183
4845.000000  -0.019678
4883.000000  0.016207
4922.000000  -0.014845
4941.000000  0.010882
4976.000000  -0.006186
4994.000000  0.003434
5038.000000  -0.000237
5068.000000  -0.003296
5100.000000  0.020569
5139.000000  -0.012063
5148.000000  0.010656
5175.000000  -0.035897
5204.000000  0.010083
5229.000000  -0.001682
5250.000000  -0.007396
5286.000000  -0.002748
5315.000000  -0.001040
5346.000000  0.002341
5379.000000  -0.001656
5429.000000  0.000261
5444.000000  0.001517
5506.000000  0.002250
5537.000000  0.007362
5580.000000  -0.009130
5590.000000  -0.000986
5630.000000  -0.000137
5667.000000  -0.001112
5707.000000  0.000301
5737.000000  0.000168
5781.000000  0.000837
5835.000000  -0.000103
5864.000000  -0.001443
5916.000000  0.003549
5962.000000  -0.002025
6019.000000  0.005056
6041.000000  0.000038
6081.000000  0.001444
6129.000000  -0.000714
6161.000000  0.008206
6200.000000  -0.010101
6246.000000  -0.004652
6280.000000  0.000776
6325.000000  -0.000009
6336.000000  -0.001142
6364.000000  0.000724
6398.000000  -0.000662
6413.000000  -0.001171
6450.000000  0.000433
6481.000000  0.000327
6515.000000  -0.000753
6546.000000  0.000394
6599.000000  -0.001136
6627.000000  -0.000063
6660.000000  0.001122
6719.000000  -0.000907
6756.000000  0.000234
6781.000000  -0.000029
6805.000000  0.000117
6837.000000  0.000088
6861.000000  0.000383
6881.000000  -0.001156
6898.000000  0.000547
6933.000000  -0.000489
6958.000000  0.000324
6986.000000  -0.000675
6993.000000  0.001800
7045.000000  -0.001094
7082.000000  -0.001023
7117.000000  0.001901
7156.000000  -0.001332
7197.000000  0.001884
7222.000000  -0.001454
7246.000000  -0.000684
7286.000000  -0.000054
7316.000000  0.000732
7339.000000  -0.001105
7359.000000  0.000357
7397.000000  0.000271
7438.000000  0.000836
7481.000000  -0.000957
7510.000000  0.004003
7531.000000  -0.003838
7553.000000  0.000483
7577.000000  -0.000244
7600.000000  0.000961
7631.000000  0.000475
7658.000000  -0.001076
7684.000000  0.000884
7711.000000  -0.001861
7735.000000  0.000715
7761.000000  0.000537
7781.000000  -0.001469
7804.000000  0.000715
7823.000000  -0.000010
7852.000000  0.000784
7881.000000  -0.001076
7926.000000  0.000745
7931.000000  0.000744
7971.000000  -0.001683
8019.000000  0.001302
8028.000000  -0.000039
8059.000000  -0.000737
8065.000000  0.001163
8102.000000  -0.001208
8131.000000  0.000232
8162.000000  -0.000761
8201.000000  0.001022
8229.000000  0.002485
8252.000000  -0.002681
8289.000000  0.000553
8327.000000  -0.000802
8352.000000  0.003974
8375.000000  -0.002498
8426.000000  0.001301
8450.000000  -0.001934
8474.000000  0.002636
8514.000000  -0.001850
8540.000000  -0.001881
8553.000000  -0.000314
8592.000000  0.000272
8608.000000  0.000032
8625.000000  0.001578
8674.000000  -0.000815
8717.000000  -0.000619
8757.000000  -0.000290
8805.000000  0.001122
8852.000000  -0.001369
8897.000000  -0.000087
8918.000000  0.000628
8934.000000  -0.000246
8952.000000  -0.000083
8969.000000  -0.000151
9011.000000  -0.000013
9020.000000  0.000516
9053.000000  -0.000182
9087.000000  -0.000509
9108.000000  0.000141
9131.000000  -0.000121
9136.000000  -0.000505
9155.000000  0.004386
9180.000000  -0.003912
9203.000000  -0.000236
9231.000000  -0.000231
9245.000000  0.001233
9276.000000  -0.001020
9288.000000  -0.000281
9302.000000  0.000325
9319.000000  -0.000770
9342.000000  0.000645
9359.000000  -0.000658
9386.000000  0.000179
9418.000000  0.000455
9462.000000  0.000375
9489.000000  -0.000131
9530.000000  -0.000536
9557.000000  0.000009
9575.000000  -0.000120
9599.000000  0.000019
9611.000000  0.001542
9621.000000  -0.001485
9625.000000  -0.000269
9647.000000  0.000797
9674.000000  -0.000302
9693.000000  0.000005
9719.000000  -0.000357
9737.000000  0.000321
9772.000000  -0.000122
9792.000000  0.000720
9804.000000  -0.001075
9825.000000  0.000106
9834.000000  -0.000275
9857.000000  0.000049
9865.000000  0.000011
9879.000000  0.000167
9887.000000  0.000587
9893.000000  -0.000844
9915.000000  0.000112
9943.000000  0.000508
9962.000000  -0.000200
9986.000000  0.000137
10009.000000  -0.000355
10017.000000  0.000122
10064.000000  -0.000345
10085.000000  0.000094
10102.000000  -0.000032
10119.000000  0.000166
10145.000000  0.000775
10170.000000  -0.000384
10220.000000  -0.000184
10234.000000  -0.000531
10234.000000  0.001111
10235.000000  -0.001021
10250.000000  -0.000216
10253.000000  0.000551
10254.000000  -0.000476
10281.000000  0.000399
10302.000000  -0.000412
10317.000000  0.000483
10335.000000  -0.000386
10356.000000  0.000268
10372.000000  -0.000430
10377.000000  -0.000123
