269.000000  4.590713
324.000000  7.743350
351.000000  12.925756
379.000000  12.637165
420.000000  10.515156
472.000000  8.422429
514.000000  7.417990
556.000000  7.229235
612.000000  6.510120
653.000000  6.920790
693.000000  6.383108
702.000000  17.722837
750.000000  7.136772
784.000000  9.957220
833.000000  6.148949
892.000000  6.568877
946.000000  6.119463
1013.000000  5.562726
1078.000000  6.269013
1079.000000  24.250849
1136.000000  7.711923
1171.000000  9.876321
1180.000000  10.344167
1203.000000  9.764152
1220.000000  13.171323
1259.000000  6.730547
1310.000000  7.661905
1338.000000  11.556547
1376.000000  11.177654
1413.000000  8.015699
1445.000000  6.499538
1486.000000  6.481267
1546.000000  5.648387
1578.000000  6.933743
1616.000000  10.299487
1665.000000  7.420722
1711.000000  8.008836
1762.000000  8.116250
1821.000000  5.987394
1867.000000  5.861210
1932.000000  6.543728
1936.000000  18.185476
1976.000000  8.593561
2000.000000  12.557931
2057.000000  5.623209
2091.000000  8.422700
2142.000000  6.436577
2174.000000  5.638613
2195.000000  9.416593
2228.000000  3.815712
2253.000000  11.235988
2285.000000  17.883192
2322.000000  9.475277
2349.000000  9.766560
2378.000000  5.254900
2407.000000  6.441467
2456.000000  5.667812
2464.000000  9.307100
2509.000000  4.604704
2549.000000  13.618157
2614.000000  11.847966
2643.000000  10.629339
2667.000000  10.536850
2704.000000  12.626619
2738.000000  14.680584
2764.000000  20.438198
2787.000000  18.423635
2813.000000  15.743141
2847.000000  9.876951
2856.000000  14.366343
2875.000000  15.665835
2892.000000  18.602493
2902.000000  22.752506
2909.000000  16.751934
2918.000000  28.584614
2929.000000  30.922440
2940.000000  22.464298
2958.000000  20.418991
2975.000000  25.523996
3000.000000  45.532589
3036.000000  35.315674
3076.000000  35.842648
3078.000000  42.922626
3093.000000  36.163094
3124.000000  40.318867
3159.000000  29.958046
3184.000000  41.441872
3216.000000  39.139862
3252.000000  40.170475
3280.000000  34.329155
3321.000000  34.905331
3374.000000  37.613205
3428.000000  28.691158
3466.000000  31.616884
3490.000000  27.843132
3510.000000  19.106037
3533.000000  23.425917
3571.000000  32.999622
3586.000000  39.510025
3609.000000  21.998966
3638.000000  10.513054
3656.000000  11.586589
3698.000000  12.976177
3728.000000  32.177933
3769.000000  23.449518
3809.000000  21.035212
3835.000000  25.817940
3879.000000  25.473427
3915.000000  27.017134
3950.000000  30.615925
4006.000000  27.359686
4063.000000  25.133089
4101.000000  37.644882
4141.000000  36.507294
4166.000000  43.757042
4196.000000  43.285198
4234.000000  40.662384
4292.000000  22.305138
4358.000000  13.399325
4406.000000  13.893083
4447.000000  24.787241
4490.000000  19.726254
4494.000000  29.078770
4532.000000  23.946798
4570.000000  30.302677
4615.000000  20.338926
4654.000000  22.392775
4707.000000  16.368435
4753.000000  22.256594
4800.000000  29.478947
4845.000000  17.494671
4883.000000  25.666019
4922.000000  16.680397
4941.000000  24.874063
4976.000000  20.237864
4994.000000  20.819981
5038.000000  20.792875
5068.000000  20.746172
5100.000000  36.463013
5139.000000  29.505899
5148.000000  44.150383
5175.000000  8.292892
5204.000000  12.698439
5229.000000  16.225780
5250.000000  8.347492
5286.000000  5.616455
5315.000000  6.128036
5346.000000  5.531555
5379.000000  4.950973
5429.000000  6.597943
5444.000000  11.400341
5506.000000  6.653779
5537.000000  12.134043
5580.000000  6.539019
5590.000000  8.191688
5630.000000  5.375468
5667.000000  5.382942
5707.000000  5.538606
5737.000000  5.620899
5781.000000  6.568831
5835.000000  5.721249
5864.000000  5.071435
5916.000000  5.880167
5962.000000  6.722388
6019.000000  10.065213
6041.000000  13.770769
6081.000000  10.221201
6129.000000  8.298965
6161.000000  14.846459
6200.000000  6.508140
6246.000000  3.919374
6280.000000  4.645509
6325.000000  4.718256
6336.000000  8.133168
6364.000000  5.133421
6398.000000  3.557949
6413.000000  3.690603
6450.000000  3.021976
6481.000000  2.814730
6515.000000  3.723024
6546.000000  3.589647
6599.000000  3.494238
6627.000000  3.404166
6660.000000  3.289708
6719.000000  2.480223
6756.000000  3.401433
6781.000000  3.769014
6805.000000  3.370615
6837.000000  2.530787
6861.000000  2.645505
6881.000000  4.495963
6898.000000  5.299863
6933.000000  4.249612
6958.000000  5.098212
6986.000000  2.852297
6993.000000  7.489267
7045.000000  2.305794
7082.000000  2.687108
7117.000000  6.097519
7156.000000  5.072578
7197.000000  5.688933
7222.000000  4.960083
7246.000000  4.673460
7286.000000  3.866521
7316.000000  4.634482
7339.000000  3.194530
7359.000000  4.420600
7397.000000  4.518217
7438.000000  2.771286
7481.000000  1.670363
7510.000000  6.974919
7531.000000  5.305536
7553.000000  4.777071
7577.000000  3.907215
7600.000000  5.342507
7631.000000  2.503968
7658.000000  2.297897
7684.000000  2.956783
7711.000000  2.115091
7735.000000  3.127179
7761.000000  2.541661
7781.000000  2.238920
7804.000000  5.383966
7823.000000  4.900770
7852.000000  4.411312
7881.000000  4.899559
7926.000000  4.715703
7931.000000  7.348175
7971.000000  4.826167
8019.000000  4.773727
8028.000000  6.647772
8059.000000  5.182946
8065.000000  6.680782
8102.000000  4.816475
8131.000000  4.563048
8162.000000  4.210155
8201.000000  4.909485
8229.000000  7.307137
8252.000000  3.775860
8289.000000  2.573931
8327.000000  2.485728
8352.000000  5.209885
8375.000000  5.253701
8426.000000  5.799011
8450.000000  4.442627
8474.000000  7.831088
8514.000000  5.372130
8540.000000  3.199961
8553.000000  4.805636
8592.000000  5.245452
8608.000000  5.583580
8625.000000  6.647245
8674.000000  4.056045
8717.000000  3.067849
8757.000000  3.646523
8805.000000  3.692713
8852.000000  2.436224
8897.000000  2.781824
8918.000000  3.137364
8934.000000  3.324201
8952.000000  0.893694
8969.000000  3.885948
9011.000000  2.624074
9020.000000  3.745920
9053.000000  2.878556
9087.000000  2.531618
9108.000000  3.134029
9131.000000  4.454911
9136.000000  4.326187
9155.000000  6.606950
9180.000000  3.335633
9203.000000  2.900356
9231.000000  2.363664
9245.000000  3.948376
9276.000000  4.143464
9288.000000  3.888901
9302.000000  4.103232
9319.000000  1.856215
9342.000000  4.173087
9359.000000  3.704111
9386.000000  3.689478
9418.000000  3.498464
9462.000000  3.483524
9489.000000  3.240989
9530.000000  3.394107
9557.000000  3.879028
9575.000000  3.614032
9599.000000  3.818586
9611.000000  5.342810
9621.000000  2.681953
9625.000000  3.752889
9647.000000  3.792309
9674.000000  3.771613
9693.000000  3.620946
9719.000000  2.787745
9737.000000  4.027378
9772.000000  3.058058
9792.000000  4.689057
9804.000000  3.552820
9825.000000  3.662266
9834.000000  2.850867
9857.000000  3.203062
9865.000000  3.401680
9879.000000  3.826031
9887.000000  4.456040
9893.000000  3.242664
9915.000000  3.343840
9943.000000  3.761644
9962.000000  3.505925
9986.000000  3.294159
10009.000000  3.145970
10017.000000  3.432959
10064.000000  3.074887
10085.000000  3.042841
10102.000000  2.878199
10119.000000  3.363685
10145.000000  3.558124
10170.000000  2.935182
10220.000000  2.302735
10234.000000  2.763392
10234.000000  4.727812
10235.000000  2.735659
10250.000000  2.653821
10253.000000  3.862986
10254.000000  2.912458
10281.000000  2.925671
10302.000000  2.655063
10317.000000  3.199754
10335.000000  2.701676
10356.000000  2.874310
10372.000000  2.807461
10377.000000  3.033395
