2285.000000  76.402252
2914.000000  83.962944
3475.000000  79.753906
4123.000000  82.854012
4658.000000  81.836472
5093.000000  81.167755
5763.000000  81.224373
6515.000000  80.401695
6889.000000  80.494820
7826.000000  82.252716
8851.000000  82.160278
9905.000000  82.335968
10847.000000  81.059883
11461.000000  73.490379
12155.000000  77.180412
12700.000000  68.809341
13004.000000  59.786327
13231.000000  54.804665
13486.000000  51.655449
13898.000000  63.952999
14715.000000  73.442200
15288.000000  71.670464
15856.000000  69.992584
16158.000000  54.779404
16305.000000  46.740891
16744.000000  59.870548
17092.000000  61.383907
17643.000000  65.168144
18305.000000  67.546860
18933.000000  64.503693
19445.000000  56.777035
19855.000000  64.505676
20303.000000  63.192768
20755.000000  58.827454
21271.000000  58.487175
21738.000000  64.169334
22155.000000  56.671680
22642.000000  62.354225
23268.000000  70.447441
23680.000000  68.374596
24111.000000  63.655663
24755.000000  65.799461
25296.000000  68.707069
25803.000000  69.347748
26261.000000  69.583878
26703.000000  72.524063
27115.000000  69.869827
27596.000000  69.058418
28233.000000  60.764301
28702.000000  65.378059
29311.000000  66.099068
30017.000000  59.062881
30713.000000  65.741501
31469.000000  66.290810
32092.000000  68.388451
32693.000000  70.581032
33247.000000  70.810455
33901.000000  59.143211
34267.000000  70.924652
34637.000000  53.883022
35040.000000  55.433697
35480.000000  58.133064
35953.000000  60.650558
36407.000000  61.239033
36704.000000  57.077374
36963.000000  44.331596
37297.000000  38.921124
37758.000000  61.861725
38204.000000  62.676598
38520.000000  61.762512
38776.000000  62.199913
39041.000000  61.864723
39344.000000  64.319275
39726.000000  66.350029
40203.000000  64.365402
40699.000000  67.265961
41029.000000  63.571495
41339.000000  65.843132
41980.000000  67.485046
42452.000000  65.891090
43069.000000  49.851971
43936.000000  57.277863
44611.000000  52.398430
45448.000000  57.069363
46182.000000  54.228020
46774.000000  50.120365
47269.000000  43.191303
47689.000000  42.604591
48158.000000  46.290173
48926.000000  48.800087
49298.000000  47.459999
49778.000000  40.819092
50233.000000  49.296673
50748.000000  55.823296
51295.000000  58.644531
51756.000000  51.246338
52023.000000  47.435127
52332.000000  31.996664
52732.000000  44.373615
53172.000000  33.014183
53494.000000  43.219154
53968.000000  42.472866
54475.000000  43.966766
55099.000000  57.521851
55561.000000  56.571430
56028.000000  52.720875
56261.000000  59.427460
56593.000000  66.050148
56790.000000  73.809067
57013.000000  56.036430
57266.000000  60.453163
57631.000000  64.227509
57855.000000  63.543659
58293.000000  64.032784
58590.000000  62.707668
58926.000000  56.785309
59327.000000  62.195087
59606.000000  26.742214
59799.000000  17.668358
59925.000000  12.657497
60073.000000  48.895214
60118.000000  42.973347
60173.000000  35.710777
60196.000000  29.584057
60455.000000  18.873362
60670.000000  22.584538
61228.000000  28.676950
61715.000000  30.458122
62188.000000  54.039852
62617.000000  62.549698
62899.000000  73.519722
63330.000000  34.458084
63754.000000  31.831253
63825.000000  18.303627
64002.000000  56.004852
64417.000000  56.375496
64749.000000  60.975056
65353.000000  68.910477
65939.000000  41.970135
66690.000000  46.712788
67364.000000  48.498024
68002.000000  48.146488
68680.000000  38.682755
69128.000000  36.234890
69633.000000  40.183857
70059.000000  38.476299
70486.000000  29.081360
71011.000000  34.985119
71306.000000  24.232359
71523.000000  46.403481
71715.000000  31.246767
71890.000000  37.938839
72081.000000  43.807800
72384.000000  49.912941
72600.000000  50.555027
72788.000000  45.673939
72853.000000  37.714424
72883.000000  21.430628
72901.000000  2.256812
73133.000000  7.667490
73317.000000  22.329477
73639.000000  28.724245
74007.000000  37.589882
74387.000000  34.107754
74604.000000  28.018167
74749.000000  21.726519
75135.000000  26.510536
75774.000000  28.917250
76284.000000  31.781563
76866.000000  30.568010
77345.000000  31.851780
77629.000000  22.498188
77857.000000  20.687126
78087.000000  26.840576
78412.000000  27.729168
78717.000000  25.823799
79033.000000  25.278086
79299.000000  25.077948
79559.000000  32.067429
79726.000000  26.154446
79815.000000  26.566393
79899.000000  24.275307
80026.000000  19.303343
80565.000000  30.706814
81053.000000  20.170435
81426.000000  18.434776
81722.000000  16.368376
81959.000000  17.232580
82111.000000  15.063938
82199.000000  11.779140
82232.000000  8.176755
82346.000000  18.107964
82589.000000  9.823175
82706.000000  5.924207
82817.000000  4.547602
82985.000000  6.108496
83251.000000  11.663190
83643.000000  15.548910
83969.000000  13.737647
84216.000000  13.124893
84556.000000  15.107099
84831.000000  13.439562
84954.000000  12.346347
85039.000000  27.656504
85073.000000  26.201439
85126.000000  30.297630
85212.000000  34.416401
85323.000000  40.488453
85398.000000  43.415569
85612.000000  35.864162
85694.000000  24.852602
85854.000000  21.895485
86277.000000  14.752083
86480.000000  14.764379
86515.000000  5.690700
86665.000000  8.604476
86890.000000  10.199982
87050.000000  21.871590
87198.000000  8.445108
87272.000000  9.849305
87305.000000  8.503859
87610.000000  6.899073
87808.000000  9.335588
88076.000000  22.006115
88314.000000  13.167294
88647.000000  15.747415
88908.000000  21.968496
89028.000000  13.042070
89211.000000  18.510073
89263.000000  12.102892
89330.000000  7.461997
89523.000000  7.079224
89710.000000  8.369257
89950.000000  12.666618
90225.000000  13.467373
90348.000000  12.339852
90538.000000  6.938581
90827.000000  14.674626
91107.000000  16.118677
91316.000000  13.743204
91390.000000  10.510137
91467.000000  11.278167
91485.000000  2.184026
91491.000000  0.339733
