576.000000  0.214320
756.000000  0.172235
973.000000  0.183539
1209.000000  0.215444
1457.000000  0.239118
1663.000000  0.230253
1924.000000  0.236324
2169.000000  0.278497
2331.000000  0.214860
2459.000000  0.207324
2590.000000  0.209238
2729.000000  0.235371
2933.000000  0.310462
3116.000000  0.254743
3264.000000  0.215729
3364.000000  0.219594
3508.000000  0.226987
3602.000000  0.190778
3611.000000  0.117558
3730.000000  0.179306
3847.000000  0.177872
3918.000000  0.183009
4030.000000  0.218380
4191.000000  0.230083
4341.000000  0.238733
4466.000000  0.220588
4616.000000  0.247173
4746.000000  0.221334
4850.000000  0.210583
4950.000000  0.221140
5052.000000  0.217622
5130.000000  0.229075
5204.000000  0.225889
5286.000000  0.193140
5450.000000  0.210756
5660.000000  0.225780
5788.000000  0.223363
5948.000000  0.249567
6090.000000  0.258975
6267.000000  0.290723
6423.000000  0.288881
6695.000000  0.338307
6874.000000  0.304770
7029.000000  0.351553
7159.000000  0.302123
7305.000000  0.314417
7381.000000  0.263884
7416.000000  0.207127
7445.000000  0.250998
7512.000000  0.249694
7612.000000  0.251628
7696.000000  0.244068
7781.000000  0.257169
7886.000000  0.257090
7972.000000  0.234486
8061.000000  0.261226
8242.000000  0.330966
8376.000000  0.293594
8546.000000  0.326412
8729.000000  0.383676
8947.000000  0.413679
9060.000000  0.343204
9198.000000  0.337138
9380.000000  0.376486
9572.000000  0.383746
9675.000000  0.279126
9749.000000  0.241253
9799.000000  0.217764
9864.000000  0.227381
9897.000000  0.207800
9973.000000  0.361181
10093.000000  0.257044
10188.000000  0.272136
10281.000000  0.264071
10379.000000  0.274671
10454.000000  0.282054
10689.000000  0.350339
10886.000000  0.374186
11066.000000  0.377140
11292.000000  0.375379
11530.000000  0.386320
11699.000000  0.366889
11927.000000  0.403948
12113.000000  0.427689
12284.000000  0.370674
12424.000000  0.394515
12571.000000  0.395647
12755.000000  0.395636
13010.000000  0.452607
13281.000000  0.449993
13489.000000  0.441421
13651.000000  0.435054
13848.000000  0.447619
14097.000000  0.510089
14340.000000  0.501966
14545.000000  0.482481
14790.000000  0.463860
15009.000000  0.480918
15243.000000  0.477208
15399.000000  0.462455
15597.000000  0.450272
15770.000000  0.493223
15842.000000  0.443621
16039.000000  0.534323
16203.000000  0.532839
16387.000000  0.549955
16511.000000  0.536124
16596.000000  0.536772
16691.000000  0.605308
16755.000000  0.615887
16834.000000  0.396255
16946.000000  0.510695
17078.000000  0.482411
17230.000000  0.505029
17368.000000  0.508094
17537.000000  0.497133
17756.000000  0.490448
17973.000000  0.517893
18207.000000  0.494626
18383.000000  0.501469
18573.000000  0.522444
18765.000000  0.539893
18937.000000  0.618705
19141.000000  0.539884
19202.000000  0.433135
19360.000000  0.470110
19523.000000  0.515244
19698.000000  0.538488
19863.000000  0.504875
19988.000000  0.462334
20112.000000  0.496408
20334.000000  0.590031
20426.000000  0.568372
20525.000000  0.513137
20632.000000  0.462977
20806.000000  0.510386
20971.000000  0.478600
21034.000000  0.429894
21132.000000  0.467436
21284.000000  0.464422
21430.000000  0.481398
21528.000000  0.480903
21710.000000  0.515784
21893.000000  0.546477
22114.000000  0.558397
22298.000000  0.525843
22536.000000  0.564358
22714.000000  0.519995
22793.000000  0.483450
22871.000000  0.475590
22946.000000  0.485119
23008.000000  0.453235
23093.000000  0.496630
23178.000000  0.474124
23258.000000  0.497733
23353.000000  0.464078
23474.000000  0.517204
23505.000000  0.411720
23594.000000  0.448857
23697.000000  0.488358
23836.000000  0.547168
23984.000000  0.545755
24169.000000  0.555617
24285.000000  0.507219
24354.000000  0.428739
24399.000000  0.424106
24470.000000  0.466272
24595.000000  0.557004
24678.000000  0.524735
24815.000000  0.604564
24862.000000  0.535932
25056.000000  0.557703
25262.000000  0.546078
25426.000000  0.566363
25628.000000  0.586957
25807.000000  0.589266
25833.000000  0.512006
25960.000000  0.602027
26128.000000  0.596872
26304.000000  0.629904
26424.000000  0.572859
26464.000000  0.525045
26513.000000  0.536213
26616.000000  0.557090
26649.000000  0.495919
26768.000000  0.547249
26873.000000  0.618667
26961.000000  0.588527
27028.000000  0.582690
27157.000000  0.610717
27351.000000  0.643235
27617.000000  0.716713
27795.000000  0.683761
27886.000000  0.552171
27993.000000  0.586315
28142.000000  0.712415
28190.000000  0.658717
28281.000000  0.629031
28393.000000  0.649217
28471.000000  0.666359
28527.000000  0.615538
28544.000000  0.582028
28558.000000  0.747970
28663.000000  0.701498
28790.000000  0.791750
28903.000000  0.827297
29087.000000  0.793239
29170.000000  0.806670
29259.000000  0.439907
29334.000000  0.428202
29444.000000  0.466380
29543.000000  1.021416
29627.000000  1.084769
29707.000000  0.460573
29821.000000  0.491395
29915.000000  0.476919
30011.000000  0.485409
30076.000000  0.472104
30167.000000  0.465835
30252.000000  0.513704
30339.000000  0.486999
30443.000000  0.561879
30547.000000  0.807632
30691.000000  0.863675
30825.000000  0.846299
30924.000000  0.718329
31006.000000  0.732053
31087.000000  0.822964
31174.000000  0.479911
31281.000000  0.476173
31365.000000  0.476889
31480.000000  0.814002
31578.000000  0.917923
31693.000000  1.009575
31773.000000  0.494433
31860.000000  0.512466
31979.000000  0.494059
32088.000000  0.549908
32203.000000  0.547978
32392.000000  0.547692
32561.000000  0.560023
32749.000000  0.568938
32922.000000  0.563709
33163.000000  0.597712
33275.000000  0.580557
33360.000000  0.596114
33446.000000  0.486114
33550.000000  0.498135
33619.000000  0.480872
33751.000000  0.658566
33868.000000  0.656666
33910.000000  0.618359
34019.000000  0.725739
34072.000000  0.709692
34144.000000  0.499748
34155.000000  0.391670
34281.000000  0.420175
34341.000000  0.445443
34424.000000  0.423316
34523.000000  0.455457
34642.000000  0.476283
34784.000000  0.488481
34830.000000  0.472399
34831.000000  0.403259
34901.000000  0.437192
35023.000000  0.470534
35089.000000  0.427520
35251.000000  0.497762
35394.000000  0.516072
35560.000000  0.517746
35719.000000  0.549413
35905.000000  0.531421
35968.000000  0.484794
36033.000000  0.450268
36054.000000  0.472735
36074.000000  0.442635
36138.000000  0.431674
36237.000000  0.447900
36403.000000  0.506251
36530.000000  0.516828
36680.000000  0.515982
36790.000000  0.512882
36920.000000  0.537405
36968.000000  0.512306
36975.000000  0.390280
36993.000000  0.461630
37044.000000  0.449070
37126.000000  0.454870
37184.000000  0.409461
37237.000000  0.448403
37243.000000  0.416186
37288.000000  0.461210
37297.000000  0.406359
37331.000000  0.410598
37359.000000  0.401891
37398.000000  0.470794
37462.000000  0.417409
37549.000000  0.439159
37635.000000  0.449111
37728.000000  0.454729
37810.000000  0.435915
37859.000000  0.431859
37861.000000  0.398473
38020.000000  0.444370
38103.000000  0.445015
38188.000000  0.457483
38245.000000  0.465463
38245.000000  0.387423
38307.000000  0.429760
38379.000000  0.443484
38478.000000  0.458746
38562.000000  0.478491
38691.000000  0.466031
38752.000000  0.424249
38956.000000  0.500644
39024.000000  0.457136
39135.000000  0.510619
39204.000000  0.451780
39275.000000  0.427664
39287.000000  0.382054
39290.000000  0.402901
39337.000000  0.420919
39410.000000  0.421143
39519.000000  0.455429
39614.000000  0.474242
39699.000000  0.467658
39766.000000  0.466824
39818.000000  0.431872
39819.000000  0.406921
39878.000000  0.413227
39948.000000  0.449146
40028.000000  0.469343
40123.000000  0.477095
40208.000000  0.473029
40298.000000  0.484226
40382.000000  0.479442
40501.000000  0.537639
40663.000000  0.520281
40744.000000  0.503000
40797.000000  0.487287
40819.000000  0.448445
