995.000000  0.717460
1264.000000  0.012665
1476.000000  0.026783
1740.000000  0.059550
2027.000000  0.034555
2332.000000  0.016855
2615.000000  0.044845
2875.000000  0.045391
3208.000000  0.082617
3502.000000  -0.026484
3774.000000  0.037782
3999.000000  0.044060
4221.000000  0.060472
4516.000000  0.088018
4843.000000  0.030900
5110.000000  -0.041728
5314.000000  0.054801
5538.000000  0.049733
5770.000000  -0.001192
5864.000000  -0.037493
5901.000000  0.050879
6002.000000  0.076248
6125.000000  -0.052430
6326.000000  0.024395
6536.000000  0.051243
6769.000000  0.024155
6946.000000  -0.019855
7089.000000  0.036169
7306.000000  0.129881
7519.000000  -0.081407
7773.000000  0.062875
7981.000000  0.003387
8130.000000  0.060498
8298.000000  -0.062454
8442.000000  0.028568
8645.000000  0.010070
8823.000000  0.076152
9086.000000  0.050278
9340.000000  0.020805
9627.000000  0.076341
9787.000000  -0.034572
9960.000000  0.027223
10123.000000  0.055796
10297.000000  -0.036413
10570.000000  0.106872
10776.000000  0.001611
10964.000000  0.047239
11125.000000  -0.013041
11216.000000  0.021636
11304.000000  -0.023911
11369.000000  0.060588
11414.000000  -0.008801
11487.000000  0.038374
11582.000000  -0.111660
11659.000000  0.032328
11719.000000  0.058332
11808.000000  0.007905
11938.000000  0.143753
12007.000000  -0.095796
12206.000000  -0.026986
12461.000000  0.061913
12774.000000  0.006449
13167.000000  0.114200
13448.000000  0.025617
13799.000000  0.096937
14141.000000  0.006812
14391.000000  -0.005895
14652.000000  0.045929
14963.000000  0.078621
15101.000000  -0.033513
15265.000000  0.053333
15435.000000  -0.012212
15584.000000  0.031385
15718.000000  0.001242
15894.000000  0.099133
16063.000000  -0.073632
16359.000000  0.099736
16527.000000  0.013155
16640.000000  0.023604
16784.000000  0.025919
16964.000000  0.047353
17267.000000  0.008964
17519.000000  0.047023
17791.000000  0.011090
17995.000000  -0.029197
18264.000000  0.094145
18467.000000  -0.009886
18672.000000  0.143836
18810.000000  -0.013459
18948.000000  -0.027217
19178.000000  0.013789
19469.000000  0.099457
19670.000000  0.023106
19971.000000  -0.030261
20121.000000  -0.054426
20294.000000  0.032352
20554.000000  0.039668
20739.000000  0.047171
21039.000000  0.135438
21437.000000  0.050798
21720.000000  0.017268
22113.000000  -0.036283
22360.000000  0.028174
22782.000000  0.122998
23021.000000  0.003122
23297.000000  -0.038240
23501.000000  0.108644
23791.000000  -0.007199
23994.000000  0.086058
24243.000000  -0.072850
24364.000000  0.073320
24582.000000  0.040973
24763.000000  0.026174
25063.000000  -0.017028
25336.000000  0.132121
25599.000000  -0.068208
25828.000000  0.140019
26100.000000  0.003955
26441.000000  0.022220
26689.000000  -0.016653
27185.000000  0.166466
27425.000000  -0.039976
27656.000000  -0.008225
27848.000000  0.134971
28210.000000  0.004027
28606.000000  0.063047
29008.000000  0.054344
29478.000000  -0.021775
29943.000000  0.114309
30431.000000  -0.040328
30743.000000  0.038151
30957.000000  0.256452
31337.000000  -0.110091
31753.000000  0.000050
31952.000000  0.033625
32476.000000  0.076284
33022.000000  0.031399
33436.000000  0.109153
33566.000000  0.096667
33769.000000  -0.055090
33901.000000  0.032382
34222.000000  0.008253
34443.000000  0.010312
34611.000000  -0.062792
34831.000000  0.115091
35427.000000  -0.005252
35915.000000  0.047224
36233.000000  0.007981
36635.000000  0.127792
37045.000000  0.073489
37511.000000  0.031533
37775.000000  -0.010893
38223.000000  0.028316
38333.000000  0.066522
38486.000000  -0.028036
38609.000000  0.087851
38689.000000  0.023620
38764.000000  -0.100773
38901.000000  -0.008244
39130.000000  0.202025
39296.000000  -0.132873
39655.000000  0.104296
39736.000000  -0.041458
40160.000000  0.096701
40341.000000  0.004936
40522.000000  0.041348
40672.000000  0.075329
40752.000000  -0.098906
40765.000000  0.017845
40817.000000  0.049075
