995.000000  0.632905
1264.000000  0.654342
1476.000000  0.676709
1740.000000  0.731360
2027.000000  0.746489
2332.000000  0.769386
2615.000000  0.804727
2875.000000  0.847156
3208.000000  0.910332
3502.000000  0.890883
3774.000000  0.922543
3999.000000  0.969116
4221.000000  1.024787
4516.000000  1.082990
4843.000000  1.117268
5110.000000  1.081267
5314.000000  1.123607
5538.000000  1.149989
5770.000000  1.179262
5864.000000  1.141841
5901.000000  1.178293
6002.000000  1.263803
6125.000000  1.192441
6326.000000  1.226766
6536.000000  1.268482
6769.000000  1.292440
6946.000000  1.279463
7089.000000  1.305332
7306.000000  1.428234
7519.000000  1.356433
7773.000000  1.399328
7981.000000  1.391963
8130.000000  1.466427
8298.000000  1.405187
8442.000000  1.429102
8645.000000  1.437577
8823.000000  1.504258
9086.000000  1.527005
9340.000000  1.551577
9627.000000  1.635115
9787.000000  1.593010
9960.000000  1.626260
10123.000000  1.668121
10297.000000  1.645042
10570.000000  1.741058
10776.000000  1.741878
10964.000000  1.796927
11125.000000  1.798259
11216.000000  1.825742
11304.000000  1.809148
11369.000000  1.861459
11414.000000  1.840386
11487.000000  1.884163
11582.000000  1.783095
11659.000000  1.802617
11719.000000  1.871379
11808.000000  1.862782
11938.000000  1.940408
12007.000000  1.921726
12206.000000  1.873739
12461.000000  1.924467
12774.000000  1.914684
13167.000000  2.029069
13448.000000  2.044007
13799.000000  2.124076
14141.000000  2.150749
14391.000000  2.154565
14652.000000  2.166018
14963.000000  2.252844
15101.000000  2.214688
15265.000000  2.274636
15435.000000  2.263703
15584.000000  2.276929
15718.000000  2.288563
15894.000000  2.370614
16063.000000  2.299797
16359.000000  2.383042
16527.000000  2.402158
16640.000000  2.430556
16784.000000  2.439836
16964.000000  2.503716
17267.000000  2.505736
17519.000000  2.554697
17791.000000  2.532384
17995.000000  2.512834
18264.000000  2.583660
18467.000000  2.604688
18672.000000  2.748181
18810.000000  2.702413
18948.000000  2.688769
19178.000000  2.703517
19469.000000  2.793329
19670.000000  2.825459
19971.000000  2.792944
20121.000000  2.745780
20294.000000  2.770453
20554.000000  2.802399
20739.000000  2.835988
21039.000000  2.966151
21437.000000  3.007611
21720.000000  3.015184
22113.000000  2.990390
22360.000000  2.991061
22782.000000  3.129470
23021.000000  3.138975
23297.000000  3.105215
23501.000000  3.190974
23791.000000  3.177567
23994.000000  3.259815
24243.000000  3.219271
24364.000000  3.245481
24582.000000  3.298180
24763.000000  3.347706
25063.000000  3.306488
25336.000000  3.438462
25599.000000  3.360475
25828.000000  3.503104
26100.000000  3.498080
26441.000000  3.528669
26689.000000  3.508910
27185.000000  3.666346
27425.000000  3.601533
27656.000000  3.627460
27848.000000  3.740615
28210.000000  3.735161
28606.000000  3.766922
29008.000000  3.798357
29478.000000  3.830703
29943.000000  3.959194
30431.000000  3.920240
30743.000000  3.941301
30957.000000  4.201351
31337.000000  4.087099
31753.000000  4.084234
31952.000000  4.132283
32476.000000  4.203445
33022.000000  4.235724
33436.000000  4.350834
33566.000000  4.410250
33769.000000  4.399538
33901.000000  4.429770
34222.000000  4.441815
34443.000000  4.448524
34611.000000  4.403776
34831.000000  4.491180
35427.000000  4.503376
35915.000000  4.542325
36233.000000  4.558386
36635.000000  4.695878
37045.000000  4.764843
37511.000000  4.788558
37775.000000  4.787724
38223.000000  4.828836
38333.000000  4.890275
38486.000000  4.856883
38609.000000  4.943931
38689.000000  5.002339
38764.000000  4.905148
38901.000000  4.889532
39130.000000  5.081458
39296.000000  4.957049
39655.000000  5.037221
39736.000000  4.988036
40160.000000  5.095476
40341.000000  5.095908
40522.000000  5.142578
40672.000000  5.221561
40752.000000  5.134919
40765.000000  5.142153
40817.000000  5.204365
