399.000000  0.093460
522.000000  0.008990
632.000000  -0.015917
754.000000  0.023265
881.000000  -0.012852
993.000000  0.034820
1108.000000  -0.007967
1230.000000  -0.012147
1362.000000  -0.009650
1506.000000  0.046187
1642.000000  -0.013848
1718.000000  -0.018478
1813.000000  -0.004982
1913.000000  -0.012100
2004.000000  0.006051
2109.000000  -0.011384
2221.000000  0.006856
2317.000000  -0.013913
2397.000000  0.005389
2527.000000  0.024004
2625.000000  -0.005213
2722.000000  -0.000843
2796.000000  0.004647
2886.000000  -0.003651
2967.000000  0.012394
3037.000000  0.008795
3113.000000  -0.040040
3176.000000  -0.027040
3259.000000  0.019801
3362.000000  0.026833
3467.000000  0.000538
3547.000000  -0.002872
3667.000000  0.010265
3804.000000  0.045036
3841.000000  -0.089947
3963.000000  0.059047
4067.000000  -0.012574
4152.000000  -0.006396
4261.000000  0.035535
4333.000000  -0.015974
4416.000000  -0.009465
4492.000000  -0.032562
4573.000000  -0.014207
4654.000000  0.010116
4723.000000  0.003639
4748.000000  -0.033554
4807.000000  -0.001836
4866.000000  0.018220
4943.000000  0.030825
5019.000000  -0.012872
5073.000000  -0.007529
5160.000000  0.019460
5329.000000  0.015360
5455.000000  0.017025
5545.000000  0.006882
5618.000000  -0.031077
5713.000000  0.003966
5776.000000  -0.011090
5870.000000  0.009244
5961.000000  -0.011660
6055.000000  0.009571
6129.000000  0.003566
6204.000000  -0.007057
6255.000000  0.011184
6314.000000  -0.036427
6405.000000  -0.012735
6501.000000  0.003405
6600.000000  0.014299
6718.000000  0.045814
6832.000000  -0.031128
6862.000000  -0.061730
6986.000000  0.035475
7114.000000  0.000142
7236.000000  -0.001354
7348.000000  0.030134
7436.000000  -0.028308
7523.000000  -0.004895
7615.000000  0.007927
7646.000000  -0.053735
7746.000000  0.060090
7770.000000  -0.052973
7865.000000  0.020807
7898.000000  -0.012073
8056.000000  0.026045
8192.000000  0.017064
8243.000000  -0.017840
8356.000000  0.057932
8398.000000  -0.045036
8536.000000  0.089133
8662.000000  -0.023487
8803.000000  0.006666
8837.000000  -0.068037
8974.000000  0.069149
9118.000000  -0.028466
9268.000000  0.045651
9449.000000  -0.009515
9626.000000  -0.023617
9760.000000  -0.002783
9926.000000  -0.020360
10043.000000  0.025066
10089.000000  -0.082885
10188.000000  0.052141
10333.000000  0.015764
10447.000000  -0.024504
10513.000000  -0.036688
10658.000000  0.035393
10755.000000  -0.020078
10822.000000  -0.029007
10890.000000  0.028878
11007.000000  0.006472
11121.000000  -0.010754
11232.000000  -0.001065
11279.000000  -0.034834
11387.000000  0.049183
11470.000000  -0.037704
11527.000000  0.033089
11597.000000  -0.042660
11635.000000  -0.010388
11666.000000  -0.002901
11725.000000  0.005480
11825.000000  0.060483
11881.000000  -0.029150
11998.000000  0.045561
12108.000000  -0.001761
12208.000000  -0.007795
12301.000000  -0.037120
12435.000000  0.011228
12572.000000  0.003657
12610.000000  -0.019446
12756.000000  0.037269
12881.000000  0.043662
12913.000000  -0.067649
12943.000000  0.029217
12985.000000  0.002037
13042.000000  0.031409
13116.000000  -0.022371
13170.000000  0.028942
13224.000000  -0.019320
13303.000000  0.022490
13388.000000  -0.013227
13468.000000  0.005244
13596.000000  0.057959
13711.000000  -0.009799
13760.000000  -0.045324
13829.000000  -0.027246
14022.000000  0.067975
14189.000000  -0.008986
14306.000000  -0.048485
14375.000000  -0.029858
14493.000000  0.017581
14635.000000  0.016248
14747.000000  -0.001481
14849.000000  -0.026582
14957.000000  0.022575
15021.000000  -0.025121
15083.000000  0.000131
15136.000000  0.015438
15220.000000  0.051567
15290.000000  -0.053732
15320.000000  0.000878
15399.000000  0.039287
15493.000000  -0.020566
15558.000000  -0.024400
15604.000000  0.004766
15698.000000  0.072332
15792.000000  -0.064196
15879.000000  0.047628
15932.000000  -0.060225
15979.000000  -0.009990
16056.000000  0.014072
16132.000000  0.005240
16166.000000  -0.023279
16268.000000  0.025107
16364.000000  -0.021857
16462.000000  0.002822
16522.000000  -0.012484
16581.000000  0.052166
16646.000000  -0.053993
16692.000000  0.017920
16747.000000  -0.007524
16786.000000  -0.013599
16884.000000  0.034305
16991.000000  0.014480
17097.000000  0.008744
17220.000000  0.000883
17328.000000  -0.009298
17427.000000  0.027294
17512.000000  -0.014873
17572.000000  0.043224
17649.000000  0.023562
17744.000000  -0.027633
17858.000000  0.043967
17981.000000  0.006606
18068.000000  0.030580
18153.000000  -0.005266
18198.000000  0.010750
18234.000000  -0.105507
18271.000000  0.054086
18363.000000  -0.019677
18516.000000  0.053356
18672.000000  -0.003436
18812.000000  0.051517
18962.000000  0.013545
19097.000000  0.037235
19189.000000  -0.055217
19295.000000  -0.033509
19420.000000  0.015965
19559.000000  0.016687
19669.000000  -0.069791
19720.000000  0.066674
19764.000000  -0.067808
19823.000000  -0.000478
19868.000000  0.090352
19907.000000  0.022139
19966.000000  0.093541
20019.000000  0.395157
20064.000000  -0.731858
20121.000000  0.012192
20186.000000  0.030119
20239.000000  0.008167
20287.000000  -0.035608
20338.000000  -0.012866
20379.000000  0.315878
20437.000000  0.036907
20473.000000  0.009196
20474.000000  0.028825
20523.000000  -0.347584
20611.000000  0.032145
20682.000000  0.003885
20735.000000  -0.006012
20750.000000  -0.027622
20810.000000  0.067260
20840.000000  -0.039483
20876.000000  0.034804
20917.000000  -0.015168
20966.000000  0.007831
21039.000000  0.019756
21091.000000  0.019539
21148.000000  0.006555
21202.000000  -0.070452
21254.000000  -0.001194
21289.000000  -0.050206
21312.000000  -0.047188
21395.000000  -0.007981
21482.000000  0.024319
21546.000000  -0.016406
21610.000000  0.016523
21667.000000  -0.005596
21699.000000  -0.034468
21716.000000  0.024418
21725.000000  -0.039938
21728.000000  -0.008335
21763.000000  0.087698
21796.000000  -0.026892
21807.000000  -0.021780
21885.000000  0.020595
22012.000000  0.053291
22147.000000  -0.004584
22251.000000  -0.012645
22391.000000  -0.003868
22469.000000  0.000969
22475.000000  -0.033140
22498.000000  -0.026337
22567.000000  0.007425
22681.000000  0.033723
22765.000000  -0.004510
22853.000000  0.003145
22899.000000  -0.010681
22948.000000  -0.021665
23006.000000  0.035599
23066.000000  -0.020777
23126.000000  0.004339
23187.000000  -0.000872
23261.000000  -0.027290
23295.000000  0.036695
23327.000000  -0.015558
23406.000000  0.018370
23467.000000  -0.018283
23499.000000  -0.013840
23557.000000  0.039938
23640.000000  -0.003782
23728.000000  0.036043
23815.000000  -0.039309
23903.000000  0.004124
23947.000000  -0.012020
23996.000000  -0.021446
24068.000000  0.027960
24117.000000  -0.005035
24163.000000  0.009404
24215.000000  0.035319
24278.000000  -0.013364
24312.000000  -0.018270
24315.000000  -0.017655
24374.000000  -0.026403
24423.000000  -0.016456
24475.000000  0.007518
24547.000000  0.002954
24605.000000  -0.008114
24664.000000  -0.001528
24739.000000  0.018782
24799.000000  0.008361
24827.000000  -0.021077
24932.000000  0.022526
24975.000000  -0.030294
25103.000000  0.078811
25201.000000  -0.021945
25330.000000  0.027828
25447.000000  -0.017876
25576.000000  -0.006837
25639.000000  0.020202
25686.000000  -0.044423
25749.000000  -0.000518
25826.000000  0.041540
25858.000000  -0.023675
25886.000000  -0.016134
25901.000000  -0.018527
25964.000000  -0.020172
25994.000000  -0.023765
26052.000000  0.025897
26112.000000  0.004207
26174.000000  0.005013
26269.000000  0.024635
26346.000000  -0.002449
26475.000000  0.078801
26555.000000  0.011303
26641.000000  -0.001882
26731.000000  0.022387
26799.000000  -0.040919
26805.000000  -0.018558
26822.000000  -0.047256
26847.000000  -0.015270
26865.000000  0.006801
26907.000000  0.046714
26998.000000  0.018747
27070.000000  -0.017472
27166.000000  0.012937
27223.000000  -0.030234
27273.000000  -0.027297
27331.000000  0.013732
27396.000000  0.012486
27453.000000  0.013708
27490.000000  -0.050867
27539.000000  0.007058
27595.000000  0.040392
27655.000000  -0.008845
27714.000000  -0.003478
27789.000000  0.000073
27850.000000  -0.025599
27937.000000  0.020814
28042.000000  0.018147
28158.000000  -0.002487
28268.000000  0.015705
28356.000000  -0.005293
28447.000000  -0.001796
28514.000000  0.057279
28580.000000  0.018938
28652.000000  -0.010962
28761.000000  0.036200
28839.000000  0.097917
28908.000000  -0.015451
28931.000000  -0.007653
28964.000000  -0.248317
29014.000000  0.039652
29082.000000  0.015295
29126.000000  0.105746
29139.000000  -0.061505
29150.000000  -0.038852
29151.000000  0.009287
29226.000000  -0.066277
29276.000000  0.005104
29311.000000  -0.023678
29353.000000  -0.002958
29420.000000  0.030547
29473.000000  -0.009590
29528.000000  0.021384
29590.000000  0.011318
29645.000000  -0.002715
29677.000000  -0.028567
29761.000000  0.040025
29817.000000  0.011492
29879.000000  0.016658
29969.000000  -0.004832
30069.000000  -0.000324
30107.000000  -0.044737
30157.000000  0.020419
30214.000000  0.004858
30266.000000  -0.013276
30300.000000  -0.026890
30364.000000  0.024512
30383.000000  0.018672
30455.000000  -0.033606
30533.000000  -0.010358
30614.000000  0.006591
30688.000000  0.028632
30746.000000  -0.015119
30793.000000  -0.015691
30853.000000  0.017132
30885.000000  -0.031005
30924.000000  0.022581
30986.000000  0.016539
31026.000000  0.001786
31060.000000  -0.023028
31095.000000  0.027245
31120.000000  -0.027181
31186.000000  0.022445
31265.000000  -0.034930
31304.000000  -0.008603
31355.000000  -0.003255
31397.000000  0.003197
31462.000000  0.008533
31489.000000  -0.015759
31580.000000  0.001462
31670.000000  0.037145
31753.000000  0.023891
31826.000000  -0.013567
31895.000000  0.011189
31960.000000  0.019595
32025.000000  -0.001683
32087.000000  -0.012817
32166.000000  -0.000821
32256.000000  -0.000133
32309.000000  -0.022145
32363.000000  -0.003391
32414.000000  -0.012452
32471.000000  0.019284
32513.000000  -0.019766
32574.000000  0.009863
32650.000000  0.014658
32689.000000  -0.011567
32724.000000  -0.030007
32795.000000  0.027464
32883.000000  -0.001193
32968.000000  0.047336
33044.000000  -0.036470
33101.000000  0.026178
33158.000000  -0.033903
33230.000000  0.006549
33331.000000  0.078308
33403.000000  -0.019948
33454.000000  -0.060914
33502.000000  -0.000355
33557.000000  0.003581
33613.000000  -0.000515
33676.000000  0.012459
33820.000000  0.028974
33919.000000  -0.018655
33952.000000  -0.056544
34039.000000  0.015100
34116.000000  0.039996
34149.000000  -0.039983
34210.000000  0.005398
34271.000000  0.029762
34356.000000  -0.000086
34381.000000  -0.038654
34460.000000  0.050311
34527.000000  -0.004803
34599.000000  0.055967
34633.000000  0.010059
34685.000000  0.014039
34734.000000  -0.000928
34784.000000  0.069968
34837.000000  -0.082191
34893.000000  -0.053407
34957.000000  0.041878
35024.000000  0.003613
35084.000000  -0.027083
35144.000000  0.004494
35183.000000  0.020100
35202.000000  -0.030260
35243.000000  0.025133
35264.000000  0.039286
35317.000000  -0.020365
35392.000000  0.042155
35468.000000  0.039585
35556.000000  0.009131
35636.000000  -0.014304
35674.000000  -0.004207
35721.000000  0.030568
35771.000000  0.022244
35819.000000  -0.233257
35848.000000  0.000915
35887.000000  -0.008696
35915.000000  0.008496
35916.000000  0.074319
35964.000000  -0.110200
36033.000000  0.015420
36087.000000  0.025273
36144.000000  0.009185
36208.000000  -0.007859
36313.000000  0.037159
36390.000000  -0.012803
36445.000000  -0.009112
36467.000000  -0.046768
36529.000000  0.009899
36536.000000  -0.014345
36554.000000  0.012467
36590.000000  -0.020984
36605.000000  -0.010009
36649.000000  0.012868
36716.000000  0.026374
36772.000000  0.020812
36828.000000  0.004558
36884.000000  -0.005797
36923.000000  -0.008931
36971.000000  -0.006539
37015.000000  0.008984
37048.000000  -0.006450
37084.000000  0.028063
37108.000000  -0.046091
37194.000000  0.092344
37263.000000  -0.068970
37314.000000  0.034705
37373.000000  0.006808
37440.000000  -0.009045
37468.000000  -0.028202
37513.000000  0.027523
37536.000000  -0.030257
37548.000000  0.024991
37607.000000  -0.018001
37680.000000  -0.038267
37764.000000  0.044619
37853.000000  -0.001785
37934.000000  -0.002733
38035.000000  0.054907
38123.000000  -0.008571
38214.000000  0.016204
38305.000000  -0.019533
38375.000000  -0.017429
38458.000000  -0.017399
38506.000000  0.010550
38540.000000  -0.028527
38560.000000  -0.000504
38589.000000  -0.017868
38629.000000  0.053843
38677.000000  0.015695
38729.000000  -0.022768
38793.000000  0.053557
38821.000000  -0.078234
38866.000000  0.037329
38912.000000  0.022498
38946.000000  0.058537
38961.000000  -0.087536
38968.000000  -0.009451
39014.000000  -0.005323
39100.000000  0.055182
39190.000000  -0.045921
39252.000000  -0.035226
39281.000000  0.040565
39306.000000  0.018897
39310.000000  0.047199
39311.000000  -0.067457
39391.000000  0.027391
39470.000000  -0.073671
39542.000000  0.017090
39621.000000  0.030944
39668.000000  -0.018009
39709.000000  -0.025818
39762.000000  0.033489
39820.000000  -0.007167
39882.000000  -0.008988
40001.000000  0.014480
40108.000000  0.013484
40174.000000  -0.006860
40198.000000  -0.001378
40237.000000  0.006496
40293.000000  -0.014279
40386.000000  0.017713
40465.000000  0.018380
40518.000000  -0.069523
40571.000000  0.013289
40600.000000  -0.006378
40642.000000  -0.014622
40705.000000  0.042263
40742.000000  -0.031984
40780.000000  0.001004
40816.000000  -0.014391
40821.000000  0.001012
