399.000000  0.093460
522.000000  0.102450
632.000000  0.086533
754.000000  0.109799
881.000000  0.096946
993.000000  0.131767
1108.000000  0.123799
1230.000000  0.111653
1362.000000  0.102003
1506.000000  0.148190
1642.000000  0.134342
1718.000000  0.115864
1813.000000  0.110882
1913.000000  0.098782
2004.000000  0.104833
2109.000000  0.093448
2221.000000  0.100304
2317.000000  0.086391
2397.000000  0.091779
2527.000000  0.115783
2625.000000  0.110569
2722.000000  0.109726
2796.000000  0.114373
2886.000000  0.110722
2967.000000  0.123116
3037.000000  0.131911
3113.000000  0.091871
3176.000000  0.064830
3259.000000  0.084631
3362.000000  0.111464
3467.000000  0.112002
3547.000000  0.109130
3667.000000  0.119395
3804.000000  0.164432
3841.000000  0.074484
3963.000000  0.133531
4067.000000  0.120958
4152.000000  0.114562
4261.000000  0.150097
4333.000000  0.134124
4416.000000  0.124659
4492.000000  0.092097
4573.000000  0.077890
4654.000000  0.088006
4723.000000  0.091646
4748.000000  0.058092
4807.000000  0.056256
4866.000000  0.074476
4943.000000  0.105301
5019.000000  0.092428
5073.000000  0.084900
5160.000000  0.104360
5329.000000  0.119720
5455.000000  0.136745
5545.000000  0.143627
5618.000000  0.112550
5713.000000  0.116517
5776.000000  0.105426
5870.000000  0.114670
5961.000000  0.103010
6055.000000  0.112581
6129.000000  0.116147
6204.000000  0.109090
6255.000000  0.120274
6314.000000  0.083846
6405.000000  0.071112
6501.000000  0.074516
6600.000000  0.088816
6718.000000  0.134630
6832.000000  0.103501
6862.000000  0.041771
6986.000000  0.077246
7114.000000  0.077388
7236.000000  0.076035
7348.000000  0.106169
7436.000000  0.077860
7523.000000  0.072966
7615.000000  0.080892
7646.000000  0.027158
7746.000000  0.087247
7770.000000  0.034274
7865.000000  0.055081
7898.000000  0.043008
8056.000000  0.069053
8192.000000  0.086117
8243.000000  0.068277
8356.000000  0.126209
8398.000000  0.081173
8536.000000  0.170306
8662.000000  0.146820
8803.000000  0.153486
8837.000000  0.085449
8974.000000  0.154598
9118.000000  0.126132
9268.000000  0.171783
9449.000000  0.162268
9626.000000  0.138652
9760.000000  0.135869
9926.000000  0.115509
10043.000000  0.140575
10089.000000  0.057690
10188.000000  0.109831
10333.000000  0.125595
10447.000000  0.101091
10513.000000  0.064403
10658.000000  0.099796
10755.000000  0.079718
10822.000000  0.050711
10890.000000  0.079589
11007.000000  0.086061
11121.000000  0.075307
11232.000000  0.074241
11279.000000  0.039408
11387.000000  0.088591
11470.000000  0.050887
11527.000000  0.083976
11597.000000  0.041316
11635.000000  0.030928
11666.000000  0.028027
11725.000000  0.033507
11825.000000  0.093990
11881.000000  0.064840
11998.000000  0.110401
12108.000000  0.108640
12208.000000  0.100845
12301.000000  0.063725
12435.000000  0.074952
12572.000000  0.078609
12610.000000  0.059163
12756.000000  0.096432
12881.000000  0.140095
12913.000000  0.072446
12943.000000  0.101663
12985.000000  0.103700
13042.000000  0.135109
13116.000000  0.112738
13170.000000  0.141680
13224.000000  0.122360
13303.000000  0.144850
13388.000000  0.131623
13468.000000  0.136867
13596.000000  0.194826
13711.000000  0.185027
13760.000000  0.139704
13829.000000  0.112457
14022.000000  0.180432
14189.000000  0.171447
14306.000000  0.122962
14375.000000  0.093104
14493.000000  0.110685
14635.000000  0.126933
14747.000000  0.125452
14849.000000  0.098870
14957.000000  0.121445
15021.000000  0.096324
15083.000000  0.096456
15136.000000  0.111894
15220.000000  0.163461
15290.000000  0.109729
15320.000000  0.110607
15399.000000  0.149894
15493.000000  0.129328
15558.000000  0.104928
15604.000000  0.109694
15698.000000  0.182026
15792.000000  0.117830
15879.000000  0.165458
15932.000000  0.105233
15979.000000  0.095244
16056.000000  0.109316
16132.000000  0.114556
16166.000000  0.091277
16268.000000  0.116385
16364.000000  0.094527
16462.000000  0.097349
16522.000000  0.084865
16581.000000  0.137031
16646.000000  0.083038
16692.000000  0.100957
16747.000000  0.093433
16786.000000  0.079834
16884.000000  0.114139
16991.000000  0.128619
17097.000000  0.137363
17220.000000  0.138246
17328.000000  0.128948
17427.000000  0.156242
17512.000000  0.141369
17572.000000  0.184593
17649.000000  0.208155
17744.000000  0.180522
17858.000000  0.224489
17981.000000  0.231094
18068.000000  0.261674
18153.000000  0.256408
18198.000000  0.267159
18234.000000  0.161652
18271.000000  0.215738
18363.000000  0.196060
18516.000000  0.249417
18672.000000  0.245981
18812.000000  0.297498
18962.000000  0.311043
19097.000000  0.348278
19189.000000  0.293061
19295.000000  0.259552
19420.000000  0.275517
19559.000000  0.292204
19669.000000  0.222413
19720.000000  0.289087
19764.000000  0.221279
19823.000000  0.220801
19868.000000  0.311153
19907.000000  0.333293
19966.000000  0.426833
20019.000000  0.821991
20064.000000  0.090132
20121.000000  0.102324
20186.000000  0.132443
20239.000000  0.140610
20287.000000  0.105002
20338.000000  0.092136
20379.000000  0.408014
20437.000000  0.444921
20473.000000  0.454117
20474.000000  0.482942
20523.000000  0.135358
20611.000000  0.167504
20682.000000  0.171389
20735.000000  0.165377
20750.000000  0.137755
20810.000000  0.205015
20840.000000  0.165532
20876.000000  0.200336
20917.000000  0.185168
20966.000000  0.192999
21039.000000  0.212756
21091.000000  0.232295
21148.000000  0.238850
21202.000000  0.168399
21254.000000  0.167205
21289.000000  0.116999
21312.000000  0.069811
21395.000000  0.061830
21482.000000  0.086149
21546.000000  0.069743
21610.000000  0.086266
21667.000000  0.080669
21699.000000  0.046201
21716.000000  0.070619
21725.000000  0.030681
21728.000000  0.022346
21763.000000  0.110044
21796.000000  0.083152
21807.000000  0.061372
21885.000000  0.081966
22012.000000  0.135257
22147.000000  0.130674
22251.000000  0.118029
22391.000000  0.114161
22469.000000  0.115130
22475.000000  0.081990
22498.000000  0.055653
22567.000000  0.063078
22681.000000  0.096801
22765.000000  0.092291
22853.000000  0.095436
22899.000000  0.084755
22948.000000  0.063091
23006.000000  0.098690
23066.000000  0.077913
23126.000000  0.082253
23187.000000  0.081381
23261.000000  0.054090
23295.000000  0.090785
23327.000000  0.075227
23406.000000  0.093597
23467.000000  0.075314
23499.000000  0.061475
23557.000000  0.101413
23640.000000  0.097630
23728.000000  0.133673
23815.000000  0.094364
23903.000000  0.098488
23947.000000  0.086468
23996.000000  0.065022
24068.000000  0.092982
24117.000000  0.087947
24163.000000  0.097352
24215.000000  0.132670
24278.000000  0.119306
24312.000000  0.101036
24315.000000  0.083382
24374.000000  0.056978
24423.000000  0.040523
24475.000000  0.048041
24547.000000  0.050995
24605.000000  0.042881
24664.000000  0.041354
24739.000000  0.060136
24799.000000  0.068497
24827.000000  0.047420
24932.000000  0.069946
24975.000000  0.039652
25103.000000  0.118463
25201.000000  0.096518
25330.000000  0.124346
25447.000000  0.106470
25576.000000  0.099633
25639.000000  0.119835
25686.000000  0.075412
25749.000000  0.074894
25826.000000  0.116434
25858.000000  0.092759
25886.000000  0.076625
25901.000000  0.058098
25964.000000  0.037926
25994.000000  0.014162
26052.000000  0.040059
26112.000000  0.044265
26174.000000  0.049278
26269.000000  0.073913
26346.000000  0.071464
26475.000000  0.150265
26555.000000  0.161567
26641.000000  0.159686
26731.000000  0.182073
26799.000000  0.141154
26805.000000  0.122596
26822.000000  0.075340
26847.000000  0.060070
26865.000000  0.066871
26907.000000  0.113585
26998.000000  0.132332
27070.000000  0.114859
27166.000000  0.127797
27223.000000  0.097562
27273.000000  0.070266
27331.000000  0.083998
27396.000000  0.096485
27453.000000  0.110193
27490.000000  0.059326
27539.000000  0.066384
27595.000000  0.106776
27655.000000  0.097931
27714.000000  0.094453
27789.000000  0.094526
27850.000000  0.068927
27937.000000  0.089741
28042.000000  0.107888
28158.000000  0.105401
28268.000000  0.121106
28356.000000  0.115813
28447.000000  0.114017
28514.000000  0.171296
28580.000000  0.190233
28652.000000  0.179271
28761.000000  0.215471
28839.000000  0.313388
28908.000000  0.297937
28931.000000  0.290285
28964.000000  0.041968
29014.000000  0.081620
29082.000000  0.096915
29126.000000  0.202662
29139.000000  0.141157
29150.000000  0.102305
29151.000000  0.111592
29226.000000  0.045315
29276.000000  0.050419
29311.000000  0.026741
29353.000000  0.023782
29420.000000  0.054329
29473.000000  0.044739
29528.000000  0.066123
29590.000000  0.077441
29645.000000  0.074726
29677.000000  0.046159
29761.000000  0.086184
29817.000000  0.097676
29879.000000  0.114333
29969.000000  0.109501
30069.000000  0.109177
30107.000000  0.064440
30157.000000  0.084859
30214.000000  0.089717
30266.000000  0.076440
30300.000000  0.049550
30364.000000  0.074062
30383.000000  0.092734
30455.000000  0.059128
30533.000000  0.048770
30614.000000  0.055361
30688.000000  0.083994
30746.000000  0.068875
30793.000000  0.053184
30853.000000  0.070316
30885.000000  0.039312
30924.000000  0.061893
30986.000000  0.078432
31026.000000  0.080218
31060.000000  0.057190
31095.000000  0.084435
31120.000000  0.057254
31186.000000  0.079699
31265.000000  0.044769
31304.000000  0.036167
31355.000000  0.032912
31397.000000  0.036109
31462.000000  0.044642
31489.000000  0.028883
31580.000000  0.030345
31670.000000  0.067490
31753.000000  0.091381
31826.000000  0.077814
31895.000000  0.089003
31960.000000  0.108598
32025.000000  0.106916
32087.000000  0.094098
32166.000000  0.093277
32256.000000  0.093144
32309.000000  0.071000
32363.000000  0.067609
32414.000000  0.055157
32471.000000  0.074441
32513.000000  0.054674
32574.000000  0.064537
32650.000000  0.079195
32689.000000  0.067628
32724.000000  0.037621
32795.000000  0.065085
32883.000000  0.063893
32968.000000  0.111229
33044.000000  0.074759
33101.000000  0.100936
33158.000000  0.067033
33230.000000  0.073582
33331.000000  0.151890
33403.000000  0.131941
33454.000000  0.071027
33502.000000  0.070672
33557.000000  0.074252
33613.000000  0.073738
33676.000000  0.086197
33820.000000  0.115171
33919.000000  0.096515
33952.000000  0.039971
34039.000000  0.055071
34116.000000  0.095068
34149.000000  0.055084
34210.000000  0.060482
34271.000000  0.090244
34356.000000  0.090158
34381.000000  0.051504
34460.000000  0.101815
34527.000000  0.097012
34599.000000  0.152980
34633.000000  0.163039
34685.000000  0.177078
34734.000000  0.176150
34784.000000  0.246118
34837.000000  0.163927
34893.000000  0.110519
34957.000000  0.152397
35024.000000  0.156010
35084.000000  0.128927
35144.000000  0.133421
35183.000000  0.153521
35202.000000  0.123261
35243.000000  0.148394
35264.000000  0.187680
35317.000000  0.167315
35392.000000  0.209470
35468.000000  0.249055
35556.000000  0.258186
35636.000000  0.243882
35674.000000  0.239675
35721.000000  0.270243
35771.000000  0.292488
35819.000000  0.059231
35848.000000  0.060146
35887.000000  0.051451
35915.000000  0.059946
35916.000000  0.134265
35964.000000  0.024065
36033.000000  0.039485
36087.000000  0.064758
36144.000000  0.073943
36208.000000  0.066084
36313.000000  0.103244
36390.000000  0.090441
36445.000000  0.081329
36467.000000  0.034561
36529.000000  0.044460
36536.000000  0.030115
36554.000000  0.042583
36590.000000  0.021598
36605.000000  0.011589
36649.000000  0.024457
36716.000000  0.050831
36772.000000  0.071643
36828.000000  0.076201
36884.000000  0.070404
36923.000000  0.061473
36971.000000  0.054934
37015.000000  0.063918
37048.000000  0.057468
37084.000000  0.085531
37108.000000  0.039439
37194.000000  0.131783
37263.000000  0.062813
37314.000000  0.097518
37373.000000  0.104326
37440.000000  0.095281
37468.000000  0.067078
37513.000000  0.094601
37536.000000  0.064344
37548.000000  0.089335
37607.000000  0.071334
37680.000000  0.033067
37764.000000  0.077685
37853.000000  0.075900
37934.000000  0.073167
38035.000000  0.128074
38123.000000  0.119503
38214.000000  0.135708
38305.000000  0.116175
38375.000000  0.098746
38458.000000  0.081347
38506.000000  0.091896
38540.000000  0.063370
38560.000000  0.062866
38589.000000  0.044997
38629.000000  0.098840
38677.000000  0.114535
38729.000000  0.091767
38793.000000  0.145325
38821.000000  0.067090
38866.000000  0.104419
38912.000000  0.126917
38946.000000  0.185454
38961.000000  0.097919
38968.000000  0.088467
39014.000000  0.083144
39100.000000  0.138326
39190.000000  0.092405
39252.000000  0.057180
39281.000000  0.097745
39306.000000  0.116642
39310.000000  0.163841
39311.000000  0.096385
39391.000000  0.123776
39470.000000  0.050105
39542.000000  0.067195
39621.000000  0.098139
39668.000000  0.080130
39709.000000  0.054312
39762.000000  0.087801
39820.000000  0.080634
39882.000000  0.071646
40001.000000  0.086126
40108.000000  0.099610
40174.000000  0.092750
40198.000000  0.091372
40237.000000  0.097868
40293.000000  0.083589
40386.000000  0.101302
40465.000000  0.119682
40518.000000  0.050160
40571.000000  0.063449
40600.000000  0.057071
40642.000000  0.042450
40705.000000  0.084713
40742.000000  0.052728
40780.000000  0.053732
40816.000000  0.039341
40821.000000  0.040352
