2285.000000  95.615509
3553.000000  91.556778
4153.000000  88.620880
4715.000000  89.330795
5529.000000  88.181419
6241.000000  84.881317
7101.000000  87.687225
8005.000000  88.902176
8486.000000  80.889053
8770.000000  82.460075
9449.000000  76.629982
10251.000000  88.303017
11689.000000  89.640137
12295.000000  86.417839
12565.000000  83.101715
12795.000000  85.456596
13270.000000  85.579544
13782.000000  84.135475
14195.000000  86.778305
14523.000000  85.242340
14994.000000  83.575302
15438.000000  84.855286
16001.000000  85.499344
16325.000000  85.976776
17168.000000  85.281776
17627.000000  80.983200
18563.000000  85.928818
19656.000000  86.943481
20899.000000  84.398880
21253.000000  41.366093
21759.000000  79.169670
22330.000000  78.619377
22770.000000  79.687202
23544.000000  82.225914
23974.000000  73.875603
24500.000000  81.827614
24939.000000  76.163208
25257.000000  79.001762
25759.000000  76.970726
26252.000000  75.556602
26559.000000  83.227692
26945.000000  72.696762
27319.000000  80.615402
27882.000000  75.064682
28488.000000  67.837395
29250.000000  41.059788
29860.000000  63.611103
30357.000000  64.060303
31000.000000  66.292763
31783.000000  60.906654
32433.000000  48.592670
32831.000000  45.280766
33284.000000  41.537403
33354.000000  39.965584
33549.000000  62.722969
33969.000000  74.732079
34453.000000  76.631660
34939.000000  77.343155
35152.000000  69.045761
35392.000000  43.353554
35827.000000  39.844532
36318.000000  39.797436
36912.000000  54.610954
37343.000000  56.590134
37678.000000  48.162182
37945.000000  11.239479
38338.000000  59.556561
38725.000000  56.655849
39077.000000  60.657795
39388.000000  70.013222
39726.000000  68.385162
40059.000000  52.436256
40553.000000  68.955429
40753.000000  57.114220
40979.000000  56.013107
41429.000000  47.268837
42033.000000  58.301556
42680.000000  61.322258
43281.000000  67.190048
43536.000000  51.123474
43935.000000  56.244297
44470.000000  63.231392
44939.000000  68.033318
45342.000000  64.094337
45825.000000  70.388100
46448.000000  66.290855
47211.000000  64.954201
48064.000000  69.606117
48689.000000  66.807693
49132.000000  59.136623
49525.000000  54.848236
49887.000000  49.127216
50325.000000  56.391727
50817.000000  64.824516
51123.000000  51.182823
51402.000000  43.315186
51632.000000  39.995705
52037.000000  52.392929
52417.000000  49.647778
52870.000000  46.672638
53467.000000  54.846966
53937.000000  65.148964
54429.000000  53.897404
54757.000000  56.817509
55030.000000  50.422626
55496.000000  54.004860
56160.000000  57.398098
56680.000000  42.147549
57310.000000  40.844704
57917.000000  33.924026
58663.000000  44.810204
59773.000000  59.743828
60690.000000  66.411209
61293.000000  65.777168
61741.000000  73.743439
62196.000000  48.548702
62708.000000  46.446602
63169.000000  56.074448
63895.000000  39.261703
64435.000000  27.652126
65192.000000  53.788406
65613.000000  47.931335
66043.000000  37.728390
66416.000000  42.490135
66785.000000  38.690845
67112.000000  39.107193
67386.000000  44.410343
67734.000000  36.027851
68312.000000  37.846130
68984.000000  40.959705
69602.000000  39.984081
70059.000000  26.435053
70701.000000  30.202293
71114.000000  9.963718
71611.000000  24.827616
71943.000000  14.531982
72255.000000  2.394437
72549.000000  0.617249
72840.000000  0.086141
73343.000000  16.732683
73604.000000  14.068688
73818.000000  15.774586
74288.000000  22.869219
74696.000000  28.434685
75026.000000  15.111492
75417.000000  27.024508
76250.000000  46.261963
76783.000000  35.593449
77659.000000  36.604580
78430.000000  39.839573
79247.000000  39.737473
79800.000000  36.097340
80175.000000  20.913563
80852.000000  36.390629
81158.000000  32.035019
81354.000000  24.434906
81487.000000  9.820566
81745.000000  14.783937
82076.000000  10.908051
82180.000000  0.759509
82240.000000  0.081753
82402.000000  0.008154
82468.000000  0.719381
82655.000000  15.673736
82835.000000  16.788483
82918.000000  3.510512
83153.000000  4.046159
83558.000000  6.565231
83858.000000  10.541636
84098.000000  6.008847
84395.000000  5.453741
84672.000000  3.636760
84979.000000  5.893034
85289.000000  7.029340
85453.000000  6.244198
85580.000000  7.044194
85851.000000  6.856972
86038.000000  3.242528
86322.000000  1.788107
86589.000000  6.620553
86678.000000  5.323057
86844.000000  9.310305
87293.000000  13.854083
87820.000000  9.760024
88189.000000  17.065542
88518.000000  20.495010
88749.000000  9.471704
88951.000000  9.772388
89017.000000  6.823753
89025.000000  1.074745
89221.000000  2.509269
89438.000000  6.136926
89680.000000  4.603897
89944.000000  1.409105
90144.000000  9.050651
90174.000000  4.798311
90454.000000  6.835925
90713.000000  5.185847
90976.000000  2.706978
91284.000000  10.718303
91439.000000  3.473177
91507.000000  2.343539
91508.000000  0.083056
