995.000000  0.266534
1271.000000  -0.052547
1521.000000  -0.024985
1870.000000  0.047582
2185.000000  0.042281
2473.000000  0.031256
2752.000000  0.033083
3076.000000  0.017115
3338.000000  -0.007271
3679.000000  0.004255
3945.000000  -0.033346
4199.000000  0.004133
4461.000000  -0.006913
4734.000000  0.050451
4969.000000  -0.026702
5181.000000  -0.054694
5359.000000  -0.008136
5554.000000  0.003014
5652.000000  -0.047802
5768.000000  0.010412
5827.000000  -0.010406
5936.000000  0.033591
6085.000000  0.013983
6245.000000  0.023142
6425.000000  0.016691
6587.000000  -0.053469
6824.000000  0.042613
6996.000000  -0.010007
7213.000000  0.033334
7450.000000  0.009303
7706.000000  0.052234
7771.000000  -0.074980
7953.000000  0.048882
8087.000000  0.001246
8257.000000  0.010118
8397.000000  -0.012608
8533.000000  -0.078676
8762.000000  0.067973
9030.000000  0.042175
9302.000000  -0.045323
9483.000000  -0.006571
9606.000000  0.025524
9731.000000  -0.076353
9837.000000  -0.010335
9929.000000  0.004250
10014.000000  -0.027393
10124.000000  0.006735
10250.000000  0.053659
10382.000000  0.005715
10525.000000  -0.030742
10703.000000  0.037870
10855.000000  -0.007842
11019.000000  0.013574
11051.000000  -0.027513
11282.000000  0.070814
11514.000000  -0.023086
11754.000000  0.051504
12000.000000  0.065459
12277.000000  -0.025715
12554.000000  0.065550
12777.000000  -0.056751
12963.000000  -0.022966
13104.000000  -0.049905
13267.000000  0.018035
13436.000000  0.018511
13662.000000  0.034600
13913.000000  0.066838
14201.000000  0.045188
14459.000000  -0.025868
14632.000000  -0.068525
14792.000000  -0.098374
15026.000000  0.115146
15234.000000  0.020515
15494.000000  0.032275
15789.000000  0.020456
16036.000000  0.016646
16289.000000  -0.019715
16526.000000  -0.011610
16741.000000  -0.021737
16936.000000  -0.005105
17112.000000  -0.037510
17281.000000  -0.012085
17470.000000  0.000299
17516.000000  0.001826
17701.000000  0.080533
17879.000000  0.043122
18070.000000  0.067175
18251.000000  -0.040780
18450.000000  0.056799
18581.000000  -0.009328
18747.000000  -0.000911
18964.000000  0.005838
19097.000000  -0.065318
19404.000000  0.098563
19661.000000  -0.017329
19911.000000  -0.085892
20132.000000  0.031249
20359.000000  -0.045620
20472.000000  -0.014080
20677.000000  0.015189
20868.000000  0.009650
21030.000000  0.026928
21168.000000  -0.062585
21337.000000  0.081965
21460.000000  -0.018110
21633.000000  0.049701
21797.000000  -0.134475
22002.000000  0.135268
22266.000000  -0.085324
22516.000000  0.119775
22614.000000  -0.154362
22754.000000  -0.024906
22959.000000  0.019857
23151.000000  0.237212
23382.000000  -0.016027
23642.000000  0.066656
23860.000000  0.048491
24087.000000  0.000932
24219.000000  -0.052417
24331.000000  0.193294
24441.000000  -0.267610
24574.000000  -0.335610
24607.000000  -0.036467
24733.000000  0.394063
24864.000000  -0.006795
25033.000000  0.036169
25259.000000  0.049837
25404.000000  -0.109403
25564.000000  0.049218
25722.000000  -0.039278
26031.000000  0.133410
26203.000000  -0.077466
26373.000000  -0.072443
26700.000000  0.120868
27063.000000  0.028418
27428.000000  -0.047876
27713.000000  0.077121
27935.000000  -0.133992
28066.000000  -0.032473
28260.000000  0.174757
28414.000000  0.019111
28564.000000  -0.101814
28710.000000  0.023736
28939.000000  0.035130
29217.000000  0.087488
29400.000000  -0.065433
29540.000000  -0.030088
29670.000000  -0.397451
29809.000000  0.181089
30005.000000  0.549626
30099.000000  -0.772703
30120.000000  -0.059278
30200.000000  0.041759
30317.000000  0.023252
30459.000000  0.005885
30590.000000  0.030629
30718.000000  -0.026477
30805.000000  0.015891
31022.000000  0.032043
31251.000000  0.030344
31468.000000  0.016008
31799.000000  0.031514
32047.000000  -0.012457
32322.000000  0.043378
32598.000000  0.005072
32866.000000  -0.006587
33045.000000  0.017192
33268.000000  -0.003540
33368.000000  -0.057051
33451.000000  -0.088122
33535.000000  -0.007881
33640.000000  -0.000714
33765.000000  0.010235
33916.000000  0.177953
34023.000000  -0.013091
34196.000000  -0.041781
34355.000000  0.036029
34430.000000  -0.016668
34622.000000  0.132430
34873.000000  -0.026861
35121.000000  -0.108576
35317.000000  0.066680
35466.000000  -0.111176
35601.000000  -0.002835
35711.000000  -0.017015
35833.000000  0.026078
35944.000000  -0.097174
36042.000000  0.094030
36118.000000  0.137210
36208.000000  -0.033498
36325.000000  -0.030898
36457.000000  -0.232863
36459.000000  -0.045686
36551.000000  0.022982
36592.000000  0.228032
36644.000000  -0.013700
36650.000000  -0.048517
36729.000000  0.016347
36817.000000  -0.065198
36900.000000  -0.099644
36997.000000  0.004266
37153.000000  0.061239
37381.000000  -0.030832
37526.000000  0.032566
37690.000000  -0.014480
37842.000000  0.004617
37933.000000  -0.025229
38001.000000  -0.028955
38109.000000  0.007066
38171.000000  0.039478
38327.000000  0.036459
38483.000000  -0.000782
38674.000000  0.017749
38825.000000  0.005763
38924.000000  -0.031500
38991.000000  -0.041466
39014.000000  -0.056754
39017.000000  -0.017983
39071.000000  0.054096
39082.000000  -0.033665
39208.000000  0.093823
39358.000000  -0.031650
39470.000000  -0.018705
39588.000000  -0.009941
39692.000000  0.023927
39782.000000  0.016640
39874.000000  -0.057173
39963.000000  0.004879
40045.000000  0.015142
40089.000000  -0.025265
40097.000000  -0.026249
40148.000000  -0.000057
40237.000000  0.022879
40346.000000  0.057217
40470.000000  -0.001980
40621.000000  -0.011736
40663.000000  0.015338
40748.000000  -0.024822
40774.000000  -0.066368
40777.000000  -0.019036
40818.000000  0.031739
