995.000000  0.163758
1271.000000  0.138228
1521.000000  0.100505
1870.000000  0.147732
2185.000000  0.179990
2473.000000  0.202994
2752.000000  0.221276
3076.000000  0.230829
3338.000000  0.230080
3679.000000  0.232662
3945.000000  0.196211
4199.000000  0.196754
4461.000000  0.184827
4734.000000  0.225228
4969.000000  0.196299
5181.000000  0.135198
5359.000000  0.105487
5554.000000  0.122638
5652.000000  0.068049
5768.000000  0.085592
5827.000000  0.071638
5936.000000  0.108946
6085.000000  0.120799
6245.000000  0.127816
6425.000000  0.152986
6587.000000  0.104700
6824.000000  0.142310
6996.000000  0.129701
7213.000000  0.131898
7450.000000  0.153911
7706.000000  0.204823
7771.000000  0.122706
7953.000000  0.157446
8087.000000  0.133837
8257.000000  0.127953
8397.000000  0.136704
8533.000000  0.090397
8762.000000  0.121504
9030.000000  0.176893
9302.000000  0.146548
9483.000000  0.135173
9606.000000  0.125946
9731.000000  0.094486
9837.000000  0.092537
9929.000000  0.087145
10014.000000  0.063736
10124.000000  0.066885
10250.000000  0.096214
10382.000000  0.101453
10525.000000  0.090454
10703.000000  0.116717
10855.000000  0.095988
11019.000000  0.113785
11051.000000  0.062896
11282.000000  0.129487
11514.000000  0.128566
11754.000000  0.162596
12000.000000  0.200400
12277.000000  0.192962
12554.000000  0.224438
12777.000000  0.181001
12963.000000  0.164533
13104.000000  0.117024
13267.000000  0.131757
13436.000000  0.150843
13662.000000  0.184814
13913.000000  0.231027
14201.000000  0.251498
14459.000000  0.239615
14632.000000  0.172427
14792.000000  0.086625
15026.000000  0.164778
15234.000000  0.193165
15494.000000  0.223822
15789.000000  0.237233
16036.000000  0.245025
16289.000000  0.230752
16526.000000  0.214846
16741.000000  0.201178
16936.000000  0.186094
17112.000000  0.147599
17281.000000  0.144750
17470.000000  0.146056
17516.000000  0.108929
17701.000000  0.211921
17879.000000  0.258061
18070.000000  0.334962
18251.000000  0.290523
18450.000000  0.341280
18581.000000  0.338429
18747.000000  0.314313
18964.000000  0.337265
19097.000000  0.265205
19404.000000  0.362003
19661.000000  0.325453
19911.000000  0.250010
20132.000000  0.257702
20359.000000  0.212240
20472.000000  0.214742
20677.000000  0.215840
20868.000000  0.225151
21030.000000  0.245828
21168.000000  0.192738
21337.000000  0.254807
21460.000000  0.244167
21633.000000  0.300708
21797.000000  0.160008
22002.000000  0.288884
22266.000000  0.212735
22516.000000  0.334859
22614.000000  0.164444
22754.000000  0.159506
22959.000000  0.197900
23151.000000  0.426187
23382.000000  0.382939
23642.000000  0.454313
23860.000000  0.509856
24087.000000  0.513421
24219.000000  0.455122
24331.000000  0.650952
24441.000000  0.390692
24574.000000  0.072697
24607.000000  0.044896
24733.000000  0.407337
24864.000000  0.423717
25033.000000  0.450320
25259.000000  0.474957
25404.000000  0.388204
25564.000000  0.417875
25722.000000  0.392547
26031.000000  0.468656
26203.000000  0.440408
26373.000000  0.369274
26700.000000  0.421747
27063.000000  0.488001
27428.000000  0.449004
27713.000000  0.496308
27935.000000  0.392209
28066.000000  0.356346
28260.000000  0.524751
28414.000000  0.543087
28564.000000  0.458989
28710.000000  0.475506
28939.000000  0.518355
29217.000000  0.598569
29400.000000  0.526601
29540.000000  0.505299
29670.000000  0.091298
29809.000000  0.280848
30005.000000  0.819781
30099.000000  0.096080
30120.000000  0.027175
30200.000000  0.070731
30317.000000  0.084097
30459.000000  0.074164
30590.000000  0.097595
30718.000000  0.074724
30805.000000  0.082352
31022.000000  0.139149
31251.000000  0.136412
31468.000000  0.158766
31799.000000  0.173462
32047.000000  0.168979
32322.000000  0.201237
32598.000000  0.216010
32866.000000  0.188948
33045.000000  0.221389
33268.000000  0.214908
33368.000000  0.168798
33451.000000  0.090565
33535.000000  0.075421
33640.000000  0.076397
33765.000000  0.094977
33916.000000  0.252168
34023.000000  0.251631
34196.000000  0.210083
34355.000000  0.213290
34430.000000  0.207834
34622.000000  0.348124
34873.000000  0.314596
35121.000000  0.219121
35317.000000  0.275028
35466.000000  0.176423
35601.000000  0.188462
35711.000000  0.153567
35833.000000  0.200250
35944.000000  0.108787
36042.000000  0.167786
36118.000000  0.337340
36208.000000  0.280776
36325.000000  0.274413
36457.000000  0.048987
36459.000000  0.004264
36551.000000  0.035636
36592.000000  0.239156
36644.000000  0.216003
36650.000000  0.173776
36729.000000  0.214303
36817.000000  0.155454
36900.000000  0.036384
36997.000000  0.052284
37153.000000  0.094211
37381.000000  0.087058
37526.000000  0.107127
37690.000000  0.091936
37842.000000  0.091544
37933.000000  0.084006
38001.000000  0.049343
38109.000000  0.063792
38171.000000  0.104686
38327.000000  0.103502
38483.000000  0.118251
38674.000000  0.122168
38825.000000  0.137422
38924.000000  0.108915
38991.000000  0.093163
39014.000000  0.028091
39017.000000  0.011582
39071.000000  0.073073
39082.000000  0.051067
39208.000000  0.134499
39358.000000  0.070175
39470.000000  0.049478
39588.000000  0.069175
39692.000000  0.064295
39782.000000  0.069414
39874.000000  0.046807
39963.000000  0.057617
40045.000000  0.078170
40089.000000  0.031426
40097.000000  0.003251
40148.000000  0.023207
40237.000000  0.042374
40346.000000  0.087447
40470.000000  0.107078
40621.000000  0.094079
40663.000000  0.071154
40748.000000  0.078656
40774.000000  0.026690
40777.000000  0.002725
40818.000000  0.026423
