995.000000  0.172375
1206.000000  -0.050508
1415.000000  -0.007888
1620.000000  0.004905
1835.000000  0.029459
2074.000000  0.007851
2329.000000  0.018951
2627.000000  0.011287
2918.000000  0.009925
3012.000000  -0.048859
3329.000000  0.074494
3648.000000  0.003576
3857.000000  -0.061565
4139.000000  0.045698
4444.000000  0.018316
4756.000000  0.006138
5037.000000  0.011216
5328.000000  -0.034195
5612.000000  -0.018725
5766.000000  -0.043466
5810.000000  -0.035180
6036.000000  0.089597
6215.000000  -0.032820
6366.000000  -0.007663
6524.000000  -0.051794
6702.000000  0.021163
6875.000000  -0.003407
6918.000000  0.004740
7051.000000  -0.008893
7136.000000  -0.049408
7234.000000  0.017184
7397.000000  0.033242
7591.000000  0.022603
7764.000000  -0.008385
7965.000000  0.032413
8021.000000  -0.049780
8202.000000  -0.008430
8455.000000  0.038624
8659.000000  -0.006184
8870.000000  0.022968
9081.000000  -0.038590
9273.000000  0.005417
9512.000000  0.063833
9716.000000  0.003274
9800.000000  -0.066668
9985.000000  0.065314
10160.000000  -0.048284
10334.000000  0.035739
10481.000000  -0.005424
10585.000000  -0.054208
10658.000000  -0.082151
10735.000000  -0.002070
10851.000000  0.027072
10972.000000  0.017679
11082.000000  -0.026877
11183.000000  0.006289
11299.000000  -0.006968
11404.000000  0.016348
11501.000000  -0.023138
11594.000000  -0.003231
11714.000000  0.014433
11817.000000  -0.005892
11957.000000  0.014570
12058.000000  0.001366
12226.000000  0.041518
12363.000000  0.001429
12507.000000  0.008747
12685.000000  0.013808
12883.000000  0.019689
13070.000000  0.011024
13266.000000  -0.008886
13459.000000  0.001215
13586.000000  -0.038832
13692.000000  -0.016200
13830.000000  0.012201
14042.000000  0.021051
14208.000000  0.016505
14443.000000  -0.006922
14622.000000  0.006529
14811.000000  -0.010208
15043.000000  0.022678
15234.000000  0.002571
15396.000000  -0.009037
15568.000000  0.032375
15781.000000  0.002344
15935.000000  0.003144
16075.000000  -0.041741
16206.000000  0.010535
16356.000000  0.043228
16458.000000  -0.007513
16570.000000  0.008917
16705.000000  -0.033676
16964.000000  0.036612
17221.000000  -0.036222
17421.000000  -0.007856
17621.000000  -0.001677
17775.000000  0.000188
17946.000000  -0.016312
18116.000000  0.006136
18298.000000  0.013628
18443.000000  0.009400
18568.000000  0.002103
18735.000000  0.014639
18981.000000  0.019226
19163.000000  0.011050
19352.000000  -0.045791
19529.000000  0.009876
19738.000000  0.055725
19855.000000  -0.100574
19998.000000  0.002057
20180.000000  0.008591
20284.000000  0.013667
20415.000000  0.063536
20571.000000  -0.044970
20729.000000  0.038961
20851.000000  -0.013772
21021.000000  0.026144
21217.000000  0.048438
21483.000000  0.065200
21698.000000  0.047428
21848.000000  -0.152644
22031.000000  0.071594
22218.000000  -0.007452
22436.000000  0.046004
22635.000000  -0.052268
22932.000000  0.061592
23095.000000  0.057792
23274.000000  0.027924
23415.000000  -0.084357
23522.000000  -0.000676
23702.000000  0.149768
23832.000000  -0.252335
23989.000000  0.010133
24151.000000  0.011696
24243.000000  -0.144336
24341.000000  0.063077
24497.000000  0.018975
24668.000000  0.103256
24819.000000  0.304000
24966.000000  -0.012141
25092.000000  -0.368864
25218.000000  0.052477
25317.000000  -0.041187
25440.000000  -0.057284
25495.000000  -0.078070
25576.000000  0.418507
25642.000000  -0.406519
25733.000000  0.013869
25786.000000  -0.076272
25866.000000  0.010826
25928.000000  0.047521
26095.000000  0.118488
26279.000000  0.008603
26465.000000  0.060466
26648.000000  -0.026589
26758.000000  -0.021889
26841.000000  -0.048991
26964.000000  0.016288
27150.000000  0.107309
27312.000000  -0.040343
27462.000000  0.120606
27526.000000  0.159544
27571.000000  -0.328112
27643.000000  -0.198972
27704.000000  -0.010717
27763.000000  -0.012112
27832.000000  0.014991
28004.000000  0.616516
28127.000000  0.047907
28215.000000  -0.265635
28294.000000  0.063649
28390.000000  0.071057
28461.000000  0.105180
28541.000000  -0.610943
28631.000000  0.066351
28699.000000  0.004520
28732.000000  0.009884
28770.000000  0.033312
28892.000000  0.074367
29090.000000  0.101655
29328.000000  0.073791
29562.000000  -0.078976
29769.000000  -0.095766
29998.000000  0.145682
30196.000000  0.009140
30353.000000  -0.068307
30468.000000  -0.216925
30531.000000  -0.036654
30701.000000  0.169229
30772.000000  0.073842
30825.000000  -0.214698
30903.000000  -0.016571
30982.000000  0.097483
31033.000000  -0.038515
31139.000000  -0.022833
31309.000000  0.037852
31348.000000  -0.106925
31391.000000  0.049398
31456.000000  0.143325
31509.000000  0.148654
31564.000000  -0.051198
31622.000000  -0.056968
31728.000000  -0.269083
31874.000000  0.020357
32013.000000  0.009580
32136.000000  0.021228
32298.000000  0.033279
32402.000000  -0.016041
32528.000000  -0.023219
32678.000000  0.022451
32794.000000  -0.005218
32883.000000  -0.015580
32974.000000  -0.004619
33050.000000  -0.009011
33129.000000  -0.036522
33200.000000  0.016224
33266.000000  0.019801
33336.000000  0.080464
33451.000000  0.025625
33520.000000  -0.100301
33591.000000  -0.010239
33648.000000  -0.028228
33700.000000  -0.029776
33764.000000  -0.003333
33832.000000  0.007049
33927.000000  0.159500
33974.000000  -0.148747
34098.000000  0.014718
34192.000000  -0.007500
34286.000000  -0.012058
34369.000000  -0.002293
34456.000000  0.004624
34637.000000  0.026756
34665.000000  -0.026834
34801.000000  0.044464
34879.000000  -0.007591
35111.000000  0.043024
35338.000000  -0.014137
35524.000000  -0.008621
35702.000000  -0.005409
35894.000000  0.011341
36075.000000  0.004464
36170.000000  -0.030483
36271.000000  -0.006603
36386.000000  0.017148
36465.000000  -0.001983
36506.000000  -0.008295
36569.000000  -0.053507
36654.000000  0.012365
36675.000000  -0.013901
36701.000000  -0.002019
36763.000000  0.014943
36823.000000  -0.000967
36836.000000  -0.020418
36938.000000  0.018839
37041.000000  0.039329
37097.000000  -0.007727
37227.000000  0.011379
37320.000000  0.000840
37500.000000  0.040018
37695.000000  0.003546
37788.000000  -0.038015
37923.000000  0.018378
38065.000000  0.042673
38175.000000  -0.030939
38304.000000  0.000323
38404.000000  -0.013147
38522.000000  -0.012246
38650.000000  0.005816
38766.000000  0.005185
38867.000000  -0.022114
38946.000000  0.019844
39005.000000  0.018110
39079.000000  0.012970
39139.000000  -0.036210
39196.000000  0.001163
39256.000000  0.007508
39308.000000  -0.007562
39361.000000  0.039658
39397.000000  -0.075186
39426.000000  -0.025407
39516.000000  0.013060
39601.000000  0.004383
39697.000000  0.008367
39725.000000  -0.010511
39874.000000  0.043585
40024.000000  0.014431
40158.000000  -0.009219
40236.000000  0.052042
40285.000000  -0.077777
40329.000000  -0.003314
40447.000000  0.020035
40499.000000  0.013012
40518.000000  -0.056635
40533.000000  -0.017995
40604.000000  0.024209
40657.000000  -0.007672
40690.000000  -0.014621
40718.000000  -0.008627
40755.000000  0.004920
40800.000000  -0.005078
40820.000000  -0.007796
