4067.000000  87.102730
4736.000000  90.255798
5526.000000  89.442924
6022.000000  90.265610
7259.000000  89.052155
8134.000000  88.493050
9727.000000  88.139641
11245.000000  87.456741
12643.000000  88.927032
13833.000000  88.353127
16475.000000  88.931259
17564.000000  88.948021
19893.000000  87.706200
20759.000000  88.269829
22617.000000  88.383568
23373.000000  88.287910
26171.000000  87.123970
28663.000000  87.571129
29632.000000  87.137154
32055.000000  87.502144
34470.000000  87.303505
35090.000000  87.381363
37351.000000  88.203445
38035.000000  87.719162
40816.000000  87.584709
42968.000000  87.841812
44325.000000  88.091621
46390.000000  87.865814
47555.000000  88.068542
49685.000000  87.928818
52070.000000  88.109901
53874.000000  87.713234
54698.000000  87.902985
56556.000000  87.615852
58046.000000  87.170700
59124.000000  87.873596
62097.000000  88.233345
64481.000000  88.192787
65321.000000  88.187111
66846.000000  88.198784
67661.000000  88.336121
69357.000000  87.930473
69968.000000  87.951294
71860.000000  88.332207
73449.000000  88.476967
74708.000000  88.426849
76475.000000  88.100647
78208.000000  87.591629
79978.000000  88.079605
81923.000000  88.175781
84583.000000  87.764359
86779.000000  88.577812
87457.000000  87.975243
89499.000000  88.534775
92188.000000  88.538208
94702.000000  88.466370
96003.000000  88.445107
98338.000000  88.470589
99241.000000  88.718460
101482.000000  88.617996
104618.000000  88.960548
107424.000000  88.952759
109589.000000  88.739822
112456.000000  88.818581
114395.000000  88.829201
116311.000000  88.813164
117691.000000  88.498886
120796.000000  88.154930
123811.000000  88.383850
126104.000000  88.667137
127355.000000  88.685570
129082.000000  88.623032
130806.000000  88.703590
132142.000000  88.696465
134581.000000  88.997253
136526.000000  89.231224
137076.000000  89.116241
138742.000000  89.293602
139191.000000  89.857056
140615.000000  89.867439
141303.000000  90.107239
142162.000000  90.245590
142641.000000  90.684624
144187.000000  90.472626
145301.000000  90.545425
147072.000000  90.719414
148361.000000  91.201935
149329.000000  90.985687
149857.000000  91.370522
150753.000000  91.533211
151633.000000  91.197327
153081.000000  91.479805
154008.000000  91.674339
155467.000000  91.434265
156881.000000  91.453445
157554.000000  91.743515
157812.000000  91.673874
158218.000000  91.861137
158294.000000  92.099312
159087.000000  91.578262
159461.000000  92.326408
160398.000000  92.509232
160499.000000  92.198257
