269.000000  2.051235
336.000000  -1.819589
364.000000  0.010366
403.000000  0.017680
461.000000  -0.176402
489.000000  0.027230
552.000000  0.122016
601.000000  -0.161494
661.000000  -0.006108
756.000000  0.225053
801.000000  -0.080762
856.000000  -0.080233
886.000000  0.033734
931.000000  0.120065
984.000000  -0.097093
1015.000000  0.103695
1033.000000  -0.200442
1081.000000  0.058988
1122.000000  -0.117568
1160.000000  0.132697
1222.000000  0.039715
1298.000000  0.023627
1326.000000  -0.145214
1344.000000  -0.053200
1353.000000  -0.001536
1405.000000  0.014955
1440.000000  -0.012731
1466.000000  -0.011960
1488.000000  -0.005254
1517.000000  -0.007127
1561.000000  0.012617
1601.000000  0.235237
1647.000000  0.042565
1684.000000  -0.070721
1714.000000  0.074491
1749.000000  -0.085822
1802.000000  -0.008852
1837.000000  0.121643
1880.000000  0.005614
1917.000000  -0.130235
1934.000000  0.086071
1955.000000  -0.102342
1985.000000  0.165723
2014.000000  -0.032932
2050.000000  -0.010496
2071.000000  0.023786
2115.000000  -0.000344
2147.000000  0.075157
2164.000000  -0.124961
2186.000000  -0.016779
2242.000000  -0.093894
2283.000000  -0.050835
2306.000000  0.294030
2347.000000  -0.060186
2348.000000  -0.272724
2381.000000  0.200281
2431.000000  0.102456
2478.000000  0.056195
2523.000000  -0.038968
2540.000000  -0.115317
2581.000000  0.071950
2624.000000  -0.007738
2666.000000  -0.221718
2713.000000  0.209499
2749.000000  -0.013063
2796.000000  0.028887
2833.000000  -0.040290
2889.000000  -0.149590
2938.000000  0.177986
2993.000000  -0.099902
3041.000000  0.049652
3080.000000  -0.167070
3094.000000  0.168147
3142.000000  -0.051349
3197.000000  0.090910
3223.000000  -0.202121
3265.000000  0.045163
3315.000000  -0.050368
3342.000000  0.007110
3383.000000  -0.099515
3432.000000  0.119322
3473.000000  -0.075770
3526.000000  0.110463
3577.000000  -0.109231
3634.000000  0.071592
3657.000000  -0.111459
3686.000000  0.004449
3707.000000  0.044730
3748.000000  0.024965
3786.000000  -0.090478
3816.000000  -0.019834
3844.000000  0.000126
3863.000000  -0.000193
3890.000000  -0.000041
3921.000000  0.000003
3938.000000  -0.000009
3962.000000  0.000005
3980.000000  -0.000006
4010.000000  0.000019
4050.000000  -0.000003
4077.000000  -0.000009
4103.000000  -0.000002
4130.000000  0.004511
4167.000000  0.007076
4212.000000  -0.008775
4252.000000  0.152104
4299.000000  -0.098000
4333.000000  -0.056754
4373.000000  0.189722
4422.000000  -0.037628
4458.000000  -0.036390
4503.000000  0.020816
4563.000000  -0.049746
4607.000000  0.038847
4646.000000  -0.113476
4673.000000  -0.007849
4718.000000  0.096617
4758.000000  0.007327
4796.000000  -0.018617
4833.000000  0.038514
4850.000000  -0.116807
4878.000000  0.022545
4917.000000  0.071974
4941.000000  -0.082662
4972.000000  0.068032
5009.000000  -0.016951
5048.000000  0.075484
5093.000000  -0.068718
5131.000000  0.019453
5137.000000  -0.100411
5184.000000  0.132276
5243.000000  -0.132177
5294.000000  0.101802
5316.000000  -0.092574
5351.000000  0.094917
5364.000000  -0.089556
5409.000000  0.084719
5454.000000  0.018393
5512.000000  -0.063740
5550.000000  0.068121
5585.000000  0.002828
5604.000000  -0.105280
5631.000000  0.087381
5664.000000  0.002933
5703.000000  0.006606
5735.000000  -0.059678
5751.000000  -0.038124
5781.000000  0.007903
5825.000000  0.087058
5873.000000  -0.033263
5899.000000  0.046854
5930.000000  -0.099706
5960.000000  0.104864
5970.000000  -0.105023
5998.000000  0.045852
6014.000000  0.021280
6029.000000  -0.030204
6056.000000  0.051218
6105.000000  -0.007387
6172.000000  -0.089478
6228.000000  0.039993
6290.000000  -0.054411
6342.000000  0.011534
6376.000000  -0.000060
6433.000000  0.012005
6444.000000  -0.014801
6475.000000  0.018430
6508.000000  -0.006815
6531.000000  0.020454
6554.000000  -0.039795
6573.000000  0.001015
6592.000000  0.000846
6612.000000  -0.004804
6644.000000  0.075221
6660.000000  -0.035156
6680.000000  -0.008777
6711.000000  0.009929
6747.000000  0.037586
6788.000000  0.009649
6825.000000  -0.002761
6847.000000  -0.041692
6867.000000  -0.021158
6880.000000  -0.006343
6894.000000  0.000982
6909.000000  0.001721
6926.000000  0.042542
6940.000000  0.020572
6956.000000  0.005524
6973.000000  0.008408
6992.000000  -0.007707
7026.000000  0.019203
7048.000000  -0.005576
7088.000000  -0.042969
7131.000000  0.058213
7184.000000  0.022647
7225.000000  -0.032317
7292.000000  0.003827
7331.000000  -0.026870
7353.000000  -0.074139
7375.000000  0.000753
7406.000000  0.029656
7426.000000  0.094206
7467.000000  0.022398
7511.000000  -0.043682
7550.000000  -0.039778
7618.000000  -0.029086
7652.000000  0.028721
7696.000000  0.006508
7703.000000  -0.077883
7742.000000  0.061859
7772.000000  -0.004460
7794.000000  0.010600
7817.000000  -0.006026
7838.000000  -0.042875
7861.000000  0.051679
7901.000000  0.047390
7932.000000  -0.109359
7954.000000  0.105165
7992.000000  -0.079226
8049.000000  0.089409
8079.000000  -0.025955
8120.000000  0.003127
8146.000000  -0.100363
8199.000000  0.126756
8248.000000  -0.038138
8292.000000  0.011797
8323.000000  -0.004367
8361.000000  0.004228
8387.000000  -0.010201
8395.000000  -0.054767
8414.000000  -0.034671
8421.000000  -0.002542
8445.000000  0.083972
8453.000000  -0.038196
8473.000000  0.015911
8500.000000  0.033920
8545.000000  0.002661
8575.000000  -0.007457
8612.000000  -0.020065
8640.000000  0.053652
8661.000000  -0.128184
8687.000000  0.135300
8730.000000  -0.023826
8765.000000  0.026293
8806.000000  -0.102496
8829.000000  0.006859
8861.000000  -0.030264
8886.000000  0.004336
8905.000000  -0.009924
8946.000000  0.069467
8991.000000  -0.072236
9035.000000  0.031456
9064.000000  0.042373
9069.000000  -0.037400
9111.000000  0.030408
9142.000000  0.084340
9153.000000  -0.079712
9183.000000  -0.017177
9215.000000  -0.022616
9237.000000  -0.016843
9303.000000  0.093319
9345.000000  0.017404
9371.000000  -0.084338
9396.000000  0.038100
9441.000000  -0.022019
9499.000000  0.044690
9515.000000  -0.105519
9550.000000  0.108216
9572.000000  -0.005591
9647.000000  0.025998
9648.000000  -0.126762
9667.000000  0.012255
9698.000000  -0.002912
9701.000000  -0.009315
9732.000000  0.004145
9739.000000  -0.006245
9748.000000  0.029235
9774.000000  -0.004142
9790.000000  -0.014339
9806.000000  0.012417
9820.000000  0.000275
9848.000000  -0.001056
9859.000000  0.012967
9883.000000  -0.002202
9898.000000  -0.012714
9917.000000  0.014054
9932.000000  -0.033368
9959.000000  0.032444
9975.000000  0.010371
9979.000000  -0.029870
9992.000000  -0.014072
10007.000000  0.013852
10030.000000  -0.013841
10042.000000  -0.000085
10071.000000  0.033156
10095.000000  0.004650
10100.000000  -0.036407
10103.000000  -0.000793
10120.000000  0.009881
10140.000000  0.015466
10160.000000  0.001091
10190.000000  -0.005816
10215.000000  0.014465
10242.000000  -0.010286
10264.000000  -0.003330
10286.000000  0.030413
10307.000000  -0.017563
10309.000000  -0.032847
10326.000000  0.000085
10351.000000  0.019084
10367.000000  -0.014685
10374.000000  -0.003783
10380.000000  -0.000811
