2285.000000  0.364926
2914.000000  -0.031779
3065.000000  -0.138081
3643.000000  0.074947
4234.000000  0.043026
4434.000000  0.010881
5156.000000  0.144374
5939.000000  -0.023986
6690.000000  0.016163
7444.000000  0.018830
8194.000000  -0.018849
9116.000000  0.068598
9821.000000  -0.003963
10737.000000  0.075489
11470.000000  -0.063504
12292.000000  -0.039108
12847.000000  -0.008710
13551.000000  0.001135
14020.000000  -0.057121
14683.000000  0.053967
15275.000000  0.030808
15906.000000  -0.133134
16634.000000  0.051365
17135.000000  -0.058347
17834.000000  0.050147
18575.000000  0.127935
19307.000000  -0.074836
19948.000000  -0.100738
20359.000000  -0.016292
20837.000000  -0.073482
21206.000000  -0.016352
21346.000000  -0.040138
21562.000000  0.014340
21782.000000  -0.034495
22044.000000  0.055790
22324.000000  0.003171
22680.000000  0.095785
22983.000000  -0.118674
23212.000000  0.001512
23457.000000  0.034407
23688.000000  -0.031673
23921.000000  0.003657
24256.000000  -0.032775
24519.000000  -0.013124
24883.000000  0.026269
25371.000000  0.080102
25861.000000  -0.022330
26451.000000  0.004937
26869.000000  0.043138
27368.000000  -0.026477
27956.000000  0.121454
28500.000000  -0.087157
29021.000000  0.117942
29635.000000  -0.119545
30137.000000  0.201754
30794.000000  0.089786
31453.000000  -0.015507
32077.000000  0.075052
32699.000000  -0.029211
33312.000000  0.114622
34011.000000  -0.109173
34723.000000  0.083864
35594.000000  0.039258
36186.000000  -0.127749
36798.000000  0.160219
37261.000000  0.051682
37523.000000  -0.453057
37813.000000  0.114562
38117.000000  -0.138929
38470.000000  0.064507
38882.000000  0.014804
39087.000000  -0.134280
39272.000000  -0.047810
39550.000000  0.085344
39908.000000  -0.036811
40162.000000  0.015742
40605.000000  0.055276
41227.000000  -0.053607
41992.000000  0.111564
42487.000000  -0.083577
43127.000000  0.034003
43814.000000  0.043800
44157.000000  -0.196966
44716.000000  0.245890
45270.000000  0.047482
45576.000000  -0.110981
46078.000000  0.001142
46437.000000  -0.001880
46665.000000  -0.093460
46980.000000  -0.085015
47255.000000  -0.061907
47770.000000  0.113245
48346.000000  0.214464
48808.000000  -0.125258
49464.000000  0.085999
49891.000000  -0.069561
50316.000000  -0.035666
50849.000000  0.251003
51517.000000  0.083097
52022.000000  0.058717
52491.000000  -0.084540
53070.000000  0.005956
53639.000000  0.074341
54191.000000  0.452180
54408.000000  -0.585906
54627.000000  -0.002402
54839.000000  0.057518
55037.000000  0.180115
55337.000000  -0.470343
55578.000000  0.126236
55999.000000  0.871106
56156.000000  0.310752
56354.000000  -1.654940
56474.000000  -0.036453
56687.000000  0.057220
57016.000000  0.044651
57167.000000  0.310234
57690.000000  0.414831
58269.000000  -0.247085
58843.000000  0.500375
59514.000000  -0.726504
60093.000000  0.530555
60952.000000  -0.383471
61603.000000  -0.089932
62465.000000  0.114422
63025.000000  -0.105207
63787.000000  0.056369
64249.000000  -0.117835
64859.000000  0.114679
65320.000000  0.065418
65531.000000  -0.122458
65676.000000  0.192783
65919.000000  0.396604
66332.000000  -0.626225
66745.000000  0.041856
67092.000000  -0.021542
67471.000000  1.132158
67765.000000  -1.362741
67985.000000  -0.019550
68156.000000  -0.075270
68368.000000  0.203651
68618.000000  0.173185
68882.000000  -0.020474
69204.000000  0.340603
69703.000000  0.244376
70110.000000  -0.704889
70395.000000  0.326747
70794.000000  -0.429144
71045.000000  0.298146
71299.000000  0.295749
71527.000000  0.135606
72011.000000  0.107368
72652.000000  0.250365
73232.000000  -0.020070
73714.000000  -0.179011
74281.000000  -0.235587
74635.000000  -0.469610
75036.000000  -0.188891
75340.000000  0.027492
75541.000000  0.031854
75870.000000  0.132170
76351.000000  0.115112
76851.000000  0.048840
77434.000000  0.071165
77996.000000  0.050949
78429.000000  -0.023587
78804.000000  -0.287423
79099.000000  -0.175768
79483.000000  -0.057683
79966.000000  0.109968
80225.000000  0.039833
80466.000000  0.038148
80708.000000  0.133601
80979.000000  0.050202
81388.000000  -0.201858
81518.000000  -0.206966
81585.000000  0.199546
81732.000000  -0.052576
81769.000000  -0.266365
81784.000000  0.242495
81999.000000  0.144100
82205.000000  0.423430
82319.000000  -0.183567
82402.000000  -0.088642
82491.000000  0.310674
82744.000000  -0.462987
82886.000000  -0.183862
83215.000000  -0.072603
83562.000000  0.014367
83733.000000  -0.043447
83971.000000  0.022724
84075.000000  -0.001414
84255.000000  0.064112
84619.000000  0.384408
85153.000000  0.004923
85876.000000  0.114236
86409.000000  0.016428
86794.000000  0.000971
87026.000000  -0.276931
87363.000000  -0.140128
87643.000000  -0.064036
87916.000000  0.038088
88149.000000  -0.030019
88277.000000  -0.067516
88364.000000  0.061530
88460.000000  -0.008252
88521.000000  0.224890
88527.000000  -0.125414
88733.000000  -0.284707
88851.000000  0.014998
89049.000000  0.028501
89220.000000  0.014147
89323.000000  0.042732
89423.000000  -0.045719
89515.000000  -0.023408
89616.000000  0.019913
89789.000000  -0.050282
89981.000000  0.025372
90130.000000  -0.004079
90215.000000  -0.004175
90346.000000  0.013428
90428.000000  0.000932
90521.000000  0.029881
90524.000000  -0.076539
90772.000000  0.109505
90925.000000  -0.074059
90998.000000  -0.014821
91074.000000  0.077507
91239.000000  -0.003074
91306.000000  -0.075593
91432.000000  0.031251
91497.000000  0.041512
91502.000000  -0.086074
