2285.000000  76.395378
2914.000000  82.659592
3065.000000  75.410172
3643.000000  78.789909
4234.000000  80.913338
4434.000000  80.787239
5156.000000  84.590813
5939.000000  82.806763
6690.000000  80.530479
7444.000000  81.710144
8194.000000  79.907433
9116.000000  80.816200
9821.000000  79.025749
10737.000000  80.848976
11470.000000  77.183487
12292.000000  76.099571
12847.000000  75.405502
13551.000000  74.884239
14020.000000  70.673065
14683.000000  72.092224
15275.000000  73.693138
15906.000000  65.669144
16634.000000  69.219521
17135.000000  64.376976
17834.000000  68.324936
18575.000000  72.237701
19307.000000  67.110374
19948.000000  62.914341
20359.000000  60.954762
20837.000000  56.260384
21206.000000  53.298454
21346.000000  51.055305
21562.000000  51.864685
21782.000000  47.844681
22044.000000  53.096817
22324.000000  52.760635
22680.000000  60.354836
22983.000000  45.576778
23212.000000  47.108887
23457.000000  53.022202
23688.000000  49.803883
23921.000000  49.619312
24256.000000  47.028194
24519.000000  42.608551
24883.000000  47.748505
25371.000000  53.789883
25861.000000  51.798260
26451.000000  52.447067
26869.000000  55.449474
27368.000000  52.854431
27956.000000  58.948685
28500.000000  54.424294
29021.000000  58.740479
29635.000000  52.559216
30137.000000  62.325668
30794.000000  65.251610
31453.000000  65.121719
32077.000000  68.043655
32699.000000  66.471329
33312.000000  69.682243
34011.000000  65.155510
34723.000000  67.719040
35594.000000  68.619637
36186.000000  63.962166
36798.000000  67.849892
37261.000000  69.472328
37523.000000  52.069187
37813.000000  57.141476
38117.000000  50.348915
38470.000000  54.168720
38882.000000  54.561771
39087.000000  44.806278
39272.000000  43.090828
39550.000000  49.744694
39908.000000  45.243938
40162.000000  44.981167
40605.000000  50.491749
41227.000000  46.272961
41992.000000  51.268166
42487.000000  46.312492
43127.000000  50.809322
43814.000000  52.455544
44157.000000  37.308590
44716.000000  52.708347
45270.000000  55.943882
45576.000000  50.215786
46078.000000  50.008572
46437.000000  50.131271
46665.000000  43.910664
46980.000000  38.100342
47255.000000  31.542597
47770.000000  40.643501
48346.000000  53.082405
48808.000000  46.754829
49464.000000  50.476074
49891.000000  47.090809
50316.000000  43.712864
50849.000000  56.313801
51517.000000  59.421234
52022.000000  58.985268
52491.000000  57.648861
53070.000000  57.215763
53639.000000  59.283470
54191.000000  67.585808
54408.000000  55.224194
54627.000000  54.369766
54839.000000  54.952007
55037.000000  61.664116
55337.000000  43.228882
55578.000000  49.414024
55999.000000  70.601837
56156.000000  73.344048
56354.000000  12.496958
56474.000000  6.719550
56687.000000  14.926924
57016.000000  19.997402
57167.000000  43.840248
57690.000000  58.896290
58269.000000  50.919724
58843.000000  64.559364
59514.000000  39.167599
60093.000000  59.689499
60952.000000  46.309376
61603.000000  42.013290
62465.000000  47.963737
63025.000000  42.309216
63787.000000  45.013313
64249.000000  37.041180
64859.000000  43.955441
65320.000000  44.425102
65531.000000  39.856819
65676.000000  49.362202
65919.000000  60.694580
66332.000000  36.219769
66745.000000  40.649353
67092.000000  39.523323
67471.000000  67.901093
67765.000000  23.092279
67985.000000  20.847454
68156.000000  7.940639
68368.000000  30.677355
68618.000000  41.031590
68882.000000  40.761395
69204.000000  52.622284
69703.000000  59.166546
70110.000000  33.768227
70395.000000  48.042309
70794.000000  26.179903
71045.000000  43.602348
71299.000000  53.816040
71527.000000  57.038349
72011.000000  59.281010
72652.000000  63.556610
73232.000000  63.562538
73714.000000  59.789394
74281.000000  54.167770
74635.000000  36.002956
75036.000000  24.910297
75340.000000  26.020935
75541.000000  29.251770
75870.000000  36.317028
76351.000000  41.550400
76851.000000  44.023243
77434.000000  46.330688
77996.000000  47.742474
78429.000000  47.362484
78804.000000  34.389313
79099.000000  22.388699
79483.000000  17.640797
79966.000000  26.296381
80225.000000  28.876606
80466.000000  30.826744
80708.000000  36.990166
80979.000000  39.600052
81388.000000  29.258987
81518.000000  14.801155
81585.000000  29.336918
81732.000000  25.119982
81769.000000  2.442138
81784.000000  24.908989
81999.000000  31.445536
82205.000000  50.117653
82319.000000  44.251068
82402.000000  39.775322
82491.000000  51.530617
82744.000000  33.415146
82886.000000  19.906336
83215.000000  15.203379
83562.000000  16.354324
83733.000000  12.568304
83971.000000  14.780307
84075.000000  14.909604
84255.000000  19.376837
84619.000000  40.808949
85153.000000  40.322956
85876.000000  45.932953
86409.000000  46.047489
86794.000000  45.412289
87026.000000  34.529030
87363.000000  25.879982
87643.000000  21.323462
87916.000000  25.164795
88149.000000  21.760122
88277.000000  17.550676
88364.000000  22.704706
88460.000000  21.023319
88521.000000  34.801510
88527.000000  27.702269
88733.000000  5.914285
88851.000000  7.339455
89049.000000  10.289808
89220.000000  11.172167
89323.000000  15.195797
89423.000000  10.499199
89515.000000  8.423651
89616.000000  10.216147
89789.000000  5.963097
89981.000000  8.190128
90130.000000  7.780585
90215.000000  7.489257
90346.000000  8.899138
90428.000000  8.709776
90521.000000  11.565683
90524.000000  4.284366
90772.000000  14.444285
90925.000000  7.390927
90998.000000  6.256886
91074.000000  11.865128
91239.000000  12.022759
91306.000000  6.307622
91432.000000  8.971206
91497.000000  12.350588
91502.000000  4.780567
