216.000000  0.154795
290.000000  -0.038825
347.000000  -0.002554
409.000000  0.005360
479.000000  0.025572
523.000000  -0.029076
590.000000  -0.007844
652.000000  0.027206
730.000000  -0.035042
824.000000  0.038705
887.000000  0.004354
939.000000  -0.024853
999.000000  0.016977
1055.000000  -0.017448
1113.000000  0.013168
1172.000000  -0.015585
1271.000000  0.034008
1358.000000  -0.008972
1420.000000  0.015057
1473.000000  -0.008295
1505.000000  -0.010743
1527.000000  -0.005278
1553.000000  0.014958
1557.000000  0.027235
1619.000000  -0.034649
1690.000000  -0.001826
1772.000000  0.007176
1811.000000  -0.004547
1851.000000  -0.011557
1911.000000  0.047428
1937.000000  -0.041436
1977.000000  -0.001791
1978.000000  0.002057
2060.000000  0.002352
2122.000000  0.023582
2167.000000  -0.030468
2217.000000  0.019648
2273.000000  -0.025301
2329.000000  0.025626
2351.000000  -0.020543
2354.000000  -0.012127
2417.000000  0.038479
2488.000000  -0.060879
2563.000000  0.041696
2623.000000  -0.011348
2665.000000  0.005793
2722.000000  -0.010452
2804.000000  0.010088
2873.000000  0.010435
2930.000000  -0.008341
3003.000000  -0.019744
3078.000000  0.031600
3147.000000  -0.023002
3202.000000  0.007269
3316.000000  0.013228
3400.000000  0.004668
3472.000000  -0.002738
3559.000000  0.028235
3638.000000  0.009102
3713.000000  -0.000649
3796.000000  -0.011916
3871.000000  0.008646
3959.000000  -0.007634
4038.000000  0.007305
4131.000000  0.004007
4209.000000  0.008476
4299.000000  -0.000837
4390.000000  -0.006993
4458.000000  0.009299
4528.000000  -0.006149
4600.000000  -0.031926
4644.000000  -0.010553
4697.000000  0.014773
4756.000000  0.017103
4817.000000  -0.004393
4876.000000  0.002053
4922.000000  -0.030023
4981.000000  0.026128
5042.000000  -0.008368
5101.000000  0.001058
5162.000000  -0.006272
5222.000000  0.015160
5278.000000  -0.040027
5329.000000  0.030936
5367.000000  -0.004138
5422.000000  -0.020626
5503.000000  0.046677
5578.000000  -0.002458
5634.000000  -0.016265
5690.000000  0.006500
5746.000000  0.000321
5801.000000  -0.012608
5846.000000  0.029716
5918.000000  -0.020496
6013.000000  0.010626
6098.000000  0.014211
6167.000000  0.005177
6225.000000  -0.001753
6281.000000  -0.023786
6338.000000  0.004378
6394.000000  -0.008448
6449.000000  0.008504
6497.000000  -0.008438
6532.000000  -0.008793
6584.000000  -0.001894
6641.000000  -0.007340
6712.000000  0.085279
6785.000000  -0.024016
6874.000000  -0.018989
6964.000000  0.019105
7043.000000  0.010287
7120.000000  -0.013912
7215.000000  0.002680
7278.000000  -0.036492
7351.000000  0.058893
7416.000000  -0.023931
7489.000000  -0.028897
7554.000000  0.024010
7627.000000  0.006823
7721.000000  -0.046301
7779.000000  0.072104
7817.000000  -0.015538
7847.000000  0.007113
7885.000000  -0.003246
7924.000000  -0.038045
7976.000000  -0.003062
8018.000000  -0.001429
8062.000000  0.006235
8114.000000  0.011941
8172.000000  -0.043528
8232.000000  0.037910
8279.000000  -0.011078
8319.000000  0.005706
8369.000000  0.019751
8419.000000  -0.050200
8473.000000  -0.009828
8529.000000  0.036780
8585.000000  -0.002628
8641.000000  -0.013209
8696.000000  0.034528
8743.000000  0.050762
8773.000000  -0.044378
8791.000000  0.055700
8800.000000  -0.045475
8808.000000  0.029783
8824.000000  -0.016551
8849.000000  0.023122
8880.000000  0.058601
8906.000000  0.032807
8915.000000  -0.031837
8945.000000  -0.013511
8980.000000  0.047988
9017.000000  -0.094594
9065.000000  0.036424
9110.000000  0.001947
9149.000000  -0.035596
9185.000000  0.010378
9237.000000  -0.000031
9286.000000  0.036684
9320.000000  -0.033419
9361.000000  -0.012107
9411.000000  -0.003271
9463.000000  0.003855
9515.000000  -0.034162
9567.000000  0.021774
9619.000000  0.010261
9655.000000  0.020377
9681.000000  -0.041295
9730.000000  0.030046
9778.000000  -0.010077
9825.000000  -0.020418
9877.000000  0.028483
9922.000000  -0.015991
9964.000000  -0.036340
10013.000000  0.034776
10047.000000  0.012905
10082.000000  -0.018072
10152.000000  0.035299
10183.000000  0.026182
10203.000000  -0.026207
10240.000000  0.037344
10287.000000  0.024704
10345.000000  0.004953
10410.000000  0.022822
10488.000000  -0.067454
10573.000000  0.048381
10646.000000  0.010031
10732.000000  0.035031
10788.000000  0.155977
10793.000000  -0.000433
10805.000000  -0.107306
10823.000000  0.005613
10847.000000  0.012702
10887.000000  0.066814
10916.000000  0.117340
10928.000000  -0.029125
10939.000000  0.085874
10941.000000  0.055105
10987.000000  -0.238343
11038.000000  -0.078447
11099.000000  -0.109396
11141.000000  -0.129148
11196.000000  0.033375
11248.000000  -0.020986
11307.000000  0.003431
11368.000000  0.005113
11427.000000  -0.008764
11477.000000  -0.027875
11513.000000  0.042234
11565.000000  -0.011106
11604.000000  0.032183
11620.000000  0.027045
11641.000000  0.113675
11659.000000  0.023182
11671.000000  0.213856
11672.000000  -0.048492
11674.000000  -0.391042
11733.000000  0.005964
11844.000000  0.034990
11928.000000  0.004860
12017.000000  0.015884
12096.000000  0.000414
12180.000000  0.012290
12261.000000  -0.021426
12336.000000  -0.020355
12420.000000  0.035000
12513.000000  0.049555
12592.000000  -0.048661
12665.000000  0.024700
12744.000000  -0.047258
12801.000000  0.020871
12860.000000  -0.000655
12919.000000  -0.035689
12987.000000  0.001245
13023.000000  -0.037574
13077.000000  0.037765
13136.000000  0.018016
13168.000000  0.002133
13225.000000  0.011466
13290.000000  0.074015
13327.000000  -0.025541
13361.000000  -0.008752
13404.000000  -0.024266
13448.000000  -0.006359
13500.000000  0.011525
13514.000000  -0.060085
13560.000000  0.031150
13586.000000  0.007748
13611.000000  0.004319
13635.000000  0.024691
13659.000000  0.009386
13683.000000  0.010436
13708.000000  -0.042283
13735.000000  0.051359
13764.000000  -0.067897
13798.000000  0.032342
13839.000000  -0.018266
13842.000000  -0.060199
13893.000000  0.020987
13986.000000  0.014580
14029.000000  -0.004514
14069.000000  -0.018418
14109.000000  -0.058248
14150.000000  0.025594
14205.000000  0.046044
14270.000000  0.008042
14324.000000  0.008420
14380.000000  0.001315
14446.000000  -0.014948
14518.000000  0.004508
14592.000000  -0.039573
14644.000000  0.043674
14704.000000  -0.004567
14750.000000  0.002931
14785.000000  0.004544
14841.000000  -0.022029
14902.000000  0.026099
14958.000000  -0.012697
15011.000000  0.011465
15072.000000  -0.019518
15131.000000  0.006313
15191.000000  0.028188
15252.000000  -0.053867
15310.000000  0.043511
15372.000000  0.000675
15432.000000  0.003208
15491.000000  0.000422
15552.000000  0.003777
15612.000000  -0.014675
15667.000000  -0.002330
15715.000000  0.006193
15750.000000  -0.038161
15801.000000  0.028621
15854.000000  -0.013988
15908.000000  0.001741
15947.000000  0.017613
15995.000000  -0.017873
16053.000000  0.010012
16102.000000  0.001152
16156.000000  0.009431
16207.000000  -0.018118
16262.000000  -0.037321
16332.000000  0.075487
16390.000000  -0.000367
16475.000000  0.009260
16503.000000  -0.022634
16567.000000  -0.010931
16574.000000  0.005173
16596.000000  -0.070163
16617.000000  0.091238
16657.000000  -0.018028
16723.000000  -0.006512
16763.000000  0.029542
16804.000000  -0.015239
16848.000000  -0.037439
16933.000000  0.034191
16976.000000  0.006324
17007.000000  -0.021746
17050.000000  0.026727
17118.000000  -0.005465
17299.000000  0.015490
17321.000000  -0.099835
17410.000000  0.101046
17472.000000  -0.071030
17532.000000  0.054103
17577.000000  -0.009917
17586.000000  -0.002223
17668.000000  -0.002838
17718.000000  0.002814
17767.000000  0.037927
17831.000000  -0.017532
17915.000000  0.000832
17987.000000  -0.008508
18040.000000  -0.004277
18052.000000  -0.012840
18093.000000  0.008751
18121.000000  -0.036506
18189.000000  0.025201
18248.000000  0.036845
18335.000000  -0.048596
18424.000000  0.055049
18511.000000  0.006461
18594.000000  0.018662
18667.000000  -0.001009
18731.000000  -0.020648
18796.000000  0.009971
18859.000000  -0.024489
18932.000000  -0.005943
18975.000000  0.015379
19024.000000  -0.000411
19084.000000  -0.049008
19147.000000  0.008994
19233.000000  0.016444
19296.000000  0.038532
19391.000000  -0.034996
19467.000000  0.046695
19530.000000  0.008124
19622.000000  0.008916
19702.000000  -0.048972
19773.000000  0.045396
19814.000000  -0.042551
19865.000000  -0.032826
19921.000000  0.053716
19978.000000  -0.011829
20033.000000  -0.035193
20093.000000  0.049666
20202.000000  -0.009148
20255.000000  0.006810
20311.000000  0.025121
20371.000000  -0.020845
20432.000000  -0.010784
20488.000000  -0.006875
20509.000000  0.011564
20536.000000  0.040466
20582.000000  0.015352
20621.000000  -0.019556
20669.000000  0.028211
20711.000000  0.014969
20717.000000  -0.044926
20732.000000  0.063673
20760.000000  0.014491
20809.000000  0.024016
20837.000000  0.015870
20838.000000  0.017542
20868.000000  -0.135576
20912.000000  -0.021818
20938.000000  0.032463
20953.000000  -0.049600
20955.000000  0.043128
21025.000000  -0.003702
21081.000000  -0.045115
21172.000000  0.041987
21241.000000  -0.059691
21297.000000  0.034767
21365.000000  -0.007912
21420.000000  -0.056444
21455.000000  0.068799
21504.000000  -0.045236
21551.000000  0.025690
21580.000000  0.019065
21617.000000  -0.003063
21649.000000  -0.039895
21738.000000  0.045435
21814.000000  -0.003698
21880.000000  -0.033110
21953.000000  0.028243
22047.000000  0.006966
22116.000000  0.002364
22202.000000  0.000073
22298.000000  0.026797
22391.000000  0.016012
22469.000000  -0.006914
22551.000000  -0.000059
22632.000000  -0.025311
22717.000000  -0.020213
22804.000000  0.041640
22850.000000  -0.033590
22899.000000  -0.029941
22947.000000  0.016770
22991.000000  0.024526
23036.000000  0.029572
23096.000000  -0.006661
23193.000000  0.050589
23242.000000  0.025091
23294.000000  -0.035644
23360.000000  -0.039254
23424.000000  0.000894
23498.000000  0.002613
23591.000000  -0.020572
23662.000000  -0.011794
23709.000000  -0.010925
23765.000000  0.007103
23836.000000  -0.014851
23912.000000  0.054004
23975.000000  -0.053980
24036.000000  0.033788
24119.000000  0.002669
24205.000000  -0.014005
24287.000000  0.041822
24343.000000  -0.006205
24409.000000  -0.029808
24461.000000  0.020391
24539.000000  -0.035695
24603.000000  0.006009
24643.000000  -0.000486
24697.000000  -0.034786
24745.000000  0.007635
24799.000000  0.054226
24856.000000  -0.019906
24912.000000  -0.036985
24966.000000  0.052301
24984.000000  0.008763
25005.000000  0.010153
25045.000000  -0.010283
25090.000000  0.009826
25135.000000  0.057874
25159.000000  0.016524
25188.000000  -0.012983
25223.000000  0.028669
25257.000000  -0.018089
25282.000000  -0.023452
25324.000000  0.082982
25360.000000  0.043250
25367.000000  0.001051
25369.000000  -0.052239
25395.000000  -0.044782
25400.000000  -0.021972
25484.000000  -0.073190
25516.000000  -0.077243
25558.000000  0.052898
25564.000000  -0.015413
25594.000000  0.009948
25625.000000  -0.009273
25628.000000  0.009368
25694.000000  0.053702
25784.000000  -0.013543
25892.000000  0.004944
25975.000000  0.009677
26018.000000  -0.035867
26078.000000  0.027587
26172.000000  0.014633
26231.000000  0.011603
26277.000000  -0.020080
26333.000000  -0.024634
26400.000000  0.008472
26437.000000  -0.007494
26451.000000  -0.001649
26454.000000  -0.010370
26535.000000  0.002861
26589.000000  0.038002
26646.000000  -0.016578
26732.000000  0.010188
26778.000000  -0.016081
26817.000000  0.005069
26845.000000  -0.044470
26884.000000  0.044807
26892.000000  -0.072097
26915.000000  0.069234
26960.000000  -0.027610
27013.000000  0.013034
27055.000000  -0.013655
27104.000000  0.012777
27158.000000  0.006131
27216.000000  0.005424
27270.000000  -0.004207
27325.000000  -0.033757
27375.000000  0.001827
27423.000000  0.016191
27464.000000  0.020921
27472.000000  -0.030080
27520.000000  0.022183
27605.000000  0.000659
27680.000000  0.010083
27753.000000  0.012354
27794.000000  -0.012050
27863.000000  0.000357
27889.000000  0.002894
27938.000000  0.002848
27941.000000  -0.009358
27984.000000  -0.026615
28048.000000  -0.003495
28103.000000  0.037093
28160.000000  -0.017477
28224.000000  -0.035185
28251.000000  0.052497
28296.000000  0.003539
28350.000000  0.024679
28382.000000  -0.007452
28421.000000  -0.001445
28454.000000  -0.065058
28516.000000  0.044552
28590.000000  0.011523
28647.000000  -0.009084
28726.000000  0.005184
28822.000000  0.020707
28885.000000  -0.004322
28955.000000  -0.013039
29045.000000  -0.039324
29116.000000  0.026947
29162.000000  -0.001938
29200.000000  -0.047265
29241.000000  0.044087
29289.000000  -0.011384
29333.000000  -0.044578
29377.000000  0.071486
29421.000000  -0.067897
29461.000000  0.004396
29462.000000  0.045321
29530.000000  0.001565
29595.000000  0.016124
29671.000000  0.008064
29758.000000  0.018208
29833.000000  0.005118
29936.000000  -0.001991
29984.000000  -0.009882
30031.000000  -0.019200
30086.000000  0.029680
30118.000000  -0.020033
30160.000000  -0.020501
30212.000000  -0.008900
30283.000000  0.100603
30301.000000  -0.096651
30312.000000  0.008072
30355.000000  -0.002261
30421.000000  -0.013390
30478.000000  0.029165
30534.000000  -0.015755
30592.000000  0.021817
30636.000000  -0.011538
30672.000000  -0.052164
30724.000000  0.040750
30754.000000  0.051951
30777.000000  -0.036605
30812.000000  -0.000012
30831.000000  -0.050120
30879.000000  0.045817
30963.000000  -0.041118
31030.000000  0.021631
31105.000000  -0.007674
31181.000000  0.031160
31266.000000  -0.010481
31301.000000  -0.020709
31319.000000  0.046724
31341.000000  0.005016
31367.000000  -0.024509
31372.000000  -0.004100
31447.000000  0.017179
31512.000000  -0.030780
31586.000000  0.026285
31677.000000  0.035382
31772.000000  0.026751
31865.000000  -0.018102
31945.000000  -0.000725
31966.000000  -0.048915
31988.000000  0.036129
32013.000000  -0.001040
32046.000000  0.006838
32069.000000  -0.017879
32110.000000  0.030855
32152.000000  -0.027381
32153.000000  -0.022272
32242.000000  0.016116
32317.000000  0.018893
32378.000000  -0.016614
32449.000000  0.004100
32514.000000  0.008038
32554.000000  -0.018693
32561.000000  0.005245
32630.000000  0.032928
32696.000000  0.002631
32726.000000  -0.033253
32770.000000  -0.043872
32823.000000  0.049118
32867.000000  -0.006053
32917.000000  -0.031446
32975.000000  0.042355
33036.000000  0.022593
33100.000000  -0.020701
33164.000000  -0.036489
33228.000000  0.031552
33289.000000  -0.038167
33362.000000  0.034443
33405.000000  0.018553
33422.000000  0.004287
33445.000000  -0.023230
33479.000000  0.022641
33511.000000  -0.042259
33546.000000  0.024792
33576.000000  -0.000712
33583.000000  0.028185
33628.000000  -0.030070
33702.000000  -0.011333
33782.000000  0.026215
33852.000000  0.000522
33897.000000  -0.019336
33943.000000  0.003269
33997.000000  0.010028
34026.000000  0.002669
34058.000000  -0.010762
34081.000000  0.022629
34083.000000  -0.014519
34144.000000  0.000022
34243.000000  0.012497
34334.000000  0.004453
34430.000000  0.014475
34508.000000  -0.033581
34590.000000  0.009428
34682.000000  0.037168
34776.000000  0.006678
34845.000000  -0.003353
34879.000000  -0.055731
34911.000000  0.038070
34967.000000  0.003987
35016.000000  0.006532
35062.000000  0.003582
35114.000000  -0.053742
35169.000000  0.045815
35216.000000  -0.027856
35249.000000  0.009310
35277.000000  0.014873
35322.000000  0.052938
35392.000000  0.035248
35474.000000  -0.043015
35544.000000  0.014879
35581.000000  -0.030634
35613.000000  -0.063772
35679.000000  0.034385
35748.000000  0.005779
35794.000000  -0.010823
35824.000000  -0.004873
35858.000000  0.095289
35859.000000  -0.122099
35946.000000  0.048790
36038.000000  -0.077447
36094.000000  0.029095
36178.000000  0.033175
36257.000000  -0.017337
36365.000000  0.018743
36409.000000  -0.007929
36463.000000  0.004263
36562.000000  0.014626
36650.000000  -0.005589
36751.000000  -0.048960
36810.000000  0.074628
36845.000000  -0.075749
36890.000000  0.024070
36948.000000  0.005465
36988.000000  -0.054833
37014.000000  0.049269
37051.000000  -0.033605
37112.000000  0.035382
37174.000000  -0.018164
37236.000000  0.015983
37255.000000  -0.039881
37345.000000  0.058756
37429.000000  -0.027145
37464.000000  0.002929
37505.000000  -0.012634
37514.000000  -0.003744
37620.000000  0.044554
37711.000000  0.006384
37754.000000  -0.001457
37801.000000  -0.063333
37857.000000  0.064291
37887.000000  -0.039686
37911.000000  -0.003736
37973.000000  0.015963
37999.000000  -0.014825
38022.000000  0.024555
38038.000000  -0.024042
38041.000000  -0.036210
38046.000000  0.045365
38141.000000  0.048627
38232.000000  0.009717
38321.000000  -0.041957
38362.000000  -0.007561
38414.000000  -0.024095
38472.000000  0.030281
38524.000000  0.020775
38578.000000  -0.007313
38633.000000  -0.024556
38664.000000  0.068835
38696.000000  -0.050650
38732.000000  -0.023737
38759.000000  0.022712
38788.000000  0.014378
38808.000000  -0.042397
38814.000000  0.039909
38862.000000  0.003612
38909.000000  -0.022965
38921.000000  -0.004785
38952.000000  0.006155
38954.000000  -0.006874
39043.000000  0.031191
39089.000000  -0.014960
39126.000000  0.001182
39166.000000  -0.015020
39191.000000  -0.033181
39195.000000  0.039872
39272.000000  0.031316
39334.000000  0.005092
39387.000000  -0.026865
39465.000000  0.038424
39531.000000  -0.026982
39575.000000  0.025233
39616.000000  -0.031703
39636.000000  0.040856
39647.000000  -0.046752
39710.000000  0.023864
39779.000000  0.009691
39839.000000  -0.047954
39899.000000  0.002089
39959.000000  0.014591
40010.000000  0.018651
40060.000000  -0.015601
40112.000000  0.012162
40144.000000  -0.031325
40173.000000  -0.004545
40201.000000  -0.012769
40225.000000  -0.011236
40289.000000  0.058457
40349.000000  -0.031913
40419.000000  0.042281
40503.000000  0.005062
40574.000000  -0.028221
40664.000000  0.041902
40715.000000  -0.014597
40738.000000  -0.010881
40769.000000  0.008543
40796.000000  -0.020723
40823.000000  -0.002137
