4067.000000  35.188156
6259.000000  -27.798546
8707.000000  -0.667296
11692.000000  -1.729054
13772.000000  1.434323
15856.000000  1.624357
16257.000000  -6.373355
16871.000000  1.644465
17507.000000  0.610767
18240.000000  1.802342
19428.000000  1.841811
19951.000000  -3.148700
20561.000000  -3.051465
20956.000000  0.287490
21658.000000  4.966310
23944.000000  0.984610
26259.000000  -4.570681
26686.000000  -1.855427
28599.000000  1.972257
29628.000000  0.534643
30739.000000  2.024424
31604.000000  -4.492696
32515.000000  0.332898
33659.000000  1.287622
34572.000000  3.126284
36329.000000  -4.124258
36923.000000  -0.169030
37324.000000  4.684922
37345.000000  -1.034194
38476.000000  0.494838
40188.000000  -0.100637
42946.000000  -1.137576
45165.000000  4.232872
47133.000000  -2.317246
48722.000000  0.375675
49911.000000  -0.699799
50923.000000  -1.316044
53178.000000  2.672518
54782.000000  -0.442869
56656.000000  0.298919
58405.000000  0.004517
60030.000000  -0.344665
61605.000000  -0.553990
64407.000000  -1.567612
67263.000000  -1.733953
67906.000000  -1.663408
69556.000000  5.152343
73021.000000  0.836271
75782.000000  0.287138
78470.000000  -1.836490
81473.000000  0.189708
84883.000000  -0.937492
86265.000000  -1.366030
87814.000000  -0.058257
89305.000000  -0.128517
90852.000000  -0.626571
92470.000000  0.769840
93563.000000  -1.270112
94612.000000  0.459955
96049.000000  0.538725
97842.000000  0.527158
99163.000000  0.419216
101426.000000  0.036171
104225.000000  0.447516
106907.000000  0.398547
109116.000000  -1.274092
109907.000000  0.030941
111699.000000  0.220056
112471.000000  -0.937980
113869.000000  -0.081656
115022.000000  -0.291010
116253.000000  -0.172865
117425.000000  0.474023
118094.000000  -0.649714
118451.000000  0.088034
119256.000000  -0.093864
119884.000000  -0.173761
120470.000000  0.003264
121304.000000  0.872199
123007.000000  0.137170
123763.000000  -0.163302
124811.000000  0.368587
126292.000000  -0.034723
126782.000000  -0.557044
127247.000000  -0.713085
129005.000000  1.328250
129466.000000  -1.225935
130141.000000  -0.220558
130510.000000  -0.039176
130747.000000  -0.093211
131200.000000  0.771190
131609.000000  -0.267501
132425.000000  -0.037793
133225.000000  -0.029329
133892.000000  -0.315874
134718.000000  0.143763
135675.000000  -0.310591
136830.000000  0.474186
137685.000000  0.168150
138236.000000  -0.217024
138853.000000  0.312800
139373.000000  -0.064292
140181.000000  -0.107474
140846.000000  -0.554640
140929.000000  -0.238278
141313.000000  0.293514
142229.000000  0.049091
142972.000000  0.137429
143534.000000  -0.082772
144017.000000  -0.106253
144102.000000  -0.138222
144729.000000  -0.013442
145172.000000  0.004231
145259.000000  -0.185374
145273.000000  -0.073451
146209.000000  0.189400
146254.000000  -0.236390
146942.000000  0.228283
147532.000000  0.015664
148381.000000  0.126065
149251.000000  0.106739
150171.000000  0.192734
150590.000000  0.063850
150996.000000  -0.147377
151652.000000  -0.086008
152136.000000  0.026088
152494.000000  0.232920
152792.000000  -0.333985
152855.000000  -0.447392
153295.000000  0.389749
154014.000000  -0.236974
154416.000000  0.011293
154569.000000  -0.095372
154879.000000  -0.050209
155405.000000  0.094881
155790.000000  0.055578
156204.000000  0.127953
156388.000000  -0.154298
156449.000000  -0.051888
156941.000000  0.559186
157280.000000  -0.199095
157657.000000  -0.196349
158129.000000  0.061100
158285.000000  -0.206433
158687.000000  0.053644
159115.000000  0.073241
159520.000000  -0.078642
160150.000000  0.430303
160367.000000  -0.148793
160475.000000  -0.202351
