2285.000000  0.357357
2887.000000  0.318303
3529.000000  0.269422
3937.000000  0.253184
4612.000000  0.363304
5239.000000  0.375183
6084.000000  0.522772
6897.000000  0.535220
7574.000000  0.487097
8407.000000  0.506673
9231.000000  0.461367
10060.000000  0.580054
10998.000000  0.612527
11732.000000  0.579991
12470.000000  0.431625
13204.000000  0.491877
13728.000000  0.419163
14435.000000  0.485613
15143.000000  0.578845
15887.000000  0.599784
16626.000000  0.618577
17085.000000  0.563348
17515.000000  0.283327
18100.000000  0.318987
18765.000000  0.380915
19485.000000  0.445315
20186.000000  0.483528
20814.000000  0.356608
21429.000000  0.321942
21935.000000  0.329354
22330.000000  0.286373
22762.000000  0.256789
23072.000000  0.226168
23453.000000  0.246691
23866.000000  0.160253
24458.000000  0.313218
25036.000000  0.441882
25677.000000  0.480328
26304.000000  0.608340
26808.000000  0.827789
27430.000000  0.772376
27923.000000  0.802940
28570.000000  0.800792
28994.000000  0.589312
29384.000000  0.489231
29818.000000  0.398585
30385.000000  0.396329
30934.000000  0.459168
31679.000000  0.578747
32189.000000  0.547082
32846.000000  0.601341
33554.000000  0.560259
34189.000000  0.614429
34886.000000  0.561555
35762.000000  0.513835
36563.000000  0.675363
37348.000000  0.787890
37882.000000  0.831691
38379.000000  0.774114
38763.000000  0.606063
39122.000000  0.556665
39530.000000  0.665858
39746.000000  0.521958
39966.000000  0.446328
40301.000000  0.464031
40689.000000  0.310528
40986.000000  0.320826
41123.000000  0.062345
41313.000000  0.091653
41636.000000  0.129472
41977.000000  0.242330
42287.000000  0.295260
42709.000000  0.429264
42832.000000  0.319853
42905.000000  0.312276
42948.000000  0.201522
43129.000000  0.283002
43474.000000  0.571112
43762.000000  0.495986
44099.000000  0.547290
44665.000000  0.728370
45108.000000  0.216675
45498.000000  0.340037
46190.000000  0.751991
47137.000000  0.907516
47719.000000  0.580281
48240.000000  0.844635
48572.000000  0.432076
48921.000000  0.588785
49172.000000  0.335962
49437.000000  0.319168
49653.000000  0.241801
49989.000000  0.452254
50285.000000  0.463996
50654.000000  0.778082
50955.000000  0.693999
51300.000000  0.715581
51749.000000  0.795876
52311.000000  0.965072
52746.000000  0.803068
53284.000000  0.769381
53986.000000  0.728272
54603.000000  0.912823
55229.000000  0.923986
55866.000000  0.744726
56446.000000  0.852211
56951.000000  1.230711
57447.000000  0.299896
58148.000000  0.407468
58803.000000  0.432561
59252.000000  0.291927
59825.000000  1.056738
60743.000000  0.421043
61119.000000  0.398243
61531.000000  0.376371
61906.000000  0.296500
62444.000000  0.369449
62935.000000  0.379410
63478.000000  1.217068
64057.000000  1.368796
64433.000000  1.392705
65069.000000  1.710530
65455.000000  0.323922
65774.000000  0.318643
65977.000000  0.252091
66067.000000  1.368193
66251.000000  0.133728
66523.000000  0.187657
66840.000000  0.310216
67303.000000  0.182151
67683.000000  0.210274
67913.000000  0.137737
68215.000000  0.228204
68520.000000  0.285304
68664.000000  1.094774
69095.000000  1.414467
69269.000000  0.851605
69635.000000  1.476657
69905.000000  1.439057
70166.000000  0.551062
70386.000000  1.334976
70615.000000  1.475812
70924.000000  1.437654
71453.000000  1.263585
71830.000000  0.888974
72054.000000  0.639778
72588.000000  0.578435
72781.000000  0.481071
72920.000000  0.356683
72992.000000  0.293431
73210.000000  0.069231
73520.000000  0.424615
73600.000000  0.411275
73710.000000  0.588531
73871.000000  0.703744
74022.000000  0.185320
74329.000000  0.234263
74656.000000  0.369809
74856.000000  0.287798
75064.000000  0.496293
75332.000000  0.460697
75467.000000  0.502678
75670.000000  0.363064
75969.000000  0.340615
76346.000000  0.306791
76616.000000  0.148512
76790.000000  0.165043
77024.000000  0.121533
77342.000000  0.151222
77755.000000  0.229051
78156.000000  0.232892
78438.000000  0.185811
78554.000000  0.137537
78692.000000  0.079611
78777.000000  0.090680
78864.000000  0.092218
79168.000000  0.125041
79186.000000  0.048034
79422.000000  0.105722
79735.000000  0.148815
79977.000000  0.157618
80215.000000  0.151976
80575.000000  0.155349
80772.000000  0.169257
81060.000000  0.109281
81264.000000  0.160734
81555.000000  0.165896
81805.000000  0.159084
82182.000000  0.184517
82535.000000  0.251989
82912.000000  0.233069
83216.000000  0.192825
83360.000000  0.116435
83513.000000  0.122752
83567.000000  0.151896
83620.000000  0.059271
83641.000000  0.033009
83684.000000  0.029446
83921.000000  0.086698
84125.000000  0.089226
84284.000000  0.082457
84375.000000  0.076421
84401.000000  0.036335
84412.000000  0.082286
84653.000000  0.059480
84847.000000  0.100618
85084.000000  0.114020
85320.000000  0.126542
85566.000000  0.170551
85966.000000  0.248351
86332.000000  0.246937
86725.000000  0.251044
87139.000000  0.387023
87763.000000  0.455130
88327.000000  0.418814
88793.000000  0.444600
89344.000000  0.495291
89821.000000  0.489242
90165.000000  0.356238
90434.000000  0.327596
90582.000000  0.273240
90638.000000  0.276826
90729.000000  0.252567
90858.000000  0.179700
91039.000000  0.220718
91200.000000  0.350832
91333.000000  0.511767
91426.000000  0.180598
91488.000000  0.069250
91505.000000  0.017413
