2285.000000  0.357608
2858.000000  -0.043993
3299.000000  -0.145169
3683.000000  0.060218
4184.000000  0.063188
4777.000000  -0.054432
4958.000000  -0.008867
5867.000000  0.196866
6854.000000  0.140859
8042.000000  0.062251
8875.000000  -0.084288
9503.000000  -0.147304
9946.000000  -0.099728
10411.000000  -0.020851
10974.000000  0.124732
11152.000000  -0.053511
11725.000000  0.134807
12200.000000  0.012813
12601.000000  -0.089051
12971.000000  -0.087849
13244.000000  -0.142378
13592.000000  0.035680
13895.000000  0.011913
14124.000000  -0.043679
14433.000000  0.017088
14918.000000  0.048327
15461.000000  0.048098
15991.000000  -0.022780
16724.000000  0.125413
17447.000000  0.079620
18182.000000  -0.029382
18810.000000  -0.080420
19372.000000  -0.000052
20061.000000  0.076399
20688.000000  0.075738
21104.000000  -0.141041
21569.000000  -0.052311
21893.000000  0.117158
22119.000000  -0.286750
22486.000000  0.096736
22896.000000  0.002143
23311.000000  -0.016794
23820.000000  0.079347
24417.000000  -0.009377
25111.000000  0.027175
25652.000000  -0.043011
26265.000000  0.061066
26903.000000  0.009192
27400.000000  -0.121284
27758.000000  -0.110492
28136.000000  -0.005817
28658.000000  0.153270
29335.000000  0.082881
29947.000000  -0.027763
30477.000000  0.029016
31089.000000  -0.046847
31713.000000  -0.001742
32328.000000  -0.006903
32874.000000  -0.100433
33532.000000  0.090138
33905.000000  -0.119876
34368.000000  0.127582
34638.000000  -0.085805
34889.000000  -0.036596
35214.000000  0.031152
35585.000000  0.031316
36023.000000  0.063707
36370.000000  -0.104445
36711.000000  -0.018858
36973.000000  0.032054
37463.000000  0.090624
37987.000000  0.099884
38403.000000  0.007723
38867.000000  0.027584
39227.000000  0.007038
39681.000000  0.013053
40305.000000  -0.022846
40979.000000  -0.038724
41694.000000  0.017588
42376.000000  0.003757
43019.000000  0.099094
43467.000000  -0.116012
44097.000000  0.070158
44558.000000  -0.053301
45155.000000  -0.128980
45772.000000  0.139338
46497.000000  0.112785
47251.000000  -0.004588
47747.000000  -0.052642
48222.000000  -0.063464
48700.000000  -0.036248
49394.000000  0.047809
50137.000000  0.030013
51166.000000  0.192366
51932.000000  0.028788
52722.000000  0.050793
53457.000000  -0.049898
54145.000000  -0.010780
54948.000000  0.079780
55653.000000  0.187266
56401.000000  -0.119982
56973.000000  0.162338
57250.000000  -0.400445
57365.000000  0.155964
57615.000000  -0.569370
57812.000000  -0.027533
58056.000000  0.073834
58463.000000  -0.032200
59000.000000  0.543890
59449.000000  -0.031957
59900.000000  -0.440995
60225.000000  -0.000589
60944.000000  0.853969
61470.000000  -0.100206
61773.000000  0.181764
62121.000000  -0.937272
62538.000000  0.089055
62695.000000  -0.109032
62868.000000  0.552835
63068.000000  0.073609
63295.000000  -0.344743
63492.000000  -0.028369
63581.000000  -0.027726
63811.000000  0.062496
63912.000000  -0.050507
64205.000000  0.005059
64474.000000  0.014325
64718.000000  -0.084713
65044.000000  0.098059
65386.000000  -0.334482
65710.000000  0.004419
65885.000000  -0.079110
66048.000000  -0.026757
66390.000000  0.069225
66717.000000  0.051729
67187.000000  0.088849
67527.000000  0.001796
67875.000000  0.495946
68164.000000  0.012747
68448.000000  -0.059397
68738.000000  0.112036
68958.000000  -0.364781
69244.000000  0.458897
69813.000000  0.089217
70312.000000  0.069346
70658.000000  0.345744
70969.000000  -0.201319
71758.000000  0.050075
72328.000000  0.124257
72944.000000  0.070379
73564.000000  -0.022974
74209.000000  -1.147568
74622.000000  0.045280
75369.000000  0.023790
76122.000000  0.069923
76463.000000  -0.179874
76819.000000  0.021677
76996.000000  -0.118021
77091.000000  -0.025864
77437.000000  0.037869
77627.000000  -0.045216
77908.000000  0.101334
78403.000000  0.095732
78921.000000  0.000354
79469.000000  -0.014852
79793.000000  -0.136636
79978.000000  -0.027841
80346.000000  0.177495
80735.000000  -0.033355
81193.000000  0.842674
81929.000000  0.310845
82551.000000  -0.381821
83123.000000  -0.012605
83577.000000  -0.080782
84094.000000  0.056472
84723.000000  -0.080401
85202.000000  -0.156111
85685.000000  -0.201820
86005.000000  0.024769
86341.000000  0.487954
86617.000000  0.522465
86827.000000  -1.146499
86978.000000  -0.379777
87018.000000  -0.030323
87255.000000  0.188673
87335.000000  0.328376
87497.000000  0.439551
87594.000000  0.090420
87659.000000  -0.456235
87845.000000  -0.574567
88192.000000  0.086613
88480.000000  -0.080034
88642.000000  -0.013816
88793.000000  0.021899
89078.000000  0.045155
89198.000000  -0.060786
89218.000000  -0.054367
89318.000000  -0.000409
89452.000000  0.075963
89711.000000  0.028522
89949.000000  -0.053390
90222.000000  0.136079
90597.000000  0.223526
90732.000000  -0.294002
90921.000000  0.027387
91153.000000  -0.082909
91394.000000  0.015510
91453.000000  -0.023672
91478.000000  -0.072706
