399.000000  0.101617
507.000000  0.007492
589.000000  -0.015884
652.000000  -0.026513
738.000000  0.012858
842.000000  -0.035061
955.000000  0.072879
955.000000  -0.117310
1081.000000  0.117086
1160.000000  -0.037783
1230.000000  0.025558
1342.000000  0.013945
1484.000000  -0.005170
1502.000000  -0.094764
1643.000000  0.098765
1750.000000  0.005475
1870.000000  0.036885
1881.000000  -0.150277
1965.000000  0.088572
2075.000000  -0.000731
2137.000000  -0.007634
2208.000000  0.011560
2285.000000  -0.012754
2381.000000  0.035093
2475.000000  0.000785
2536.000000  -0.008373
2595.000000  -0.062401
2673.000000  0.025278
2752.000000  0.003399
2813.000000  -0.024700
2898.000000  0.025037
2964.000000  0.013298
3013.000000  -0.045773
3047.000000  0.017638
3119.000000  0.005583
3214.000000  0.031598
3283.000000  0.004373
3337.000000  -0.043813
3451.000000  0.060628
3532.000000  -0.003740
3608.000000  0.000328
3709.000000  0.010295
3836.000000  0.013160
3958.000000  -0.009938
4106.000000  0.011962
4217.000000  -0.022406
4217.000000  -0.126005
4312.000000  0.116030
4390.000000  0.015586
4452.000000  -0.059937
4530.000000  0.042662
4637.000000  0.030193
4712.000000  -0.016417
4818.000000  0.022226
4933.000000  -0.030544
5054.000000  -0.007464
5164.000000  -0.002530
5262.000000  -0.015472
5311.000000  0.009000
5385.000000  -0.008890
5437.000000  -0.021297
5491.000000  -0.008998
5548.000000  0.028958
5624.000000  -0.003573
5644.000000  -0.034950
5691.000000  0.005969
5705.000000  -0.002643
5722.000000  -0.002721
5737.000000  -0.004242
5742.000000  0.001312
5743.000000  0.011881
5829.000000  0.043140
5959.000000  0.016294
6050.000000  0.002117
6174.000000  0.002770
6260.000000  0.015057
6342.000000  -0.018487
6408.000000  -0.027077
6459.000000  -0.063019
6509.000000  -0.003322
6557.000000  0.002122
6610.000000  0.040884
6679.000000  -0.006742
6754.000000  0.000663
6834.000000  -0.007037
6887.000000  0.011096
7003.000000  0.035754
7139.000000  0.017407
7283.000000  0.007672
7429.000000  0.005938
7533.000000  -0.015677
7661.000000  0.013584
7665.000000  -0.117837
7771.000000  0.137120
7868.000000  -0.022734
7961.000000  -0.038528
8050.000000  0.006307
8149.000000  -0.005933
8234.000000  0.009902
8329.000000  -0.022941
8411.000000  0.029410
8468.000000  -0.054652
8538.000000  0.051751
8659.000000  0.021343
8749.000000  0.015927
8846.000000  0.004607
8958.000000  -0.012623
8969.000000  -0.073224
9063.000000  0.081454
9143.000000  -0.001638
9183.000000  -0.022780
9228.000000  -0.003877
9279.000000  -0.008297
9336.000000  0.053650
9364.000000  -0.058625
9433.000000  0.022937
9512.000000  -0.024277
9591.000000  0.017395
9681.000000  0.053110
9784.000000  -0.081897
9830.000000  0.005980
9867.000000  -0.043167
9923.000000  0.016989
9993.000000  0.023142
10054.000000  0.006573
10112.000000  -0.044254
10189.000000  0.034249
10317.000000  0.015911
10399.000000  -0.044156
10482.000000  0.037578
10595.000000  0.032080
10717.000000  0.004473
10818.000000  0.043931
10901.000000  -0.001416
10988.000000  0.010694
11087.000000  0.025624
11183.000000  0.035376
11279.000000  -0.009345
11391.000000  0.095639
11481.000000  -0.220217
11561.000000  -0.013971
11638.000000  0.009128
11723.000000  0.009542
11802.000000  0.008939
11935.000000  0.052553
11962.000000  -0.121724
12078.000000  0.047971
12109.000000  -0.053031
12193.000000  0.009965
12286.000000  0.040989
12379.000000  -0.032666
12474.000000  0.043478
12559.000000  -0.017934
12610.000000  -0.044166
12684.000000  0.004812
12745.000000  -0.005222
12821.000000  0.005441
12931.000000  -0.008314
12988.000000  -0.004570
13019.000000  -0.015668
13110.000000  0.076997
13228.000000  -0.008940
13357.000000  0.025614
13473.000000  -0.002539
13535.000000  -0.024928
13673.000000  0.001874
13808.000000  0.012302
13880.000000  -0.005479
14032.000000  0.048393
14181.000000  0.063786
14290.000000  -0.039748
14391.000000  0.016902
14519.000000  0.043305
14652.000000  0.004494
14774.000000  -0.036480
14890.000000  0.012689
15016.000000  -0.008551
15118.000000  -0.063945
15161.000000  -0.021983
15298.000000  0.050622
15430.000000  0.032140
15583.000000  0.071822
15746.000000  0.006817
15907.000000  -0.104795
16049.000000  -0.046575
16184.000000  0.016810
16363.000000  -0.042068
16526.000000  0.012858
16642.000000  0.044034
16684.000000  -0.071285
16774.000000  0.059899
16860.000000  0.116801
16941.000000  -0.213629
17021.000000  0.029220
17109.000000  -0.019552
17159.000000  0.133905
17230.000000  -0.085390
17287.000000  0.076404
17360.000000  -0.044534
17436.000000  -0.000307
17538.000000  0.068048
17624.000000  0.015048
17705.000000  0.073938
17798.000000  0.018698
17863.000000  0.053626
17941.000000  -0.280410
18032.000000  0.010437
18109.000000  -0.009498
18193.000000  0.014926
18301.000000  0.173842
18442.000000  0.031762
18595.000000  -0.038830
18751.000000  -0.057799
18857.000000  -0.062301
19000.000000  -0.008752
19107.000000  0.008508
19159.000000  -0.056192
19202.000000  0.009014
19267.000000  -0.003509
19324.000000  0.018814
19389.000000  0.078679
19467.000000  0.032387
19546.000000  0.038996
19617.000000  0.018672
19686.000000  0.043266
19742.000000  -0.010279
19798.000000  -0.264253
19855.000000  -0.030717
19911.000000  0.009414
19966.000000  0.006699
20021.000000  -0.009605
20076.000000  0.095627
20086.000000  -0.035119
20113.000000  0.083874
20143.000000  0.017561
20172.000000  0.022342
20201.000000  0.015516
20245.000000  -0.037451
20308.000000  0.010749
20379.000000  0.010988
20424.000000  0.068703
20543.000000  0.044791
20606.000000  0.057422
20624.000000  -0.103034
20675.000000  -0.018086
20733.000000  0.166725
20765.000000  -0.414333
20773.000000  -0.009327
20788.000000  0.183723
20835.000000  0.188257
20883.000000  -0.275486
20946.000000  0.147696
20994.000000  -0.178461
21051.000000  0.012853
21114.000000  -0.006565
21157.000000  0.004361
21194.000000  -0.035475
21222.000000  0.012325
21241.000000  0.027927
21243.000000  -0.014164
21280.000000  0.142133
21350.000000  -0.018801
21439.000000  0.007575
21515.000000  -0.069450
21581.000000  -0.014392
21674.000000  -0.016972
21800.000000  0.009003
21951.000000  -0.014156
22087.000000  0.043586
22166.000000  -0.068829
22285.000000  0.025007
22383.000000  0.001187
22451.000000  -0.016557
22507.000000  -0.028120
22597.000000  0.021124
22682.000000  0.003555
22767.000000  0.014237
22803.000000  -0.064083
22919.000000  0.083768
22972.000000  -0.065326
23049.000000  0.055411
23118.000000  0.012613
23132.000000  -0.105268
23188.000000  0.036764
23242.000000  -0.015895
23301.000000  0.085787
23341.000000  -0.050276
23396.000000  0.059960
23461.000000  0.008007
23555.000000  0.017858
23592.000000  -0.008254
23686.000000  0.070296
23813.000000  0.011882
23929.000000  0.027098
24039.000000  0.155652
24099.000000  0.106075
24154.000000  -0.122255
24185.000000  0.004111
24215.000000  -0.051303
24248.000000  0.005230
24288.000000  0.033251
24347.000000  -0.022422
24389.000000  0.047533
24400.000000  0.112222
24426.000000  -0.462794
24461.000000  0.064449
24498.000000  0.012500
24535.000000  0.127096
24586.000000  0.246656
24595.000000  -0.091503
24674.000000  -0.360379
24734.000000  -0.004192
24794.000000  0.004184
24855.000000  0.014680
24915.000000  -0.000047
24965.000000  -0.013503
25001.000000  -0.015126
25052.000000  0.021081
25110.000000  0.009263
25177.000000  0.001539
25206.000000  -0.021482
25251.000000  -0.004994
25315.000000  0.413876
25376.000000  -0.031547
25416.000000  -0.317777
25424.000000  0.001022
25462.000000  -0.081310
25549.000000  0.025641
25613.000000  0.016049
25679.000000  -0.028007
25741.000000  0.005113
25795.000000  -0.004808
25859.000000  0.005850
25956.000000  0.011993
26083.000000  0.010117
26198.000000  0.001173
26307.000000  0.007336
26421.000000  0.017106
26511.000000  -0.009462
26637.000000  0.004636
26754.000000  0.008393
26835.000000  0.012275
26879.000000  -0.004847
26955.000000  -0.002721
27036.000000  -0.014398
27096.000000  -0.044575
27150.000000  -0.005806
27207.000000  0.013613
27267.000000  0.002277
27327.000000  -0.008963
27387.000000  0.006462
27456.000000  0.018264
27564.000000  0.001639
27624.000000  0.018859
27732.000000  0.004561
27833.000000  0.001382
27962.000000  -0.001548
28094.000000  0.010597
28177.000000  -0.009127
28246.000000  -0.048952
28278.000000  -0.031076
28361.000000  0.055357
28397.000000  -0.062333
28478.000000  0.082245
28590.000000  0.006045
28690.000000  0.002280
28747.000000  -0.016751
28809.000000  -0.036995
28860.000000  -0.006843
28904.000000  -0.005092
28944.000000  -0.020202
28981.000000  0.007681
29025.000000  -0.007416
29087.000000  0.015614
29160.000000  0.018276
29266.000000  0.003409
29350.000000  -0.001060
29441.000000  0.035654
29530.000000  0.003809
29612.000000  0.021915
29664.000000  -0.053125
29713.000000  -0.008947
29772.000000  0.018959
29829.000000  0.000081
29900.000000  -0.011831
29937.000000  -0.001999
29963.000000  0.002970
29999.000000  0.006566
30032.000000  -0.003885
30091.000000  0.046976
30197.000000  0.018160
30301.000000  -0.075216
30384.000000  0.042530
30476.000000  0.009514
30552.000000  -0.006904
30697.000000  0.036988
30829.000000  -0.001145
30909.000000  -0.036648
31001.000000  0.009493
31078.000000  -0.009557
31155.000000  0.011955
31236.000000  0.014152
31301.000000  -0.059097
31401.000000  0.003104
31445.000000  0.030295
31476.000000  -0.001418
31493.000000  -0.053446
31620.000000  0.089272
31708.000000  -0.008774
31826.000000  0.025136
31954.000000  0.010982
32101.000000  0.026901
32186.000000  -0.019719
32223.000000  -0.069729
32268.000000  -0.032480
32321.000000  0.013831
32377.000000  -0.002590
32443.000000  0.062811
32550.000000  0.014987
32631.000000  -0.010208
32677.000000  -0.044309
32782.000000  0.098332
32891.000000  -0.009360
33002.000000  -0.043966
33118.000000  0.046019
33225.000000  -0.040663
33286.000000  -0.051722
33334.000000  -0.024970
33400.000000  0.029861
33421.000000  -0.015054
33476.000000  0.119815
33535.000000  -0.145369
33596.000000  -0.007792
33665.000000  0.077004
33695.000000  -0.085202
33732.000000  -0.003681
33756.000000  0.036295
33780.000000  -0.007931
33820.000000  0.053344
33879.000000  0.029819
33905.000000  -0.007477
33916.000000  0.008863
33922.000000  0.037400
33939.000000  -0.145232
33945.000000  -0.049656
33972.000000  0.072980
33979.000000  -0.056048
34012.000000  0.013828
34081.000000  0.001223
34154.000000  0.043455
34213.000000  -0.004895
34262.000000  -0.002108
34294.000000  -0.029712
34356.000000  0.031359
34394.000000  0.002442
34421.000000  0.000625
34455.000000  -0.005434
34480.000000  -0.019337
34483.000000  -0.029811
34553.000000  0.021495
34589.000000  -0.026675
34633.000000  -0.006667
34706.000000  0.017011
34763.000000  0.005915
34827.000000  0.003924
34903.000000  -0.001889
34962.000000  0.025783
34991.000000  -0.026088
35068.000000  0.026458
35237.000000  0.036934
35360.000000  -0.022963
35414.000000  -0.018530
35474.000000  0.000039
35592.000000  0.047852
35690.000000  -0.041594
35865.000000  0.054910
35919.000000  -0.096478
36099.000000  0.072226
36198.000000  0.005302
36283.000000  -0.010137
36358.000000  -0.012011
36418.000000  -0.020509
36463.000000  -0.007679
36509.000000  -0.015376
36666.000000  0.028949
36704.000000  -0.045801
36723.000000  -0.018207
36796.000000  0.043823
36838.000000  -0.017937
36896.000000  0.003036
37050.000000  0.044430
37145.000000  0.004451
37204.000000  -0.006590
37291.000000  -0.045845
37369.000000  0.015541
37385.000000  -0.018711
37387.000000  -0.026175
37426.000000  0.035180
37449.000000  -0.030772
37527.000000  0.016337
37639.000000  0.078778
37694.000000  -0.036772
37760.000000  -0.014317
37843.000000  0.032336
37925.000000  -0.002344
38009.000000  -0.030719
38051.000000  0.016070
38100.000000  -0.007713
38194.000000  0.032429
38288.000000  0.010208
38389.000000  -0.006677
38499.000000  0.021187
38558.000000  -0.044064
38560.000000  -0.041231
38581.000000  0.009085
38590.000000  -0.010905
38668.000000  0.004443
38725.000000  0.014628
38801.000000  0.004270
38870.000000  0.003935
38939.000000  -0.007027
38969.000000  -0.013884
39006.000000  0.033464
39025.000000  0.007800
39041.000000  -0.013046
39050.000000  -0.051799
39084.000000  0.009308
39189.000000  0.079413
39238.000000  -0.077738
39319.000000  0.057356
39395.000000  -0.024920
39455.000000  -0.007478
39519.000000  0.029855
39550.000000  -0.032929
39585.000000  0.036784
39625.000000  0.027294
39717.000000  -0.024737
39841.000000  -0.027343
39930.000000  0.024361
39991.000000  -0.009203
40063.000000  -0.024694
40133.000000  0.034563
40201.000000  -0.036588
40270.000000  0.052676
40336.000000  -0.033230
40368.000000  0.022066
40400.000000  0.001173
40416.000000  -0.021462
40447.000000  0.024131
40483.000000  -0.009448
40509.000000  0.003480
40526.000000  -0.029666
40547.000000  -0.004782
40574.000000  -0.002245
40607.000000  0.009764
40652.000000  -0.007617
40688.000000  0.033022
40727.000000  -0.016419
40763.000000  -0.036806
40785.000000  -0.013513
40817.000000  0.002071
40820.000000  -0.014040
