816.000000  0.142684
1006.000000  -0.001454
1186.000000  -0.020330
1360.000000  -0.000343
1529.000000  0.027057
1733.000000  -0.006683
1978.000000  0.012623
2280.000000  0.042081
2577.000000  0.031994
2879.000000  0.003438
2994.000000  -0.044860
3338.000000  0.066605
3592.000000  -0.040386
3776.000000  -0.026883
3951.000000  -0.010899
4137.000000  0.000230
4195.000000  -0.048787
4419.000000  0.068889
4470.000000  -0.048545
4649.000000  0.040497
4846.000000  0.011636
4981.000000  0.010646
5116.000000  -0.005189
5243.000000  -0.047789
5354.000000  -0.010783
5443.000000  -0.008567
5534.000000  -0.051225
5613.000000  0.009197
5668.000000  -0.041303
5735.000000  0.016524
5883.000000  0.018963
6060.000000  0.048315
6190.000000  -0.019973
6330.000000  0.001342
6398.000000  -0.037731
6563.000000  0.022258
6722.000000  -0.015915
6823.000000  0.007835
6942.000000  -0.007881
7077.000000  0.018985
7208.000000  -0.005894
7312.000000  -0.016599
7354.000000  -0.041476
7481.000000  0.031081
7630.000000  0.002513
7676.000000  -0.027826
7785.000000  0.025079
7830.000000  -0.023673
8000.000000  0.054554
8177.000000  0.019272
8346.000000  0.011357
8490.000000  -0.025479
8636.000000  0.017614
8781.000000  -0.008010
8856.000000  -0.033250
8972.000000  0.017283
9106.000000  0.028432
9280.000000  0.022605
9458.000000  -0.036604
9547.000000  -0.019251
9740.000000  0.055472
9920.000000  -0.014144
10120.000000  -0.001861
10152.000000  -0.051397
10273.000000  0.026167
10368.000000  -0.027365
10473.000000  0.036461
10593.000000  -0.006955
10676.000000  -0.024736
10752.000000  0.000249
10873.000000  0.016359
10989.000000  -0.016959
11095.000000  -0.010233
11268.000000  0.045041
11332.000000  -0.037191
11477.000000  0.032417
11585.000000  0.010788
11693.000000  -0.013362
11817.000000  0.004395
11942.000000  -0.011778
12094.000000  0.009558
12172.000000  -0.030404
12280.000000  0.044685
12427.000000  0.037673
12542.000000  -0.013859
12661.000000  0.038909
12812.000000  0.020487
12998.000000  0.053948
13175.000000  -0.011005
13247.000000  -0.048700
13317.000000  -0.025546
13384.000000  -0.003518
13435.000000  -0.013680
13470.000000  -0.029029
13547.000000  0.034505
13600.000000  -0.051390
13666.000000  0.038098
13790.000000  -0.018127
13942.000000  0.009758
14007.000000  -0.009885
14127.000000  0.052042
14226.000000  0.004387
14305.000000  -0.051851
14420.000000  -0.002951
14476.000000  -0.008935
14564.000000  0.019777
14647.000000  0.003259
14758.000000  -0.001577
14906.000000  0.001294
15072.000000  -0.004524
15239.000000  0.022772
15376.000000  0.003081
15483.000000  -0.000642
15576.000000  -0.050267
15696.000000  0.014304
15781.000000  -0.004332
15868.000000  -0.016811
16014.000000  0.038731
16156.000000  -0.006525
16260.000000  -0.003090
16389.000000  -0.023170
16524.000000  0.016151
16685.000000  0.060200
16834.000000  -0.032377
17022.000000  0.061080
17245.000000  -0.007104
17485.000000  0.020605
17724.000000  0.001892
17956.000000  -0.016437
18182.000000  0.036413
18327.000000  -0.025928
18433.000000  -0.025171
18537.000000  0.013059
18698.000000  0.053050
18840.000000  0.034506
18976.000000  -0.038621
19128.000000  0.040624
19276.000000  0.052796
19435.000000  0.018689
19649.000000  0.023218
19875.000000  0.107012
20091.000000  -0.099223
20276.000000  0.029344
20458.000000  -0.037248
20583.000000  -0.026472
20748.000000  -0.054864
20956.000000  0.138048
21125.000000  -0.131662
21216.000000  -0.042913
21299.000000  0.064406
21380.000000  0.054951
21452.000000  0.099270
21501.000000  -0.041642
21537.000000  0.005423
21578.000000  -0.075924
21648.000000  0.052649
21696.000000  0.055404
21708.000000  0.146994
21732.000000  -0.636333
21770.000000  -0.005823
21853.000000  0.023476
21961.000000  0.018545
22050.000000  -0.021285
22115.000000  -0.004850
22220.000000  0.008865
22309.000000  0.022480
22383.000000  0.119799
22528.000000  0.106092
22695.000000  -0.022330
22843.000000  0.021763
23001.000000  0.007806
23135.000000  0.027718
23280.000000  0.033315
23404.000000  0.020690
23576.000000  -0.006927
23694.000000  -0.020850
23856.000000  -0.012909
24073.000000  -0.085982
24215.000000  -0.042364
24377.000000  -0.004120
24621.000000  -0.008310
24754.000000  -0.025568
24866.000000  -0.038616
24995.000000  -0.013700
25067.000000  -0.008776
25123.000000  -0.020290
25165.000000  -0.012363
25273.000000  0.024251
25400.000000  0.011813
25529.000000  0.022096
25673.000000  -0.013665
25812.000000  -0.006012
25952.000000  -0.024549
26064.000000  -0.023011
26146.000000  -0.025707
26239.000000  -0.000173
26306.000000  -0.007300
26372.000000  0.249933
26456.000000  -0.009074
26533.000000  -0.021102
26634.000000  -0.108519
26753.000000  0.046612
26922.000000  0.138587
27033.000000  -0.005306
27149.000000  -0.077677
27240.000000  -0.108451
27317.000000  -0.054428
27420.000000  0.012501
27549.000000  0.038880
27657.000000  0.060893
27751.000000  -0.000953
27870.000000  0.174037
28020.000000  -0.269169
28188.000000  0.012313
28367.000000  0.020075
28541.000000  0.030345
28678.000000  -0.051140
28780.000000  -0.015195
28941.000000  0.022935
29119.000000  -0.020814
29262.000000  0.014883
29342.000000  -0.043744
29402.000000  -0.017397
29470.000000  0.002617
29571.000000  0.025637
29673.000000  -0.003965
29738.000000  -0.001769
29782.000000  -0.009887
29892.000000  0.040129
30090.000000  0.032817
30270.000000  0.035664
30518.000000  0.003737
30697.000000  0.000676
30831.000000  -0.010429
30942.000000  0.019771
31049.000000  -0.009006
31152.000000  0.016504
31205.000000  -0.139404
31261.000000  0.001995
31396.000000  0.036592
31518.000000  0.096025
31620.000000  0.021002
31755.000000  0.031454
31908.000000  0.062571
32012.000000  -0.010764
32139.000000  -0.005047
32273.000000  -0.006665
32404.000000  0.037134
32528.000000  -0.035147
32687.000000  0.035386
32810.000000  0.079350
32902.000000  -0.073195
32970.000000  -0.238804
33000.000000  -0.003784
33046.000000  0.030229
33139.000000  0.008865
33245.000000  -0.029807
33312.000000  0.050077
33408.000000  0.033899
33486.000000  0.006998
33528.000000  -0.028936
33549.000000  -0.055353
33563.000000  -0.008513
33575.000000  0.033391
33620.000000  -0.071041
33684.000000  0.025176
33752.000000  0.016146
33839.000000  0.033987
33969.000000  0.091338
34026.000000  -0.059329
34104.000000  -0.022787
34184.000000  -0.022651
34250.000000  -0.031207
34338.000000  -0.003055
34411.000000  -0.001281
34490.000000  0.021727
34561.000000  0.019950
34621.000000  -0.017561
34679.000000  -0.047928
34718.000000  -0.015068
34754.000000  0.000322
34804.000000  0.011417
34820.000000  0.007848
34839.000000  0.023365
34862.000000  0.039181
34887.000000  0.017691
34911.000000  0.011484
34936.000000  0.023001
34963.000000  0.067440
35005.000000  0.000131
35116.000000  -0.150642
35185.000000  -0.043003
35350.000000  0.040380
35692.000000  0.040659
35768.000000  -0.050174
35818.000000  -0.021365
35873.000000  -0.006456
35988.000000  0.021772
36083.000000  0.011558
36190.000000  -0.015107
36292.000000  0.029210
36425.000000  -0.017439
36499.000000  -0.025368
36559.000000  0.009762
36603.000000  0.005235
36695.000000  0.041421
36732.000000  -0.059852
36808.000000  0.027746
36947.000000  -0.000616
37096.000000  0.013414
37205.000000  0.010367
37277.000000  -0.027310
37343.000000  -0.023325
37421.000000  0.008684
37476.000000  -0.010778
37502.000000  -0.023241
37510.000000  -0.024569
37560.000000  0.010117
37563.000000  -0.011761
37635.000000  0.028952
37705.000000  0.008094
37743.000000  -0.022009
37785.000000  -0.003593
37793.000000  -0.004657
37851.000000  0.053509
37865.000000  -0.026262
37980.000000  0.024917
38082.000000  0.002775
38157.000000  -0.013639
38196.000000  -0.018226
38244.000000  0.004166
38289.000000  0.030079
38323.000000  -0.035924
38355.000000  0.017498
38356.000000  -0.018158
38469.000000  0.016773
38564.000000  -0.003363
38581.000000  -0.023876
38604.000000  -0.009157
38646.000000  0.033529
38701.000000  -0.006276
38754.000000  0.023617
38820.000000  0.036309
38896.000000  -0.028966
38950.000000  -0.011802
38991.000000  -0.013232
39035.000000  0.001507
39066.000000  -0.001364
39117.000000  0.033936
39156.000000  -0.022397
39229.000000  -0.021634
39310.000000  0.013249
39371.000000  0.003098
39430.000000  -0.004477
39515.000000  0.047162
39642.000000  0.075231
39744.000000  -0.030515
39871.000000  0.026344
39989.000000  0.010964
40095.000000  0.006492
40167.000000  0.029391
40215.000000  0.029161
40290.000000  -0.009590
40314.000000  -0.031426
40344.000000  -0.156346
40376.000000  -0.004467
40456.000000  0.026337
40595.000000  -0.002570
40648.000000  0.029823
40707.000000  -0.003620
40779.000000  0.005744
40814.000000  -0.011278
40820.000000  -0.066791
