816.000000  73.278984
1006.000000  84.970070
1186.000000  82.069725
1360.000000  80.959595
1529.000000  82.623497
1733.000000  82.085747
1978.000000  82.306335
2280.000000  83.873558
2577.000000  84.741035
2879.000000  84.530365
2994.000000  81.179169
3338.000000  84.061432
3592.000000  80.865776
3776.000000  78.649773
3951.000000  76.269409
4137.000000  76.325584
4195.000000  70.375412
4419.000000  77.748093
4470.000000  72.453568
4649.000000  76.200775
4846.000000  76.629539
4981.000000  77.011612
5116.000000  76.859337
5243.000000  70.562454
5354.000000  69.842873
5443.000000  68.379906
5534.000000  57.731964
5613.000000  60.046547
5668.000000  43.601006
5735.000000  51.233555
5883.000000  57.555897
6060.000000  61.720909
6190.000000  62.862480
6330.000000  62.148178
6398.000000  53.625519
6563.000000  58.538818
6722.000000  55.074520
6823.000000  55.908627
6942.000000  54.010941
7077.000000  57.485325
7208.000000  56.569302
7312.000000  51.647209
7354.000000  33.869656
7481.000000  47.235424
7630.000000  48.869160
7676.000000  37.529369
7785.000000  46.541542
7830.000000  36.153549
8000.000000  55.775635
8177.000000  59.213402
8346.000000  60.770504
8490.000000  55.198322
8636.000000  58.001728
8781.000000  56.478775
8856.000000  48.755768
8972.000000  53.144783
9106.000000  58.344948
9280.000000  61.578907
9458.000000  54.915764
9547.000000  50.554337
9740.000000  59.978622
9920.000000  58.190125
10120.000000  57.288517
10152.000000  45.682423
10273.000000  51.990616
10368.000000  45.150898
10473.000000  53.021271
10593.000000  51.777428
10676.000000  46.109360
10752.000000  45.954964
10873.000000  49.799114
10989.000000  45.304321
11095.000000  41.614029
11268.000000  52.681793
11332.000000  44.123661
11477.000000  50.329971
11585.000000  53.101669
11693.000000  49.669350
11817.000000  50.595154
11942.000000  47.967625
12094.000000  49.466969
12172.000000  41.948467
12280.000000  51.901871
12427.000000  56.946754
12542.000000  56.187534
12661.000000  60.767467
12812.000000  62.971455
12998.000000  67.595169
13175.000000  66.037178
13247.000000  61.685921
13317.000000  58.636009
13384.000000  57.335430
13435.000000  56.214596
13470.000000  51.700611
13547.000000  56.768753
13600.000000  47.089722
13666.000000  53.119026
13790.000000  51.498787
13942.000000  52.823513
14007.000000  51.416851
14127.000000  56.838398
14226.000000  59.047783
14305.000000  50.425510
14420.000000  50.332375
14476.000000  49.267815
14564.000000  52.182587
14647.000000  51.773758
14758.000000  52.013676
14906.000000  52.230652
15072.000000  51.197479
15239.000000  54.311378
15376.000000  54.631294
15483.000000  54.620319
15576.000000  45.161621
15696.000000  48.506962
15781.000000  47.755520
15868.000000  44.548332
16014.000000  49.672367
16156.000000  49.979355
16260.000000  49.199234
16389.000000  43.889252
16524.000000  47.629932
16685.000000  56.373096
16834.000000  51.171432
17022.000000  58.659832
17245.000000  57.987045
17485.000000  59.487343
17724.000000  59.432232
17956.000000  56.506519
18182.000000  60.056858
18327.000000  57.756741
18433.000000  54.536854
18537.000000  56.835556
18698.000000  60.889126
18840.000000  63.408524
18976.000000  60.676575
19128.000000  63.237881
19276.000000  66.550514
19435.000000  65.167946
19649.000000  68.759171
19875.000000  72.554306
20091.000000  68.275139
20276.000000  68.619385
20458.000000  67.538475
20583.000000  66.166756
20748.000000  61.739574
20956.000000  69.941475
21125.000000  62.508053
21216.000000  59.198917
21299.000000  64.056068
21380.000000  66.915443
21452.000000  71.108925
21501.000000  69.437393
21537.000000  69.680908
21578.000000  65.764198
21648.000000  68.392838
21696.000000  70.686882
21708.000000  75.115295
21732.000000  8.764263
21770.000000  6.878682
21853.000000  15.065804
21961.000000  21.693378
22050.000000  14.626855
22115.000000  11.645734
22220.000000  15.865686
22309.000000  22.243921
22383.000000  46.431904
22528.000000  57.827194
22695.000000  54.630554
22843.000000  57.199688
23001.000000  56.984245
23135.000000  59.679993
23280.000000  60.489922
23404.000000  62.858219
23576.000000  62.097698
23694.000000  59.832947
23856.000000  59.535717
24073.000000  51.815075
24215.000000  48.341045
24377.000000  46.705544
24621.000000  45.538521
24754.000000  40.933575
24866.000000  35.373203
24995.000000  34.048168
25067.000000  32.363770
25123.000000  28.065914
25165.000000  25.047636
25273.000000  30.351231
25400.000000  32.236012
25529.000000  35.091156
25673.000000  34.182365
25812.000000  32.728813
25952.000000  27.674732
26064.000000  20.725967
26146.000000  13.768143
26239.000000  13.811563
26306.000000  11.691517
26372.000000  53.446865
26456.000000  52.841389
26533.000000  49.747162
26634.000000  37.181030
26753.000000  43.893963
26922.000000  56.223915
27033.000000  54.953121
27149.000000  49.791435
27240.000000  35.898663
27317.000000  25.404066
27420.000000  27.858179
27549.000000  35.287045
27657.000000  42.914223
27751.000000  43.478577
27870.000000  58.732517
28020.000000  28.644901
28188.000000  30.611416
28367.000000  34.212494
28541.000000  38.521954
28678.000000  29.784090
28780.000000  26.477650
28941.000000  31.112612
29119.000000  26.486582
29262.000000  29.715548
29342.000000  20.495327
29402.000000  16.743814
29470.000000  17.098621
29571.000000  22.582336
29673.000000  21.782221
29738.000000  21.352825
29782.000000  19.522722
29892.000000  26.742151
30090.000000  33.822189
30270.000000  38.057476
30518.000000  38.677418
30697.000000  38.731625
30831.000000  37.021770
30942.000000  39.519699
31049.000000  38.988640
31152.000000  40.076321
31205.000000  16.052698
31261.000000  16.933828
31396.000000  24.867416
31518.000000  39.107494
31620.000000  41.653591
31755.000000  45.617123
31908.000000  50.157505
32012.000000  50.482529
32139.000000  48.695042
32273.000000  48.869160
32404.000000  52.126556
32528.000000  49.046627
32687.000000  51.265778
32810.000000  56.811367
32902.000000  51.835560
32970.000000  22.622295
33000.000000  21.689293
33046.000000  27.683443
33139.000000  29.147848
33245.000000  22.386673
33312.000000  31.767235
33408.000000  36.385563
33486.000000  36.635445
33528.000000  33.255138
33549.000000  25.109201
33563.000000  22.513128
33575.000000  28.039062
33620.000000  14.453856
33684.000000  20.303589
33752.000000  24.031658
33839.000000  29.690895
33969.000000  41.932068
34026.000000  33.794834
34104.000000  30.614653
34184.000000  27.659569
34250.000000  21.583691
34338.000000  21.109222
34411.000000  20.385332
34490.000000  24.130219
34561.000000  28.283554
34621.000000  25.158278
34679.000000  15.394388
34718.000000  11.722271
34754.000000  11.702255
34804.000000  14.538980
34820.000000  16.074522
34839.000000  19.852070
34862.000000  28.011602
34887.000000  30.449894
34911.000000  32.629673
34936.000000  35.321827
34963.000000  42.328529
35005.000000  42.746464
35116.000000  22.209545
35185.000000  13.398044
35350.000000  21.855848
35692.000000  28.270235
35768.000000  19.582661
35818.000000  15.205617
35873.000000  13.832979
35988.000000  18.630009
36083.000000  20.842148
36190.000000  17.544048
36292.000000  23.343304
36425.000000  19.482145
36499.000000  14.270316
36559.000000  16.088541
36603.000000  16.878901
36695.000000  25.258308
36732.000000  13.790610
36808.000000  19.691736
36947.000000  19.560476
37096.000000  21.670000
37205.000000  23.460480
37277.000000  18.554991
37343.000000  13.593867
37421.000000  15.843044
37476.000000  12.907001
37502.000000  7.858407
37510.000000  1.222762
37560.000000  4.064082
37563.000000  0.766428
37635.000000  8.528106
37705.000000  10.475154
37743.000000  4.713480
37785.000000  3.820799
37793.000000  2.580930
37851.000000  15.712774
37865.000000  9.678755
37980.000000  15.230654
38082.000000  15.845716
38157.000000  13.022799
38196.000000  8.487536
38244.000000  9.643045
38289.000000  15.874675
38323.000000  8.281498
38355.000000  11.667379
38356.000000  7.619393
38469.000000  11.937970
38564.000000  11.066478
38581.000000  5.028265
38604.000000  2.771400
38646.000000  11.272174
38701.000000  9.701488
38754.000000  15.215776
38820.000000  21.414833
38896.000000  15.578021
38950.000000  14.229393
38991.000000  10.675032
39035.000000  11.337383
39066.000000  11.184782
39117.000000  17.357740
39156.000000  13.223323
39229.000000  8.522997
39310.000000  11.556263
39371.000000  12.199216
39430.000000  11.589791
39515.000000  20.295534
39642.000000  30.486780
39744.000000  26.938259
39871.000000  31.688564
39989.000000  33.100273
40095.000000  32.870476
40167.000000  37.006718
40215.000000  39.432636
40290.000000  39.198025
40314.000000  35.674175
40344.000000  10.292574
40376.000000  9.434365
40456.000000  14.727323
40595.000000  14.709295
40648.000000  19.812454
40707.000000  19.551701
40779.000000  20.390724
40814.000000  18.385664
40820.000000  4.037248
