816.000000  0.222221
1019.000000  -0.038737
1210.000000  -0.020614
1370.000000  -0.040379
1546.000000  0.028797
1743.000000  0.008644
1894.000000  -0.016378
2117.000000  0.030478
2365.000000  0.011135
2622.000000  0.025131
2662.000000  -0.100570
2915.000000  0.095063
3128.000000  0.000815
3327.000000  -0.029449
3462.000000  -0.019033
3611.000000  -0.003411
3818.000000  0.052773
3845.000000  -0.119286
4021.000000  0.115553
4196.000000  0.012152
4371.000000  -0.014088
4397.000000  -0.120242
4527.000000  0.115401
4687.000000  0.025285
4794.000000  -0.023227
4801.000000  -0.106606
4882.000000  0.064320
4936.000000  -0.047009
5012.000000  0.013435
5137.000000  0.028189
5241.000000  0.026493
5423.000000  0.009354
5574.000000  -0.003515
5775.000000  0.041698
5993.000000  0.027248
6197.000000  0.005308
6316.000000  -0.061560
6320.000000  -0.108749
6412.000000  0.075120
6462.000000  -0.003808
6517.000000  -0.018746
6639.000000  0.022112
6778.000000  0.019135
6907.000000  0.005047
7006.000000  -0.019661
7093.000000  -0.029000
7137.000000  0.012359
7198.000000  -0.000103
7230.000000  -0.020858
7310.000000  0.029551
7346.000000  -0.002257
7412.000000  -0.038198
7501.000000  0.044415
7562.000000  -0.023600
7578.000000  -0.035763
7637.000000  0.057459
7749.000000  0.031300
7883.000000  -0.005611
8061.000000  0.022770
8191.000000  0.014875
8344.000000  -0.001233
8511.000000  -0.008302
8660.000000  0.006733
8797.000000  0.036480
8977.000000  -0.013842
9131.000000  0.002105
9400.000000  0.044458
9489.000000  -0.034845
9760.000000  0.048657
10019.000000  0.015568
10292.000000  0.019923
10549.000000  -0.019948
10784.000000  -0.005382
10999.000000  0.015471
11225.000000  -0.001193
11403.000000  0.049454
11533.000000  -0.029294
11661.000000  -0.001776
11792.000000  0.012499
11938.000000  -0.011250
12063.000000  -0.055894
12199.000000  0.102711
12378.000000  -0.006775
12533.000000  -0.003771
12751.000000  0.038233
13022.000000  0.036544
13231.000000  0.017185
13429.000000  -0.036410
13698.000000  -0.081971
13941.000000  0.074691
14199.000000  0.026755
14410.000000  0.024274
14546.000000  0.034375
14696.000000  -0.056273
14854.000000  -0.060841
15008.000000  0.002711
15189.000000  0.024610
15379.000000  0.029689
15537.000000  -0.031210
15631.000000  -0.087511
15757.000000  0.055880
15894.000000  0.022024
16047.000000  -0.060601
16170.000000  -0.079104
16237.000000  -0.060549
16319.000000  0.061875
16384.000000  -0.001296
16463.000000  0.002141
16526.000000  0.009400
16610.000000  0.005876
16704.000000  -0.004718
16782.000000  0.022248
16861.000000  -0.030191
16914.000000  -0.018664
16954.000000  0.009837
17039.000000  0.067344
17183.000000  0.023363
17329.000000  0.012589
17453.000000  0.015848
17585.000000  0.009040
17708.000000  0.022836
17806.000000  -0.170398
17905.000000  0.029407
18040.000000  0.107158
18194.000000  0.024775
18347.000000  0.050409
18553.000000  -0.001745
18761.000000  -0.007982
18910.000000  -0.108222
19054.000000  -0.008188
19184.000000  0.000769
19277.000000  -0.028948
19402.000000  0.073654
19528.000000  0.107028
19650.000000  -0.159153
19766.000000  0.004920
19893.000000  0.016457
20004.000000  0.010330
20142.000000  0.036983
20292.000000  0.066213
20375.000000  0.083671
20460.000000  0.003541
20537.000000  0.005346
20573.000000  0.012326
20606.000000  -0.016379
20648.000000  0.067107
20701.000000  0.042315
20759.000000  0.054806
20832.000000  0.021433
20904.000000  0.065334
20966.000000  0.047568
20981.000000  -0.186942
21012.000000  -0.248221
21040.000000  0.035581
21045.000000  0.285948
21121.000000  -0.470447
21196.000000  -0.028839
21250.000000  0.041079
21341.000000  -0.023374
21452.000000  0.004304
21520.000000  0.001640
21619.000000  0.007919
21748.000000  0.005518
21859.000000  0.024464
21986.000000  0.041470
22067.000000  0.078103
22240.000000  0.132770
22401.000000  0.001171
22566.000000  0.025400
22750.000000  -0.089704
22927.000000  0.007111
23119.000000  -0.002725
23350.000000  -0.023913
23465.000000  -0.033366
23713.000000  0.061880
23910.000000  -0.104646
24086.000000  0.002134
24202.000000  -0.041516
24293.000000  -0.039975
24461.000000  0.041502
24692.000000  0.036519
24928.000000  0.017005
25106.000000  0.105824
25286.000000  -0.040510
25483.000000  0.018337
25637.000000  0.005070
25825.000000  0.073980
25972.000000  0.107755
26074.000000  -0.191160
26196.000000  -0.149153
26358.000000  0.097837
26454.000000  -0.012523
26540.000000  -0.084303
26591.000000  -0.012568
26677.000000  0.031662
26788.000000  0.005392
26889.000000  0.004777
27107.000000  0.037111
27306.000000  0.007408
27541.000000  0.020576
27789.000000  0.014889
28003.000000  -0.017071
28187.000000  -0.011238
28354.000000  -0.012369
28585.000000  0.038481
28742.000000  0.055806
28814.000000  -0.095188
28932.000000  0.055986
29095.000000  0.045863
29287.000000  0.141275
29510.000000  0.028492
29674.000000  -0.034766
29809.000000  0.033251
29975.000000  -0.007895
30123.000000  -0.045445
30223.000000  -0.019745
30331.000000  0.153666
30399.000000  -0.408063
30472.000000  0.003076
30538.000000  0.003055
30616.000000  0.009268
30724.000000  0.006456
30830.000000  0.027802
30905.000000  -0.035475
31001.000000  0.286325
31130.000000  0.064397
31240.000000  0.140211
31307.000000  -0.354591
31364.000000  -0.001815
31421.000000  0.003180
31445.000000  0.033474
31456.000000  -0.072973
31486.000000  0.030888
31520.000000  0.040692
31566.000000  0.068306
31604.000000  -0.252399
31733.000000  0.032089
31780.000000  -0.017331
31844.000000  0.025922
31901.000000  0.065658
31998.000000  0.535448
32068.000000  0.010275
32087.000000  -0.079946
32124.000000  -0.578423
32156.000000  0.046945
32175.000000  0.007616
32227.000000  -0.021894
32240.000000  0.060997
32260.000000  0.034069
32289.000000  -0.145370
32336.000000  -0.000609
32393.000000  -0.005144
32450.000000  0.025970
32495.000000  -0.011280
32538.000000  0.002204
32628.000000  0.015044
32687.000000  -0.013353
32725.000000  0.022117
32814.000000  0.024635
33024.000000  0.029945
33165.000000  -0.001295
33275.000000  -0.029158
33382.000000  0.075995
33476.000000  -0.085178
33563.000000  0.027864
33664.000000  -0.006804
33748.000000  0.011464
33799.000000  -0.042473
33807.000000  -0.024262
33923.000000  0.024304
34026.000000  0.008435
34069.000000  -0.033352
34161.000000  0.046592
34283.000000  0.020317
34360.000000  -0.042324
34404.000000  -0.002283
34449.000000  -0.011874
34533.000000  0.035810
34672.000000  -0.000732
34825.000000  0.018969
34921.000000  -0.049218
34999.000000  0.004871
35084.000000  0.011683
35198.000000  0.020671
35324.000000  0.050469
35391.000000  -0.055143
35476.000000  0.030344
35511.000000  -0.024215
35628.000000  0.029650
35739.000000  -0.000381
35802.000000  -0.034155
35917.000000  0.022878
36072.000000  0.021613
36177.000000  -0.034096
36276.000000  0.007958
36371.000000  0.025570
36415.000000  -0.023645
36443.000000  -0.052842
36540.000000  0.011100
36581.000000  0.003060
36634.000000  -0.012152
36666.000000  -0.002033
36685.000000  -0.010458
36727.000000  0.021230
36793.000000  0.000909
36827.000000  0.016610
36886.000000  -0.009676
36940.000000  -0.006456
37056.000000  0.017054
37103.000000  0.013470
37159.000000  -0.014978
37213.000000  0.004354
37244.000000  -0.015574
37297.000000  0.016045
37365.000000  0.036526
37391.000000  -0.047260
37426.000000  -0.002197
37447.000000  0.015350
37458.000000  -0.030786
37468.000000  0.020242
37558.000000  -0.007051
37657.000000  0.030126
37794.000000  -0.004245
37869.000000  0.030917
37967.000000  0.000648
38109.000000  0.008703
38225.000000  0.005059
38304.000000  0.006870
38469.000000  0.034167
38623.000000  0.017626
38806.000000  0.108372
38996.000000  -0.074327
39133.000000  -0.035066
39307.000000  0.019172
39460.000000  0.019444
39584.000000  -0.073943
39704.000000  0.016192
39822.000000  0.001847
39876.000000  0.012269
39912.000000  0.013860
39982.000000  0.008941
40070.000000  0.041403
40162.000000  -0.012164
40257.000000  0.000219
40308.000000  -0.076891
40339.000000  -0.030279
40396.000000  -0.029294
40440.000000  0.073517
40461.000000  -0.027604
40462.000000  -0.022154
40505.000000  0.032826
40587.000000  0.049761
40676.000000  0.016704
40725.000000  -0.028439
40794.000000  0.001827
40824.000000  -0.078508
