269.000000  0.056491
338.000000  0.034184
376.000000  0.018262
418.000000  0.024747
472.000000  0.033005
494.000000  0.024426
530.000000  0.033446
577.000000  0.039323
610.000000  0.034650
617.000000  0.003654
654.000000  0.035412
715.000000  0.042999
754.000000  0.039952
781.000000  0.035059
810.000000  0.030075
856.000000  0.048625
907.000000  0.053467
950.000000  0.042994
1002.000000  0.049821
1017.000000  0.018996
1065.000000  0.044923
1099.000000  0.043321
1129.000000  0.043729
1152.000000  0.042298
1179.000000  0.055057
1222.000000  0.046965
1260.000000  0.046646
1315.000000  0.051120
1357.000000  0.043209
1406.000000  0.045818
1419.000000  0.032949
1441.000000  0.037352
1465.000000  0.026999
1493.000000  0.021728
1535.000000  0.033308
1556.000000  0.029061
1584.000000  0.033940
1593.000000  0.013793
1615.000000  0.025885
1648.000000  0.053969
1692.000000  0.046043
1724.000000  0.050018
1749.000000  0.024983
1788.000000  0.031995
1823.000000  0.019277
1845.000000  0.015163
1876.000000  0.020557
1930.000000  0.026263
1968.000000  0.022530
2001.000000  0.018390
2045.000000  0.028801
2082.000000  0.028411
2120.000000  0.033298
2165.000000  0.030805
2204.000000  0.025950
2246.000000  0.022744
2304.000000  0.038041
2334.000000  0.030175
2367.000000  0.023369
2394.000000  0.023643
2421.000000  0.019911
2450.000000  0.015325
2474.000000  0.025017
2502.000000  0.022973
2550.000000  0.029659
2577.000000  0.034017
2598.000000  0.033104
2624.000000  0.025029
2647.000000  0.019382
2672.000000  0.012739
2691.000000  0.011536
2724.000000  0.021940
2755.000000  0.024401
2782.000000  0.024431
2802.000000  0.022556
2836.000000  0.032166
2879.000000  0.048939
2913.000000  0.035055
2924.000000  0.015588
2936.000000  0.014751
2955.000000  0.015198
2996.000000  0.032992
3018.000000  0.021153
3066.000000  0.039106
3104.000000  0.043858
3142.000000  0.039211
3196.000000  0.070179
3230.000000  0.036588
3265.000000  0.044582
3319.000000  0.059109
3369.000000  0.056523
3437.000000  0.057528
3511.000000  0.060029
3511.000000  0.000145
3549.000000  0.054091
3611.000000  0.050337
3650.000000  0.030499
3658.000000  0.007205
3693.000000  0.036533
3728.000000  0.027753
3753.000000  0.033684
3763.000000  0.009287
3796.000000  0.035015
3824.000000  0.018964
3885.000000  0.041619
3918.000000  0.030277
3938.000000  0.026784
3961.000000  0.028355
3992.000000  0.039255
4028.000000  0.039966
4067.000000  0.034785
4097.000000  0.029669
4124.000000  0.026660
4159.000000  0.032962
4206.000000  0.039408
4247.000000  0.043014
4290.000000  0.043652
4331.000000  0.057553
4381.000000  0.058196
4403.000000  0.039148
4425.000000  0.039633
4453.000000  0.064907
4471.000000  0.020741
4518.000000  0.078695
4551.000000  0.082294
4618.000000  0.111656
4671.000000  0.145288
4692.000000  0.051956
4721.000000  0.111920
4758.000000  0.084696
4771.000000  0.037472
4785.000000  0.061575
4808.000000  0.066605
4825.000000  0.038358
4834.000000  0.027999
4846.000000  0.029736
4858.000000  0.031425
4867.000000  0.045686
4880.000000  0.042703
4912.000000  0.061033
4945.000000  0.072649
4987.000000  0.055613
5033.000000  0.048756
5065.000000  0.065116
5121.000000  0.092033
5155.000000  0.033848
5205.000000  0.049411
5250.000000  0.047364
5286.000000  0.035129
5326.000000  0.037570
5347.000000  0.032964
5380.000000  0.035615
5388.000000  0.010039
5435.000000  0.052159
5483.000000  0.048869
5501.000000  0.023379
5535.000000  0.029819
5579.000000  0.054518
5606.000000  0.040821
5648.000000  0.065380
5681.000000  0.028873
5714.000000  0.032376
5769.000000  0.062740
5810.000000  0.049223
5864.000000  0.087785
5915.000000  0.099458
5944.000000  0.078656
5994.000000  0.105030
6030.000000  0.112787
6120.000000  0.140079
6163.000000  0.119023
6225.000000  0.135613
6285.000000  0.105454
6331.000000  0.120970
6377.000000  0.111262
6434.000000  0.143776
6503.000000  0.138836
6557.000000  0.145993
6629.000000  0.138367
6661.000000  0.089860
6698.000000  0.088946
6730.000000  0.085624
6781.000000  0.102564
6840.000000  0.099300
6873.000000  0.121316
6899.000000  0.079056
6936.000000  0.090029
6962.000000  0.080088
7006.000000  0.108748
7007.000000  0.003995
7036.000000  0.038344
7057.000000  0.027077
7083.000000  0.026704
7109.000000  0.031340
7122.000000  0.131870
7148.000000  0.153894
7171.000000  0.152237
7201.000000  0.177567
7230.000000  0.028498
7272.000000  0.033273
7321.000000  0.040776
7353.000000  0.027081
7394.000000  0.031212
7454.000000  0.166420
7501.000000  0.211309
7580.000000  0.250924
7624.000000  0.064618
7641.000000  0.012680
7662.000000  0.059675
7693.000000  0.073725
7718.000000  0.108927
7738.000000  0.058393
7767.000000  0.078273
7792.000000  0.069362
7807.000000  0.005242
7834.000000  0.011104
7876.000000  0.030527
7894.000000  0.021819
7935.000000  0.077407
7976.000000  0.059585
8035.000000  0.058601
8047.000000  0.018496
8104.000000  0.036290
8159.000000  0.039755
8171.000000  0.016798
8217.000000  0.047284
8258.000000  0.043361
8302.000000  0.037021
8314.000000  0.010005
8348.000000  0.028626
8380.000000  0.025113
8403.000000  0.022989
8431.000000  0.028709
8439.000000  0.007300
8476.000000  0.043350
8505.000000  0.027283
8532.000000  0.017641
8551.000000  0.012674
8573.000000  0.017707
8603.000000  0.016667
8631.000000  0.023124
8656.000000  0.014965
8684.000000  0.016241
8697.000000  0.020000
8734.000000  0.030472
8778.000000  0.056925
8814.000000  0.055474
8848.000000  0.069804
8887.000000  0.072457
8893.000000  0.039221
8935.000000  0.076231
8974.000000  0.090574
8990.000000  0.019639
9018.000000  0.026534
9046.000000  0.023473
9047.000000  0.004393
9061.000000  0.016516
9074.000000  0.015808
9089.000000  0.012631
9115.000000  0.016661
9144.000000  0.012600
9161.000000  0.014501
9172.000000  0.010767
9187.000000  0.003780
9209.000000  0.007784
9241.000000  0.016156
9268.000000  0.014523
9296.000000  0.014714
9317.000000  0.016582
9355.000000  0.025343
9406.000000  0.033951
9443.000000  0.023314
9479.000000  0.020335
9484.000000  0.008260
9504.000000  0.020286
9535.000000  0.033137
9543.000000  0.012920
9560.000000  0.026434
9606.000000  0.033960
9664.000000  0.042683
9678.000000  0.022914
9738.000000  0.040395
9763.000000  0.029626
9770.000000  0.007709
9808.000000  0.021424
9849.000000  0.031014
9890.000000  0.035464
9915.000000  0.023482
9926.000000  0.012990
9945.000000  0.010650
9981.000000  0.024890
10011.000000  0.029901
10033.000000  0.011038
10036.000000  0.010033
10055.000000  0.011264
10101.000000  0.016405
10137.000000  0.016643
10177.000000  0.020043
10195.000000  0.019337
10217.000000  0.020933
10217.000000  0.000059
10237.000000  0.023461
10260.000000  0.013122
10282.000000  0.018120
10304.000000  0.019805
10324.000000  0.015123
10344.000000  0.017539
10359.000000  0.016660
10362.000000  0.008148
10380.000000  0.009417
10385.000000  0.001748
