4067.000000  35.257462
6252.000000  -28.087496
8477.000000  -0.773226
11750.000000  0.270376
14223.000000  1.085760
17123.000000  -0.338342
18774.000000  0.249732
19575.000000  0.327314
19763.000000  -5.616549
20005.000000  -0.000906
20523.000000  1.189274
21281.000000  1.291587
22331.000000  1.937334
24216.000000  0.493403
25114.000000  -0.457509
27440.000000  -0.115269
28617.000000  -0.426468
31344.000000  2.286685
33205.000000  -0.187279
36005.000000  -0.032159
37230.000000  -1.569684
37856.000000  -1.895259
39468.000000  1.008299
40826.000000  0.412486
42449.000000  -0.737860
44152.000000  -1.021079
47529.000000  0.962320
50265.000000  -1.348866
51408.000000  1.541027
54871.000000  0.653694
57657.000000  -2.528319
59123.000000  -0.538964
60809.000000  0.427210
61556.000000  -0.488743
62951.000000  -0.271966
63277.000000  -0.347997
64087.000000  -0.415538
65035.000000  0.436011
65771.000000  0.007015
66940.000000  -0.092983
67974.000000  -1.043623
68469.000000  0.139768
68630.000000  0.006523
69006.000000  0.075297
69470.000000  0.015401
69985.000000  -0.158449
70497.000000  -0.055470
71379.000000  1.080345
72186.000000  0.123614
72995.000000  0.546164
73741.000000  -0.230743
75536.000000  1.389815
78732.000000  3.077505
80618.000000  -1.616474
81473.000000  -1.094269
83468.000000  -0.920212
83707.000000  -2.028191
84818.000000  0.986276
86018.000000  0.684850
86952.000000  -0.004707
87785.000000  -0.233012
88775.000000  0.851806
90020.000000  0.528564
92008.000000  0.323738
94693.000000  0.045158
96932.000000  -0.562595
98725.000000  -1.001578
98972.000000  -1.390507
99833.000000  1.053811
100419.000000  -0.026242
101069.000000  1.231055
103160.000000  0.520292
105478.000000  0.117915
107430.000000  -0.270161
108065.000000  -0.944240
109199.000000  0.409750
109924.000000  -0.673677
110823.000000  -0.024897
111880.000000  -0.285562
112964.000000  -0.085443
113781.000000  -0.044858
114908.000000  -0.005313
116213.000000  0.150534
118037.000000  0.795701
119647.000000  -0.116644
121177.000000  -1.210653
122411.000000  0.237122
123166.000000  -0.088633
123487.000000  -0.531384
123609.000000  -0.393656
123651.000000  -0.082920
123784.000000  -0.033186
124176.000000  0.140343
124414.000000  -0.004556
124675.000000  -0.031420
125075.000000  0.095953
125424.000000  -0.177161
126501.000000  0.263786
127054.000000  0.125362
127342.000000  -0.221131
127704.000000  -0.152101
128203.000000  0.737493
128413.000000  -0.070064
128640.000000  -0.563461
128845.000000  -0.089481
129543.000000  0.761195
130405.000000  -0.337252
131194.000000  -0.023278
131862.000000  0.258277
132798.000000  0.521707
134407.000000  -0.436363
136026.000000  0.448874
137031.000000  0.408384
137636.000000  -1.199392
137801.000000  -0.266044
138373.000000  0.191554
139088.000000  0.623808
139694.000000  -0.142444
140505.000000  0.227056
140738.000000  -0.347319
140763.000000  -0.683278
140972.000000  0.601491
141360.000000  0.074927
141771.000000  -0.039262
142232.000000  0.199427
142689.000000  -0.069227
143358.000000  -0.269423
143940.000000  -0.038260
144855.000000  0.280478
145405.000000  0.125114
146452.000000  -0.488963
147413.000000  0.436536
147534.000000  -0.688361
147881.000000  -0.067500
148286.000000  0.346336
149372.000000  0.874045
149538.000000  -0.769621
150069.000000  0.149930
150932.000000  0.410025
151375.000000  -0.218464
151655.000000  -0.400908
152195.000000  0.081540
152548.000000  -0.105070
152745.000000  -0.395806
152971.000000  0.291598
153417.000000  0.341896
153697.000000  -0.100536
154058.000000  -0.262448
154456.000000  0.216265
155284.000000  0.420485
156321.000000  0.157658
156885.000000  -0.734488
157275.000000  0.096017
157696.000000  -0.290465
158169.000000  0.027024
158317.000000  -0.146761
158323.000000  -0.087327
158333.000000  0.111470
158714.000000  -0.075356
159234.000000  0.136221
159629.000000  -0.029375
160121.000000  0.301170
160461.000000  -0.135595
160489.000000  -0.315205
160534.000000  -0.026083
