399.000000  0.100727
551.000000  -0.017206
658.000000  -0.019052
731.000000  -0.016523
813.000000  0.021947
914.000000  0.005404
1089.000000  0.005758
1261.000000  0.034731
1414.000000  -0.012161
1545.000000  -0.004273
1703.000000  0.016935
1821.000000  -0.017442
1915.000000  -0.007538
2036.000000  0.010288
2147.000000  -0.022946
2235.000000  0.027984
2327.000000  -0.008307
2429.000000  0.002267
2484.000000  -0.048729
2551.000000  -0.006941
2620.000000  0.012386
2709.000000  -0.008171
2807.000000  0.010700
2881.000000  -0.009328
2959.000000  -0.005951
3045.000000  0.027549
3097.000000  -0.003440
3162.000000  -0.023151
3306.000000  0.052913
3466.000000  0.071388
3603.000000  -0.068269
3727.000000  0.018107
3854.000000  -0.017355
3970.000000  0.016036
4112.000000  0.012940
4150.000000  -0.057351
4313.000000  0.037205
4450.000000  0.022297
4603.000000  -0.049605
4717.000000  0.016064
4795.000000  -0.022362
4858.000000  -0.014974
5010.000000  0.034290
5126.000000  0.025568
5247.000000  -0.003824
5350.000000  -0.008395
5437.000000  -0.042478
5500.000000  0.008194
5541.000000  0.002585
5608.000000  -0.032774
5718.000000  0.021595
5801.000000  0.004897
5908.000000  0.029185
6003.000000  -0.019969
6085.000000  0.007215
6136.000000  0.004186
6215.000000  -0.022573
6305.000000  0.037195
6423.000000  0.011195
6537.000000  -0.005330
6689.000000  -0.003054
6842.000000  -0.003000
6981.000000  0.003072
7077.000000  -0.017767
7176.000000  -0.010582
7244.000000  0.003499
7359.000000  0.028452
7462.000000  0.002904
7572.000000  -0.003544
7737.000000  0.014029
7887.000000  0.011409
8039.000000  -0.006380
8072.000000  -0.067115
8142.000000  0.037227
8204.000000  -0.019419
8278.000000  0.021885
8354.000000  0.109553
8441.000000  -0.026837
8500.000000  -0.038487
8532.000000  -0.068122
8542.000000  -0.063160
8611.000000  0.028848
8701.000000  0.009081
8778.000000  0.016684
8878.000000  -0.010490
8966.000000  0.017143
9047.000000  0.001114
9164.000000  0.011045
9198.000000  -0.036301
9201.000000  -0.049651
9258.000000  0.048983
9390.000000  0.018533
9480.000000  -0.008601
9491.000000  -0.053429
9564.000000  0.046513
9654.000000  -0.003619
9733.000000  -0.006123
9859.000000  0.007996
10028.000000  0.038206
10240.000000  0.015117
10424.000000  0.007922
10454.000000  -0.053320
10635.000000  0.069408
10801.000000  0.004401
10972.000000  0.011614
11108.000000  -0.036996
11200.000000  -0.002689
11312.000000  -0.002506
11432.000000  0.009051
11584.000000  0.028341
11728.000000  0.021897
11831.000000  -0.041731
11970.000000  0.054711
12119.000000  -0.005881
12257.000000  -0.009363
12400.000000  0.020899
12569.000000  -0.044434
12741.000000  -0.014854
12857.000000  0.001571
12974.000000  -0.013353
13098.000000  0.030047
13252.000000  0.015875
13380.000000  -0.043137
13542.000000  0.016124
13718.000000  0.018433
13818.000000  -0.032344
13909.000000  0.042549
13996.000000  0.032624
14018.000000  -0.006045
14076.000000  -0.092456
14155.000000  0.013315
14242.000000  -0.018397
14369.000000  0.012812
14388.000000  -0.069667
14549.000000  0.094889
14724.000000  -0.004771
14840.000000  0.001365
14949.000000  -0.048333
15064.000000  0.014089
15179.000000  0.022861
15261.000000  -0.044038
15350.000000  0.083403
15453.000000  -0.001376
15597.000000  0.050221
15740.000000  0.095822
15808.000000  0.029544
15864.000000  -0.260300
15979.000000  0.051731
16059.000000  -0.030372
16185.000000  0.021795
16269.000000  -0.011156
16356.000000  -0.015701
16505.000000  0.026923
16629.000000  -0.009687
16783.000000  0.023827
16933.000000  0.016705
17120.000000  -0.018325
17259.000000  -0.002889
17406.000000  -0.010672
17559.000000  0.045358
17719.000000  -0.015061
17895.000000  -0.009481
18057.000000  0.009906
18223.000000  -0.017243
18384.000000  0.013179
18550.000000  -0.012400
18711.000000  0.007860
18878.000000  -0.004962
19003.000000  -0.001207
19160.000000  0.020840
19308.000000  0.011178
19431.000000  -0.035088
19517.000000  -0.023384
19599.000000  -0.017604
19682.000000  0.009808
19774.000000  0.025048
19926.000000  0.040997
20043.000000  -0.029859
20139.000000  0.003625
20256.000000  -0.009467
20369.000000  0.052327
20532.000000  0.036372
20685.000000  0.001890
20821.000000  -0.097617
20883.000000  -0.009247
21051.000000  0.040483
21206.000000  0.014167
21383.000000  -0.030004
21542.000000  0.004796
21605.000000  -0.020618
21768.000000  0.067193
21964.000000  0.006762
22109.000000  -0.060096
22257.000000  -0.022734
22426.000000  0.029930
22614.000000  -0.020531
22746.000000  0.036585
22811.000000  0.006530
22938.000000  0.026202
23106.000000  0.061771
23244.000000  -0.015802
23363.000000  -0.004203
23508.000000  0.020420
23617.000000  -0.016904
23859.000000  0.145904
23946.000000  0.027342
23994.000000  -0.184530
24058.000000  0.050910
24192.000000  -0.104286
24305.000000  -0.067850
24421.000000  0.076980
24511.000000  0.001921
24605.000000  -0.009159
24684.000000  -0.049983
24742.000000  -0.016742
24782.000000  -0.040958
24786.000000  -0.052641
24811.000000  0.153871
24892.000000  0.066727
24994.000000  -0.136835
25005.000000  -0.079803
25044.000000  0.009606
25080.000000  -0.003923
25120.000000  0.066485
25198.000000  0.018351
25272.000000  0.013291
25359.000000  0.001493
25465.000000  0.026143
25578.000000  -0.081385
25654.000000  0.031020
25740.000000  0.002315
25830.000000  -0.009486
25911.000000  -0.037780
26000.000000  0.020765
26074.000000  -0.001045
26157.000000  0.012463
26233.000000  -0.015146
26314.000000  0.065424
26378.000000  0.065586
26424.000000  0.021052
26450.000000  0.165569
26481.000000  -0.119995
26618.000000  0.071579
26745.000000  -0.045762
26811.000000  -0.021402
26885.000000  0.162169
26954.000000  -0.007144
26979.000000  -0.046010
26998.000000  0.005654
27088.000000  0.006875
27200.000000  0.045020
27273.000000  -0.065219
27369.000000  0.025731
27473.000000  0.083488
27572.000000  0.082925
27595.000000  -0.088630
27606.000000  0.190731
27706.000000  -0.617710
27787.000000  0.019595
27901.000000  0.008167
27991.000000  -0.000320
28095.000000  0.017278
28155.000000  0.396546
28218.000000  -0.005488
28234.000000  -0.218663
28249.000000  -0.224662
28352.000000  0.010649
28367.000000  -0.035081
28455.000000  0.056483
28553.000000  0.005642
28636.000000  0.001341
28728.000000  0.012650
28785.000000  -0.002105
28853.000000  -0.026073
28935.000000  -0.000547
29024.000000  0.003908
29109.000000  0.013072
29196.000000  0.008005
29277.000000  -0.005991
29326.000000  -0.013954
29368.000000  0.008790
29446.000000  -0.008468
29525.000000  -0.012724
29608.000000  0.014571
29725.000000  0.011459
29804.000000  0.012387
29873.000000  -0.015155
29924.000000  -0.007899
29933.000000  -0.049788
30009.000000  0.039182
30102.000000  0.018495
30202.000000  0.012063
30285.000000  -0.003967
30388.000000  0.005662
30443.000000  -0.028021
30505.000000  0.016226
30580.000000  0.008712
30626.000000  0.014802
30681.000000  -0.008253
30728.000000  -0.003120
30729.000000  -0.083289
30738.000000  0.074408
30739.000000  -0.072792
30771.000000  0.028849
30821.000000  -0.007686
30921.000000  0.043831
31013.000000  -0.003664
31108.000000  0.005594
31192.000000  -0.006822
31207.000000  -0.031385
31209.000000  -0.022769
31216.000000  0.135953
31245.000000  -0.121474
31288.000000  0.010697
31381.000000  0.017079
31454.000000  0.038215
31519.000000  -0.027780
31598.000000  0.007402
31618.000000  -0.031223
31621.000000  -0.032437
31685.000000  0.065689
31754.000000  -0.014032
31817.000000  -0.020331
31872.000000  0.006640
31937.000000  -0.001709
31992.000000  -0.000524
32075.000000  0.008808
32146.000000  -0.006393
32212.000000  0.003338
32309.000000  0.018207
32430.000000  0.024612
32590.000000  0.010490
32722.000000  -0.011426
32773.000000  -0.033659
32918.000000  0.031445
32988.000000  -0.029557
33050.000000  -0.028228
33114.000000  -0.001522
33176.000000  0.024360
33242.000000  -0.010985
33299.000000  0.007258
33368.000000  -0.011827
33426.000000  0.017037
33483.000000  -0.016000
33538.000000  0.015272
33595.000000  -0.019921
33650.000000  0.000735
33707.000000  -0.010384
33767.000000  0.027102
33844.000000  0.009315
33902.000000  -0.023626
33962.000000  -0.007386
34033.000000  -0.000050
34090.000000  0.021900
34170.000000  -0.016486
34251.000000  0.033940
34450.000000  0.059322
34619.000000  -0.012806
34737.000000  0.012493
34801.000000  -0.021407
34858.000000  -0.032508
34934.000000  0.052581
34963.000000  -0.079907
34964.000000  -0.042405
35014.000000  0.045433
35120.000000  0.017366
35215.000000  0.006109
35362.000000  0.026180
35401.000000  -0.028005
35456.000000  -0.009748
35526.000000  0.034336
35535.000000  -0.045857
35575.000000  0.013660
35581.000000  -0.002297
35667.000000  -0.009260
35746.000000  0.002498
35797.000000  -0.011407
35887.000000  -0.006825
36001.000000  0.046134
36116.000000  -0.008031
36210.000000  0.026906
36299.000000  -0.023848
36467.000000  0.002598
36489.000000  -0.047560
36489.000000  -0.034495
36508.000000  0.015139
36511.000000  -0.008338
36591.000000  0.039011
36659.000000  0.017632
36684.000000  -0.053421
36740.000000  0.016560
36791.000000  0.009839
36848.000000  -0.014012
36961.000000  0.040979
37200.000000  0.023974
37289.000000  -0.026576
37360.000000  -0.023713
37424.000000  0.008281
37495.000000  0.030667
37588.000000  0.008554
37670.000000  -0.006117
37751.000000  -0.004335
37830.000000  -0.014679
37911.000000  0.001873
37990.000000  -0.000469
38069.000000  0.031255
38106.000000  -0.027179
38159.000000  -0.041258
38282.000000  0.065122
38313.000000  -0.067868
38358.000000  0.001077
38400.000000  0.007401
38406.000000  -0.008353
38494.000000  0.025182
38591.000000  0.048225
38681.000000  -0.040550
38753.000000  -0.012703
38847.000000  -0.005740
38863.000000  -0.026809
38904.000000  0.016022
38957.000000  0.018206
39034.000000  -0.008724
39070.000000  -0.017223
39116.000000  0.014007
39195.000000  0.021534
39323.000000  0.022324
39368.000000  -0.010435
39424.000000  -0.013874
39516.000000  0.015581
39567.000000  -0.020364
39690.000000  -0.001603
39805.000000  -0.000578
39860.000000  -0.008842
39926.000000  -0.009819
39962.000000  0.006452
40024.000000  -0.012682
40100.000000  0.026023
40137.000000  -0.009534
40168.000000  -0.014644
40201.000000  0.016310
40226.000000  -0.023807
40244.000000  -0.003234
40279.000000  0.021874
40307.000000  -0.002963
40393.000000  0.055274
40476.000000  -0.011721
40564.000000  0.009148
40682.000000  0.009618
40729.000000  -0.035639
40793.000000  0.030126
40819.000000  -0.037386
