576.000000  47.479782
732.000000  51.059372
920.000000  43.300621
1168.000000  53.046036
1369.000000  54.670471
1512.000000  42.761665
1658.000000  44.727814
1825.000000  49.408264
1992.000000  52.072136
2112.000000  43.851204
2267.000000  47.228931
2498.000000  52.974606
2716.000000  50.289959
2889.000000  47.665810
3038.000000  46.378956
3169.000000  49.462673
3249.000000  43.656479
3326.000000  28.517958
3399.000000  41.403706
3436.000000  22.679190
3503.000000  19.204723
3617.000000  24.081690
3703.000000  23.858068
3791.000000  28.363605
3884.000000  30.991081
3999.000000  29.881283
4131.000000  36.266880
4260.000000  30.785116
4408.000000  40.905563
4564.000000  44.952820
4738.000000  43.686970
4863.000000  39.757263
4967.000000  36.474731
5088.000000  39.171947
5177.000000  38.851444
5279.000000  39.417805
5352.000000  31.524935
5402.000000  32.745796
5491.000000  36.454330
5638.000000  41.444588
5803.000000  39.467110
5980.000000  37.342342
6091.000000  36.931194
6091.000000  0.125792
6180.000000  35.695438
6324.000000  50.767403
6344.000000  21.695017
6537.000000  51.247108
6678.000000  58.213512
6789.000000  49.527615
6876.000000  46.245914
6968.000000  36.309143
7035.000000  14.082403
7090.000000  13.303757
7152.000000  17.356583
7196.000000  9.479520
7251.000000  9.814884
7306.000000  10.227458
7378.000000  18.049049
7560.000000  34.692036
7821.000000  36.177879
8086.000000  43.126316
8332.000000  48.701023
8524.000000  38.204655
8637.000000  26.970285
8736.000000  26.394716
8790.000000  15.543520
8878.000000  19.116302
8991.000000  26.697254
9081.000000  23.860844
9154.000000  20.797474
9253.000000  23.467167
9325.000000  24.736586
9414.000000  23.574726
9508.000000  18.695129
9585.000000  17.177013
9777.000000  25.717375
9865.000000  19.981775
9940.000000  22.004370
10035.000000  23.395132
10110.000000  22.185152
10253.000000  27.802691
10388.000000  29.009071
10541.000000  31.331535
10676.000000  36.949833
10840.000000  35.914360
10964.000000  27.464577
11102.000000  32.381794
11188.000000  24.404972
11303.000000  30.011801
11417.000000  26.199368
11529.000000  33.359955
11622.000000  28.978815
11727.000000  31.178936
11833.000000  31.361002
11928.000000  30.654318
12083.000000  33.348488
12263.000000  37.508251
12490.000000  45.914833
12656.000000  43.188942
12868.000000  43.782558
13071.000000  39.761181
13231.000000  35.292465
13391.000000  40.409988
13531.000000  38.959545
13675.000000  41.798462
13724.000000  40.993710
13850.000000  42.507751
13898.000000  37.364433
14027.000000  37.123379
14145.000000  38.153736
14318.000000  39.029919
14504.000000  47.883751
14661.000000  24.255299
14707.000000  21.309729
14894.000000  27.686819
15092.000000  29.386410
15258.000000  27.914024
15422.000000  31.150303
15580.000000  29.123398
15730.000000  29.552210
15900.000000  30.230221
16057.000000  29.700331
16192.000000  25.964388
16354.000000  27.890709
16514.000000  28.036064
16630.000000  21.699926
16748.000000  27.397776
16914.000000  27.754879
17023.000000  23.794100
17171.000000  26.362413
17253.000000  14.635433
17373.000000  20.322117
17523.000000  25.704840
17700.000000  29.538086
17923.000000  33.171932
18189.000000  32.010956
18477.000000  32.904114
18715.000000  29.444748
18911.000000  26.586781
19073.000000  27.042358
19239.000000  26.288059
19465.000000  32.722282
19660.000000  31.481361
19818.000000  31.250694
20018.000000  32.691715
20164.000000  25.792637
20346.000000  23.570309
20508.000000  21.933161
20654.000000  23.314194
20765.000000  17.337580
20856.000000  16.356836
20960.000000  15.388146
21096.000000  30.413700
21250.000000  33.238319
21440.000000  39.562191
21575.000000  43.136040
21716.000000  46.933029
21876.000000  47.942505
22014.000000  27.984095
22177.000000  34.500351
22299.000000  32.763882
22404.000000  23.339066
22513.000000  25.727091
22610.000000  22.533722
22756.000000  20.855709
22888.000000  23.685070
23080.000000  27.600952
23202.000000  29.328484
23264.000000  31.284363
23362.000000  33.642437
23433.000000  34.537964
23500.000000  44.152977
23573.000000  43.064030
23713.000000  8.510233
23751.000000  6.720463
23838.000000  11.264969
23881.000000  6.167314
24036.000000  10.247090
24186.000000  16.074530
24384.000000  19.983343
24593.000000  20.841152
24810.000000  20.459587
25060.000000  23.108953
25268.000000  22.451077
25435.000000  19.720964
25574.000000  14.925201
25723.000000  17.385813
25907.000000  22.130404
26072.000000  23.198027
26254.000000  28.372114
26472.000000  26.969246
26649.000000  26.788321
26864.000000  32.756390
27060.000000  33.664310
27256.000000  22.971949
27474.000000  20.688210
27672.000000  18.266783
27852.000000  20.265732
28024.000000  16.030247
28186.000000  17.834072
28315.000000  14.839808
28509.000000  18.286736
28738.000000  23.149187
28969.000000  19.244528
29196.000000  20.076092
29328.000000  16.183121
29495.000000  17.778008
29573.000000  13.140306
29650.000000  8.047753
29762.000000  7.449667
29873.000000  10.956380
30032.000000  15.584975
30179.000000  16.172256
30320.000000  17.398335
30388.000000  14.775117
30516.000000  12.790771
30670.000000  15.124074
30841.000000  15.313238
30994.000000  12.864044
31110.000000  13.764916
31204.000000  14.195275
31281.000000  6.365302
31345.000000  11.828210
31402.000000  3.616993
31531.000000  14.978972
31629.000000  14.265306
31718.000000  13.194545
31815.000000  13.413675
31908.000000  13.624472
32055.000000  14.340069
32178.000000  14.009634
32267.000000  9.854595
32362.000000  13.013187
32470.000000  16.018026
32521.000000  17.884382
32632.000000  18.117079
32736.000000  17.369553
32817.000000  9.407898
32914.000000  10.841512
33000.000000  10.873228
33086.000000  11.353707
33163.000000  11.195011
33272.000000  20.304644
33387.000000  19.091042
33516.000000  21.415606
33741.000000  30.060747
33788.000000  23.758478
33904.000000  31.754086
34019.000000  30.667109
34124.000000  32.288387
34166.000000  29.584663
34213.000000  34.083588
34278.000000  42.220695
34339.000000  19.629539
34390.000000  24.450771
34414.000000  18.650129
34419.000000  12.515412
34422.000000  0.740901
34502.000000  6.980565
34596.000000  6.266967
34621.000000  3.964373
34718.000000  33.448063
34878.000000  28.516018
34910.000000  21.068331
34992.000000  6.474764
35135.000000  11.779237
35212.000000  27.924767
35373.000000  31.794817
35452.000000  38.162727
35557.000000  36.566254
35632.000000  35.177032
35701.000000  31.973478
35753.000000  33.015190
35801.000000  39.522591
35877.000000  42.874329
35942.000000  35.900009
36007.000000  33.182716
36108.000000  41.406570
36206.000000  45.108395
36337.000000  13.372135
36475.000000  14.243457
36538.000000  13.972053
36600.000000  16.207487
36718.000000  41.009262
36795.000000  48.585258
36875.000000  46.619217
37009.000000  57.201611
37081.000000  45.492085
37170.000000  51.352608
37225.000000  50.702499
37257.000000  51.741798
37268.000000  1.224503
37286.000000  5.074664
37350.000000  5.356394
37406.000000  5.855249
37455.000000  4.164828
37510.000000  3.348985
37523.000000  2.625108
37581.000000  3.832778
37694.000000  7.582643
37779.000000  8.886162
37939.000000  32.515984
38048.000000  29.269331
38151.000000  56.142147
38256.000000  17.179989
38377.000000  17.513477
38419.000000  11.177584
38455.000000  12.153267
38511.000000  4.624507
38586.000000  6.372005
38686.000000  8.763112
38786.000000  11.915324
38907.000000  14.223311
38979.000000  13.338512
38980.000000  0.793102
39038.000000  11.855396
39198.000000  15.514972
39388.000000  18.845324
39559.000000  22.121216
39737.000000  21.373198
39833.000000  18.163031
39947.000000  16.924696
39995.000000  15.111390
40104.000000  16.922817
40198.000000  18.909744
40280.000000  11.671608
40393.000000  17.950830
40401.000000  8.250748
40429.000000  2.149728
40461.000000  6.442082
40521.000000  13.032584
40581.000000  13.034415
40610.000000  6.044703
40713.000000  9.175884
40804.000000  9.604034
40814.000000  4.462970
