269.000000  0.161554
341.000000  0.000859
375.000000  -0.002480
415.000000  0.013083
457.000000  -0.000458
501.000000  -0.003220
558.000000  0.006974
623.000000  0.021463
623.000000  -0.015255
677.000000  0.009630
736.000000  0.014418
804.000000  -0.009671
866.000000  0.007826
905.000000  0.015169
948.000000  0.013770
996.000000  -0.000842
1032.000000  -0.000564
1082.000000  0.008179
1160.000000  -0.002688
1227.000000  0.014287
1267.000000  -0.001734
1295.000000  0.009003
1348.000000  0.007185
1413.000000  0.003390
1431.000000  0.011984
1466.000000  -0.006207
1477.000000  -0.005004
1492.000000  0.026094
1524.000000  -0.022016
1542.000000  0.000030
1569.000000  0.016371
1598.000000  -0.005913
1615.000000  0.007682
1639.000000  -0.004463
1682.000000  0.031330
1728.000000  -0.010669
1760.000000  -0.014458
1828.000000  0.008335
1870.000000  0.002821
1899.000000  0.021158
1929.000000  -0.003985
1972.000000  -0.006223
2009.000000  0.017562
2051.000000  0.009124
2084.000000  -0.003347
2110.000000  -0.012680
2151.000000  0.009323
2192.000000  -0.001727
2226.000000  0.009393
2265.000000  0.005825
2317.000000  0.002139
2321.000000  0.019525
2345.000000  -0.015683
2364.000000  0.003114
2410.000000  -0.001132
2459.000000  0.003591
2473.000000  0.009684
2510.000000  -0.006909
2575.000000  0.019135
2596.000000  -0.001840
2633.000000  0.013633
2668.000000  0.025287
2714.000000  -0.019162
2739.000000  0.011110
2780.000000  -0.006800
2814.000000  0.009336
2849.000000  0.004528
2883.000000  0.004571
2931.000000  -0.001374
2963.000000  0.009608
3005.000000  -0.000076
3054.000000  0.011123
3098.000000  -0.000430
3139.000000  -0.013523
3187.000000  0.051676
3233.000000  -0.036865
3280.000000  0.025779
3316.000000  -0.014217
3351.000000  0.015600
3387.000000  0.032811
3410.000000  -0.031234
3458.000000  -0.003858
3504.000000  0.007120
3558.000000  0.023875
3614.000000  0.002270
3640.000000  0.004653
3692.000000  0.003381
3742.000000  0.027621
3799.000000  -0.031660
3853.000000  0.041403
3903.000000  -0.003996
3956.000000  -0.016998
3996.000000  0.010093
4029.000000  -0.011347
4071.000000  0.013818
4135.000000  0.007318
4175.000000  0.024709
4207.000000  -0.025648
4244.000000  0.006583
4281.000000  0.066598
4310.000000  -0.064085
4339.000000  0.021485
4367.000000  -0.008911
4414.000000  -0.006029
4438.000000  0.006218
4471.000000  0.010266
4523.000000  0.012494
4571.000000  0.000474
4608.000000  -0.010838
4632.000000  0.014915
4659.000000  0.007821
4681.000000  0.002394
4707.000000  0.016769
4737.000000  -0.021959
4798.000000  0.013566
4844.000000  0.017245
4875.000000  0.005473
4912.000000  0.000133
4935.000000  -0.004819
4950.000000  0.003989
5002.000000  -0.004760
5056.000000  0.005568
5098.000000  0.044171
5165.000000  -0.027613
5229.000000  0.015542
5287.000000  0.008396
5350.000000  -0.011250
5400.000000  0.006874
5472.000000  0.001705
5498.000000  0.047453
5532.000000  -0.039434
5593.000000  0.023113
5648.000000  0.028947
5722.000000  0.003427
5768.000000  0.012550
5853.000000  -0.052672
5908.000000  0.024510
5934.000000  -0.008979
5981.000000  0.051876
6026.000000  -0.013143
6068.000000  0.000317
6108.000000  0.001506
6124.000000  -0.018796
6163.000000  0.054040
6201.000000  -0.026167
6244.000000  0.003132
6283.000000  0.010820
6303.000000  -0.002156
6319.000000  0.002486
6337.000000  -0.008743
6364.000000  0.022059
6398.000000  -0.013618
6433.000000  -0.003894
6466.000000  0.013749
6499.000000  0.024162
6538.000000  -0.009897
6561.000000  -0.018640
6588.000000  0.041427
6645.000000  -0.024493
6694.000000  0.000545
6726.000000  0.026073
6776.000000  0.005382
6820.000000  0.011820
6851.000000  0.005307
6902.000000  -0.000260
6969.000000  -0.013029
7020.000000  0.030509
7069.000000  0.013573
7103.000000  -0.025859
7141.000000  0.045688
7183.000000  -0.015155
7208.000000  -0.018095
7229.000000  0.060308
7264.000000  -0.053590
7278.000000  0.025621
7314.000000  -0.023852
7370.000000  0.010544
7408.000000  0.026030
7470.000000  -0.012980
7507.000000  0.002831
7555.000000  0.011601
7588.000000  -0.014702
7626.000000  -0.015828
7653.000000  0.047782
7679.000000  0.001809
7711.000000  -0.006988
7742.000000  0.000858
7770.000000  -0.017554
7801.000000  0.017388
7854.000000  -0.030873
7899.000000  0.032366
7920.000000  0.023630
7955.000000  -0.013569
7994.000000  0.031268
8022.000000  -0.035384
8040.000000  0.009452
8055.000000  0.020626
8066.000000  -0.013230
8068.000000  0.123122
8074.000000  -0.099060
8085.000000  -0.022249
8094.000000  0.007445
8121.000000  0.000897
8130.000000  0.054546
8142.000000  0.040467
8162.000000  -0.063656
8184.000000  -0.018493
8198.000000  -0.019445
8214.000000  0.027420
8263.000000  -0.012919
8277.000000  0.011587
8289.000000  0.012007
8313.000000  -0.024751
8338.000000  0.009817
8371.000000  0.002180
8399.000000  0.027533
8423.000000  -0.042977
8450.000000  0.086288
8469.000000  -0.070201
8499.000000  0.071418
8527.000000  -0.063854
8556.000000  -0.000151
8590.000000  0.021519
8616.000000  -0.018180
8638.000000  0.016573
8649.000000  -0.012527
8659.000000  0.053652
8668.000000  -0.045817
8681.000000  0.022592
8698.000000  -0.044403
8700.000000  0.037957
8726.000000  -0.016266
8746.000000  0.014767
8772.000000  -0.001434
8788.000000  0.029618
8821.000000  0.007878
8836.000000  -0.029144
8843.000000  0.004328
8862.000000  -0.020674
8881.000000  0.026459
8891.000000  -0.012729
8903.000000  0.041471
8947.000000  -0.023848
8964.000000  -0.014572
8994.000000  0.004070
9018.000000  0.030184
9036.000000  0.020582
9068.000000  -0.031978
9095.000000  0.008633
9106.000000  0.000237
9120.000000  -0.012810
9147.000000  0.010767
9164.000000  -0.003881
9204.000000  0.007407
9217.000000  0.022689
9235.000000  0.003763
9256.000000  -0.023666
9276.000000  0.042632
9297.000000  -0.047757
9311.000000  0.012590
9326.000000  -0.001045
9337.000000  0.008022
9380.000000  0.009630
9400.000000  0.004905
9427.000000  -0.004828
9462.000000  0.019813
9479.000000  0.008293
9519.000000  -0.012448
9546.000000  0.002500
9582.000000  0.004297
9607.000000  -0.013401
9635.000000  0.012715
9676.000000  0.047009
9706.000000  -0.016139
9746.000000  0.015819
9777.000000  -0.009081
9820.000000  0.011918
9880.000000  -0.001732
9965.000000  0.024212
10009.000000  -0.045545
10050.000000  0.019641
10099.000000  0.020895
10144.000000  0.045066
10202.000000  -0.016173
10224.000000  0.000259
10233.000000  -0.018701
10245.000000  -0.031511
10276.000000  0.007202
10290.000000  0.021028
10304.000000  -0.011262
10309.000000  0.032737
10321.000000  -0.001404
10353.000000  -0.026718
10366.000000  0.051442
10369.000000  -0.071996
10379.000000  0.020925
