4067.000000  1.031036
4786.000000  -0.292451
5440.000000  -0.201081
6238.000000  -0.004897
7532.000000  0.417331
8912.000000  -0.027847
10315.000000  0.280894
11193.000000  -0.092070
12130.000000  -0.262625
13061.000000  0.113928
13914.000000  -0.060189
15339.000000  0.503695
15946.000000  -0.433613
16937.000000  0.004430
17721.000000  -0.070585
18348.000000  0.073933
18933.000000  0.045566
20045.000000  0.111625
21344.000000  0.266548
22389.000000  -0.133827
23078.000000  -0.304481
23821.000000  0.092165
24704.000000  0.093762
25259.000000  -0.049114
25915.000000  -0.179294
26773.000000  0.258486
27922.000000  -0.164976
29077.000000  0.038486
29886.000000  -0.157557
30755.000000  0.142168
31812.000000  0.194406
32930.000000  -0.141574
34036.000000  0.140575
34743.000000  -0.099408
35711.000000  0.179144
37014.000000  0.196292
38385.000000  0.019335
39122.000000  -0.195497
39949.000000  0.005086
41014.000000  0.166216
41932.000000  -0.048751
42667.000000  0.018609
43422.000000  0.287177
44409.000000  0.387246
45452.000000  0.016294
46457.000000  0.850906
47194.000000  -0.100769
48239.000000  -0.055719
49320.000000  -1.275193
50088.000000  0.335711
50680.000000  -0.313176
51416.000000  -0.102589
52040.000000  -0.103455
52882.000000  -0.261266
53731.000000  0.037712
54617.000000  -0.051033
55344.000000  0.305181
56059.000000  0.523506
57385.000000  0.123088
57990.000000  -0.188388
58508.000000  -0.835658
59134.000000  0.129641
59763.000000  -0.121701
60292.000000  0.122007
61375.000000  0.158077
61796.000000  -0.243162
62190.000000  -0.072169
62868.000000  0.111597
63718.000000  0.261355
64673.000000  0.107479
65455.000000  0.171884
66454.000000  -0.161036
67435.000000  0.079031
68274.000000  0.049481
69225.000000  0.248423
70498.000000  0.099092
71815.000000  0.200343
73357.000000  -0.155888
74388.000000  -0.219437
75261.000000  -0.010540
76104.000000  -0.200233
77135.000000  0.117101
77899.000000  -0.144437
78730.000000  -0.086710
79647.000000  0.281982
81398.000000  0.246689
82904.000000  0.099555
83765.000000  -0.205867
85042.000000  -0.041190
86334.000000  0.135899
87231.000000  -0.094059
88572.000000  0.375892
90179.000000  -0.252492
91555.000000  0.198438
92413.000000  -0.401569
93428.000000  0.340973
94723.000000  0.098304
95782.000000  -0.322507
96974.000000  -0.071854
97568.000000  1.114777
98206.000000  0.494407
98945.000000  -1.217634
99292.000000  -0.214239
99837.000000  0.111070
100570.000000  0.003212
101702.000000  -0.313447
102643.000000  0.121470
103539.000000  -0.187175
104139.000000  -0.071118
104530.000000  0.072057
105268.000000  0.055959
106318.000000  0.629495
107158.000000  1.353812
108094.000000  -1.276432
108589.000000  -0.386538
109058.000000  -0.094339
109898.000000  0.761108
111136.000000  0.081050
111869.000000  -0.474238
113165.000000  0.495611
113804.000000  0.099383
114204.000000  -0.715053
114426.000000  -0.710200
114696.000000  0.123808
115247.000000  0.151005
116283.000000  0.366896
117247.000000  0.019703
117954.000000  -0.132620
118695.000000  -0.240856
119576.000000  0.292465
120549.000000  0.024164
121267.000000  -0.028303
122275.000000  0.322131
123753.000000  -0.025371
124884.000000  0.049440
125544.000000  -0.347425
126176.000000  -0.154829
126718.000000  -0.042110
127341.000000  0.516868
128020.000000  0.877301
128736.000000  -0.667449
129892.000000  -0.226989
130925.000000  -0.268770
131428.000000  -0.140763
132014.000000  -0.064622
132923.000000  0.299531
133944.000000  -0.029000
134622.000000  -0.024076
135489.000000  0.256831
136196.000000  0.107782
136829.000000  -0.130424
137748.000000  0.231266
138488.000000  -0.345261
138964.000000  0.248350
139782.000000  0.404234
140457.000000  0.165612
141262.000000  0.738373
141914.000000  -0.202317
142905.000000  -0.013821
143676.000000  0.776975
144572.000000  -1.507763
144979.000000  -0.577659
145570.000000  0.446576
146057.000000  0.157462
146415.000000  -0.682612
146857.000000  0.038348
147390.000000  0.016227
147967.000000  0.468337
148528.000000  -0.440072
149091.000000  0.954164
149603.000000  -0.438804
150019.000000  0.513290
150203.000000  0.004537
150289.000000  -1.584037
150618.000000  1.374343
150948.000000  0.496137
151135.000000  -0.123310
151854.000000  -0.057871
152564.000000  1.006729
152937.000000  -0.380422
153184.000000  -0.284821
153622.000000  -0.177522
153987.000000  -0.048756
154545.000000  -1.380815
155445.000000  1.386662
156318.000000  -0.083903
156718.000000  -0.898086
157047.000000  -0.212176
157530.000000  0.026764
157921.000000  0.111248
158411.000000  1.234053
158607.000000  0.718399
158893.000000  -1.184709
158936.000000  -0.448182
158939.000000  -1.242064
159244.000000  0.359981
159765.000000  -0.113226
160136.000000  0.184283
160499.000000  -0.097556
160599.000000  -0.178696
