4067.000000  0.052126
4786.000000  0.027052
5440.000000  -0.029273
6238.000000  -0.003280
7532.000000  0.021249
8912.000000  0.000557
10315.000000  -0.014023
11193.000000  0.022241
12130.000000  -0.009478
13061.000000  -0.010924
13914.000000  -0.002175
15339.000000  0.017322
15946.000000  -0.016201
16937.000000  0.010510
17721.000000  -0.002655
18348.000000  0.037598
18933.000000  -0.000041
20045.000000  -0.029743
21344.000000  -0.007704
22389.000000  0.001631
23078.000000  0.003288
23821.000000  -0.000969
24704.000000  0.019174
25259.000000  -0.015106
25915.000000  -0.004557
26773.000000  0.015988
27922.000000  0.009342
29077.000000  -0.025367
29886.000000  0.033944
30755.000000  0.017418
31812.000000  -0.042847
32930.000000  0.014543
34036.000000  -0.004374
34743.000000  -0.010027
35711.000000  0.037365
37014.000000  -0.017874
38385.000000  -0.019019
39122.000000  0.011974
39949.000000  0.016587
41014.000000  -0.026039
41932.000000  0.030362
42667.000000  0.020396
43422.000000  0.431520
44409.000000  0.406415
45452.000000  0.043118
46457.000000  0.602042
47194.000000  0.056630
48239.000000  -0.046848
49320.000000  -1.508840
50088.000000  0.006974
50680.000000  -0.027101
51416.000000  0.013788
52040.000000  0.005422
52882.000000  0.005242
53731.000000  -0.013228
54617.000000  0.001491
55344.000000  -0.001869
56059.000000  -0.000837
57385.000000  -0.002572
57990.000000  0.020589
58508.000000  -0.024092
59134.000000  0.008952
59763.000000  0.004757
60292.000000  -0.007917
61375.000000  0.006069
61796.000000  -0.003350
62190.000000  0.026334
62868.000000  -0.023128
63718.000000  -0.005338
64673.000000  0.008399
65455.000000  -0.000871
66454.000000  -0.021661
67435.000000  0.043788
68274.000000  0.001158
69225.000000  -0.015189
70498.000000  0.008311
71815.000000  -0.022282
73357.000000  0.000695
74388.000000  0.029408
75261.000000  0.000514
76104.000000  -0.041708
77135.000000  0.033143
77899.000000  -0.009342
78730.000000  0.008690
79647.000000  0.029260
81398.000000  -0.037525
82904.000000  -0.009799
83765.000000  0.037039
85042.000000  -0.041441
86334.000000  0.054038
87231.000000  -0.056106
88572.000000  0.030581
90179.000000  -0.007814
91555.000000  -0.001922
92413.000000  -0.016826
93428.000000  0.007839
94723.000000  0.006578
95782.000000  -0.019230
96974.000000  -0.001056
97568.000000  0.011365
98206.000000  0.000397
98945.000000  0.001350
99292.000000  -0.015645
99837.000000  0.012369
100570.000000  -0.004344
101702.000000  -0.006020
102643.000000  0.050139
103539.000000  -0.040513
104139.000000  -0.005191
104530.000000  0.040116
105268.000000  -0.024858
106318.000000  0.002343
107158.000000  0.027210
108094.000000  -0.024765
108589.000000  0.017245
109058.000000  -0.014975
109898.000000  -0.009528
111136.000000  -0.014596
111869.000000  -0.000915
113165.000000  0.011986
113804.000000  -0.015599
114204.000000  0.008560
114426.000000  0.036043
114696.000000  -0.021037
115247.000000  -0.028704
116283.000000  0.028646
117247.000000  -0.013674
117954.000000  -0.010058
118695.000000  0.010305
119576.000000  0.010063
120549.000000  0.009939
121267.000000  -0.024288
122275.000000  0.008420
123753.000000  0.018618
124884.000000  -0.016444
125544.000000  0.010161
126176.000000  0.001594
126718.000000  -0.019046
127341.000000  0.039045
128020.000000  -0.031402
128736.000000  -0.002415
129892.000000  -0.005717
130925.000000  0.000062
131428.000000  0.004034
132014.000000  0.011371
132923.000000  -0.007330
133944.000000  -0.004691
134622.000000  -0.001546
135489.000000  0.001210
136196.000000  0.022472
136829.000000  0.025459
137748.000000  0.159689
138488.000000  -0.107127
138964.000000  0.040169
139782.000000  0.726307
140457.000000  0.033109
141262.000000  0.447741
141914.000000  -0.212368
142905.000000  -0.244131
143676.000000  -0.015089
144572.000000  -0.589261
144979.000000  -0.119534
145570.000000  -0.148749
146057.000000  0.016701
146415.000000  -0.018194
146857.000000  0.032063
147390.000000  -0.023013
147967.000000  -0.015495
148528.000000  0.014674
149091.000000  -0.011805
149603.000000  0.018485
150019.000000  -0.019232
150203.000000  0.017062
150289.000000  0.019975
150618.000000  -0.042726
150948.000000  -0.026165
151135.000000  -0.005112
151854.000000  -0.012901
152564.000000  -0.010985
152937.000000  -0.000015
153184.000000  0.014218
153622.000000  0.012727
153987.000000  -0.028156
154545.000000  0.005188
155445.000000  0.009684
156318.000000  -0.015282
156718.000000  0.021068
157047.000000  -0.020502
157530.000000  -0.004527
157921.000000  0.010444
158411.000000  0.010928
158607.000000  -0.019317
158893.000000  -0.000630
158936.000000  0.023244
158939.000000  -0.012477
159244.000000  -0.001066
159765.000000  0.000010
160136.000000  -0.000342
160499.000000  -0.011573
160599.000000  -0.010454
