995.000000  0.048382
1264.000000  0.054761
1466.000000  0.058534
1726.000000  0.054273
1992.000000  0.070295
2229.000000  0.065660
2580.000000  0.074121
2626.000000  0.075841
2969.000000  0.085252
3268.000000  0.086804
3603.000000  0.086141
3880.000000  0.086120
4145.000000  0.096262
4431.000000  0.097841
4736.000000  0.096285
4973.000000  0.091483
5239.000000  0.112030
5393.000000  0.095799
5516.000000  0.085996
5659.000000  0.094347
5770.000000  0.087364
5834.000000  0.090933
5947.000000  0.087115
6170.000000  0.104856
6361.000000  0.100533
6532.000000  0.098379
6764.000000  0.101235
7016.000000  0.117931
7315.000000  0.113869
7562.000000  0.127053
7883.000000  0.137352
8178.000000  0.121243
8412.000000  0.122857
8556.000000  0.123858
8659.000000  0.112061
8772.000000  0.116690
8898.000000  0.112487
9035.000000  0.116688
9185.000000  0.120805
9282.000000  0.122629
9412.000000  0.112088
9502.000000  0.121354
9643.000000  0.132503
9854.000000  0.107316
9948.000000  0.100799
10028.000000  0.098563
10089.000000  0.099313
10208.000000  0.101389
10362.000000  0.120156
10537.000000  0.113072
10726.000000  0.118860
10932.000000  0.123199
11202.000000  0.114741
11472.000000  0.107235
11809.000000  0.128202
12079.000000  0.125266
12153.000000  0.126054
12392.000000  0.131198
12645.000000  0.142827
12889.000000  0.132158
13175.000000  0.149869
13436.000000  0.146100
13632.000000  0.141973
13819.000000  0.139640
14051.000000  0.150861
14274.000000  0.148131
14456.000000  0.144807
14600.000000  0.144684
14766.000000  0.139760
14969.000000  0.163717
15164.000000  0.153475
15375.000000  0.152426
15609.000000  0.166284
15863.000000  0.161230
16145.000000  0.180564
16396.000000  0.169842
16615.000000  0.174614
16860.000000  0.157055
17002.000000  0.160167
17190.000000  0.149099
17414.000000  0.151892
17588.000000  0.145511
17790.000000  0.137433
18012.000000  0.142282
18176.000000  0.136809
18322.000000  0.146860
18395.000000  0.147131
18520.000000  0.132946
18636.000000  0.133763
18732.000000  0.129712
18817.000000  0.145930
18988.000000  0.131673
19172.000000  0.131000
19315.000000  0.126722
19389.000000  0.138977
19499.000000  0.131964
19618.000000  0.143412
19721.000000  0.141685
19981.000000  0.167880
20269.000000  0.151363
20522.000000  0.145999
20818.000000  0.155215
21099.000000  0.176144
21306.000000  0.159951
21542.000000  0.173179
21667.000000  0.150766
21729.000000  0.157739
21827.000000  0.152603
21961.000000  0.154455
22163.000000  0.145938
22416.000000  0.145038
22596.000000  0.176882
22786.000000  0.175867
23041.000000  0.175065
23242.000000  0.163899
23366.000000  0.160994
23519.000000  0.177532
23705.000000  0.169631
23934.000000  0.148857
24127.000000  0.146413
24362.000000  0.149587
24554.000000  0.160395
24758.000000  0.152026
24949.000000  0.159284
25165.000000  0.172410
25410.000000  0.162490
25596.000000  0.161914
25744.000000  0.152871
25965.000000  0.178612
26224.000000  0.164364
26408.000000  0.172535
26643.000000  0.177862
26864.000000  0.180503
27040.000000  0.174066
27269.000000  0.204505
27430.000000  0.181715
27551.000000  0.170814
27674.000000  0.175426
27819.000000  0.186503
27960.000000  0.167743
28109.000000  0.159805
28306.000000  0.182691
28511.000000  0.176547
28735.000000  0.152713
28945.000000  0.154488
29186.000000  0.155118
29391.000000  0.155352
29576.000000  0.171293
29827.000000  0.181744
30099.000000  0.178200
30332.000000  0.157376
30508.000000  0.153593
30658.000000  0.147482
30768.000000  0.154417
30902.000000  0.146373
31060.000000  0.153537
31257.000000  0.149869
31393.000000  0.143334
31481.000000  0.157557
31581.000000  0.133894
31666.000000  0.148123
31741.000000  0.140079
31890.000000  0.129336
32002.000000  0.127893
32104.000000  0.145138
32226.000000  0.121253
32290.000000  0.140396
32334.000000  0.115053
32431.000000  0.109654
32499.000000  0.101143
32573.000000  0.106543
32713.000000  0.093177
32822.000000  0.113217
32921.000000  0.089699
33012.000000  0.102068
33140.000000  0.097462
33291.000000  0.086305
33434.000000  0.105539
33550.000000  0.107258
33675.000000  0.093299
33767.000000  0.084340
33854.000000  0.083578
33958.000000  0.085784
34075.000000  0.080321
34181.000000  0.096286
34242.000000  0.082767
34293.000000  0.085621
34464.000000  0.090563
34676.000000  0.080472
34835.000000  0.085548
35020.000000  0.074798
35182.000000  0.079121
35276.000000  0.070723
35411.000000  0.076321
35518.000000  0.078223
35644.000000  0.073175
35731.000000  0.069954
35769.000000  0.057616
35848.000000  0.053796
35979.000000  0.058074
36089.000000  0.053976
36252.000000  0.086263
36435.000000  0.068015
36670.000000  0.065875
36877.000000  0.070888
36987.000000  0.069388
37090.000000  0.067828
37205.000000  0.071907
37309.000000  0.063948
37396.000000  0.059803
37520.000000  0.074986
37596.000000  0.068062
37722.000000  0.062064
37789.000000  0.058708
37936.000000  0.060738
38160.000000  0.054139
38357.000000  0.055445
38503.000000  0.075485
38609.000000  0.055017
38700.000000  0.047091
38736.000000  0.041966
38798.000000  0.041727
38852.000000  0.038181
38915.000000  0.036419
39022.000000  0.043138
39135.000000  0.032924
39236.000000  0.043871
39298.000000  0.036106
39306.000000  0.028776
39390.000000  0.025488
39488.000000  0.031754
39597.000000  0.029741
39693.000000  0.049391
39796.000000  0.032935
39874.000000  0.032114
39961.000000  0.036400
40046.000000  0.035164
40124.000000  0.033243
40192.000000  0.030126
40239.000000  0.030160
40245.000000  0.027136
40297.000000  0.024505
40306.000000  0.019163
40355.000000  0.027159
40436.000000  0.027142
40567.000000  0.023057
40670.000000  0.026638
40675.000000  0.023595
40764.000000  0.028759
40799.000000  0.019285
40803.000000  0.023840
40816.000000  0.012977
