995.000000  18.294195
1264.000000  24.685148
1466.000000  29.664940
1726.000000  27.152166
1992.000000  26.909023
2229.000000  23.687735
2580.000000  21.813494
2626.000000  31.786066
2969.000000  22.774654
3268.000000  23.662811
3603.000000  22.774536
3880.000000  23.710339
4145.000000  23.773760
4431.000000  25.805960
4736.000000  24.109806
4973.000000  23.701277
5239.000000  30.856085
5393.000000  35.825844
5516.000000  33.796848
5659.000000  38.564697
5770.000000  33.821728
5834.000000  37.042713
5947.000000  32.243679
6170.000000  29.835070
6361.000000  28.511602
6532.000000  27.022240
6764.000000  26.508347
7016.000000  31.362614
7315.000000  26.786617
7562.000000  31.254240
7883.000000  30.939665
8178.000000  29.573294
8412.000000  31.536070
8556.000000  34.749500
8659.000000  32.829536
8772.000000  35.501400
8898.000000  32.850048
9035.000000  37.158951
9185.000000  34.875362
9282.000000  34.894104
9412.000000  28.039186
9502.000000  31.322989
9643.000000  34.776352
9854.000000  28.116581
9948.000000  26.692162
10028.000000  22.713562
10089.000000  37.600468
10208.000000  31.909033
10362.000000  33.756413
10537.000000  33.563835
10726.000000  27.012741
10932.000000  26.122770
11202.000000  21.103220
11472.000000  20.812815
11809.000000  24.973829
12079.000000  24.750830
12153.000000  31.032095
12392.000000  26.850704
12645.000000  28.019451
12889.000000  25.473043
13175.000000  29.884819
13436.000000  26.941452
13632.000000  28.034670
13819.000000  30.886072
14051.000000  31.355783
14274.000000  32.712307
14456.000000  33.176353
14600.000000  34.995754
14766.000000  32.689533
14969.000000  34.262501
15164.000000  33.395840
15375.000000  30.291843
15609.000000  28.820658
15863.000000  27.634609
16145.000000  27.560064
16396.000000  25.468155
16615.000000  26.312080
16860.000000  27.201309
17002.000000  35.195045
17190.000000  27.552349
17414.000000  28.028614
17588.000000  28.483582
17790.000000  25.690292
18012.000000  23.218088
18176.000000  23.807634
18322.000000  25.777525
18395.000000  26.491442
18520.000000  22.332733
18636.000000  20.710297
18732.000000  34.319965
18817.000000  33.173294
18988.000000  19.935141
19172.000000  17.407837
19315.000000  17.452606
19389.000000  33.601345
19499.000000  37.328117
19618.000000  37.168819
19721.000000  27.676291
19981.000000  27.280575
20269.000000  29.063305
20522.000000  23.866987
20818.000000  18.704590
21099.000000  19.974833
21306.000000  33.356277
21542.000000  34.487122
21667.000000  34.293930
21729.000000  26.222092
21827.000000  25.919661
21961.000000  23.694256
22163.000000  27.671925
22416.000000  26.691038
22596.000000  33.207535
22786.000000  34.415783
23041.000000  33.124966
23242.000000  31.487196
23366.000000  34.171227
23519.000000  37.074097
23705.000000  32.589123
23934.000000  28.503359
24127.000000  29.805597
24362.000000  28.225740
24554.000000  31.047577
24758.000000  29.001534
24949.000000  29.603592
25165.000000  30.367010
25410.000000  26.662439
25596.000000  30.836142
25744.000000  29.744265
25965.000000  32.508953
26224.000000  27.955696
26408.000000  29.594597
26643.000000  28.356668
26864.000000  29.850525
27040.000000  30.215782
27269.000000  32.563808
27430.000000  31.701124
27551.000000  33.099236
27674.000000  33.789898
27819.000000  34.583088
27960.000000  28.841591
28109.000000  28.203661
28306.000000  28.413252
28511.000000  23.409002
28735.000000  22.510946
28945.000000  22.747843
29186.000000  21.031826
29391.000000  18.998465
29576.000000  19.348345
29827.000000  19.452356
30099.000000  17.532656
30332.000000  14.624697
30508.000000  16.990244
30658.000000  14.340125
30768.000000  14.255710
30902.000000  13.754394
31060.000000  14.425184
31257.000000  14.679096
31393.000000  12.734006
31481.000000  29.932695
31581.000000  26.831045
31666.000000  29.359016
31741.000000  28.619507
31890.000000  24.138044
32002.000000  27.012825
32104.000000  27.956932
32226.000000  24.431818
32290.000000  25.876490
32334.000000  25.087341
32431.000000  18.850548
32499.000000  16.752380
32573.000000  17.875580
32713.000000  14.034660
32822.000000  17.092289
32921.000000  13.354783
33012.000000  16.379614
33140.000000  13.980166
33291.000000  11.586865
33434.000000  10.503473
33550.000000  14.875952
33675.000000  13.092479
33767.000000  17.322807
33854.000000  17.627121
33958.000000  14.197209
34075.000000  13.330881
34181.000000  16.753677
34242.000000  16.550169
34293.000000  17.461916
34464.000000  16.503426
34676.000000  15.507322
34835.000000  15.358804
35020.000000  13.186102
35182.000000  14.741233
35276.000000  13.858168
35411.000000  12.150724
35518.000000  12.961267
35644.000000  11.894466
35731.000000  10.788392
35769.000000  8.756395
35848.000000  11.946487
35979.000000  11.440383
36089.000000  10.925937
36252.000000  15.441858
36435.000000  12.579439
36670.000000  11.830761
36877.000000  12.836923
36987.000000  11.423146
37090.000000  13.145124
37205.000000  12.918456
37309.000000  12.465941
37396.000000  11.175658
37520.000000  13.276388
37596.000000  13.299892
37722.000000  12.470686
37789.000000  12.491882
37936.000000  11.382357
38160.000000  9.225906
38357.000000  9.200644
38503.000000  12.426515
38609.000000  8.702364
38700.000000  7.806256
38736.000000  7.226163
38798.000000  7.250795
38852.000000  8.137308
38915.000000  8.162664
39022.000000  9.555047
39135.000000  7.059721
39236.000000  9.715517
39298.000000  8.053348
39306.000000  7.228879
39390.000000  6.222171
39488.000000  7.403271
39597.000000  6.287549
39693.000000  10.963642
39796.000000  7.243807
39874.000000  6.726501
39961.000000  7.583402
40046.000000  7.389328
40124.000000  6.505682
40192.000000  6.411540
40239.000000  6.355874
40245.000000  6.521292
40297.000000  5.172477
40306.000000  4.215003
40355.000000  6.524691
40436.000000  5.811227
40567.000000  4.908333
40670.000000  5.948442
40675.000000  5.907981
40764.000000  6.377507
40799.000000  4.364703
40803.000000  5.817621
40816.000000  3.302635
