2285.000000  87.795937
2876.000000  89.074570
3334.000000  90.200058
3761.000000  90.061035
4323.000000  90.189919
4862.000000  87.903465
5711.000000  87.591934
6412.000000  88.918182
7154.000000  88.265533
8166.000000  87.987694
8936.000000  86.898979
9678.000000  88.063789
10102.000000  88.638870
10357.000000  88.302658
10751.000000  88.584808
11040.000000  89.850929
11476.000000  88.863571
11807.000000  89.206558
12207.000000  89.624931
12813.000000  88.809555
13254.000000  89.458229
13616.000000  88.892494
14213.000000  89.154922
14561.000000  88.420471
15118.000000  88.576385
15555.000000  88.518349
16616.000000  88.146278
17040.000000  88.403473
17643.000000  87.776222
18153.000000  88.390976
19020.000000  88.531403
19535.000000  87.895638
20248.000000  88.147446
20588.000000  87.578621
21740.000000  88.207588
22222.000000  87.938332
23205.000000  88.261261
24086.000000  88.139847
24903.000000  88.086220
25648.000000  88.506027
27418.000000  88.598976
28482.000000  88.650620
29369.000000  88.593597
30266.000000  88.766495
31028.000000  87.795815
32211.000000  87.963326
33442.000000  88.021713
35111.000000  88.114189
36487.000000  88.173470
36759.000000  88.319763
37584.000000  88.829338
38360.000000  88.786865
38923.000000  87.946526
39643.000000  88.679382
40317.000000  89.094360
41207.000000  88.713547
41972.000000  88.656738
42617.000000  89.026199
43553.000000  88.970436
44780.000000  89.092659
46300.000000  88.505112
47717.000000  88.628578
48927.000000  88.672974
49902.000000  88.256470
51685.000000  88.552704
52957.000000  88.311729
54748.000000  88.801575
56660.000000  88.415817
58160.000000  89.044472
59392.000000  89.109268
60543.000000  88.821777
61535.000000  88.804924
62435.000000  88.543869
64386.000000  88.769730
66035.000000  88.488777
67600.000000  88.457474
69377.000000  89.091667
70668.000000  89.357918
72179.000000  89.159241
73137.000000  89.786285
74567.000000  89.803757
75142.000000  89.992920
75809.000000  90.416847
75934.000000  90.277031
76485.000000  90.703133
76815.000000  90.705475
77581.000000  90.576096
77926.000000  90.681168
78693.000000  80.678246
79070.000000  91.081322
80133.000000  91.012405
81673.000000  90.934494
82537.000000  91.028076
82930.000000  91.147575
83420.000000  91.119682
83757.000000  91.403145
84266.000000  91.612846
84478.000000  91.603081
84878.000000  91.447868
85033.000000  91.737152
85111.000000  91.903755
85260.000000  92.096916
85391.000000  92.324722
85802.000000  92.072609
86272.000000  91.674850
86807.000000  91.928795
88134.000000  91.544853
89627.000000  91.839348
90723.000000  91.793655
90937.000000  92.197006
91031.000000  91.810020
91301.000000  92.330872
91464.000000  92.681160
91472.000000  92.523262
