2285.000000  1.441806
2876.000000  0.042383
3334.000000  0.088464
3761.000000  0.051593
4323.000000  0.042111
4862.000000  0.046796
5711.000000  0.138269
6412.000000  0.092413
7154.000000  0.130029
8166.000000  0.074548
8936.000000  0.097944
9678.000000  0.122412
10102.000000  0.018297
10357.000000  -0.043919
10751.000000  0.122729
11040.000000  0.046990
11476.000000  0.005930
11807.000000  0.010545
12207.000000  0.097339
12813.000000  0.021033
13254.000000  0.065274
13616.000000  -0.002987
14213.000000  0.116862
14561.000000  0.190291
15118.000000  -0.072428
15555.000000  0.081981
16616.000000  0.103332
17040.000000  0.011216
17643.000000  0.061285
18153.000000  0.165642
19020.000000  -0.022281
19535.000000  0.037615
20248.000000  0.100984
20588.000000  0.119082
21740.000000  0.090548
22222.000000  0.155566
23205.000000  0.108130
24086.000000  -0.008051
24903.000000  0.100111
25648.000000  0.160390
27418.000000  0.058389
28482.000000  0.145013
29369.000000  0.198028
30266.000000  0.192295
31028.000000  0.076482
32211.000000  0.169260
33442.000000  0.052412
35111.000000  0.099939
36487.000000  0.187227
36759.000000  0.133787
37584.000000  0.012265
38360.000000  -0.003716
38923.000000  0.080693
39643.000000  0.122380
40317.000000  0.072845
41207.000000  0.119113
41972.000000  0.128205
42617.000000  0.180077
43553.000000  -0.002208
44780.000000  0.222282
46300.000000  0.044377
47717.000000  0.247746
48927.000000  0.101322
49902.000000  0.191028
51685.000000  0.135273
52957.000000  0.074174
54748.000000  0.373418
56660.000000  0.142591
58160.000000  0.165444
59392.000000  0.245263
60543.000000  -0.003712
61535.000000  0.361095
62435.000000  -0.133803
64386.000000  0.196000
66035.000000  0.286045
67600.000000  0.167815
69377.000000  0.136265
70668.000000  0.326592
72179.000000  -0.129766
73137.000000  0.301441
74567.000000  0.167155
75142.000000  0.040609
75809.000000  0.025204
75934.000000  0.046849
76485.000000  0.048139
76815.000000  0.332297
77581.000000  -0.169706
77926.000000  0.190816
78693.000000  -0.084295
79070.000000  0.134794
80133.000000  0.037514
81673.000000  0.215707
82537.000000  0.261266
82930.000000  -0.047383
83420.000000  -0.028304
83757.000000  0.066519
84266.000000  0.267766
84478.000000  -0.082054
84878.000000  0.414244
85033.000000  -0.536832
85111.000000  0.119392
85260.000000  0.125623
85391.000000  0.511583
85802.000000  -0.649552
86272.000000  0.185169
86807.000000  0.025149
88134.000000  0.149281
89627.000000  0.079304
90723.000000  0.155527
90937.000000  0.117906
91031.000000  0.216219
91301.000000  -0.282357
91464.000000  0.100871
91472.000000  -0.006162
