995.000000  75.974052
1212.000000  82.727455
1433.000000  81.285248
1654.000000  80.293251
1897.000000  82.338242
2120.000000  82.328712
2381.000000  82.545265
2621.000000  81.526718
2922.000000  82.508125
3015.000000  78.547951
3317.000000  83.923630
3645.000000  84.416000
4023.000000  80.087448
4318.000000  82.039505
4608.000000  77.284866
4896.000000  78.508873
5168.000000  76.371124
5419.000000  74.518059
5627.000000  72.048332
5864.000000  72.210854
6037.000000  74.366989
6197.000000  73.010788
6373.000000  66.449738
6554.000000  68.892632
6716.000000  70.323112
6864.000000  55.349083
7005.000000  57.454903
7132.000000  59.754379
7235.000000  49.897175
7263.000000  49.501209
7390.000000  60.309231
7494.000000  45.698746
7620.000000  47.306301
7749.000000  52.293903
7912.000000  55.871944
8075.000000  58.585423
8123.000000  46.436642
8245.000000  53.716362
8386.000000  53.887794
8543.000000  56.409637
8804.000000  63.356949
9063.000000  66.631630
9255.000000  62.715256
9460.000000  59.787144
9585.000000  60.144814
9799.000000  62.737358
10028.000000  63.058685
10241.000000  63.495724
10439.000000  64.433846
10688.000000  66.396439
10847.000000  61.574955
11041.000000  64.617638
11119.000000  52.157753
11295.000000  57.433128
11338.000000  34.008511
11455.000000  50.685417
11507.000000  54.765232
11637.000000  48.378517
11785.000000  48.844250
11929.000000  45.614895
11971.000000  24.235435
12074.000000  46.570648
12141.000000  46.730541
12251.000000  50.009346
12378.000000  49.680729
12537.000000  57.178955
12683.000000  43.584999
12840.000000  47.901058
12983.000000  59.322037
13145.000000  63.264191
13290.000000  65.565735
13409.000000  65.727257
13530.000000  63.793190
13650.000000  59.064068
13790.000000  57.726753
13938.000000  56.513508
14060.000000  53.811531
14150.000000  39.950325
14287.000000  44.719234
14471.000000  50.223297
14726.000000  53.815376
14869.000000  53.365005
15152.000000  61.304779
15454.000000  65.944923
15739.000000  62.901367
16006.000000  60.152775
16296.000000  58.806725
16580.000000  54.893421
16868.000000  55.810349
17078.000000  54.219925
17267.000000  53.872002
17486.000000  53.226109
17646.000000  50.590061
17790.000000  54.198383
17931.000000  53.320946
18062.000000  57.703827
18145.000000  55.765690
18269.000000  55.642933
18405.000000  51.901497
18515.000000  50.393875
18617.000000  56.592709
18724.000000  60.648239
18810.000000  60.635960
18965.000000  63.425083
19170.000000  63.406128
19371.000000  63.523029
19525.000000  57.498325
19759.000000  60.086464
19900.000000  58.523476
20052.000000  57.023197
20203.000000  61.243618
20306.000000  62.471832
20417.000000  62.179905
20509.000000  62.609333
20563.000000  69.716125
20611.000000  59.972878
20686.000000  63.894402
20725.000000  57.643543
20731.000000  16.499043
20787.000000  49.881950
20866.000000  50.826298
20937.000000  46.267620
21024.000000  56.147022
21149.000000  60.754562
21344.000000  64.129028
21456.000000  66.624542
21562.000000  62.344559
21688.000000  58.201813
21805.000000  52.094357
21890.000000  33.436016
21997.000000  34.099541
22080.000000  33.979969
22131.000000  27.297625
22332.000000  40.100883
22537.000000  46.603954
22722.000000  63.764393
22951.000000  67.001602
23242.000000  69.889015
23533.000000  67.752640
23840.000000  66.912666
24114.000000  63.561829
24357.000000  60.907299
24580.000000  54.354786
24740.000000  51.424713
24927.000000  55.948891
25128.000000  53.681011
25356.000000  52.909863
25550.000000  52.232807
25789.000000  56.186390
25964.000000  52.242626
26212.000000  31.418442
26492.000000  70.928802
26770.000000  43.860443
27071.000000  39.417809
27248.000000  33.170921
27471.000000  36.680325
27643.000000  35.375603
27783.000000  62.306808
27956.000000  63.196373
28153.000000  67.226372
28407.000000  72.235779
28595.000000  69.307014
28683.000000  73.396591
28794.000000  39.472725
28935.000000  40.995865
29100.000000  42.378880
29251.000000  38.628151
29437.000000  39.028988
29631.000000  72.940483
29743.000000  23.452473
29855.000000  22.544483
29978.000000  31.506479
30122.000000  38.030041
30274.000000  25.913567
30393.000000  23.025795
30519.000000  22.252666
30571.000000  14.256724
30656.000000  15.655212
30803.000000  23.093431
30880.000000  20.559961
30999.000000  35.019405
31140.000000  43.737732
31303.000000  46.301151
31467.000000  44.963802
31562.000000  35.291355
31636.000000  42.041096
31777.000000  39.681446
31950.000000  49.909683
32163.000000  48.591621
32302.000000  44.277668
32435.000000  56.907700
32529.000000  52.270084
32628.000000  42.801525
32772.000000  33.425800
32944.000000  40.482895
33167.000000  42.111839
33336.000000  37.942497
33481.000000  34.783371
33694.000000  39.592327
33917.000000  35.707726
34103.000000  38.734783
34229.000000  33.460590
34280.000000  31.992350
34307.000000  26.795641
34338.000000  26.801304
34368.000000  28.706833
34406.000000  36.192764
34517.000000  37.650364
34595.000000  38.467762
34766.000000  43.169777
34916.000000  45.830116
35104.000000  49.536308
35290.000000  53.793316
35393.000000  46.076218
35485.000000  15.819706
35529.000000  13.655907
35642.000000  18.818434
35750.000000  24.003716
35900.000000  26.130405
35975.000000  20.884188
36122.000000  30.731306
36229.000000  29.704212
36293.000000  27.704197
36325.000000  5.240996
36373.000000  10.641916
36396.000000  11.381335
36457.000000  18.813532
36498.000000  13.583724
36578.000000  23.811878
36590.000000  21.862106
36595.000000  0.514585
36640.000000  16.770245
36709.000000  7.312744
36787.000000  11.713707
36830.000000  9.782816
36894.000000  9.624301
36930.000000  3.352859
36974.000000  4.135193
37037.000000  8.084187
37080.000000  5.266170
37132.000000  6.428626
37229.000000  10.331904
37281.000000  9.137301
37342.000000  12.452591
37409.000000  16.293077
37445.000000  9.413857
37532.000000  13.829973
37645.000000  18.463049
37736.000000  18.199718
37855.000000  23.750381
37917.000000  13.781743
37967.000000  12.073904
37994.000000  10.383403
38025.000000  9.529507
38061.000000  10.293286
38063.000000  2.915065
38105.000000  8.879278
38160.000000  11.463728
38214.000000  9.341633
38284.000000  12.311440
38363.000000  15.007647
38417.000000  13.432940
38457.000000  7.583369
38499.000000  9.359494
38532.000000  9.366976
38568.000000  12.104518
38587.000000  8.928917
38698.000000  5.569190
38787.000000  6.188502
38809.000000  5.316317
38834.000000  5.360638
38873.000000  3.333320
38942.000000  6.697055
38997.000000  7.001282
39055.000000  10.942573
39118.000000  9.730073
39147.000000  7.081632
39197.000000  9.729383
39278.000000  9.134823
39375.000000  12.765905
39452.000000  13.737538
39539.000000  15.412809
39595.000000  10.286504
39688.000000  11.868130
39767.000000  9.932362
39833.000000  9.124828
39887.000000  13.119806
39926.000000  11.163461
39959.000000  8.870828
40020.000000  8.134545
40077.000000  7.995284
40132.000000  8.294649
40180.000000  8.424229
40238.000000  10.353978
40322.000000  11.111944
40367.000000  10.850449
40373.000000  4.412785
40373.000000  0.017524
40373.000000  8.049403
40472.000000  12.969067
40566.000000  12.615529
40612.000000  12.077772
40695.000000  13.863899
40783.000000  17.585720
40821.000000  17.834198
