269.000000  2.051965
324.000000  -1.918648
378.000000  0.189014
413.000000  -0.118917
472.000000  -0.093211
533.000000  0.025067
566.000000  -0.059630
627.000000  0.028575
668.000000  -0.060099
705.000000  0.008487
729.000000  0.030824
769.000000  0.020258
790.000000  -0.000157
831.000000  0.089194
899.000000  0.080857
940.000000  -0.017579
963.000000  -0.224999
1030.000000  0.312459
1083.000000  -0.022667
1136.000000  -0.133285
1164.000000  -0.125757
1182.000000  -0.011295
1207.000000  0.008442
1240.000000  0.196745
1265.000000  0.073303
1302.000000  -0.297316
1332.000000  0.225923
1364.000000  -0.002781
1400.000000  -0.002736
1415.000000  0.009476
1436.000000  0.052340
1458.000000  -0.005362
1483.000000  -0.069600
1505.000000  0.008464
1545.000000  0.063561
1584.000000  -0.078000
1618.000000  -0.001853
1661.000000  0.040431
1703.000000  0.027095
1754.000000  -0.038046
1795.000000  0.066671
1822.000000  0.007348
1860.000000  -0.003891
1899.000000  0.049646
1940.000000  0.033632
1985.000000  0.000951
2030.000000  0.012733
2063.000000  -0.061177
2101.000000  0.006271
2142.000000  -0.279900
2153.000000  0.026163
2170.000000  -0.015385
2213.000000  0.119124
2270.000000  0.025353
2287.000000  -0.113952
2345.000000  0.088326
2395.000000  0.035787
2427.000000  -0.000670
2460.000000  -0.153437
2510.000000  0.035171
2560.000000  0.058494
2596.000000  0.000926
2633.000000  -0.084713
2666.000000  0.124857
2703.000000  -0.045692
2726.000000  -0.069416
2762.000000  0.123100
2767.000000  -0.177127
2796.000000  0.062504
2846.000000  0.004796
2899.000000  0.138619
2927.000000  -0.125549
2980.000000  -0.083037
3025.000000  0.114625
3069.000000  -0.000064
3115.000000  -0.055123
3159.000000  0.029927
3226.000000  0.037419
3258.000000  -0.129063
3294.000000  -0.000142
3324.000000  -0.046151
3351.000000  0.003625
3394.000000  0.039947
3449.000000  0.039530
3468.000000  -0.092166
3513.000000  0.068352
3558.000000  -0.031447
3559.000000  -0.009324
3604.000000  0.081885
3645.000000  -0.091287
3688.000000  0.061922
3734.000000  -0.043608
3736.000000  -0.044373
3777.000000  0.088602
3809.000000  -0.025041
3831.000000  -0.026483
3852.000000  -0.020101
3863.000000  -0.013095
3876.000000  -0.001079
3899.000000  0.018075
3952.000000  0.014467
3987.000000  0.003450
4018.000000  -0.040140
4063.000000  -0.000171
4095.000000  0.005624
4112.000000  -0.005583
4154.000000  0.005129
4210.000000  0.017257
4261.000000  0.029407
4306.000000  -0.004059
4321.000000  -0.047642
4349.000000  0.009559
4386.000000  0.087111
4413.000000  -0.055797
4471.000000  0.044076
4504.000000  0.026295
4548.000000  -0.003029
4631.000000  -0.020735
4682.000000  0.004761
4719.000000  0.039283
4766.000000  -0.035856
4815.000000  0.002818
4857.000000  -0.003808
4908.000000  0.086693
4919.000000  -0.029357
4945.000000  0.017617
4978.000000  -0.033255
5014.000000  -0.003509
5050.000000  -0.007432
5078.000000  0.014764
5097.000000  -0.046392
5123.000000  -0.033960
5163.000000  0.089158
5206.000000  -0.049105
5254.000000  0.053032
5310.000000  -0.005581
5377.000000  0.075018
5439.000000  -0.018322
5493.000000  -0.075497
5518.000000  -0.126706
5569.000000  0.194212
5612.000000  0.041044
5637.000000  -0.047351
5698.000000  -0.018871
5732.000000  -0.000136
5764.000000  -0.064356
5808.000000  0.057686
5862.000000  -0.017563
5898.000000  0.050188
5928.000000  -0.046407
5965.000000  -0.150126
6004.000000  0.154575
6033.000000  -0.033619
6069.000000  0.004744
6108.000000  -0.096351
6130.000000  0.101833
6167.000000  -0.023616
6185.000000  -0.039374
6226.000000  0.091133
6267.000000  -0.058980
6318.000000  0.012827
6340.000000  -0.051537
6373.000000  0.019694
6391.000000  -0.020068
6436.000000  0.082629
6475.000000  -0.016863
6520.000000  0.034664
6552.000000  -0.058319
6576.000000  -0.035383
6600.000000  0.007660
6656.000000  0.037820
6676.000000  -0.001746
6696.000000  -0.044903
6740.000000  0.026862
6758.000000  -0.039085
6775.000000  0.022023
6780.000000  -0.076763
6832.000000  0.081895
6883.000000  0.029850
6937.000000  -0.002600
6998.000000  0.002761
7036.000000  -0.000648
7096.000000  0.010497
7137.000000  -0.011290
7165.000000  -0.088316
7204.000000  0.031025
7244.000000  -0.006988
7287.000000  0.021266
7344.000000  -0.015444
7384.000000  0.046475
7442.000000  -0.061622
7489.000000  0.005099
7499.000000  -0.041970
7547.000000  0.051552
7586.000000  0.001645
7619.000000  -0.017977
7668.000000  0.023130
7730.000000  -0.029950
7771.000000  0.005897
7811.000000  -0.006213
7828.000000  0.007289
7856.000000  -0.018632
7861.000000  0.001534
7907.000000  0.009302
7935.000000  -0.019159
7989.000000  -0.000772
8041.000000  -0.001572
8082.000000  0.028514
8110.000000  -0.012708
8168.000000  0.015623
8213.000000  -0.000757
8245.000000  -0.004759
8282.000000  0.006355
8318.000000  -0.023008
8328.000000  -0.007048
8355.000000  -0.001195
8355.000000  -0.007186
8374.000000  0.047879
8403.000000  0.020324
8428.000000  -0.060218
8448.000000  0.022067
8469.000000  0.040971
8512.000000  -0.035524
8559.000000  0.037146
8562.000000  -0.060139
8596.000000  -0.003298
8619.000000  0.012540
8638.000000  0.003308
8661.000000  -0.001107
8691.000000  0.046771
8713.000000  -0.036233
8714.000000  -0.030790
8730.000000  0.008740
8744.000000  0.002466
8761.000000  0.005502
8787.000000  0.007421
8807.000000  0.014233
8829.000000  -0.020334
8848.000000  -0.021625
8867.000000  0.009598
8908.000000  0.012545
8942.000000  -0.018950
8974.000000  0.004623
8981.000000  -0.000894
9019.000000  0.035250
9033.000000  -0.014632
9061.000000  -0.010130
9094.000000  0.008023
9116.000000  -0.020376
9160.000000  0.012880
9195.000000  -0.013107
9210.000000  -0.004940
9227.000000  0.005020
9240.000000  -0.005020
9258.000000  0.003211
9276.000000  0.001722
9298.000000  -0.001129
9319.000000  0.000038
9328.000000  -0.000552
9338.000000  -0.001702
9348.000000  -0.000214
9363.000000  -0.000886
9397.000000  0.025516
9410.000000  -0.007187
9446.000000  0.016306
9518.000000  0.053932
9555.000000  0.000736
9591.000000  -0.040192
9596.000000  -0.013614
9638.000000  0.034349
9666.000000  0.007041
9719.000000  -0.020076
9735.000000  -0.025418
9758.000000  -0.003180
9769.000000  -0.023848
9772.000000  -0.003656
9788.000000  0.036772
9803.000000  -0.030529
9813.000000  -0.003580
9829.000000  0.006743
9859.000000  -0.000387
9892.000000  0.006057
9892.000000  -0.016255
9904.000000  -0.000078
9919.000000  0.017496
9960.000000  0.042110
10013.000000  0.000291
10072.000000  0.002140
10086.000000  -0.035517
10098.000000  -0.023660
10122.000000  0.006278
10146.000000  0.000990
10166.000000  0.018146
10198.000000  -0.003053
10216.000000  -0.010789
10238.000000  -0.006620
10248.000000  -0.007750
10262.000000  -0.000060
10287.000000  0.006269
10307.000000  0.010105
10321.000000  0.004055
10325.000000  -0.018509
10352.000000  0.019078
10363.000000  -0.019243
10371.000000  -0.001429
10378.000000  0.000843
