4067.000000  0.969017
4777.000000  0.889538
5326.000000  0.400151
6286.000000  0.625387
7254.000000  0.777187
8843.000000  1.035070
10236.000000  1.073125
11220.000000  1.003077
12558.000000  1.187457
13818.000000  1.243311
15203.000000  1.254411
16114.000000  0.882321
17118.000000  0.966398
17804.000000  0.824520
18701.000000  1.138489
19524.000000  0.900250
20040.000000  0.885408
20455.000000  0.793371
21009.000000  0.878084
21834.000000  1.061298
22709.000000  0.985445
23306.000000  0.852775
24483.000000  1.172414
25265.000000  1.265061
26438.000000  1.245694
27527.000000  1.279683
28635.000000  1.104870
29689.000000  1.300775
30585.000000  1.027986
31223.000000  1.085890
31711.000000  0.948437
32313.000000  1.088833
32741.000000  1.135405
33626.000000  1.412162
34715.000000  1.462729
35953.000000  1.164923
36559.000000  0.988975
37673.000000  1.307907
38731.000000  1.394559
39742.000000  1.494339
40448.000000  1.157313
41405.000000  1.395805
42160.000000  1.367763
42877.000000  1.085184
43716.000000  1.086496
44440.000000  1.087475
44806.000000  0.868970
45486.000000  0.951032
46282.000000  0.932156
46825.000000  1.216882
47542.000000  1.045533
48567.000000  1.253266
49897.000000  1.139805
50993.000000  1.441417
51747.000000  1.124395
52500.000000  1.070939
53310.000000  0.965332
54270.000000  1.069872
55620.000000  1.306739
56570.000000  1.311449
57578.000000  1.211750
58273.000000  1.254303
58879.000000  1.862499
59786.000000  1.072672
60718.000000  1.584349
61617.000000  1.417944
62748.000000  1.466949
63662.000000  1.336662
64781.000000  1.696306
65888.000000  1.455321
66735.000000  1.480804
67589.000000  1.837357
68755.000000  2.123719
69884.000000  1.807865
70872.000000  1.677596
71872.000000  1.880180
72974.000000  2.003931
74508.000000  2.053791
75512.000000  1.971373
76761.000000  1.875221
78034.000000  1.849049
79119.000000  2.123437
79990.000000  1.852162
80821.000000  1.596193
82019.000000  1.998234
83592.000000  2.000532
84516.000000  1.926400
85409.000000  1.711153
86455.000000  2.094519
87437.000000  2.217106
88318.000000  2.082869
89085.000000  1.968915
89744.000000  2.409682
90894.000000  2.744225
92435.000000  2.614047
93702.000000  2.147265
94767.000000  1.968567
96271.000000  2.708762
97621.000000  3.442630
98462.000000  3.202315
99368.000000  2.156965
100377.000000  2.054325
101527.000000  2.421755
102032.000000  2.290926
102539.000000  1.915369
103142.000000  1.696265
104152.000000  2.058733
105182.000000  3.005393
106312.000000  2.618477
107223.000000  3.552890
108420.000000  2.210461
109008.000000  1.965370
109621.000000  1.986699
110377.000000  2.439721
111555.000000  3.182615
112326.000000  2.274910
113060.000000  2.453444
113996.000000  3.323688
115269.000000  3.496387
116205.000000  3.214975
117093.000000  3.654377
117861.000000  2.559310
118553.000000  2.486144
119576.000000  2.476871
119900.000000  1.967900
120306.000000  2.080335
120660.000000  2.645807
120962.000000  2.326558
121059.000000  2.507168
121437.000000  1.946179
121612.000000  1.485554
121851.000000  1.700617
122317.000000  1.787823
122647.000000  1.519598
123322.000000  1.983084
124326.000000  1.825728
124712.000000  1.883000
125142.000000  2.555933
125409.000000  1.744319
125702.000000  1.773305
126145.000000  1.517717
126548.000000  1.622022
126972.000000  1.587147
127425.000000  1.612827
127809.000000  1.778517
128345.000000  1.665097
128708.000000  1.892247
129162.000000  1.624709
129737.000000  1.907193
130391.000000  1.893608
131531.000000  2.032618
132263.000000  1.847515
132713.000000  1.950770
133645.000000  2.041702
134104.000000  2.126001
134284.000000  1.703875
134538.000000  1.812962
135153.000000  1.892346
135902.000000  3.849414
136698.000000  3.421240
137765.000000  3.272505
138799.000000  3.696424
140017.000000  3.006704
140897.000000  2.324902
141487.000000  2.619511
141759.000000  2.519328
141777.000000  2.241173
142114.000000  2.205944
142525.000000  3.177797
142976.000000  2.217701
143444.000000  3.050060
143894.000000  3.272593
144570.000000  4.220512
145243.000000  2.870528
146418.000000  3.109331
147629.000000  3.485649
148817.000000  3.704807
150109.000000  3.697061
151319.000000  4.797628
153995.000000  4.691576
155301.000000  4.818109
157143.000000  4.319980
157722.000000  3.822510
158683.000000  3.758985
159209.000000  3.826823
159643.000000  3.430113
160091.000000  3.968608
160394.000000  4.529782
160450.000000  4.122845
160498.000000  4.838029
160542.000000  5.341286
