4067.000000  0.076910
4777.000000  -0.013183
5326.000000  -0.015165
6286.000000  0.024056
7254.000000  0.003684
8843.000000  -0.016421
10236.000000  -0.006172
11220.000000  0.005452
12558.000000  -0.006934
13818.000000  0.022358
15203.000000  -0.004318
16114.000000  -0.000411
17118.000000  -0.001541
17804.000000  -0.008456
18701.000000  -0.004658
19524.000000  0.009564
20040.000000  -0.011082
20455.000000  0.020789
21009.000000  -0.014546
21834.000000  0.006422
22709.000000  0.008296
23306.000000  -0.000151
24483.000000  0.007427
25265.000000  -0.003466
26438.000000  0.000166
27527.000000  -0.016869
28635.000000  0.011873
29689.000000  0.002520
30585.000000  -0.003859
31223.000000  -0.011452
31711.000000  0.022942
32313.000000  -0.015611
32741.000000  0.038678
33626.000000  -0.022394
34715.000000  0.003223
35953.000000  0.008408
36559.000000  -0.008677
37673.000000  0.015074
38731.000000  -0.010169
39742.000000  0.002627
40448.000000  -0.011659
41405.000000  0.006177
42160.000000  0.002113
42877.000000  0.005073
43716.000000  -0.003474
44440.000000  0.036058
44806.000000  -0.036384
45486.000000  0.001551
46282.000000  0.000192
46825.000000  0.002261
47542.000000  -0.011149
48567.000000  0.026800
49897.000000  -0.030522
50993.000000  0.034078
51747.000000  -0.009688
52500.000000  0.027994
53310.000000  -0.046195
54270.000000  -0.010264
55620.000000  0.026794
56570.000000  0.000543
57578.000000  -0.021037
58273.000000  0.036034
58879.000000  -0.009220
59786.000000  -0.032003
60718.000000  0.026849
61617.000000  -0.019188
62748.000000  0.003097
63662.000000  -0.011721
64781.000000  0.017067
65888.000000  -0.001812
66735.000000  -0.005411
67589.000000  0.008176
68755.000000  0.016085
69884.000000  -0.016905
70872.000000  -0.004397
71872.000000  0.004077
72974.000000  0.003695
74508.000000  0.003271
75512.000000  0.008641
76761.000000  0.033626
78034.000000  -0.038996
79119.000000  -0.002857
79990.000000  0.001096
80821.000000  0.004442
82019.000000  0.001490
83592.000000  -0.011098
84516.000000  -0.011461
85409.000000  -0.000343
86455.000000  0.026514
87437.000000  -0.008458
88318.000000  -0.008109
89085.000000  -0.011454
89744.000000  0.025541
90894.000000  -0.025299
92435.000000  0.020187
93702.000000  0.006967
94767.000000  0.015966
96271.000000  -0.019492
97621.000000  -0.004031
98462.000000  0.002775
99368.000000  0.001003
100377.000000  0.005179
101527.000000  -0.013654
102032.000000  0.010605
102539.000000  -0.000710
103142.000000  -0.006431
104152.000000  0.010279
105182.000000  -0.021777
106312.000000  0.043116
107223.000000  -0.050020
108420.000000  0.002284
109008.000000  0.014690
109621.000000  0.007627
110377.000000  -0.026022
111555.000000  0.010690
112326.000000  0.011736
113060.000000  -0.004468
113996.000000  -0.008473
115269.000000  0.010811
116205.000000  -0.017233
117093.000000  -0.004589
117861.000000  0.020174
118553.000000  0.006515
119576.000000  -0.015624
119900.000000  -0.005368
120306.000000  0.022118
120660.000000  -0.030071
120962.000000  0.018061
121059.000000  0.010592
121437.000000  -0.025570
121612.000000  0.016781
121851.000000  -0.021817
122317.000000  0.024869
122647.000000  -0.005773
123322.000000  0.017700
124326.000000  -0.018125
124712.000000  -0.005593
125142.000000  0.011220
125409.000000  -0.012691
125702.000000  -0.006320
126145.000000  -0.004388
126548.000000  -0.003100
126972.000000  -0.000316
127425.000000  0.016727
127809.000000  -0.010514
128345.000000  0.005641
128708.000000  0.010250
129162.000000  -0.016904
129737.000000  0.009422
130391.000000  0.010284
131531.000000  -0.005358
132263.000000  -0.006025
132713.000000  0.020048
133645.000000  -0.020083
134104.000000  0.015711
134284.000000  -0.012908
134538.000000  0.003514
135153.000000  -0.003125
135902.000000  1.853292
136698.000000  -0.463091
137765.000000  -0.292418
138799.000000  0.219188
140017.000000  -0.539414
140897.000000  -0.490285
141487.000000  0.125360
141759.000000  -0.047618
141777.000000  -0.036523
142114.000000  0.003483
142525.000000  0.741992
142976.000000  -0.978840
143444.000000  1.184579
143894.000000  -0.023260
144570.000000  0.550015
145243.000000  -1.400044
146418.000000  -0.245603
147629.000000  0.081500
148817.000000  0.008652
150109.000000  -0.260105
151319.000000  0.007395
153995.000000  0.024341
155301.000000  0.014229
157143.000000  -0.065370
157722.000000  0.000474
158683.000000  0.008283
159209.000000  -0.015187
159643.000000  -0.005290
160091.000000  0.007102
160394.000000  0.004227
160450.000000  -0.003123
160498.000000  -0.009876
160542.000000  0.010302
