216.000000  27.202591
314.000000  25.720860
430.000000  33.419323
497.000000  19.705875
562.000000  19.706024
629.000000  21.920502
677.000000  18.280319
751.000000  18.116617
822.000000  16.930159
902.000000  20.393063
983.000000  19.214672
1078.000000  31.256168
1158.000000  24.541182
1214.000000  15.115932
1294.000000  19.795422
1352.000000  14.617387
1397.000000  9.335468
1453.000000  10.854056
1504.000000  9.170231
1561.000000  10.207096
1614.000000  10.290117
1670.000000  9.596448
1732.000000  11.354639
1791.000000  14.890547
1868.000000  15.910466
1951.000000  19.501959
2005.000000  13.984802
2080.000000  13.952814
2167.000000  17.709703
2234.000000  18.324095
2276.000000  15.223583
2325.000000  17.216406
2402.000000  21.772726
2504.000000  25.670565
2592.000000  26.567564
2698.000000  22.834656
2789.000000  24.003109
2859.000000  21.725363
2945.000000  19.038898
3006.000000  16.562088
3100.000000  20.057152
3134.000000  11.567901
3240.000000  24.241043
3322.000000  16.119160
3394.000000  20.576164
3500.000000  21.898314
3503.000000  5.267658
3562.000000  18.372591
3580.000000  8.070910
3591.000000  3.968149
3639.000000  14.559386
3687.000000  7.652075
3742.000000  8.615594
3801.000000  8.871778
3883.000000  13.206522
3966.000000  12.999638
4040.000000  10.878547
4095.000000  9.464777
4144.000000  7.070801
4204.000000  8.378413
4261.000000  7.598754
4316.000000  7.750849
4349.000000  6.824969
4418.000000  11.063245
4544.000000  21.140295
4637.000000  19.070799
4724.000000  20.152868
4826.000000  24.967161
4903.000000  19.453451
4996.000000  22.383938
5075.000000  20.694288
5156.000000  22.252663
5248.000000  19.210594
5312.000000  31.034008
5396.000000  19.576391
5476.000000  23.795876
5556.000000  22.835733
5640.000000  22.366571
5728.000000  22.560488
5803.000000  19.377890
5883.000000  22.387814
5976.000000  18.704687
6053.000000  18.969715
6130.000000  22.220062
6231.000000  25.904745
6316.000000  26.497337
6400.000000  16.210672
6506.000000  21.516964
6594.000000  18.658403
6656.000000  13.007413
6754.000000  21.470800
6825.000000  23.340359
6907.000000  26.473761
7025.000000  31.355644
7076.000000  37.729507
7106.000000  44.910748
7114.000000  42.446579
7164.000000  42.038116
7224.000000  45.660519
7300.000000  36.548805
7343.000000  4.696250
7411.000000  7.631866
7475.000000  9.357192
7524.000000  6.393985
7560.000000  4.178282
7646.000000  7.119977
7760.000000  10.785109
7809.000000  5.948401
7878.000000  13.557306
7880.000000  4.918046
7880.000000  0.018681
7888.000000  6.298408
7907.000000  6.366473
7962.000000  10.893407
8032.000000  11.997447
8161.000000  13.948429
8234.000000  12.230271
8327.000000  7.735623
8433.000000  9.755119
8453.000000  5.229326
8501.000000  5.215484
8560.000000  5.617016
8607.000000  5.445415
8723.000000  13.513350
8822.000000  16.276491
8910.000000  10.815660
8976.000000  9.508210
9025.000000  6.353299
9090.000000  7.470249
9156.000000  8.645372
9228.000000  9.838962
9287.000000  9.076799
9339.000000  6.368108
9391.000000  6.289619
9443.000000  6.469195
9504.000000  7.298321
9588.000000  10.286256
9662.000000  13.196562
9733.000000  8.411639
9806.000000  8.236025
9868.000000  7.724323
9942.000000  8.956901
10004.000000  7.658818
10078.000000  9.001203
10154.000000  8.635089
10228.000000  8.218595
10304.000000  8.395019
10379.000000  8.753283
10453.000000  8.454672
10529.000000  9.072530
10591.000000  8.205771
10649.000000  5.851896
10719.000000  8.396821
10784.000000  6.541006
10856.000000  8.030667
10935.000000  8.006177
11031.000000  13.248767
11128.000000  14.072824
11172.000000  4.286180
11214.000000  3.891907
11262.000000  4.178859
11324.000000  5.667616
11418.000000  8.975660
11588.000000  15.505907
11689.000000  13.390097
11796.000000  14.401479
11859.000000  14.600095
11958.000000  17.112705
12050.000000  15.525871
12133.000000  17.758148
12213.000000  16.675304
12279.000000  13.954934
12390.000000  21.115709
12468.000000  19.383293
12550.000000  14.690495
12637.000000  17.566601
12716.000000  15.341125
12798.000000  13.604042
12864.000000  19.021423
12954.000000  16.153492
13033.000000  15.628881
13119.000000  20.510740
13206.000000  12.974585
13283.000000  14.807418
13345.000000  22.752895
13411.000000  26.203152
13491.000000  35.005077
13526.000000  24.322340
13594.000000  24.001812
13639.000000  15.126080
13649.000000  5.663670
13731.000000  11.748526
13819.000000  15.308872
13905.000000  17.328577
13960.000000  15.669119
14044.000000  14.967341
14139.000000  15.537805
14228.000000  16.086664
14311.000000  15.402642
14390.000000  14.886347
14478.000000  14.343317
14524.000000  16.963484
14565.000000  13.911371
14575.000000  13.044951
14580.000000  1.581539
14621.000000  5.171761
14704.000000  9.235975
14815.000000  13.834627
14944.000000  15.217456
15013.000000  15.616509
15025.000000  10.016048
15074.000000  13.434561
15087.000000  4.342891
15092.000000  1.787975
15192.000000  11.959921
15298.000000  15.211339
15376.000000  15.226948
15460.000000  14.633554
15547.000000  17.381659
15652.000000  15.053996
15685.000000  10.123343
15749.000000  12.981838
15819.000000  16.301006
15903.000000  17.880388
15997.000000  20.751532
16034.000000  8.718920
16061.000000  3.631377
16184.000000  22.254648
16246.000000  20.410482
16332.000000  25.045452
16419.000000  24.879097
16493.000000  15.037426
16581.000000  14.446370
16664.000000  19.224691
16736.000000  19.302254
16797.000000  29.889927
16875.000000  26.122087
16912.000000  16.224901
17085.000000  12.410892
17167.000000  12.590308
17257.000000  12.634569
17353.000000  14.621806
17435.000000  15.010203
17496.000000  14.016171
17543.000000  14.437599
17594.000000  11.720255
17709.000000  16.360840
17791.000000  13.390723
17891.000000  14.896457
17981.000000  14.010431
18063.000000  15.745771
18148.000000  10.837047
18242.000000  15.065917
18315.000000  14.590551
18398.000000  19.137794
18502.000000  20.310909
18581.000000  11.244718
18661.000000  13.257271
18761.000000  14.248650
18852.000000  13.878232
18927.000000  11.063326
19025.000000  13.989592
19111.000000  12.683317
19197.000000  13.611786
19298.000000  14.302590
19378.000000  12.644074
19458.000000  13.533057
19542.000000  14.029759
19634.000000  12.599283
19686.000000  9.315637
19746.000000  11.053341
19818.000000  14.108342
19920.000000  17.272476
20028.000000  16.635328
20134.000000  16.924410
20190.000000  15.107613
20287.000000  15.499228
20371.000000  16.099749
20450.000000  16.887787
20528.000000  12.676984
20613.000000  14.262767
20698.000000  12.752491
20774.000000  11.533755
20872.000000  12.305730
20963.000000  12.660737
21039.000000  13.254516
21117.000000  12.325801
21213.000000  15.399918
21297.000000  15.328823
21385.000000  14.524907
21459.000000  9.645781
21546.000000  12.410250
21651.000000  12.666567
21738.000000  12.137449
21815.000000  12.696611
21894.000000  10.840990
21983.000000  14.664423
22067.000000  12.520329
22145.000000  11.891527
22224.000000  12.069794
22405.000000  22.882299
22492.000000  14.857379
22518.000000  11.470095
22606.000000  20.410454
22701.000000  24.318352
22777.000000  28.115971
22868.000000  27.195925
22978.000000  17.848560
23079.000000  19.811289
23213.000000  18.059525
23305.000000  14.385218
23391.000000  14.981350
23510.000000  16.979645
23646.000000  20.911175
23751.000000  20.931833
23851.000000  19.444462
23968.000000  21.117077
24029.000000  24.372036
24115.000000  29.833979
24191.000000  36.591869
24218.000000  27.756096
24268.000000  29.540783
24321.000000  33.127628
24399.000000  34.971279
24443.000000  34.497894
24482.000000  27.064709
24530.000000  40.628143
24660.000000  48.273109
24676.000000  44.027653
24703.000000  37.235073
24728.000000  51.772415
24729.000000  46.867149
24748.000000  42.362240
24846.000000  49.044552
24961.000000  52.586452
24993.000000  48.590775
24996.000000  45.728798
25018.000000  54.928749
25028.000000  54.655701
25061.000000  7.143260
25185.000000  19.529694
25276.000000  10.343385
25378.000000  12.219377
25473.000000  12.056319
25526.000000  11.903217
25613.000000  13.687703
25690.000000  12.858112
25783.000000  14.219494
25838.000000  14.565851
25862.000000  9.904808
25928.000000  14.621300
25975.000000  7.502923
26021.000000  3.377394
26106.000000  7.023410
26170.000000  7.861876
26259.000000  10.013957
26331.000000  8.533483
26413.000000  7.258996
26418.000000  0.840357
26419.000000  1.157114
26449.000000  4.116484
26498.000000  6.606146
26577.000000  9.287377
26685.000000  11.113172
26758.000000  9.639790
26841.000000  9.766195
26865.000000  5.947657
26869.000000  1.713097
26907.000000  5.615920
26992.000000  5.416752
27088.000000  9.885451
27174.000000  8.676445
27264.000000  8.173973
27332.000000  6.801853
27336.000000  0.869401
27338.000000  1.168195
27341.000000  0.503668
27410.000000  5.621345
27531.000000  8.095526
27617.000000  10.208193
27706.000000  11.725354
27807.000000  11.225363
27888.000000  10.470191
27978.000000  14.516605
28060.000000  14.914886
28126.000000  13.624581
28137.000000  9.215432
28139.000000  0.491837
28142.000000  0.501404
28208.000000  3.332393
28327.000000  7.269691
28432.000000  9.093724
28522.000000  12.179193
28622.000000  11.397688
28687.000000  11.977783
28688.000000  0.553250
28692.000000  0.896272
28696.000000  0.490959
28737.000000  2.543744
28827.000000  5.552790
28924.000000  8.255221
29043.000000  10.839005
29166.000000  12.187618
29231.000000  12.843370
29245.000000  2.632481
29248.000000  0.990382
29326.000000  12.007649
29415.000000  9.219078
29502.000000  9.503024
29612.000000  13.741188
29715.000000  17.451984
29781.000000  10.350536
29792.000000  5.797207
29857.000000  12.834592
29946.000000  12.615484
30003.000000  13.073090
30049.000000  11.630316
30052.000000  0.832567
30054.000000  0.503550
30135.000000  12.034013
30227.000000  7.118224
30331.000000  10.005061
30407.000000  10.695448
30512.000000  11.581614
30603.000000  12.363323
30650.000000  9.945742
30715.000000  4.578905
30806.000000  6.672438
30907.000000  9.330443
30994.000000  11.374166
31088.000000  12.375921
31180.000000  11.264699
31217.000000  8.392200
31239.000000  7.532071
31256.000000  3.930787
31308.000000  3.196849
31375.000000  4.044191
31420.000000  3.380787
31475.000000  3.581714
31535.000000  3.928993
31581.000000  4.040967
31642.000000  4.941962
31760.000000  7.366575
31838.000000  8.905993
31924.000000  11.266479
32008.000000  11.263290
32081.000000  9.732759
32165.000000  12.197760
32251.000000  13.380302
32329.000000  12.086267
32408.000000  11.433625
32496.000000  14.870305
32580.000000  12.151792
32675.000000  13.496299
32756.000000  11.273227
32846.000000  15.333920
32930.000000  13.664697
33011.000000  12.732304
33102.000000  11.279023
33221.000000  14.242954
33318.000000  11.669808
33393.000000  6.430700
33442.000000  3.982256
33485.000000  2.401031
33508.000000  1.478338
33551.000000  2.137962
33556.000000  0.578532
33619.000000  14.825901
33699.000000  12.158670
33801.000000  12.298237
33893.000000  10.516002
33953.000000  9.306700
33991.000000  7.662549
34028.000000  5.996567
34083.000000  11.140765
34159.000000  14.300056
34241.000000  15.075274
34318.000000  9.722531
34415.000000  11.534561
34501.000000  12.519014
34588.000000  12.821839
34666.000000  10.615812
34743.000000  13.984850
34848.000000  17.899387
34921.000000  12.772354
35008.000000  19.782520
35057.000000  23.217396
35100.000000  26.048759
35159.000000  30.513018
35205.000000  31.334877
35242.000000  34.875294
35250.000000  37.656487
35305.000000  16.400475
35355.000000  13.140206
35402.000000  26.563528
35420.000000  20.858242
35528.000000  8.705887
35619.000000  9.636601
35720.000000  10.825473
35823.000000  14.944109
35844.000000  10.925389
35857.000000  2.190365
35914.000000  3.492771
36015.000000  6.507295
36095.000000  8.379285
36225.000000  11.819460
36308.000000  10.510664
36353.000000  6.900985
36355.000000  0.561644
36407.000000  3.164477
36512.000000  5.819233
36608.000000  8.488951
36732.000000  11.991725
36773.000000  6.491202
36800.000000  5.404062
36808.000000  0.936886
36894.000000  9.771976
36982.000000  9.011981
37067.000000  9.594243
37166.000000  11.357585
37229.000000  9.310859
37295.000000  9.326555
37316.000000  6.746834
37320.000000  0.902524
37370.000000  2.983853
37463.000000  5.529813
37498.000000  4.035663
37542.000000  4.649058
37562.000000  1.899416
37597.000000  4.407374
37601.000000  1.471553
37625.000000  2.134118
37658.000000  1.644487
37813.000000  11.120461
37918.000000  10.574444
38021.000000  10.720664
38034.000000  4.215891
38129.000000  10.594894
38228.000000  10.768832
38307.000000  9.939553
38424.000000  10.610460
38508.000000  9.949157
38607.000000  11.050521
38648.000000  12.880698
38653.000000  2.304446
38733.000000  6.047311
38818.000000  6.898878
38844.000000  4.167005
38901.000000  7.052509
38981.000000  8.042644
39065.000000  7.797597
39205.000000  13.233126
39306.000000  10.531014
39377.000000  10.523781
39488.000000  9.669639
39583.000000  6.643942
39603.000000  2.268110
39605.000000  1.234533
39650.000000  6.725435
39739.000000  6.850523
39777.000000  3.988431
39832.000000  5.940391
39858.000000  5.719201
39943.000000  6.831071
40023.000000  7.804832
40074.000000  5.195572
40087.000000  2.231854
40160.000000  6.268062
40217.000000  5.816163
40266.000000  4.635905
40316.000000  4.787211
40326.000000  2.821901
40388.000000  5.110844
40519.000000  12.120913
40589.000000  10.601412
40672.000000  10.033748
40748.000000  11.977387
40751.000000  2.734617
40800.000000  10.730880
40825.000000  5.087205
40827.000000  0.269814
