816.000000  0.147350
995.000000  -0.023570
1193.000000  0.004422
1411.000000  0.007952
1601.000000  -0.007577
1791.000000  0.054384
1953.000000  -0.006328
2175.000000  -0.003769
2395.000000  0.011161
2655.000000  0.010648
2894.000000  -0.023131
3153.000000  -0.009672
3398.000000  0.040338
3587.000000  -0.022634
3820.000000  0.009667
4049.000000  0.017447
4309.000000  -0.011894
4543.000000  0.015955
4711.000000  -0.032024
4786.000000  -0.028886
4901.000000  -0.021660
4984.000000  -0.036538
5044.000000  -0.035612
5145.000000  0.037317
5273.000000  0.015982
5407.000000  0.022534
5475.000000  -0.025848
5537.000000  -0.015170
5619.000000  0.024219
5719.000000  0.007366
5815.000000  -0.034704
5844.000000  -0.040132
5987.000000  0.039262
6131.000000  0.011570
6284.000000  0.008988
6473.000000  0.026741
6534.000000  -0.045867
6670.000000  0.017354
6856.000000  0.029336
7027.000000  -0.004536
7138.000000  -0.013534
7268.000000  0.013396
7446.000000  0.019713
7508.000000  -0.058392
7655.000000  0.033343
7771.000000  -0.037511
7870.000000  -0.006427
7985.000000  0.003724
8041.000000  -0.004681
8109.000000  0.006415
8169.000000  -0.002451
8248.000000  0.023352
8343.000000  0.006801
8364.000000  -0.057538
8456.000000  0.037241
8489.000000  -0.051418
8617.000000  0.047727
8723.000000  -0.015754
8747.000000  -0.043500
8837.000000  0.034653
8936.000000  0.007351
9063.000000  0.025601
9180.000000  0.004972
9201.000000  -0.065833
9296.000000  0.023451
9372.000000  0.006558
9473.000000  0.010406
9577.000000  -0.005941
9690.000000  0.003342
9810.000000  0.004846
9944.000000  0.004856
10107.000000  0.019784
10290.000000  0.008307
10430.000000  -0.007026
10548.000000  0.004612
10820.000000  0.064524
11072.000000  0.020895
11290.000000  0.019861
11541.000000  0.031623
11671.000000  -0.044126
11837.000000  0.048731
11955.000000  -0.009320
12237.000000  0.003928
12337.000000  -0.041938
12578.000000  0.041253
12762.000000  -0.058013
13023.000000  0.018838
13152.000000  -0.026295
13325.000000  0.014850
13510.000000  -0.016526
13698.000000  -0.026439
13879.000000  0.009053
14045.000000  0.041920
14215.000000  -0.022235
14318.000000  0.004828
14427.000000  -0.025744
14530.000000  -0.000432
14618.000000  0.046388
14655.000000  -0.026210
14714.000000  0.006391
14807.000000  0.002360
14913.000000  -0.021363
15001.000000  0.040269
15079.000000  0.010004
15165.000000  -0.044049
15303.000000  0.023903
15392.000000  0.007004
15439.000000  -0.032807
15584.000000  0.075332
15718.000000  0.035045
15811.000000  -0.108121
15950.000000  0.035000
16015.000000  -0.049002
16062.000000  -0.013184
16137.000000  -0.001902
16182.000000  -0.000016
16266.000000  0.101534
16300.000000  0.012517
16330.000000  -0.018066
16384.000000  0.046371
16460.000000  -0.255346
16555.000000  0.033197
16599.000000  -0.039831
16682.000000  0.248569
16832.000000  0.082244
17012.000000  -0.032375
17149.000000  -0.036131
17322.000000  -0.024370
17487.000000  -0.013554
17665.000000  -0.019954
17803.000000  -0.027843
17959.000000  0.023174
18071.000000  0.036240
18230.000000  0.139517
18356.000000  -0.024232
18482.000000  -0.016023
18575.000000  -0.007977
18674.000000  -0.064589
18775.000000  -0.040748
18902.000000  -0.048558
19056.000000  0.042768
19238.000000  0.012719
19439.000000  -0.035833
19625.000000  0.032121
19782.000000  -0.020269
19923.000000  0.009611
20084.000000  0.113346
20208.000000  -0.119936
20301.000000  -0.016740
20382.000000  -0.140415
20466.000000  0.008341
20601.000000  0.012547
20678.000000  0.178263
20770.000000  -0.197523
20878.000000  0.017881
21001.000000  0.014513
21080.000000  -0.026150
21180.000000  0.143632
21297.000000  0.028290
21420.000000  0.006157
21531.000000  0.020202
21632.000000  0.039204
21756.000000  -0.009675
21893.000000  0.076123
22008.000000  0.144753
22138.000000  -0.445103
22275.000000  0.001860
22399.000000  0.019453
22542.000000  0.003252
22714.000000  0.243542
22849.000000  0.011363
23019.000000  -0.032912
23181.000000  -0.005391
23383.000000  0.056467
23543.000000  0.043897
23696.000000  -0.064439
23849.000000  0.006548
24048.000000  0.044418
24201.000000  -0.162078
24368.000000  0.150812
24472.000000  -0.059437
24611.000000  -0.220213
24749.000000  -0.010913
24891.000000  -0.009184
25048.000000  0.011407
25140.000000  -0.017112
25198.000000  -0.024187
25395.000000  0.243596
25548.000000  0.024949
25713.000000  0.077930
25849.000000  -0.097813
25923.000000  -0.188417
26023.000000  0.013728
26091.000000  -0.034197
26140.000000  -0.028993
26197.000000  0.001058
26260.000000  0.011032
26301.000000  -0.015579
26394.000000  0.022726
26432.000000  -0.018762
26542.000000  0.014477
26576.000000  -0.076795
26652.000000  0.426745
26722.000000  -0.057178
26803.000000  0.095879
26928.000000  0.055670
27052.000000  0.057587
27234.000000  0.296636
27424.000000  -0.743311
27581.000000  0.007299
27751.000000  -0.015483
27946.000000  -0.010420
28046.000000  -0.025884
28156.000000  -0.033568
28244.000000  0.013241
28327.000000  0.015210
28423.000000  -0.004675
28518.000000  -0.014748
28617.000000  0.008448
28736.000000  0.007839
28859.000000  0.016275
28984.000000  -0.012838
29103.000000  -0.019252
29206.000000  0.282522
29306.000000  -0.061333
29411.000000  -0.215520
29502.000000  0.055539
29540.000000  -0.043886
29595.000000  0.015958
29674.000000  0.032228
29767.000000  0.048278
29843.000000  0.022107
29906.000000  -0.009220
29940.000000  -0.006032
29957.000000  0.029077
29974.000000  -0.143193
30011.000000  0.028383
30032.000000  0.001394
30045.000000  -0.007847
30055.000000  0.020388
30079.000000  0.043100
30195.000000  -0.120100
30371.000000  0.044884
30447.000000  -0.042988
30477.000000  -0.016494
30613.000000  0.075525
30749.000000  -0.015887
30912.000000  0.030606
31039.000000  -0.027472
31175.000000  0.006682
31287.000000  0.001592
31408.000000  0.007648
31515.000000  0.000881
31635.000000  0.015864
31766.000000  0.016536
31853.000000  -0.019926
31954.000000  -0.045779
32049.000000  0.008056
32137.000000  0.007938
32334.000000  0.027684
32419.000000  -0.037088
32589.000000  0.052034
32721.000000  -0.031335
32846.000000  -0.021780
32985.000000  0.065956
33092.000000  -0.069337
33137.000000  -0.030416
33234.000000  0.043251
33341.000000  -0.025240
33426.000000  0.010705
33491.000000  -0.009650
33588.000000  0.013686
33681.000000  -0.006044
33807.000000  0.013736
33877.000000  0.006939
33894.000000  0.014925
33918.000000  -0.008051
33967.000000  0.023647
34038.000000  0.050427
34147.000000  0.060609
34375.000000  0.064316
34467.000000  -0.213914
34506.000000  -0.045384
34622.000000  0.021694
34806.000000  0.029512
34961.000000  0.004401
35122.000000  0.009123
35315.000000  0.119444
35495.000000  -0.045610
35632.000000  -0.041937
35746.000000  -0.035229
35837.000000  0.014643
35944.000000  -0.033526
36024.000000  -0.013730
36110.000000  -0.019361
36170.000000  0.017276
36303.000000  0.065004
36445.000000  -0.001620
36525.000000  -0.017213
36639.000000  -0.017132
36714.000000  0.001941
36892.000000  0.020204
37006.000000  -0.067905
37080.000000  0.003923
37172.000000  0.000579
37242.000000  -0.015514
37291.000000  0.007780
37341.000000  0.037301
37364.000000  -0.000333
37432.000000  0.034218
37498.000000  0.023993
37585.000000  0.070017
37697.000000  0.005972
37758.000000  0.049682
37856.000000  -0.213982
37996.000000  -0.006223
38100.000000  0.009923
38159.000000  -0.036140
38247.000000  0.222311
38335.000000  -0.039617
38419.000000  0.011890
38467.000000  -0.053435
38477.000000  -0.171304
38558.000000  0.015998
38629.000000  0.012946
38691.000000  0.004376
38763.000000  0.010603
38813.000000  0.006080
38873.000000  -0.001874
38937.000000  -0.008218
38982.000000  0.008100
39045.000000  -0.003361
39108.000000  0.010909
39196.000000  0.005152
39281.000000  -0.005567
39353.000000  -0.014021
39426.000000  0.020418
39494.000000  -0.012318
39533.000000  0.000695
39568.000000  -0.021070
39593.000000  0.017676
39625.000000  -0.019675
39634.000000  -0.008481
39697.000000  0.013445
39832.000000  0.032197
39834.000000  -0.040862
39834.000000  -0.030567
39837.000000  0.010732
39837.000000  -0.010788
39875.000000  0.050120
39914.000000  0.024627
39997.000000  0.028133
40111.000000  -0.009303
40217.000000  0.011912
40299.000000  -0.005042
40336.000000  -0.024029
40413.000000  0.052240
40435.000000  -0.053595
40470.000000  -0.046866
40519.000000  0.006493
40570.000000  0.029044
40655.000000  0.009729
40699.000000  -0.034250
40736.000000  -0.014756
40769.000000  -0.012476
40811.000000  0.064712
40820.000000  -0.072967
