4067.000000  2.913193
4722.000000  3.088429
5559.000000  3.120235
6089.000000  3.260173
7068.000000  3.409605
8083.000000  3.582848
9638.000000  3.812230
11266.000000  4.051218
12592.000000  4.181857
13933.000000  4.342618
15158.000000  4.517720
17285.000000  4.797913
18400.000000  4.988882
19864.000000  5.062746
20443.000000  5.061729
22158.000000  5.279018
23662.000000  5.472059
25653.000000  5.787322
27553.000000  6.087948
29937.000000  6.326265
31061.000000  6.615531
32371.000000  6.702627
33407.000000  6.902121
35807.000000  7.176303
37429.000000  7.503013
39689.000000  7.595641
41864.000000  8.126305
42944.000000  8.190494
43801.000000  8.417238
45765.000000  8.465660
47705.000000  9.031719
48823.000000  9.088676
50526.000000  9.333968
50968.000000  9.499647
52796.000000  9.769582
53422.000000  9.587731
55195.000000  9.770762
57313.000000  10.238415
58445.000000  10.416404
59804.000000  10.392612
60928.000000  10.832701
63567.000000  10.886644
65717.000000  11.736180
67572.000000  11.842570
69643.000000  11.735592
71443.000000  12.043228
73520.000000  12.386178
75357.000000  12.493525
78364.000000  13.157449
80888.000000  13.148026
81579.000000  13.402657
84037.000000  14.087885
85725.000000  13.891352
86232.000000  14.323298
87472.000000  14.355381
89239.000000  14.378827
90500.000000  14.412260
94536.000000  15.252623
97647.000000  15.377408
100425.000000  15.784235
102527.000000  16.006937
103315.000000  16.201458
105536.000000  16.652239
106578.000000  16.714365
109383.000000  17.070236
112610.000000  17.173927
114868.000000  17.668974
116538.000000  18.059587
117936.000000  17.984734
119167.000000  17.874571
121346.000000  18.466022
122893.000000  18.548937
124458.000000  18.550331
125499.000000  18.921164
126416.000000  18.895481
126817.000000  18.974396
127646.000000  19.480005
127783.000000  19.339550
128584.000000  19.589911
129860.000000  19.562860
131538.000000  19.548254
134178.000000  19.684465
136674.000000  20.941578
137913.000000  20.609209
138191.000000  20.484234
140541.000000  21.112112
143214.000000  21.011787
145547.000000  21.457943
146684.000000  21.512846
148180.000000  21.782484
149373.000000  22.159399
150885.000000  22.185015
152201.000000  22.089338
153356.000000  22.322296
154402.000000  22.275267
154802.000000  22.395384
154985.000000  22.496277
155869.000000  23.007591
156327.000000  22.675777
157190.000000  22.865959
157441.000000  23.089781
158506.000000  23.114145
159003.000000  23.181143
159274.000000  22.668352
159912.000000  22.913147
160351.000000  23.271326
160502.000000  23.021442
