269.000000  78.186401
327.000000  74.978050
358.000000  61.141224
392.000000  56.671143
393.000000  5.503710
443.000000  70.252731
498.000000  77.327461
534.000000  72.314903
580.000000  76.384178
618.000000  74.139824
645.000000  69.920578
746.000000  82.092171
747.000000  7.599720
824.000000  78.830215
880.000000  75.603645
918.000000  75.496918
958.000000  73.756340
1004.000000  74.613174
1004.000000  0.436822
1038.000000  70.292679
1088.000000  75.328896
1131.000000  69.715462
1171.000000  65.994972
1199.000000  50.241833
1254.000000  65.405334
1295.000000  64.654137
1366.000000  73.404022
1389.000000  49.649948
1407.000000  60.627228
1422.000000  56.084408
1464.000000  67.446899
1540.000000  79.316093
1577.000000  67.905060
1638.000000  65.901344
1654.000000  60.715740
1689.000000  71.538223
1737.000000  66.656891
1789.000000  70.563278
1824.000000  54.983288
1842.000000  48.306808
1896.000000  67.881477
1930.000000  48.426949
1955.000000  58.269726
2007.000000  62.180264
2051.000000  61.696465
2070.000000  46.247856
2110.000000  64.173981
2152.000000  62.285389
2174.000000  45.211880
2225.000000  55.567856
2257.000000  51.134827
2304.000000  56.885452
2334.000000  55.597740
2358.000000  45.100067
2408.000000  48.498505
2446.000000  43.566944
2505.000000  53.873348
2538.000000  37.461891
2585.000000  36.949211
2634.000000  38.351242
2696.000000  63.758148
2748.000000  55.121834
2784.000000  54.213863
2789.000000  4.932226
2827.000000  49.894695
2862.000000  44.032684
2891.000000  28.160131
2924.000000  48.129204
2946.000000  46.155815
2967.000000  48.428204
2988.000000  45.786892
3013.000000  44.069366
3043.000000  34.890270
3073.000000  29.481310
3102.000000  42.926102
3145.000000  55.059837
3190.000000  60.263912
3241.000000  71.260681
3283.000000  66.275055
3332.000000  65.969940
3386.000000  41.301231
3448.000000  63.560379
3457.000000  15.628974
3507.000000  56.730862
3550.000000  55.933018
3614.000000  55.366047
3648.000000  49.516193
3694.000000  46.784077
3720.000000  47.135292
3745.000000  39.000652
3788.000000  42.599316
3829.000000  50.764675
3868.000000  42.119591
3894.000000  45.392281
3915.000000  38.792343
3950.000000  35.473583
3977.000000  26.527315
4002.000000  27.133799
4034.000000  34.987717
4093.000000  30.291254
4120.000000  33.637730
4161.000000  40.669415
4194.000000  28.752497
4219.000000  19.384783
4265.000000  31.583803
4287.000000  20.422173
4321.000000  39.382015
4362.000000  27.228855
4381.000000  24.608040
4411.000000  45.707886
4425.000000  37.670101
4453.000000  45.948952
4482.000000  38.390011
4515.000000  43.702106
4557.000000  38.652702
4576.000000  20.546951
4588.000000  23.909149
4630.000000  48.059090
4690.000000  59.830368
4714.000000  43.711010
4755.000000  57.828217
4800.000000  55.769180
4835.000000  46.008575
4876.000000  38.768417
4918.000000  43.768456
4960.000000  47.704391
5012.000000  53.740112
5082.000000  44.661366
5099.000000  22.484436
5140.000000  34.123440
5197.000000  58.002777
5225.000000  44.369690
5247.000000  38.951614
5303.000000  63.730179
5325.000000  56.269527
5335.000000  5.120850
5349.000000  51.098419
5359.000000  54.608040
5383.000000  31.225508
5414.000000  54.906540
5439.000000  55.006748
5472.000000  58.271893
5518.000000  51.009457
5568.000000  54.850365
5625.000000  59.385479
5653.000000  57.499142
5670.000000  20.670847
5693.000000  66.148003
5716.000000  64.424011
5735.000000  60.757320
5753.000000  65.465248
5769.000000  59.240616
5784.000000  60.297138
5807.000000  64.812759
5825.000000  61.957687
5840.000000  61.897640
5866.000000  63.709915
5887.000000  63.855190
5899.000000  58.745747
5915.000000  63.290184
5934.000000  25.738651
5952.000000  23.731787
5969.000000  23.754406
5996.000000  44.299240
6037.000000  41.170235
6087.000000  53.845085
6132.000000  49.658592
6168.000000  53.232185
6213.000000  42.904552
6236.000000  35.619259
6259.000000  28.088411
6266.000000  74.048630
6292.000000  37.116806
6292.000000  0.134918
6320.000000  39.422012
6336.000000  33.341743
6360.000000  33.097153
6381.000000  37.928246
6402.000000  27.008427
6417.000000  13.195478
6442.000000  40.247337
6447.000000  20.001009
6467.000000  55.170948
6517.000000  62.089783
6566.000000  61.142136
6599.000000  56.243992
6628.000000  62.866859
6657.000000  39.279613
6686.000000  51.533543
6710.000000  40.540760
6731.000000  19.826576
6745.000000  17.478163
6753.000000  17.677099
6784.000000  26.531250
6819.000000  37.479748
6840.000000  29.335281
6859.000000  27.034399
6867.000000  19.193430
6886.000000  26.416073
6908.000000  31.466692
6941.000000  36.627937
6962.000000  33.305141
6975.000000  18.980869
6987.000000  16.220860
7012.000000  24.951429
7033.000000  24.154226
7069.000000  51.090740
7101.000000  67.116203
7140.000000  67.982391
7178.000000  67.401817
7206.000000  52.909382
7259.000000  56.089527
7296.000000  36.182266
7335.000000  54.711361
7335.000000  0.296683
7387.000000  58.048904
7428.000000  49.153809
7468.000000  25.445362
7497.000000  54.052204
7544.000000  65.385284
7578.000000  58.915287
7627.000000  66.143845
7659.000000  63.893391
7694.000000  47.320614
7735.000000  60.468639
7791.000000  45.907822
7822.000000  38.878838
7875.000000  33.319031
7907.000000  24.294495
7949.000000  33.126266
7975.000000  20.982704
8005.000000  22.766582
8037.000000  18.960867
8076.000000  20.813059
8113.000000  20.664961
8141.000000  24.299623
8168.000000  21.368601
8204.000000  22.738077
8205.000000  0.605357
8252.000000  31.991533
8299.000000  30.935472
8321.000000  26.432232
8362.000000  29.416189
8402.000000  42.591347
8451.000000  40.312874
8497.000000  35.965855
8518.000000  25.667303
8551.000000  27.314615
8583.000000  31.111982
8609.000000  33.327831
8641.000000  35.228962
8660.000000  29.251289
8703.000000  27.424442
8746.000000  22.794916
8785.000000  24.282629
8811.000000  16.009645
8841.000000  39.599731
8867.000000  42.313572
8925.000000  53.880596
8972.000000  47.787720
8996.000000  44.730923
9022.000000  49.427879
9079.000000  53.434307
9139.000000  55.168514
9167.000000  56.508518
9192.000000  24.393198
9246.000000  34.386204
9270.000000  32.869797
9308.000000  23.129705
9345.000000  27.569815
9380.000000  32.613525
9421.000000  36.719418
9472.000000  33.501717
9504.000000  21.766176
9509.000000  8.680592
9525.000000  18.305086
9554.000000  15.053572
9584.000000  19.498629
9585.000000  0.336963
9598.000000  17.709198
9605.000000  18.055435
9623.000000  18.909733
9629.000000  6.003439
9657.000000  22.407026
9692.000000  17.140619
9715.000000  14.735561
9734.000000  12.209816
9775.000000  17.569515
9805.000000  16.480438
9816.000000  9.421020
9826.000000  8.001911
9829.000000  2.416295
9838.000000  7.296039
9849.000000  21.090614
9870.000000  21.228441
9885.000000  4.759944
9892.000000  2.110541
9896.000000  1.558566
9923.000000  30.699789
9954.000000  34.158287
9969.000000  34.413483
9981.000000  16.589851
10011.000000  15.529926
10024.000000  9.283646
10052.000000  59.598793
10062.000000  48.568645
10072.000000  41.494549
10088.000000  39.510033
10116.000000  38.262920
10127.000000  39.314655
10132.000000  3.551909
10149.000000  17.911486
10165.000000  10.997685
10185.000000  14.203800
10206.000000  14.404474
10231.000000  16.581583
10244.000000  9.553738
10257.000000  11.170700
10264.000000  11.237993
10281.000000  12.094200
10306.000000  20.912024
10332.000000  19.127958
10348.000000  15.677607
10370.000000  30.197474
10376.000000  16.734591
10380.000000  9.353612
