216.000000  0.121500
285.000000  0.108585
346.000000  0.116537
398.000000  0.117455
464.000000  0.117542
518.000000  0.054981
576.000000  0.138475
628.000000  0.130447
706.000000  0.143289
798.000000  0.148515
861.000000  0.141199
921.000000  0.132651
982.000000  0.103492
1041.000000  0.119736
1103.000000  0.133751
1172.000000  0.124570
1256.000000  0.142065
1347.000000  0.151462
1399.000000  0.132035
1444.000000  0.154722
1479.000000  0.140531
1507.000000  0.131434
1532.000000  0.145151
1534.000000  0.152069
1601.000000  0.107625
1657.000000  0.122751
1713.000000  0.121445
1779.000000  0.142279
1830.000000  0.144434
1875.000000  0.117395
1902.000000  0.117358
1920.000000  0.138071
1941.000000  0.124709
1954.000000  0.121278
2036.000000  0.142195
2100.000000  0.158701
2158.000000  0.135912
2212.000000  0.137996
2266.000000  0.134910
2302.000000  0.133570
2330.000000  0.140624
2393.000000  0.128143
2454.000000  0.131636
2515.000000  0.128772
2570.000000  0.130720
2625.000000  0.133342
2680.000000  0.105124
2734.000000  0.133508
2793.000000  0.122512
2849.000000  0.147741
2947.000000  0.137099
3036.000000  0.153308
3113.000000  0.141469
3172.000000  0.117345
3225.000000  0.127638
3273.000000  0.133980
3321.000000  0.131463
3363.000000  0.126936
3407.000000  0.127711
3445.000000  0.128437
3494.000000  0.125087
3537.000000  0.094428
3581.000000  0.114443
3625.000000  0.113973
3683.000000  0.131852
3743.000000  0.121723
3810.000000  0.135175
3898.000000  0.155108
3947.000000  0.139853
4034.000000  0.114463
4124.000000  0.126728
4180.000000  0.128913
4231.000000  0.159597
4287.000000  0.151553
4364.000000  0.161512
4442.000000  0.169578
4509.000000  0.169414
4604.000000  0.180157
4696.000000  0.172072
4758.000000  0.182519
4824.000000  0.175777
4901.000000  0.163732
4983.000000  0.171332
5041.000000  0.132397
5096.000000  0.160217
5117.000000  0.137617
5181.000000  0.181875
5182.000000  0.145028
5230.000000  0.131429
5277.000000  0.128895
5317.000000  0.136791
5385.000000  0.143720
5438.000000  0.153398
5501.000000  0.160175
5557.000000  0.119999
5612.000000  0.147417
5659.000000  0.124649
5708.000000  0.131322
5755.000000  0.098922
5804.000000  0.146642
5852.000000  0.108395
5897.000000  0.127369
5965.000000  0.152590
6060.000000  0.170685
6150.000000  0.145603
6239.000000  0.134124
6317.000000  0.157876
6406.000000  0.186883
6506.000000  0.211707
6573.000000  0.196581
6630.000000  0.174901
6692.000000  0.229886
6754.000000  0.181906
6820.000000  0.172279
6882.000000  0.182701
6973.000000  0.176505
7053.000000  0.196134
7125.000000  0.179282
7173.000000  0.196005
7227.000000  0.182311
7284.000000  0.166609
7347.000000  0.173564
7414.000000  0.183547
7482.000000  0.151528
7551.000000  0.167089
7619.000000  0.177810
7663.000000  0.157915
7697.000000  0.169394
7750.000000  0.180400
7807.000000  0.172682
7867.000000  0.183505
7912.000000  0.170009
7972.000000  0.170238
8031.000000  0.193370
8092.000000  0.180955
8151.000000  0.184228
8220.000000  0.216795
8257.000000  0.173097
8308.000000  0.195168
8338.000000  0.194106
8368.000000  0.226976
8415.000000  0.219603
8467.000000  0.267460
8536.000000  0.258767
8606.000000  0.262825
8664.000000  0.323013
8701.000000  0.301105
8714.000000  0.236245
8746.000000  0.252068
8772.000000  0.305230
8781.000000  0.324219
8786.000000  0.352796
8817.000000  0.206487
8853.000000  0.163183
8885.000000  0.156969
8935.000000  0.140182
8953.000000  0.170677
9019.000000  0.176337
9066.000000  0.162910
9100.000000  0.168206
9176.000000  0.138649
9265.000000  0.192228
9360.000000  0.185878
9438.000000  0.193758
9517.000000  0.184044
9604.000000  0.186505
9683.000000  0.174977
9698.000000  0.171453
9778.000000  0.170338
9798.000000  0.113364
9798.000000  0.086975
9821.000000  0.175880
9894.000000  0.169022
9920.000000  0.172791
9958.000000  0.125290
10016.000000  0.164492
10077.000000  0.186429
10199.000000  0.184283
10276.000000  0.189552
10346.000000  0.206255
10409.000000  0.165923
10460.000000  0.197820
10509.000000  0.190658
10565.000000  0.180787
10616.000000  0.188944
10669.000000  0.183416
10721.000000  0.176935
10773.000000  0.193674
10834.000000  0.165763
10923.000000  0.183273
11010.000000  0.184477
11065.000000  0.172822
11123.000000  0.181233
11179.000000  0.202822
11239.000000  0.189846
11298.000000  0.195402
11356.000000  0.185549
11414.000000  0.202193
11473.000000  0.200439
11534.000000  0.191965
11594.000000  0.174793
11654.000000  0.152376
11714.000000  0.205648
11774.000000  0.208144
11834.000000  0.207278
11893.000000  0.160296
11938.000000  0.199138
11973.000000  0.185986
12027.000000  0.190345
12090.000000  0.197528
12147.000000  0.195520
12192.000000  0.207269
12247.000000  0.151419
12320.000000  0.213342
12390.000000  0.203603
12446.000000  0.211669
12488.000000  0.174515
12528.000000  0.185849
12565.000000  0.202099
12613.000000  0.224351
12723.000000  0.209601
12853.000000  0.214347
12900.000000  0.167592
12950.000000  0.198736
13015.000000  0.181232
13051.000000  0.167047
13101.000000  0.195071
13157.000000  0.198929
13202.000000  0.214306
13261.000000  0.183686
13321.000000  0.215654
13383.000000  0.199323
13441.000000  0.208225
13509.000000  0.229879
13536.000000  0.215258
13579.000000  0.226792
13616.000000  0.210991
13648.000000  0.228519
13685.000000  0.218055
13721.000000  0.214577
13755.000000  0.211373
13765.000000  0.248426
13851.000000  0.232439
13959.000000  0.209708
14009.000000  0.249926
14083.000000  0.248052
14165.000000  0.186846
14263.000000  0.197494
14320.000000  0.253642
14377.000000  0.175158
14434.000000  0.238120
14519.000000  0.206701
14607.000000  0.270452
14683.000000  0.267895
14779.000000  0.223502
14872.000000  0.271331
14967.000000  0.218207
15044.000000  0.195407
15128.000000  0.218251
15171.000000  0.226468
15201.000000  0.246868
15229.000000  0.246354
15268.000000  0.271968
15314.000000  0.224913
15367.000000  0.288143
15430.000000  0.275785
15468.000000  0.258266
15471.000000  0.250500
15502.000000  0.319371
15539.000000  0.301913
15568.000000  0.298444
15627.000000  0.344167
15702.000000  0.299138
15780.000000  0.254758
15804.000000  0.190429
15830.000000  0.279551
15857.000000  0.336131
15858.000000  0.224571
15859.000000  0.198003
15909.000000  0.227305
15961.000000  0.187128
16031.000000  0.250674
16088.000000  0.189147
16134.000000  0.173514
16183.000000  0.202203
16230.000000  0.179804
16248.000000  0.181002
16261.000000  0.190880
16274.000000  0.208254
16276.000000  0.213820
16365.000000  0.235330
16400.000000  0.191627
16479.000000  0.247165
16568.000000  0.257351
16663.000000  0.271914
16758.000000  0.251488
16835.000000  0.284817
16898.000000  0.275809
16972.000000  0.287769
17055.000000  0.247831
17148.000000  0.236763
17241.000000  0.252082
17335.000000  0.270683
17411.000000  0.290455
17503.000000  0.306458
17575.000000  0.292369
17641.000000  0.272361
17714.000000  0.291846
17804.000000  0.263258
17899.000000  0.281077
17994.000000  0.297024
18087.000000  0.295626
18177.000000  0.291659
18264.000000  0.291427
18309.000000  0.264468
18377.000000  0.224244
18435.000000  0.213317
18494.000000  0.253543
18535.000000  0.264160
18588.000000  0.257650
18642.000000  0.258666
18689.000000  0.272562
18725.000000  0.261729
18762.000000  0.279571
18823.000000  0.258382
18910.000000  0.280295
18984.000000  0.287215
19085.000000  0.292821
19163.000000  0.308898
19228.000000  0.321207
19303.000000  0.309899
19367.000000  0.309943
19440.000000  0.292026
19531.000000  0.243864
19623.000000  0.318039
19713.000000  0.314403
19793.000000  0.305361
19868.000000  0.250310
19964.000000  0.303512
20002.000000  0.283932
20052.000000  0.280555
20108.000000  0.285419
20125.000000  0.317577
20141.000000  0.301473
20162.000000  0.378041
20185.000000  0.372648
20210.000000  0.408435
20242.000000  0.420885
20271.000000  0.440689
20297.000000  0.451701
20320.000000  0.467771
20341.000000  0.431703
20366.000000  0.415676
20386.000000  0.505635
20409.000000  0.434264
20431.000000  0.475173
20455.000000  0.419402
20489.000000  0.391866
20515.000000  0.437337
20537.000000  0.454337
20545.000000  0.456624
20592.000000  0.321829
20675.000000  0.342507
20755.000000  0.353898
20833.000000  0.351438
20912.000000  0.316811
20993.000000  0.306851
21073.000000  0.316770
21153.000000  0.314539
21233.000000  0.302247
21313.000000  0.295171
21394.000000  0.320007
21471.000000  0.277607
21554.000000  0.311180
21644.000000  0.316402
21694.000000  0.276250
21743.000000  0.279262
21796.000000  0.279454
21833.000000  0.325100
21880.000000  0.283906
21920.000000  0.300818
21971.000000  0.288088
22037.000000  0.295739
22106.000000  0.309917
22181.000000  0.372884
22257.000000  0.293015
22328.000000  0.311249
22410.000000  0.334572
22483.000000  0.330577
22576.000000  0.323500
22641.000000  0.343620
22690.000000  0.326539
22733.000000  0.342967
22764.000000  0.307592
22805.000000  0.309047
22848.000000  0.343127
22865.000000  0.339362
22872.000000  0.332769
22906.000000  0.387273
22940.000000  0.422849
22983.000000  0.492105
23011.000000  0.413363
23049.000000  0.481755
23098.000000  0.472089
23133.000000  0.458870
23186.000000  0.465023
23245.000000  0.526941
23302.000000  0.494865
23344.000000  0.573992
23384.000000  0.559076
23426.000000  0.564225
23443.000000  0.599793
23457.000000  0.493805
23487.000000  0.530298
23522.000000  0.630861
23581.000000  0.656188
23640.000000  0.688459
23710.000000  0.679995
23768.000000  0.681053
23794.000000  0.637916
23821.000000  0.654366
23842.000000  0.702423
23850.000000  0.760434
23857.000000  0.641175
23858.000000  0.257493
23899.000000  0.434477
23932.000000  0.420528
23975.000000  0.479247
24021.000000  0.460320
24084.000000  0.515051
24161.000000  0.517295
24230.000000  0.567252
24291.000000  0.503484
24358.000000  0.377893
24391.000000  0.294307
24422.000000  0.296854
24475.000000  0.368707
24491.000000  0.356882
24498.000000  0.691338
24566.000000  0.300734
24651.000000  0.317095
24741.000000  0.323191
24811.000000  0.342324
24875.000000  0.334382
24968.000000  0.294181
25046.000000  0.359140
25138.000000  0.345946
25169.000000  0.342288
25192.000000  0.322756
25244.000000  0.360359
25310.000000  0.377815
25385.000000  0.355081
25475.000000  0.397121
25569.000000  0.397032
25636.000000  0.378213
25676.000000  0.344433
25723.000000  0.314958
25779.000000  0.345325
25810.000000  0.332826
25854.000000  0.309348
25905.000000  0.369005
25958.000000  0.365123
26015.000000  0.352969
26070.000000  0.367461
26088.000000  0.386730
26105.000000  0.362085
26127.000000  0.424065
26133.000000  0.426552
26134.000000  0.447649
26168.000000  0.382039
26197.000000  0.356716
26203.000000  0.320071
26238.000000  0.340390
26252.000000  0.343573
26319.000000  0.313201
26418.000000  0.344122
26475.000000  0.348288
26540.000000  0.342833
26575.000000  0.286665
26624.000000  0.344051
26674.000000  0.330601
26703.000000  0.344195
26730.000000  0.336204
26759.000000  0.327031
26761.000000  0.315773
26763.000000  0.304190
26853.000000  0.316749
26941.000000  0.336144
26994.000000  0.345627
27056.000000  0.355401
27139.000000  0.353083
27218.000000  0.336451
27313.000000  0.358553
27383.000000  0.347771
27464.000000  0.371778
27552.000000  0.371481
27606.000000  0.334176
27710.000000  0.324714
27724.000000  0.292139
27745.000000  0.323411
27746.000000  0.302424
27781.000000  0.312696
27882.000000  0.347404
27917.000000  0.326866
27976.000000  0.332000
28017.000000  0.308620
28045.000000  0.314992
28108.000000  0.330130
28183.000000  0.326892
28256.000000  0.332020
28287.000000  0.316657
28378.000000  0.276106
28451.000000  0.330838
28521.000000  0.342209
28555.000000  0.272912
28587.000000  0.270385
28653.000000  0.350015
28712.000000  0.301419
28768.000000  0.344552
28867.000000  0.339509
28905.000000  0.346560
28923.000000  0.332745
28941.000000  0.338048
29005.000000  0.347465
29065.000000  0.287656
29133.000000  0.347126
29194.000000  0.312431
29270.000000  0.324310
29357.000000  0.362930
29429.000000  0.384317
29518.000000  0.366784
29599.000000  0.403543
29682.000000  0.400036
29766.000000  0.409815
29850.000000  0.396916
29934.000000  0.374040
30030.000000  0.382983
30075.000000  0.411419
30130.000000  0.355588
30152.000000  0.368280
30178.000000  0.392882
30232.000000  0.397232
30281.000000  0.404822
30312.000000  0.413540
30362.000000  0.389993
30440.000000  0.415335
30522.000000  0.385274
30606.000000  0.385263
30691.000000  0.361717
30775.000000  0.389750
30858.000000  0.394114
30943.000000  0.410457
31026.000000  0.406453
31109.000000  0.383322
31184.000000  0.351611
31239.000000  0.380064
31304.000000  0.392903
31359.000000  0.384454
31411.000000  0.362206
31459.000000  0.400773
31530.000000  0.347116
31602.000000  0.383352
31635.000000  0.374192
31687.000000  0.398344
31736.000000  0.314972
31790.000000  0.328494
31848.000000  0.376410
31904.000000  0.373378
31960.000000  0.380451
32015.000000  0.328101
32072.000000  0.397111
32103.000000  0.392086
32130.000000  0.382012
32178.000000  0.449667
32196.000000  0.519651
32215.000000  0.511827
32243.000000  0.484267
32272.000000  0.425136
32300.000000  0.496652
32328.000000  0.490375
32350.000000  0.475967
32351.000000  0.440604
32372.000000  0.447385
32420.000000  0.443023
32449.000000  0.423916
32476.000000  0.415090
32505.000000  0.436089
32533.000000  0.502077
32561.000000  0.414089
32588.000000  0.453946
32599.000000  0.472825
32637.000000  0.374671
32696.000000  0.399891
32749.000000  0.409370
32814.000000  0.399235
32868.000000  0.388728
32898.000000  0.379618
32941.000000  0.353785
32999.000000  0.386015
33036.000000  0.393056
33078.000000  0.402006
33115.000000  0.346864
33197.000000  0.366373
33267.000000  0.389157
33333.000000  0.393752
33394.000000  0.343212
33428.000000  0.331083
33490.000000  0.394780
33516.000000  0.382966
33570.000000  0.350898
33576.000000  0.408033
33635.000000  0.373472
33703.000000  0.371211
33759.000000  0.334973
33818.000000  0.404616
33862.000000  0.398170
33896.000000  0.364078
33949.000000  0.414592
34008.000000  0.405590
34048.000000  0.420358
34081.000000  0.369536
34147.000000  0.381940
34215.000000  0.410695
34274.000000  0.342912
34325.000000  0.342786
34373.000000  0.400749
34443.000000  0.405920
34476.000000  0.384313
34500.000000  0.398038
34605.000000  0.426318
34650.000000  0.349984
34708.000000  0.361460
34760.000000  0.410768
34826.000000  0.406171
34855.000000  0.405843
34900.000000  0.403971
34922.000000  0.386708
34935.000000  0.427630
34970.000000  0.398004
35024.000000  0.364975
35064.000000  0.380571
35109.000000  0.396348
35131.000000  0.331625
35156.000000  0.385159
35167.000000  0.339783
35224.000000  0.374073
35292.000000  0.374297
35367.000000  0.394970
35448.000000  0.358136
35528.000000  0.415896
35575.000000  0.400550
35634.000000  0.423255
35670.000000  0.403142
35712.000000  0.438847
35753.000000  0.395173
35765.000000  0.395905
35767.000000  0.381972
35864.000000  0.400474
35940.000000  0.395055
36035.000000  0.397672
36088.000000  0.415222
36139.000000  0.415836
36196.000000  0.364086
36247.000000  0.414230
36283.000000  0.424388
36342.000000  0.386754
36364.000000  0.421524
36368.000000  0.419979
36443.000000  0.406901
36494.000000  0.392325
36546.000000  0.427486
36624.000000  0.418356
36697.000000  0.435844
36766.000000  0.368349
36819.000000  0.438104
36881.000000  0.424208
36955.000000  0.424478
37035.000000  0.425599
37075.000000  0.435140
37124.000000  0.395935
37188.000000  0.420410
37209.000000  0.443557
37214.000000  0.437668
37247.000000  0.396325
37297.000000  0.413131
37361.000000  0.421572
37419.000000  0.385279
37475.000000  0.371917
37536.000000  0.392056
37578.000000  0.415598
37628.000000  0.404737
37674.000000  0.433413
37697.000000  0.448360
37725.000000  0.405526
37758.000000  0.433843
37790.000000  0.377238
37852.000000  0.403532
37932.000000  0.397249
37993.000000  0.411196
38053.000000  0.410750
38121.000000  0.427168
38158.000000  0.424151
38206.000000  0.426756
38251.000000  0.437737
38281.000000  0.380230
38309.000000  0.405620
38327.000000  0.424327
38411.000000  0.427540
38487.000000  0.424918
38550.000000  0.481678
38626.000000  0.440920
38713.000000  0.447582
38792.000000  0.457189
38859.000000  0.393632
38908.000000  0.381387
38939.000000  0.440690
38963.000000  0.394078
38999.000000  0.409326
39035.000000  0.438662
39091.000000  0.413042
39115.000000  0.463880
39140.000000  0.430617
39149.000000  0.402137
39203.000000  0.422357
39323.000000  0.408440
39411.000000  0.442917
39512.000000  0.450151
39570.000000  0.466829
39619.000000  0.438667
39666.000000  0.391489
39721.000000  0.450491
39778.000000  0.438744
39833.000000  0.430360
39890.000000  0.426249
39943.000000  0.397072
39964.000000  0.441742
40009.000000  0.443116
40040.000000  0.442482
40063.000000  0.432301
40086.000000  0.441927
40116.000000  0.445738
40137.000000  0.453620
40148.000000  0.416086
40186.000000  0.382608
40187.000000  0.348308
40225.000000  0.422123
40262.000000  0.433678
40306.000000  0.439223
40331.000000  0.419377
40389.000000  0.434039
40478.000000  0.439931
40547.000000  0.433574
40577.000000  0.430221
40683.000000  0.440115
40720.000000  0.417839
40765.000000  0.414433
40771.000000  0.424202
40812.000000  0.424210
40821.000000  0.417867
