216.000000  0.053003
285.000000  0.025990
346.000000  0.008799
398.000000  0.000821
464.000000  0.002384
518.000000  -0.054467
576.000000  0.070931
628.000000  -0.009461
706.000000  0.015707
798.000000  0.003582
861.000000  -0.007223
921.000000  -0.008082
982.000000  -0.030270
1041.000000  0.015320
1103.000000  0.013763
1172.000000  -0.011060
1256.000000  0.020059
1347.000000  0.009561
1399.000000  -0.024001
1444.000000  0.026624
1479.000000  -0.016164
1507.000000  -0.010654
1532.000000  0.017516
1534.000000  0.005957
1601.000000  -0.051190
1657.000000  0.016256
1713.000000  0.001413
1779.000000  0.021669
1830.000000  -0.002327
1875.000000  -0.031602
1902.000000  0.001397
1920.000000  0.013828
1941.000000  -0.006597
1954.000000  -0.015292
2036.000000  0.033107
2100.000000  0.020608
2158.000000  -0.026242
2212.000000  0.004487
2266.000000  -0.006635
2302.000000  -0.001892
2330.000000  0.000957
2393.000000  -0.016349
2454.000000  0.009251
2515.000000  -0.012971
2570.000000  0.011983
2625.000000  -0.005932
2680.000000  -0.019345
2734.000000  0.022972
2793.000000  -0.010238
2849.000000  0.024178
2947.000000  -0.003230
3036.000000  0.013662
3113.000000  -0.009085
3172.000000  -0.028848
3225.000000  -0.000848
3273.000000  0.001791
3321.000000  -0.010659
3363.000000  -0.009926
3407.000000  0.010861
3445.000000  -0.012234
3494.000000  0.014732
3537.000000  -0.035387
3581.000000  0.027852
3625.000000  -0.001271
3683.000000  0.017626
3743.000000  -0.002501
3810.000000  0.009560
3898.000000  0.022806
3947.000000  -0.019861
4034.000000  -0.021400
4124.000000  0.016598
4180.000000  -0.006128
4231.000000  0.030828
4287.000000  -0.008048
4364.000000  0.010857
4442.000000  0.008195
4509.000000  -0.003781
4604.000000  0.011448
4696.000000  -0.008163
4758.000000  0.012710
4824.000000  -0.010037
4901.000000  -0.008977
4983.000000  0.003701
5041.000000  -0.038381
5096.000000  0.020983
5117.000000  -0.027431
5181.000000  0.047939
5182.000000  -0.031970
5230.000000  -0.023080
5277.000000  -0.004715
5317.000000  -0.006212
5385.000000  0.026856
5438.000000  0.007454
5501.000000  0.008407
5557.000000  -0.039548
5612.000000  0.018482
5659.000000  -0.019513
5708.000000  0.006847
5755.000000  -0.023563
5804.000000  0.024412
5852.000000  -0.017341
5897.000000  0.012648
5965.000000  0.025351
6060.000000  0.024279
6150.000000  -0.018303
6239.000000  -0.011376
6317.000000  0.023657
6406.000000  0.014773
6506.000000  0.027986
6573.000000  -0.018795
6630.000000  -0.025137
6692.000000  0.047867
6754.000000  -0.038569
6820.000000  -0.007066
6882.000000  0.009168
6973.000000  -0.014971
7053.000000  0.022211
7125.000000  -0.012684
7173.000000  0.011372
7227.000000  -0.008931
7284.000000  -0.016165
7347.000000  0.000107
7414.000000  0.013559
7482.000000  -0.024217
7551.000000  0.006368
7619.000000  0.017509
7663.000000  -0.020829
7697.000000  -0.001114
7750.000000  0.018968
7807.000000  -0.002039
7867.000000  0.003138
7912.000000  -0.015622
7972.000000  0.005502
8031.000000  0.016394
8092.000000  -0.009589
8151.000000  0.004004
8220.000000  0.021858
8257.000000  -0.039070
8308.000000  0.024755
8338.000000  -0.003804
8368.000000  0.032504
8415.000000  -0.007998
8467.000000  0.050909
8536.000000  -0.015711
8606.000000  0.005456
8664.000000  0.045772
8701.000000  -0.002238
8714.000000  -0.066532
8746.000000  0.012118
8772.000000  0.051499
8781.000000  0.026028
8786.000000  0.027105
8817.000000  -0.144879
8853.000000  -0.061097
8885.000000  -0.009280
8935.000000  -0.002436
8953.000000  0.009774
9019.000000  0.025881
9066.000000  -0.021080
9100.000000  -0.024277
9176.000000  0.005319
9265.000000  0.051100
9360.000000  -0.003103
9438.000000  0.010923
9517.000000  -0.015029
9604.000000  -0.003328
9683.000000  -0.005553
9698.000000  -0.015754
9778.000000  0.005528
9798.000000  -0.039667
9798.000000  -0.021704
9821.000000  0.043275
9894.000000  0.018776
9920.000000  -0.008118
9958.000000  -0.029227
10016.000000  0.024453
10077.000000  0.015877
10199.000000  0.016453
10276.000000  0.002946
10346.000000  0.012337
10409.000000  -0.043180
10460.000000  0.020556
10509.000000  -0.002933
10565.000000  -0.017781
10616.000000  0.019712
10669.000000  -0.003296
10721.000000  -0.008718
10773.000000  0.011156
10834.000000  -0.016078
10923.000000  0.017767
11010.000000  -0.009298
11065.000000  0.004064
11123.000000  -0.005582
11179.000000  0.018878
11239.000000  -0.016923
11298.000000  0.010351
11356.000000  -0.012813
11414.000000  0.018607
11473.000000  0.000489
11534.000000  -0.010726
11594.000000  -0.009467
11654.000000  -0.018408
11714.000000  0.041144
11774.000000  -0.002352
11834.000000  0.003195
11893.000000  -0.038484
11938.000000  0.023901
11973.000000  -0.013730
12027.000000  0.001774
12090.000000  0.011650
12147.000000  -0.003716
12192.000000  0.006749
12247.000000  -0.035065
12320.000000  0.047486
12390.000000  -0.008711
12446.000000  0.008722
12488.000000  -0.042533
12528.000000  0.002593
12565.000000  0.009358
12613.000000  0.007940
12723.000000  0.018405
12853.000000  0.002883
12900.000000  -0.034817
12950.000000  0.017348
13015.000000  -0.007165
13051.000000  -0.012602
13101.000000  0.022638
13157.000000  0.009641
13202.000000  -0.002334
13261.000000  -0.010245
13321.000000  0.012172
13383.000000  -0.003605
13441.000000  -0.006952
13509.000000  0.029611
13536.000000  -0.021163
13579.000000  0.014165
13616.000000  -0.005834
13648.000000  0.013444
13685.000000  -0.007479
13721.000000  -0.002053
13755.000000  -0.014443
13765.000000  0.034894
13851.000000  -0.025482
13959.000000  -0.000354
14009.000000  0.026590
14083.000000  -0.002708
14165.000000  -0.047110
14263.000000  0.007872
14320.000000  0.042731
14377.000000  -0.063533
14434.000000  0.042464
14519.000000  -0.013751
14607.000000  0.056435
14683.000000  -0.025780
14779.000000  -0.016485
14872.000000  0.029164
14967.000000  -0.037088
15044.000000  -0.020401
15128.000000  0.018868
15171.000000  -0.008993
15201.000000  0.022502
15229.000000  0.006507
15268.000000  0.027992
15314.000000  -0.042341
15367.000000  0.045785
15430.000000  -0.011170
15468.000000  -0.016734
15471.000000  -0.014169
15502.000000  0.080849
15539.000000  -0.024614
15568.000000  0.006849
15627.000000  0.036341
15702.000000  -0.034635
15780.000000  -0.044851
15804.000000  -0.061679
15830.000000  0.073578
15857.000000  0.067391
15858.000000  -0.105745
15859.000000  -0.074786
15909.000000  0.057242
15961.000000  -0.020260
16031.000000  0.053647
16088.000000  -0.052286
16134.000000  -0.016529
16183.000000  0.027704
16230.000000  -0.021053
16248.000000  -0.001674
16261.000000  0.005953
16274.000000  0.006877
16276.000000  -0.026377
16365.000000  0.060221
16400.000000  -0.033933
16479.000000  0.046393
16568.000000  0.010613
16663.000000  0.005153
16758.000000  -0.009348
16835.000000  0.027281
16898.000000  -0.015786
16972.000000  0.017384
17055.000000  -0.035717
17148.000000  -0.011222
17241.000000  0.014016
17335.000000  0.017824
17411.000000  0.005347
17503.000000  0.013315
17575.000000  -0.014746
17641.000000  -0.006899
17714.000000  0.012976
17804.000000  -0.023783
17899.000000  -0.003371
17994.000000  0.021101
18087.000000  -0.004965
18177.000000  0.005883
18264.000000  -0.020721
18309.000000  -0.024227
18377.000000  -0.016734
18435.000000  -0.009987
18494.000000  0.008973
18535.000000  0.022407
18588.000000  -0.000960
18642.000000  -0.010089
18689.000000  0.018668
18725.000000  -0.012833
18762.000000  0.014003
18823.000000  -0.017200
18910.000000  0.019830
18984.000000  0.017247
19085.000000  -0.006525
19163.000000  0.025064
19228.000000  0.014749
19303.000000  -0.029190
19367.000000  0.001780
19440.000000  -0.001925
19531.000000  -0.043667
19623.000000  0.043115
19713.000000  0.012531
19793.000000  -0.006971
19868.000000  -0.045887
19964.000000  0.029823
20002.000000  -0.019574
20052.000000  -0.008564
20108.000000  0.024725
20125.000000  0.026036
20141.000000  -0.026044
20162.000000  0.086753
20185.000000  -0.000528
20210.000000  0.030682
20242.000000  0.007840
20271.000000  0.010221
20297.000000  0.028016
20320.000000  0.002340
20341.000000  -0.020997
20366.000000  -0.012519
20386.000000  0.069026
20409.000000  -0.053566
20431.000000  0.032754
20455.000000  -0.047405
20489.000000  -0.027130
20515.000000  0.041212
20537.000000  0.001383
20545.000000  0.019980
20592.000000  -0.148551
20675.000000  0.036372
20755.000000  0.007605
20833.000000  -0.009830
20912.000000  -0.024593
20993.000000  -0.027333
21073.000000  0.018061
21153.000000  -0.003872
21233.000000  -0.018433
21313.000000  0.004383
21394.000000  0.007532
21471.000000  -0.025518
21554.000000  0.000248
21644.000000  0.007010
21694.000000  -0.011784
21743.000000  -0.002227
21796.000000  -0.006563
21833.000000  0.051058
21880.000000  -0.035099
21920.000000  -0.000057
21971.000000  0.003974
22037.000000  0.006682
22106.000000  0.004480
22181.000000  0.051597
22257.000000  -0.077599
22328.000000  0.020918
22410.000000  0.014635
22483.000000  0.008642
22576.000000  -0.021155
22641.000000  0.024700
22690.000000  -0.000712
22733.000000  0.009099
22764.000000  -0.042689
22805.000000  -0.005203
22848.000000  0.031380
22865.000000  0.011121
22872.000000  -0.017916
22906.000000  0.061407
22940.000000  0.030052
22983.000000  0.067729
23011.000000  -0.078352
23049.000000  0.050375
23098.000000  0.018832
23133.000000  -0.011414
23186.000000  0.005269
23245.000000  0.040124
23302.000000  -0.022349
23344.000000  0.059343
23384.000000  0.006213
23426.000000  -0.000600
23443.000000  0.046741
23457.000000  -0.111711
23487.000000  0.030938
23522.000000  0.094704
23581.000000  0.015530
23640.000000  0.041609
23710.000000  -0.008257
23768.000000  -0.001182
23794.000000  -0.031520
23821.000000  0.005996
23842.000000  0.047856
23850.000000  0.060327
23857.000000  -0.108564
23858.000000  -0.410205
23899.000000  0.206225
23932.000000  -0.020423
23975.000000  0.058145
24021.000000  -0.009740
24084.000000  0.052612
24161.000000  0.000797
24230.000000  0.048069
24291.000000  -0.073093
24358.000000  -0.126796
24391.000000  -0.072397
24422.000000  -0.007286
24475.000000  0.068341
24491.000000  0.002931
24498.000000  0.307626
24566.000000  -0.372338
24651.000000  0.016934
24741.000000  0.005073
24811.000000  0.017129
24875.000000  -0.007947
24968.000000  -0.026942
25046.000000  0.047290
25138.000000  0.001145
25169.000000  -0.019076
25192.000000  -0.013751
25244.000000  0.032674
25310.000000  0.020523
25385.000000  -0.024325
25475.000000  0.042400
25569.000000  -0.009010
25636.000000  -0.018429
25676.000000  -0.024778
25723.000000  -0.027581
25779.000000  0.021845
25810.000000  -0.007193
25854.000000  -0.023543
25905.000000  0.043746
25958.000000  0.007519
26015.000000  -0.020346
26070.000000  0.022234
26088.000000  0.005062
26105.000000  -0.014086
26127.000000  0.067793
26133.000000  -0.001532
26134.000000  0.024374
26168.000000  -0.069016
26197.000000  -0.019338
26203.000000  -0.044217
26238.000000  0.022051
26252.000000  0.008226
26319.000000  -0.031548
26418.000000  0.032680
26475.000000  -0.007477
26540.000000  0.001471
26575.000000  -0.046022
26624.000000  0.034536
26674.000000  -0.006942
26703.000000  0.022657
26730.000000  -0.009087
26759.000000  -0.018899
26761.000000  -0.033168
26763.000000  -0.034196
26853.000000  0.058120
26941.000000  0.019846
26994.000000  0.007262
27056.000000  0.011760
27139.000000  0.002115
27218.000000  -0.029260
27313.000000  0.035689
27383.000000  -0.016326
27464.000000  0.020583
27552.000000  0.008804
27606.000000  -0.048813
27710.000000  -0.010794
27724.000000  -0.050426
27745.000000  0.044725
27746.000000  -0.052043
27781.000000  0.040051
27882.000000  0.045365
27917.000000  -0.047716
27976.000000  0.010921
28017.000000  -0.005032
28045.000000  0.004370
28108.000000  0.001119
28183.000000  0.009621
28256.000000  0.002733
28287.000000  -0.036345
28378.000000  -0.001327
28451.000000  0.040379
28521.000000  0.011340
28555.000000  -0.063904
28587.000000  -0.002160
28653.000000  0.069178
28712.000000  -0.034251
28768.000000  0.037479
28867.000000  -0.002028
28905.000000  -0.000364
28923.000000  -0.020980
28941.000000  -0.007029
29005.000000  0.020289
29065.000000  -0.043827
29133.000000  0.043873
29194.000000  -0.021980
29270.000000  0.010858
29357.000000  0.031830
29429.000000  0.023276
29518.000000  -0.013433
29599.000000  0.025684
29682.000000  -0.009541
29766.000000  0.020407
29850.000000  -0.021973
29934.000000  -0.013320
30030.000000  0.006213
30075.000000  0.024666
30130.000000  -0.060212
30152.000000  0.016741
30178.000000  0.018780
30232.000000  0.001210
30281.000000  0.009369
30312.000000  0.006518
30362.000000  -0.022759
30440.000000  0.025697
30522.000000  -0.017859
30606.000000  -0.001815
30691.000000  -0.022901
30775.000000  0.019086
30858.000000  0.000149
30943.000000  0.013968
31026.000000  -0.003682
31109.000000  -0.014157
31184.000000  -0.031067
31239.000000  0.012095
31304.000000  0.013047
31359.000000  -0.009599
31411.000000  -0.020728
31459.000000  0.045885
31530.000000  -0.065494
31602.000000  0.042711
31635.000000  -0.013000
31687.000000  0.017475
31736.000000  -0.063430
31790.000000  0.012231
31848.000000  0.036707
31904.000000  -0.010576
31960.000000  0.013320
32015.000000  -0.040507
32072.000000  0.050033
32103.000000  0.001850
32130.000000  -0.006458
32178.000000  0.065470
32196.000000  0.060914
32215.000000  -0.012202
32243.000000  -0.030370
32272.000000  -0.037747
32300.000000  0.062585
32328.000000  -0.013046
32350.000000  -0.011854
32351.000000  -0.024104
32372.000000  0.005833
32420.000000  -0.005225
32449.000000  -0.025088
32476.000000  0.000660
32505.000000  0.019045
32533.000000  0.049207
32561.000000  -0.069418
32588.000000  0.037788
32599.000000  0.008442
32637.000000  -0.094479
32696.000000  0.009597
32749.000000  0.019854
32814.000000  -0.012939
32868.000000  -0.004473
32898.000000  -0.019229
32941.000000  -0.014765
32999.000000  0.026750
33036.000000  0.004429
33078.000000  0.010981
33115.000000  -0.041809
33197.000000  0.000498
33267.000000  0.024361
33333.000000  0.007699
33394.000000  -0.037677
33428.000000  -0.013130
33490.000000  0.041401
33516.000000  0.001033
33570.000000  -0.023975
33576.000000  0.042395
33635.000000  -0.053467
33703.000000  0.017495
33759.000000  -0.025648
33818.000000  0.052414
33862.000000  0.000612
33896.000000  -0.033597
33949.000000  0.046581
34008.000000  0.000468
34048.000000  0.011124
34081.000000  -0.054503
34147.000000  0.011388
34215.000000  0.028682
34274.000000  -0.058963
34325.000000  0.001680
34373.000000  0.044342
34443.000000  0.010867
34476.000000  -0.025291
34500.000000  0.010817
34605.000000  0.032668
34650.000000  -0.069392
34708.000000  0.010159
34760.000000  0.046263
34826.000000  -0.015424
34855.000000  -0.018841
34900.000000  0.019497
34922.000000  -0.015888
34935.000000  0.044274
34970.000000  -0.039551
35024.000000  -0.029626
35064.000000  0.008898
35109.000000  -0.002667
35131.000000  -0.029797
35156.000000  0.029914
35167.000000  -0.032109
35224.000000  0.026526
35292.000000  0.004017
35367.000000  0.026153
35448.000000  -0.028202
35528.000000  0.051536
35575.000000  -0.017786
35634.000000  0.016604
35670.000000  -0.022021
35712.000000  0.033711
35753.000000  -0.030974
35765.000000  -0.014848
35767.000000  -0.063570
35864.000000  0.071787
35940.000000  -0.001891
36035.000000  0.010429
36088.000000  -0.002053
36139.000000  0.010098
36196.000000  -0.041665
36247.000000  0.040318
36283.000000  -0.021295
36342.000000  0.000471
36364.000000  0.026513
36368.000000  -0.000905
36443.000000  -0.042555
36494.000000  0.012678
36546.000000  0.027377
36624.000000  -0.004513
36697.000000  0.018021
36766.000000  -0.057263
36819.000000  0.058041
36881.000000  -0.015422
36955.000000  0.003429
37035.000000  0.006811
37075.000000  0.000002
37124.000000  -0.027043
37188.000000  0.020401
37209.000000  0.024176
37214.000000  -0.012311
37247.000000  -0.075206
37297.000000  0.034574
37361.000000  0.007309
37419.000000  -0.015599
37475.000000  -0.010362
37536.000000  0.003982
37578.000000  0.026065
37628.000000  -0.008313
37674.000000  0.027061
37697.000000  0.018484
37725.000000  -0.040112
37758.000000  0.020661
37790.000000  -0.072218
37852.000000  0.017372
37932.000000  0.020657
37993.000000  -0.007251
38053.000000  0.023733
38121.000000  0.007576
38158.000000  -0.003894
38206.000000  -0.003014
38251.000000  0.022057
38281.000000  -0.050509
38309.000000  0.006365
38327.000000  0.021388
38411.000000  0.001243
38487.000000  0.002980
38550.000000  0.040422
38626.000000  -0.023473
38713.000000  0.010553
38792.000000  0.002347
38859.000000  -0.051631
38908.000000  -0.015556
38939.000000  0.049683
38963.000000  -0.048333
38999.000000  0.024230
39035.000000  0.030200
39091.000000  -0.024981
39115.000000  0.046440
39140.000000  -0.039586
39149.000000  -0.057126
39203.000000  0.025118
39323.000000  0.019188
39411.000000  0.023507
39512.000000  0.006878
39570.000000  0.018244
39619.000000  -0.030706
39666.000000  -0.036942
39721.000000  0.046372
39778.000000  -0.009144
39833.000000  -0.019741
39890.000000  0.005780
39943.000000  -0.022430
39964.000000  0.036321
40009.000000  0.000899
40040.000000  -0.003618
40063.000000  -0.007453
40086.000000  0.008160
40116.000000  0.007175
40137.000000  0.007969
40148.000000  -0.046400
40186.000000  -0.042021
40187.000000  -0.012150
40225.000000  0.044050
40262.000000  0.022447
40306.000000  0.003325
40331.000000  -0.039625
40389.000000  0.015718
40478.000000  0.033900
40547.000000  -0.004617
40577.000000  -0.037048
40683.000000  0.051089
40720.000000  -0.059098
40765.000000  0.011622
40771.000000  -0.027168
40812.000000  0.023825
40821.000000  -0.030856
