269.000000  2.172615
338.000000  0.250395
368.000000  0.241320
408.000000  0.316709
454.000000  0.157625
485.000000  0.162219
531.000000  0.270586
571.000000  0.055373
619.000000  0.046483
670.000000  0.235540
711.000000  0.082238
750.000000  0.283271
791.000000  0.245758
845.000000  0.290397
862.000000  0.221195
930.000000  0.367891
992.000000  0.371764
1018.000000  0.092641
1056.000000  0.152100
1087.000000  0.385628
1130.000000  0.344663
1168.000000  0.395427
1206.000000  0.299929
1234.000000  0.314877
1268.000000  0.315471
1298.000000  0.319623
1333.000000  0.371331
1371.000000  0.368357
1401.000000  0.076496
1435.000000  0.309569
1453.000000  0.348366
1470.000000  0.302063
1496.000000  0.296875
1525.000000  0.294664
1573.000000  0.273645
1614.000000  0.331846
1646.000000  0.349624
1687.000000  0.301642
1732.000000  0.340277
1767.000000  0.099740
1810.000000  0.351147
1853.000000  0.326862
1880.000000  0.325626
1907.000000  0.115751
1939.000000  0.396894
1996.000000  0.432807
2025.000000  0.053864
2071.000000  0.239274
2090.000000  0.208423
2116.000000  0.187419
2153.000000  0.127063
2189.000000  0.233136
2234.000000  0.331044
2295.000000  0.324161
2352.000000  0.138390
2401.000000  0.261921
2452.000000  0.274345
2504.000000  0.239528
2552.000000  0.277199
2594.000000  0.265816
2651.000000  0.271913
2680.000000  0.208302
2708.000000  0.243986
2748.000000  0.359694
2811.000000  0.284247
2852.000000  0.286059
2900.000000  0.258953
2930.000000  0.159459
2953.000000  0.107107
2986.000000  0.201143
3038.000000  0.198733
3089.000000  0.195467
3124.000000  0.180740
3161.000000  0.176663
3214.000000  0.197936
3256.000000  0.207953
3309.000000  0.265269
3346.000000  0.192388
3373.000000  0.140654
3428.000000  0.159867
3503.000000  0.192728
3581.000000  0.202350
3632.000000  0.140122
3696.000000  0.159186
3739.000000  0.189441
3787.000000  0.131870
3810.000000  0.097759
3841.000000  0.112348
3873.000000  0.080734
3910.000000  0.075742
3929.000000  0.081865
3985.000000  0.095870
4036.000000  0.151100
4109.000000  0.118835
4147.000000  0.125608
4172.000000  0.127389
4233.000000  0.103422
4263.000000  0.081736
4319.000000  0.146740
4357.000000  0.137433
4376.000000  0.089251
4405.000000  0.166658
4433.000000  0.231671
4470.000000  0.206517
4508.000000  0.233817
4553.000000  0.270425
4591.000000  0.283072
4634.000000  0.243988
4680.000000  0.294138
4708.000000  0.218450
4735.000000  0.188279
4757.000000  0.221501
4797.000000  0.187388
4833.000000  0.171056
4861.000000  0.173869
4906.000000  0.226085
4955.000000  0.306568
5000.000000  0.323085
5033.000000  0.272537
5057.000000  0.303896
5091.000000  0.204985
5133.000000  0.332075
5173.000000  0.312197
5208.000000  0.313839
5272.000000  0.281431
5280.000000  0.097371
5315.000000  0.245683
5324.000000  0.197522
5370.000000  0.294268
5421.000000  0.292507
5444.000000  0.141429
5470.000000  0.157706
5518.000000  0.264486
5550.000000  0.211136
5582.000000  0.163631
5628.000000  0.303742
5668.000000  0.310571
5737.000000  0.297718
5765.000000  0.141439
5795.000000  0.141836
5817.000000  0.121935
5851.000000  0.188161
5896.000000  0.158746
5924.000000  0.139714
5966.000000  0.117491
6005.000000  0.141736
6027.000000  0.110454
6053.000000  0.131049
6096.000000  0.135169
6111.000000  0.109544
6142.000000  0.170072
6170.000000  0.246556
6211.000000  0.203139
6211.000000  0.081173
6255.000000  0.224844
6304.000000  0.233949
6346.000000  0.235657
6385.000000  0.090351
6392.000000  0.179189
6438.000000  0.226652
6466.000000  0.129665
6490.000000  0.146107
6536.000000  0.232001
6573.000000  0.102583
6618.000000  0.191994
6651.000000  0.084649
6683.000000  0.150794
6713.000000  0.152501
6751.000000  0.105457
6796.000000  0.146035
6850.000000  0.155126
6888.000000  0.110087
6938.000000  0.204849
6953.000000  0.138938
7002.000000  0.175210
7081.000000  0.206426
7123.000000  0.216658
7176.000000  0.159836
7222.000000  0.171240
7316.000000  0.217050
7369.000000  0.219379
7418.000000  0.223825
7460.000000  0.154608
7499.000000  0.152363
7539.000000  0.166525
7571.000000  0.212269
7628.000000  0.195559
7677.000000  0.274681
7706.000000  0.208309
7744.000000  0.173084
7790.000000  0.241795
7808.000000  0.172604
7842.000000  0.144037
7880.000000  0.228653
7923.000000  0.216200
7932.000000  0.104115
7990.000000  0.212820
8046.000000  0.227942
8075.000000  0.212233
8123.000000  0.218638
8172.000000  0.237568
8209.000000  0.217919
8259.000000  0.210666
8294.000000  0.145634
8358.000000  0.231205
8359.000000  0.099382
8397.000000  0.144213
8438.000000  0.193309
8471.000000  0.192147
8491.000000  0.114854
8507.000000  0.119544
8538.000000  0.182009
8588.000000  0.141998
8619.000000  0.134448
8646.000000  0.167705
8675.000000  0.204986
8684.000000  0.165433
8711.000000  0.129649
8747.000000  0.129720
8750.000000  0.147952
8781.000000  0.119326
8806.000000  0.133094
8842.000000  0.134534
8866.000000  0.114553
8912.000000  0.156951
8944.000000  0.123257
8975.000000  0.119321
8998.000000  0.138157
9026.000000  0.146205
9052.000000  0.121462
9065.000000  0.100598
9086.000000  0.182828
9137.000000  0.149766
9214.000000  0.168525
9232.000000  0.119897
9259.000000  0.103670
9290.000000  0.111278
9310.000000  0.128206
9331.000000  0.155080
9340.000000  0.129283
9370.000000  0.158265
9392.000000  0.147692
9415.000000  0.161837
9462.000000  0.186417
9488.000000  0.213890
9523.000000  0.157578
9546.000000  0.136326
9568.000000  0.130309
9574.000000  0.113466
9579.000000  0.103326
9584.000000  0.101544
9589.000000  0.106706
9612.000000  0.125860
9625.000000  0.098048
9639.000000  0.101753
9691.000000  0.147343
9700.000000  0.118726
9715.000000  0.120453
9733.000000  0.131202
9748.000000  0.106874
9764.000000  0.094849
9803.000000  0.133703
9836.000000  0.132154
9869.000000  0.110339
9908.000000  0.131566
9947.000000  0.153787
9980.000000  0.131992
10023.000000  0.182399
10027.000000  0.125877
10047.000000  0.134218
10081.000000  0.142785
10103.000000  0.140379
10134.000000  0.122241
10152.000000  0.104112
10183.000000  0.112658
10198.000000  0.090592
10226.000000  0.097176
10250.000000  0.095318
10264.000000  0.221463
10278.000000  0.106655
10301.000000  0.110358
10321.000000  0.098843
10345.000000  0.117689
10349.000000  0.101068
10367.000000  0.119110
10371.000000  0.100222
10372.000000  0.093641
