269.000000  96.356995
338.000000  90.269920
368.000000  88.276482
408.000000  90.504593
454.000000  81.816086
485.000000  81.860886
531.000000  87.859177
571.000000  56.118401
619.000000  47.892845
670.000000  85.426346
711.000000  65.426178
750.000000  86.149330
791.000000  82.802872
845.000000  85.756889
862.000000  83.049789
930.000000  87.593842
992.000000  88.767006
1018.000000  65.005234
1056.000000  74.753654
1087.000000  87.471893
1130.000000  84.826363
1168.000000  88.990891
1206.000000  87.133446
1234.000000  87.303291
1268.000000  87.319832
1298.000000  84.955719
1333.000000  87.479492
1371.000000  87.685547
1401.000000  49.556576
1435.000000  86.774307
1453.000000  88.338020
1470.000000  87.247124
1496.000000  83.902885
1525.000000  86.899742
1573.000000  84.993294
1614.000000  84.358055
1646.000000  86.375435
1687.000000  83.102028
1732.000000  86.253090
1767.000000  58.343445
1810.000000  84.419006
1853.000000  85.930145
1880.000000  85.268166
1907.000000  60.171936
1939.000000  87.397751
1996.000000  86.369316
2025.000000  22.681713
2071.000000  80.876663
2090.000000  78.406143
2116.000000  75.854301
2153.000000  65.973846
2189.000000  79.142570
2234.000000  82.778320
2295.000000  83.751266
2352.000000  61.120052
2401.000000  79.171112
2452.000000  79.134193
2504.000000  76.997025
2552.000000  79.440674
2594.000000  77.760735
2651.000000  77.712044
2680.000000  68.675247
2708.000000  72.584824
2748.000000  77.481552
2811.000000  77.151184
2852.000000  74.527824
2900.000000  74.631134
2930.000000  62.161564
2953.000000  41.932312
2986.000000  67.383064
3038.000000  67.405731
3089.000000  67.111115
3124.000000  63.741814
3161.000000  61.910843
3214.000000  64.261070
3256.000000  62.076641
3309.000000  67.803696
3346.000000  63.102959
3373.000000  46.555698
3428.000000  54.491997
3503.000000  58.189751
3581.000000  58.765072
3632.000000  46.913544
3696.000000  46.827328
3739.000000  57.799576
3787.000000  36.197891
3810.000000  5.771880
3841.000000  29.883020
3873.000000  1.456493
3910.000000  0.101121
3929.000000  0.021226
3985.000000  15.707709
4036.000000  43.481956
4109.000000  32.080250
4147.000000  36.699001
4172.000000  30.904722
4233.000000  18.326124
4263.000000  0.278745
4319.000000  41.611832
4357.000000  40.812130
4376.000000  16.201101
4405.000000  50.720173
4433.000000  63.425152
4470.000000  60.606564
4508.000000  65.593544
4553.000000  64.742973
4591.000000  64.308861
4634.000000  64.802811
4680.000000  67.831947
4708.000000  59.943069
4735.000000  56.399601
4757.000000  61.210136
4797.000000  49.827133
4833.000000  50.383274
4861.000000  51.586830
4906.000000  55.331356
4955.000000  70.456245
5000.000000  69.989136
5033.000000  66.470184
5057.000000  69.184235
5091.000000  57.526978
5133.000000  73.308502
5173.000000  70.682449
5208.000000  67.942154
5272.000000  67.366287
5280.000000  12.036192
5315.000000  65.115242
5324.000000  50.785042
5370.000000  66.286240
5421.000000  70.319046
5444.000000  44.358791
5470.000000  47.023071
5518.000000  57.023800
5550.000000  57.806629
5582.000000  49.148571
5628.000000  69.844994
5668.000000  71.158310
5737.000000  71.660400
5765.000000  41.740387
5795.000000  35.845951
5817.000000  35.764862
5851.000000  55.616993
5896.000000  49.655598
5924.000000  42.693241
5966.000000  36.513683
6005.000000  47.185162
6027.000000  26.287859
6053.000000  38.328270
6096.000000  45.090572
6111.000000  32.746876
6142.000000  46.384468
6170.000000  62.491425
6211.000000  60.596390
6211.000000  0.352255
6255.000000  60.000961
6304.000000  64.545563
6346.000000  65.988991
6385.000000  6.678434
6392.000000  52.953182
6438.000000  62.347340
6466.000000  35.670403
6490.000000  43.107285
6536.000000  56.817608
6573.000000  12.450484
6618.000000  54.401470
6651.000000  9.811207
6683.000000  38.638325
6713.000000  46.340607
6751.000000  22.804039
6796.000000  37.397652
6850.000000  45.504349
6888.000000  24.365702
6938.000000  48.708279
6953.000000  38.794739
7002.000000  48.069813
7081.000000  55.838329
7123.000000  56.856258
7176.000000  41.519676
7222.000000  42.544071
7316.000000  57.259933
7369.000000  58.282162
7418.000000  58.215324
7460.000000  39.094223
7499.000000  39.276543
7539.000000  30.396996
7571.000000  52.730274
7628.000000  45.766911
7677.000000  61.040539
7706.000000  53.826344
7744.000000  34.311298
7790.000000  59.063213
7808.000000  42.089729
7842.000000  32.542400
7880.000000  55.769806
7923.000000  47.435703
7932.000000  4.748426
7990.000000  50.872971
8046.000000  54.162144
8075.000000  47.059544
8123.000000  48.914330
8172.000000  55.101128
8209.000000  51.254433
8259.000000  51.299412
8294.000000  28.904730
8358.000000  54.985779
8359.000000  0.290424
8397.000000  20.990904
8438.000000  41.926140
8471.000000  40.291004
8491.000000  11.535360
8507.000000  12.960124
8538.000000  41.033230
8588.000000  26.703484
8619.000000  12.423774
8646.000000  35.315605
8675.000000  41.982449
8684.000000  24.551676
8711.000000  17.975487
8747.000000  6.336060
8750.000000  24.858273
8781.000000  10.176769
8806.000000  22.443489
8842.000000  21.199535
8866.000000  0.139292
8912.000000  22.929741
8944.000000  16.375801
8975.000000  4.281229
8998.000000  16.435602
9026.000000  14.485262
9052.000000  17.212830
9065.000000  0.452290
9086.000000  38.837032
9137.000000  26.696545
9214.000000  36.053448
9232.000000  16.311655
9259.000000  4.539620
9290.000000  12.797530
9310.000000  18.674160
9331.000000  34.763050
9340.000000  2.998087
9370.000000  29.846842
9392.000000  29.663181
9415.000000  31.264194
9462.000000  36.702957
9488.000000  34.314289
9523.000000  31.237331
9546.000000  19.365873
9568.000000  25.626686
9574.000000  0.094695
9579.000000  0.009416
9584.000000  0.008991
9589.000000  0.011749
9612.000000  16.634192
9625.000000  3.251400
9639.000000  0.065699
9691.000000  32.708652
9700.000000  19.895128
9715.000000  17.832636
9733.000000  19.404238
9748.000000  6.862226
9764.000000  0.992625
9803.000000  29.870283
9836.000000  23.082483
9869.000000  2.126472
9908.000000  12.130078
9947.000000  37.154476
9980.000000  23.196823
10023.000000  41.982765
10027.000000  23.565897
10047.000000  30.253242
10081.000000  33.747593
10103.000000  28.180912
10134.000000  24.020491
10152.000000  12.201900
10183.000000  6.161516
10198.000000  1.892244
10226.000000  5.345531
10250.000000  2.991914
10264.000000  4.883125
10278.000000  6.014196
10301.000000  0.085920
10321.000000  0.017656
10345.000000  14.339082
10349.000000  4.214575
10367.000000  26.001307
10371.000000  4.413364
10372.000000  0.069493
