816.000000  0.225299
990.000000  -0.056127
1160.000000  -0.000891
1349.000000  -0.003886
1539.000000  -0.009674
1568.000000  -0.067684
1743.000000  0.079745
1991.000000  0.022872
2280.000000  0.019183
2541.000000  0.020393
2559.000000  -0.130854
2852.000000  0.175525
3132.000000  -0.026495
3374.000000  -0.008873
3499.000000  -0.046387
3634.000000  0.011895
3837.000000  0.034493
3870.000000  -0.087346
3996.000000  0.022003
4149.000000  0.027397
4334.000000  0.010820
4428.000000  -0.057740
4526.000000  0.002564
4616.000000  0.004249
4669.000000  -0.002908
4753.000000  -0.036047
4905.000000  0.032019
5078.000000  0.023903
5078.000000  -0.107628
5259.000000  0.141266
5458.000000  0.018368
5479.000000  -0.109922
5684.000000  0.150609
5859.000000  -0.023089
6031.000000  0.000187
6189.000000  -0.026240
6346.000000  -0.041311
6434.000000  -0.005651
6556.000000  -0.001838
6667.000000  -0.000063
6689.000000  -0.044360
6695.000000  -0.023525
6772.000000  0.035140
6949.000000  0.038843
7109.000000  0.023332
7252.000000  0.014433
7416.000000  0.011877
7577.000000  0.047050
7744.000000  -0.017018
7852.000000  -0.073371
7983.000000  0.005932
8133.000000  0.020618
8293.000000  0.018083
8454.000000  0.013353
8687.000000  -0.004637
8865.000000  0.026432
8882.000000  -0.100789
9063.000000  0.160494
9202.000000  -0.062830
9361.000000  -0.005794
9379.000000  -0.109719
9540.000000  0.120624
9708.000000  0.006508
9890.000000  0.017572
10051.000000  -0.052887
10103.000000  -0.011075
10291.000000  0.035564
10485.000000  0.003904
10700.000000  0.000738
10944.000000  0.053323
10981.000000  -0.105540
11193.000000  0.074411
11401.000000  -0.014097
11628.000000  0.007021
11803.000000  0.017468
11995.000000  -0.014590
12210.000000  0.031544
12390.000000  -0.051146
12520.000000  0.002869
12714.000000  0.050209
12955.000000  0.029549
13231.000000  0.040221
13530.000000  0.033120
13779.000000  0.019393
13961.000000  -0.061878
14180.000000  0.007483
14474.000000  0.072774
14724.000000  -0.024736
14913.000000  -0.052577
15128.000000  0.014400
15306.000000  0.225757
15456.000000  -0.191802
15630.000000  -0.004860
15813.000000  0.119248
16020.000000  -0.119413
16239.000000  0.007499
16492.000000  0.045154
16720.000000  0.053118
17032.000000  -0.004635
17295.000000  0.221999
17548.000000  -0.302642
17789.000000  0.030825
18029.000000  -0.005443
18215.000000  -0.029712
18438.000000  0.037310
18669.000000  -0.008721
18900.000000  -0.002875
19220.000000  0.027084
19525.000000  -0.018760
19772.000000  -0.057347
19952.000000  -0.062406
20159.000000  0.020071
20372.000000  0.028781
20595.000000  -0.009028
20798.000000  0.009224
21053.000000  0.031880
21253.000000  0.074503
21450.000000  -0.043870
21708.000000  0.014198
21875.000000  -0.037633
22076.000000  0.071748
22140.000000  -0.082561
22350.000000  0.104692
22485.000000  -0.078641
22553.000000  -0.052075
22738.000000  0.106974
22944.000000  0.006057
23153.000000  0.144867
23339.000000  0.137519
23504.000000  -0.278542
23707.000000  0.017103
23884.000000  0.288947
23996.000000  0.045252
24038.000000  -0.199459
24127.000000  -0.102307
24234.000000  0.028380
24344.000000  0.023120
24510.000000  0.120237
24607.000000  -0.197936
24734.000000  0.153762
24883.000000  0.108439
25068.000000  -0.436858
25257.000000  0.063499
25508.000000  0.013837
25651.000000  -0.066970
25718.000000  -0.005380
25894.000000  0.083372
26026.000000  -0.046919
26129.000000  -0.005300
26290.000000  0.013064
26519.000000  0.036396
26725.000000  0.019415
26874.000000  -0.017423
26996.000000  -0.036373
27162.000000  0.012130
27358.000000  0.020893
27509.000000  0.039919
27586.000000  0.008017
27673.000000  0.018822
27751.000000  -0.170924
27878.000000  0.030039
28043.000000  0.070159
28169.000000  0.006147
28290.000000  -0.022100
28394.000000  -0.021222
28491.000000  -0.031739
28582.000000  0.101066
28715.000000  0.050092
28833.000000  0.103027
28936.000000  -0.043570
29058.000000  0.069755
29183.000000  0.013471
29320.000000  0.031430
29460.000000  0.028781
29525.000000  0.071349
29690.000000  -0.004174
29939.000000  -0.050143
30113.000000  0.120441
30158.000000  -0.403787
30307.000000  0.467651
30433.000000  -0.127077
30516.000000  0.089766
30534.000000  -0.549346
30621.000000  -0.002928
30699.000000  0.013340
30774.000000  0.003458
30853.000000  0.001562
30931.000000  0.031541
30977.000000  -0.002480
31071.000000  -0.032356
31168.000000  0.008652
31272.000000  0.002452
31354.000000  -0.000783
31440.000000  -0.006934
31504.000000  -0.004512
31595.000000  0.018766
31653.000000  0.028568
31710.000000  -0.023838
31761.000000  0.030090
31820.000000  -0.010236
31916.000000  -0.039560
32005.000000  -0.000710
32116.000000  0.020163
32181.000000  0.008573
32255.000000  -0.025894
32330.000000  0.009215
32335.000000  -0.018995
32356.000000  -0.018939
32371.000000  -0.004461
32499.000000  0.021300
32543.000000  -0.004519
32651.000000  0.010392
32720.000000  0.012149
32770.000000  -0.029366
32846.000000  0.016374
32931.000000  0.027195
33223.000000  0.070194
33377.000000  -0.008691
33430.000000  -0.084710
33508.000000  -0.021584
33616.000000  0.094195
33857.000000  0.030032
34086.000000  0.011588
34168.000000  -0.100912
34329.000000  0.035466
34411.000000  -0.027371
34534.000000  0.014858
34601.000000  -0.027087
34716.000000  0.015832
34880.000000  0.039386
35000.000000  -0.020402
35160.000000  0.030837
35281.000000  -0.029178
35425.000000  0.040742
35554.000000  0.026297
35645.000000  -0.007133
35658.000000  -0.056431
35784.000000  0.063683
35936.000000  0.076720
36091.000000  0.010126
36143.000000  -0.004649
36194.000000  -0.048183
36280.000000  -0.015646
36361.000000  -0.013920
36441.000000  0.089950
36524.000000  -0.026580
36610.000000  -0.013348
36726.000000  0.005852
36886.000000  0.074059
36956.000000  -0.174326
37189.000000  0.091442
37353.000000  0.087075
37469.000000  0.033914
37558.000000  -0.211257
37620.000000  -0.027027
37621.000000  -0.049007
37650.000000  0.010554
37733.000000  0.190251
37768.000000  -0.067473
37810.000000  -0.089186
37850.000000  -0.027735
37929.000000  0.008060
38007.000000  0.025462
38060.000000  0.003485
38163.000000  0.015129
38232.000000  -0.016371
38356.000000  0.003858
38464.000000  0.000571
38576.000000  0.032145
38718.000000  -0.003284
38854.000000  -0.027752
38933.000000  0.009629
39034.000000  -0.010831
39119.000000  0.014113
39223.000000  0.024924
39245.000000  -0.064247
39301.000000  -0.001834
39305.000000  -0.010886
39428.000000  0.023515
39556.000000  0.039550
39625.000000  -0.022854
39732.000000  0.024008
39816.000000  -0.029260
39895.000000  0.008095
39993.000000  0.016311
40076.000000  -0.004274
40154.000000  0.004968
40206.000000  0.009276
40237.000000  -0.058117
40326.000000  0.023439
40426.000000  0.030628
40534.000000  -0.011178
40604.000000  -0.003100
40645.000000  0.000018
40686.000000  0.002574
40761.000000  0.014234
40817.000000  -0.015435
