816.000000  0.151182
990.000000  -0.023216
1160.000000  -0.007971
1349.000000  -0.007079
1539.000000  -0.003929
1568.000000  -0.063351
1743.000000  0.071401
1991.000000  0.019643
2280.000000  0.019129
2541.000000  0.007735
2559.000000  -0.115497
2852.000000  0.159897
3132.000000  -0.033056
3374.000000  -0.009418
3499.000000  -0.037788
3634.000000  0.006458
3837.000000  0.029766
3870.000000  -0.083761
3996.000000  0.028030
4149.000000  0.014811
4334.000000  0.016894
4428.000000  -0.053101
4526.000000  -0.002251
4616.000000  0.003937
4669.000000  0.000567
4753.000000  -0.040655
4905.000000  0.030483
5078.000000  0.022542
5078.000000  -0.101242
5259.000000  0.131142
5458.000000  0.019241
5479.000000  -0.106718
5684.000000  0.130405
5859.000000  -0.012977
6031.000000  -0.000783
6189.000000  -0.025688
6346.000000  -0.041370
6434.000000  -0.022793
6556.000000  0.011876
6667.000000  -0.006919
6689.000000  -0.046382
6695.000000  -0.024549
6772.000000  0.044640
6949.000000  0.039770
7109.000000  0.014218
7252.000000  0.011977
7416.000000  0.020964
7577.000000  0.029356
7744.000000  -0.006412
7852.000000  -0.069754
7983.000000  0.000319
8133.000000  0.020999
8293.000000  0.019020
8454.000000  -0.002411
8687.000000  0.007536
8865.000000  0.020800
8882.000000  -0.098550
9063.000000  0.107019
9202.000000  -0.022228
9361.000000  0.003902
9379.000000  -0.105955
9540.000000  0.108492
9708.000000  0.001023
9890.000000  0.013428
10051.000000  -0.046414
10103.000000  -0.013360
10291.000000  0.039227
10485.000000  -0.001168
10700.000000  -0.002858
10944.000000  0.033454
10981.000000  -0.087977
11193.000000  0.073014
11401.000000  -0.021268
11628.000000  0.010194
11803.000000  0.003197
11995.000000  -0.003791
12210.000000  0.027004
12390.000000  -0.052462
12520.000000  -0.014746
12714.000000  0.056217
12955.000000  0.022312
13231.000000  0.039152
13530.000000  0.024794
13779.000000  -0.015443
13961.000000  -0.026455
14180.000000  -0.019520
14474.000000  0.033238
14724.000000  -0.015244
14913.000000  -0.024969
15128.000000  -0.012629
15306.000000  -0.041173
15456.000000  -0.025503
15630.000000  0.034487
15813.000000  0.011431
16020.000000  0.014939
16239.000000  0.027766
16492.000000  -0.007680
16720.000000  0.012390
17032.000000  0.035197
17295.000000  -0.027608
17548.000000  0.010248
17789.000000  -0.000326
18029.000000  0.025270
18215.000000  -0.001524
18438.000000  0.036352
18669.000000  -0.019055
18900.000000  -0.013974
19220.000000  0.023156
19525.000000  -0.018460
19772.000000  -0.041156
19952.000000  -0.079550
20159.000000  0.014616
20372.000000  0.029237
20595.000000  -0.012106
20798.000000  0.018868
21053.000000  0.030647
21253.000000  0.051547
21450.000000  -0.028230
21708.000000  0.000233
21875.000000  -0.023188
22076.000000  0.048779
22140.000000  -0.058003
22350.000000  0.095085
22485.000000  -0.078827
22553.000000  -0.038570
22738.000000  0.100097
22944.000000  -0.016321
23153.000000  0.162447
23339.000000  0.129504
23504.000000  -0.284145
23707.000000  0.023629
23884.000000  0.273271
23996.000000  0.048009
24038.000000  -0.188758
24127.000000  -0.105817
24234.000000  0.034523
24344.000000  0.006134
24510.000000  0.119727
24607.000000  -0.195269
24734.000000  0.160201
24883.000000  0.096972
25068.000000  -0.427664
25257.000000  0.051074
25508.000000  0.026888
25651.000000  -0.063377
25718.000000  -0.015836
25894.000000  0.086752
26026.000000  -0.052469
26129.000000  -0.024602
26290.000000  0.027863
26519.000000  0.030931
26725.000000  0.015937
26874.000000  -0.023324
26996.000000  -0.014530
27162.000000  -0.002553
27358.000000  0.028532
27509.000000  0.038147
27586.000000  -0.002853
27673.000000  0.019865
27751.000000  -0.174370
27878.000000  0.046827
28043.000000  0.056648
28169.000000  -0.002732
28290.000000  -0.013799
28394.000000  -0.024034
28491.000000  -0.016333
28582.000000  0.069848
28715.000000  0.066064
28833.000000  0.091949
28936.000000  -0.034558
29058.000000  0.061656
29183.000000  0.014510
29320.000000  0.024155
29460.000000  0.019285
29525.000000  0.084021
29690.000000  -0.016782
29939.000000  -0.052111
30113.000000  0.131494
30158.000000  -0.403267
30307.000000  0.459638
30433.000000  -0.129183
30516.000000  0.089201
30534.000000  -0.529677
30621.000000  -0.003552
30699.000000  0.005745
30774.000000  0.007833
30853.000000  0.008528
30931.000000  0.024642
30977.000000  -0.011170
31071.000000  -0.040065
31168.000000  0.016902
31272.000000  0.005508
31354.000000  -0.013034
31440.000000  0.009025
31504.000000  -0.004920
31595.000000  0.016074
31653.000000  0.001666
31710.000000  0.005300
31761.000000  0.022613
31820.000000  -0.031503
31916.000000  -0.029481
32005.000000  0.009025
32116.000000  0.025082
32181.000000  -0.003457
32255.000000  -0.024993
32330.000000  0.015857
32335.000000  -0.020087
32356.000000  -0.015487
32371.000000  -0.007580
32499.000000  0.012124
32543.000000  -0.002726
32651.000000  0.013155
32720.000000  0.002215
32770.000000  -0.017772
32846.000000  0.004954
32931.000000  0.020090
33223.000000  0.078818
33377.000000  -0.022442
33430.000000  -0.075734
33508.000000  -0.006991
33616.000000  0.064650
33857.000000  0.040969
34086.000000  0.012951
34168.000000  -0.100879
34329.000000  0.040451
34411.000000  -0.043370
34534.000000  0.031959
34601.000000  -0.032562
34716.000000  0.011106
34880.000000  0.027607
35000.000000  -0.003172
35160.000000  0.018718
35281.000000  -0.015161
35425.000000  0.037099
35554.000000  0.003777
35645.000000  -0.005573
35658.000000  -0.041508
35784.000000  0.061189
35936.000000  0.052651
36091.000000  0.024850
36143.000000  -0.004456
36194.000000  -0.039157
36280.000000  -0.012332
36361.000000  -0.025692
36441.000000  0.094992
36524.000000  -0.041721
36610.000000  -0.003852
36726.000000  0.008371
36886.000000  0.080388
36956.000000  -0.189385
37189.000000  0.088339
37353.000000  0.098803
37469.000000  0.029466
37558.000000  -0.214888
37620.000000  -0.045243
37621.000000  -0.022439
37650.000000  0.003805
37733.000000  0.181477
37768.000000  -0.067943
37810.000000  -0.091918
37850.000000  -0.009306
37929.000000  0.004300
38007.000000  0.021404
38060.000000  0.001841
38163.000000  0.017750
38232.000000  -0.036421
38356.000000  0.018813
38464.000000  -0.005474
38576.000000  0.027231
38718.000000  0.010753
38854.000000  -0.030690
38933.000000  -0.001527
39034.000000  0.003727
39119.000000  -0.004528
39223.000000  0.044771
39245.000000  -0.073717
39301.000000  0.003027
39305.000000  -0.027938
39428.000000  0.040403
39556.000000  0.020438
39625.000000  -0.005558
39732.000000  0.012326
39816.000000  -0.017714
39895.000000  -0.000579
39993.000000  0.012873
40076.000000  -0.010946
40154.000000  0.007577
40206.000000  0.017586
40237.000000  -0.053085
40326.000000  0.020817
40426.000000  0.028704
40534.000000  -0.011666
40604.000000  -0.009111
40645.000000  0.000996
40686.000000  0.000272
40761.000000  0.013550
40817.000000  -0.017140
