995.000000  0.212878
1201.000000  -0.052111
1231.000000  -0.068260
1474.000000  0.063610
1738.000000  0.005692
1998.000000  0.024938
2274.000000  0.044506
2544.000000  -0.001271
2831.000000  0.039206
2905.000000  -0.076134
3231.000000  0.119915
3567.000000  -0.013407
3856.000000  0.004157
3935.000000  -0.141527
4145.000000  0.044023
4375.000000  0.022740
4650.000000  0.017446
4886.000000  0.040734
5112.000000  -0.026388
5165.000000  -0.096874
5371.000000  0.039067
5585.000000  -0.010129
5733.000000  -0.014444
5810.000000  -0.020645
6014.000000  0.138750
6192.000000  -0.036539
6372.000000  -0.034493
6525.000000  -0.005202
6704.000000  0.037965
6863.000000  0.022876
7009.000000  -0.110062
7154.000000  -0.006367
7273.000000  -0.008545
7410.000000  0.035009
7633.000000  0.025890
7795.000000  0.004986
7997.000000  0.013615
8213.000000  -0.010208
8411.000000  0.002405
8532.000000  0.008099
8844.000000  0.053759
9100.000000  -0.005327
9259.000000  -0.005350
9442.000000  -0.017794
9594.000000  -0.024391
9763.000000  0.014246
9938.000000  -0.035483
10102.000000  0.000566
10140.000000  -0.025215
10284.000000  0.036544
10435.000000  0.008610
10571.000000  0.015402
10705.000000  0.013278
10746.000000  -0.000876
10815.000000  -0.008748
10899.000000  -0.053671
10992.000000  0.016829
11116.000000  -0.043552
11147.000000  -0.025510
11237.000000  0.052332
11357.000000  0.009317
11405.000000  -0.000017
11538.000000  0.004281
11641.000000  -0.010243
11752.000000  0.017126
11868.000000  -0.012098
12015.000000  0.024358
12064.000000  -0.047666
12182.000000  -0.002720
12264.000000  -0.008277
12366.000000  0.003629
12483.000000  0.048896
12599.000000  -0.027432
12716.000000  -0.021505
12825.000000  0.004362
12936.000000  0.005544
13081.000000  0.009424
13161.000000  -0.006356
13223.000000  0.000617
13256.000000  -0.013938
13428.000000  0.039483
13592.000000  0.012245
13743.000000  -0.001381
13901.000000  0.007324
14109.000000  0.039244
14344.000000  0.049448
14596.000000  0.015593
14794.000000  -0.003122
15028.000000  0.042719
15198.000000  0.034151
15340.000000  -0.012374
15599.000000  0.042336
15819.000000  -0.025552
15959.000000  -0.043589
16136.000000  0.004545
16350.000000  0.065560
16537.000000  -0.090033
16661.000000  -0.035328
16782.000000  -0.002011
16974.000000  0.013935
17172.000000  0.052168
17323.000000  -0.031562
17630.000000  0.043009
17829.000000  0.009497
18066.000000  -0.010848
18297.000000  -0.026038
18434.000000  -0.029542
18612.000000  0.029914
18746.000000  -0.020381
18852.000000  -0.020665
18980.000000  0.032578
19183.000000  0.056788
19457.000000  0.061774
19740.000000  -0.028211
19973.000000  -0.003857
20209.000000  0.048530
20454.000000  0.031321
20810.000000  -0.000829
21045.000000  -0.052743
21209.000000  0.004871
21418.000000  0.039017
21502.000000  -0.059348
21636.000000  -0.065475
21796.000000  -0.008347
21960.000000  0.085128
22139.000000  -0.065623
22267.000000  0.000996
22427.000000  0.056437
22615.000000  0.009444
22780.000000  -0.012766
22936.000000  0.073867
23048.000000  -0.012881
23222.000000  0.009302
23267.000000  -0.020718
23393.000000  0.090825
23571.000000  -0.076214
23748.000000  0.083154
23936.000000  0.091325
24067.000000  -0.168719
24230.000000  -0.006727
24302.000000  -0.034492
24471.000000  0.061177
24605.000000  -0.078533
24804.000000  0.027680
25014.000000  0.111781
25214.000000  -0.053159
25478.000000  0.000451
25653.000000  0.102275
25826.000000  -0.103633
25964.000000  0.129808
26078.000000  -0.043167
26243.000000  0.056059
26365.000000  0.075084
26480.000000  0.119626
26527.000000  -0.126880
26559.000000  -0.122786
26571.000000  -0.025930
26640.000000  -0.020264
26711.000000  0.144538
26775.000000  0.075006
26866.000000  -0.424922
26961.000000  -0.079732
27022.000000  0.051872
27116.000000  -0.012018
27217.000000  0.017054
27378.000000  0.269034
27551.000000  -0.031184
27717.000000  -0.003959
27902.000000  0.062304
28078.000000  -0.108677
28231.000000  0.173796
28333.000000  0.110226
28507.000000  0.078931
28588.000000  -0.034843
28715.000000  0.047506
28805.000000  -0.038374
28916.000000  -0.049442
29030.000000  0.056538
29184.000000  0.085920
29311.000000  -0.045314
29462.000000  0.081744
29541.000000  0.033224
29598.000000  0.003929
29670.000000  -0.639617
29748.000000  0.024890
29808.000000  0.016171
29834.000000  0.026739
29909.000000  0.083861
30011.000000  0.070105
30091.000000  -0.165884
30194.000000  -0.063774
30359.000000  0.030642
30504.000000  -0.052592
30590.000000  -0.017872
30706.000000  0.047769
30800.000000  -0.027910
30881.000000  -0.019312
30985.000000  0.053667
31129.000000  0.171749
31304.000000  -0.204775
31426.000000  -0.014661
31537.000000  -0.001888
31600.000000  -0.011319
31688.000000  0.024555
31848.000000  0.098332
32010.000000  0.114656
32146.000000  -0.056845
32299.000000  -0.000129
32489.000000  0.053617
32652.000000  -0.068352
32838.000000  -0.013447
33021.000000  -0.107433
33211.000000  0.020245
33385.000000  0.013290
33521.000000  0.012384
33698.000000  0.037365
33771.000000  -0.048941
34005.000000  0.124397
34248.000000  0.104502
34413.000000  -0.042399
34555.000000  -0.209371
34718.000000  0.063618
34873.000000  -0.021961
35007.000000  -0.026420
35124.000000  -0.017708
35265.000000  0.056720
35421.000000  -0.024388
35577.000000  0.057937
35704.000000  -0.046703
35903.000000  -0.009568
36097.000000  0.062425
36312.000000  -0.028804
36500.000000  0.013649
36688.000000  0.016250
36871.000000  0.022448
37108.000000  0.158549
37282.000000  -0.176024
37420.000000  0.017096
37557.000000  0.002846
37688.000000  -0.009899
37761.000000  -0.036788
37842.000000  -0.005013
37979.000000  0.062644
38097.000000  0.019221
38182.000000  -0.165781
38282.000000  0.024604
38375.000000  -0.012834
38451.000000  -0.017220
38546.000000  0.089585
38608.000000  -0.025713
38623.000000  -0.007567
38704.000000  -0.009196
38819.000000  -0.041841
38865.000000  -0.020378
38918.000000  0.028568
38980.000000  -0.007924
39031.000000  -0.023477
39082.000000  0.022600
39137.000000  -0.002502
39176.000000  -0.016875
39230.000000  0.015497
39276.000000  -0.009052
39302.000000  0.016800
39327.000000  -0.012879
39346.000000  -0.018721
39382.000000  0.007631
39446.000000  0.011186
39483.000000  -0.019529
39571.000000  0.034461
39644.000000  -0.015840
39707.000000  0.018734
39771.000000  -0.009574
39818.000000  0.035547
39947.000000  0.028354
40100.000000  0.004094
40219.000000  -0.001720
40327.000000  0.043598
40454.000000  -0.067081
40520.000000  -0.019004
40555.000000  -0.040124
40570.000000  0.059926
40581.000000  -0.000107
40636.000000  0.070659
40692.000000  -0.066647
40763.000000  0.048401
40790.000000  -0.016022
40817.000000  0.100668
40830.000000  0.000661
