995.000000  76.043991
1201.000000  81.532417
1231.000000  71.681503
1474.000000  80.732117
1738.000000  81.177612
1998.000000  82.006340
2274.000000  82.920563
2544.000000  83.044968
2831.000000  81.417068
2905.000000  78.383270
3231.000000  81.823471
3567.000000  83.255661
3856.000000  82.886902
3935.000000  68.295837
4145.000000  73.709587
4375.000000  75.601540
4650.000000  76.575645
4886.000000  76.800278
5112.000000  75.979980
5165.000000  63.026566
5371.000000  68.776611
5585.000000  65.938713
5733.000000  62.653278
5810.000000  58.091278
6014.000000  74.727722
6192.000000  72.114380
6372.000000  66.682999
6525.000000  66.734192
6704.000000  69.930923
6863.000000  71.587395
7009.000000  55.855537
7154.000000  54.239346
7273.000000  52.342270
7410.000000  57.082527
7633.000000  62.184090
7795.000000  61.054455
7997.000000  63.319874
8213.000000  60.339745
8411.000000  61.427063
8532.000000  61.045956
8844.000000  66.971245
9100.000000  61.066414
9259.000000  63.916843
9442.000000  60.749298
9594.000000  58.974403
9763.000000  60.107567
9938.000000  52.677883
10102.000000  52.541275
10140.000000  42.605141
10284.000000  52.756046
10435.000000  55.023796
10571.000000  54.501587
10705.000000  59.213768
10746.000000  54.216759
10815.000000  57.201309
10899.000000  47.084366
10992.000000  41.427174
11116.000000  36.401089
11147.000000  21.411306
11237.000000  42.767334
11357.000000  43.739384
11405.000000  39.016499
11538.000000  47.926094
11641.000000  42.360409
11752.000000  45.439201
11868.000000  44.688000
12015.000000  50.197105
12064.000000  31.364700
12182.000000  32.260002
12264.000000  32.184566
12366.000000  34.301762
12483.000000  43.354610
12599.000000  31.547281
12716.000000  33.319141
12825.000000  34.791454
12936.000000  33.461807
13081.000000  36.732887
13161.000000  33.718006
13223.000000  28.386271
13256.000000  17.654007
13428.000000  40.000969
13592.000000  42.534470
13743.000000  41.541245
13901.000000  44.181286
14109.000000  49.281563
14344.000000  55.187290
14596.000000  58.654892
14794.000000  55.468964
15028.000000  60.790546
15198.000000  60.518242
15340.000000  62.375088
15599.000000  64.985306
15819.000000  63.132019
15959.000000  56.082581
16136.000000  57.662289
16350.000000  62.076229
16537.000000  55.177891
16661.000000  50.283466
16782.000000  46.030598
16974.000000  51.205284
17172.000000  50.429642
17323.000000  52.764477
17630.000000  55.885857
17829.000000  48.814106
18066.000000  50.098537
18297.000000  48.405472
18434.000000  47.843025
18612.000000  51.605980
18746.000000  44.782146
18852.000000  45.561565
18980.000000  45.547882
19183.000000  52.379478
19457.000000  60.298409
19740.000000  56.366604
19973.000000  55.151630
20209.000000  59.665066
20454.000000  58.785408
20810.000000  59.487839
21045.000000  54.699265
21209.000000  56.864994
21418.000000  57.147610
21502.000000  51.660072
21636.000000  44.298069
21796.000000  45.998573
21960.000000  53.722225
22139.000000  47.629536
22267.000000  42.056717
22427.000000  52.161850
22615.000000  53.934658
22780.000000  52.657997
22936.000000  56.737000
23048.000000  53.321247
23222.000000  54.433250
23267.000000  55.389965
23393.000000  57.551838
23571.000000  55.927944
23748.000000  56.616169
23936.000000  63.336426
24067.000000  54.007549
24230.000000  53.220844
24302.000000  51.838730
24471.000000  49.598484
24605.000000  46.514301
24804.000000  52.121353
25014.000000  58.997047
25214.000000  56.339954
25478.000000  56.044746
25653.000000  58.473682
25826.000000  55.325161
25964.000000  63.177628
26078.000000  58.079494
26243.000000  62.040966
26365.000000  63.800941
26480.000000  68.751892
26527.000000  65.523346
26559.000000  57.836426
26571.000000  57.872807
26640.000000  49.670250
26711.000000  64.838150
26775.000000  67.850372
26866.000000  34.048458
26961.000000  20.593912
27022.000000  23.485716
27116.000000  26.521917
27217.000000  26.687643
27378.000000  57.559795
27551.000000  55.262356
27717.000000  56.161911
27902.000000  59.547161
28078.000000  52.077518
28231.000000  62.711250
28333.000000  66.423866
28507.000000  68.601784
28588.000000  64.706703
28715.000000  67.366913
28805.000000  66.488251
28916.000000  64.660820
29030.000000  66.610802
29184.000000  70.361252
29311.000000  68.987099
29462.000000  71.472481
29541.000000  71.516174
29598.000000  69.711739
29670.000000  34.522438
29748.000000  37.519753
29808.000000  39.888996
29834.000000  38.108440
29909.000000  48.906563
30011.000000  55.116539
30091.000000  34.358582
30194.000000  29.123787
30359.000000  34.879929
30504.000000  25.974586
30590.000000  25.036833
30706.000000  28.370014
30800.000000  21.326973
30881.000000  19.483423
30985.000000  30.836931
31129.000000  36.405350
31304.000000  26.353416
31426.000000  18.153748
31537.000000  17.103859
31600.000000  9.693047
31688.000000  22.185423
31848.000000  39.282974
32010.000000  43.902176
32146.000000  44.366058
32299.000000  44.529610
32489.000000  45.044743
32652.000000  42.671249
32838.000000  37.834660
33021.000000  27.031288
33211.000000  28.143661
33385.000000  28.019321
33521.000000  31.165800
33698.000000  31.613768
33771.000000  28.629631
34005.000000  40.929268
34248.000000  52.179653
34413.000000  48.244137
34555.000000  21.890907
34718.000000  27.862961
34873.000000  30.290747
35007.000000  25.871655
35124.000000  22.936884
35265.000000  28.977411
35421.000000  28.018383
35577.000000  27.741272
35704.000000  25.740025
35903.000000  27.581129
36097.000000  33.868599
36312.000000  29.580685
36500.000000  29.987425
36688.000000  31.809240
36871.000000  33.510559
37108.000000  21.666399
37282.000000  31.857889
37420.000000  30.931866
37557.000000  34.467377
37688.000000  28.843222
37761.000000  28.353416
37842.000000  24.375801
37979.000000  34.386658
38097.000000  39.052357
38182.000000  13.975978
38282.000000  15.688215
38375.000000  13.135084
38451.000000  9.993717
38546.000000  25.010984
38608.000000  22.926321
38623.000000  22.033531
38704.000000  18.625521
38819.000000  11.858635
38865.000000  9.968937
38918.000000  11.558822
38980.000000  13.532650
39031.000000  7.847204
39082.000000  9.462816
39137.000000  7.905079
39176.000000  6.956479
39230.000000  8.403869
39276.000000  10.109929
39302.000000  9.491382
39327.000000  6.629976
39346.000000  1.545587
39382.000000  6.887126
39446.000000  9.703979
39483.000000  5.441549
39571.000000  7.032571
39644.000000  8.686008
39707.000000  13.117777
39771.000000  10.484802
39818.000000  11.016809
39947.000000  17.037521
40100.000000  22.342901
40219.000000  20.278471
40327.000000  19.792744
40454.000000  19.281939
40520.000000  12.039678
40555.000000  6.732778
40570.000000  6.959482
40581.000000  5.597170
40636.000000  26.918709
40692.000000  12.152078
40763.000000  24.702034
40790.000000  21.354675
40817.000000  31.361618
40830.000000  33.928844
