995.000000  0.161881
1201.000000  -0.030803
1231.000000  -0.064767
1474.000000  0.059726
1738.000000  0.005316
1998.000000  0.021792
2274.000000  0.038612
2544.000000  -0.000767
2831.000000  0.028176
2905.000000  -0.067843
3231.000000  0.104760
3567.000000  -0.006680
3856.000000  0.002341
3935.000000  -0.140973
4145.000000  0.041230
4375.000000  0.021094
4650.000000  0.015590
4886.000000  0.031838
5112.000000  -0.022405
5165.000000  -0.094832
5371.000000  0.036292
5585.000000  -0.012438
5733.000000  -0.015384
5810.000000  -0.020130
6014.000000  0.129925
6192.000000  -0.034098
6372.000000  -0.037119
6525.000000  -0.003356
6704.000000  0.033590
6863.000000  0.020653
7009.000000  -0.105695
7154.000000  -0.006218
7273.000000  -0.007596
7410.000000  0.027384
7633.000000  0.025850
7795.000000  0.000593
7997.000000  0.013650
8213.000000  -0.013181
8411.000000  0.003928
8532.000000  0.004076
8844.000000  0.049981
9100.000000  -0.020357
9259.000000  0.004685
9442.000000  -0.019647
9594.000000  -0.019020
9763.000000  0.011246
9938.000000  -0.037344
10102.000000  0.000003
10140.000000  -0.032218
10284.000000  0.038659
10435.000000  0.009896
10571.000000  0.007162
10705.000000  0.019712
10746.000000  -0.013705
10815.000000  0.002871
10899.000000  -0.051082
10992.000000  -0.004425
11116.000000  -0.026824
11147.000000  -0.031654
11237.000000  0.054249
11357.000000  0.006034
11405.000000  -0.009966
11538.000000  0.020838
11641.000000  -0.016313
11752.000000  0.014090
11868.000000  -0.007074
12015.000000  0.023792
12064.000000  -0.059071
12182.000000  0.000793
12264.000000  -0.002803
12366.000000  0.004963
12483.000000  0.037425
12599.000000  -0.035591
12716.000000  -0.003609
12825.000000  0.004156
12936.000000  -0.000586
13081.000000  0.009648
13161.000000  -0.008129
13223.000000  -0.010071
13256.000000  -0.023152
13428.000000  0.055763
13592.000000  0.010740
13743.000000  -0.002864
13901.000000  0.009287
14109.000000  0.031404
14344.000000  0.043575
14596.000000  0.020424
14794.000000  -0.012590
15028.000000  0.043940
15198.000000  0.019632
15340.000000  -0.000021
15599.000000  0.038010
15819.000000  -0.024370
15959.000000  -0.053981
16136.000000  0.008550
16350.000000  0.057467
16537.000000  -0.080410
16661.000000  -0.035161
16782.000000  -0.014540
16974.000000  0.023597
17172.000000  0.023732
17323.000000  -0.007683
17630.000000  0.035043
17829.000000  -0.023345
18066.000000  -0.000230
18297.000000  -0.019280
18434.000000  -0.016205
18612.000000  0.028184
18746.000000  -0.034283
18852.000000  -0.006701
18980.000000  0.014794
19183.000000  0.054351
19457.000000  0.070268
19740.000000  -0.034725
19973.000000  -0.007601
20209.000000  0.049116
20454.000000  0.014056
20810.000000  0.003205
21045.000000  -0.054024
21209.000000  0.013013
21418.000000  0.023647
21502.000000  -0.059021
21636.000000  -0.062685
21796.000000  0.002827
21960.000000  0.075366
22139.000000  -0.059818
22267.000000  -0.022049
22427.000000  0.070280
22615.000000  0.013259
22780.000000  -0.012723
22936.000000  0.060562
23048.000000  -0.025011
23222.000000  0.010826
23267.000000  -0.006428
23393.000000  0.063229
23571.000000  -0.052331
23748.000000  0.050667
23936.000000  0.098474
24067.000000  -0.156045
24230.000000  -0.007728
24302.000000  -0.025074
24471.000000  0.019455
24605.000000  -0.053405
24804.000000  0.040705
25014.000000  0.100074
25214.000000  -0.046108
25478.000000  -0.001385
25653.000000  0.073294
25826.000000  -0.078042
25964.000000  0.125516
26078.000000  -0.059935
26243.000000  0.060160
26365.000000  0.060167
26480.000000  0.120458
26527.000000  -0.111917
26559.000000  -0.129788
26571.000000  -0.014773
26640.000000  -0.060581
26711.000000  0.184055
26775.000000  0.073186
26866.000000  -0.420212
26961.000000  -0.068922
27022.000000  0.021161
27116.000000  0.007814
27217.000000  0.005132
27378.000000  0.268278
27551.000000  -0.031855
27717.000000  0.003221
27902.000000  0.057456
28078.000000  -0.106164
28231.000000  0.167998
28333.000000  0.100271
28507.000000  0.072419
28588.000000  -0.058297
28715.000000  0.055493
28805.000000  -0.033690
28916.000000  -0.048273
29030.000000  0.054093
29184.000000  0.094181
29311.000000  -0.044798
29462.000000  0.081783
29541.000000  0.024207
29598.000000  -0.016294
29670.000000  -0.593379
29748.000000  0.021901
29808.000000  0.016971
29834.000000  0.001996
29909.000000  0.093593
30011.000000  0.074086
30091.000000  -0.190033
30194.000000  -0.043440
30359.000000  0.034360
30504.000000  -0.053012
30590.000000  -0.008125
30706.000000  0.025932
30800.000000  -0.035476
30881.000000  -0.010976
30985.000000  0.058781
31129.000000  0.086227
31304.000000  -0.114014
31426.000000  -0.034854
31537.000000  -0.004291
31600.000000  -0.028966
31688.000000  0.051012
31848.000000  0.105188
32010.000000  0.072861
32146.000000  -0.022426
32299.000000  0.000835
32489.000000  0.026961
32652.000000  -0.043382
32838.000000  -0.030749
33021.000000  -0.084908
33211.000000  0.010255
33385.000000  0.003189
33521.000000  0.017806
33698.000000  0.013854
33771.000000  -0.028723
34005.000000  0.105530
34248.000000  0.118480
34413.000000  -0.046939
34555.000000  -0.212000
34718.000000  0.042878
34873.000000  0.005118
35007.000000  -0.027288
35124.000000  -0.016869
35265.000000  0.041727
35421.000000  -0.011393
35577.000000  0.014823
35704.000000  -0.022207
35903.000000  0.005872
36097.000000  0.049605
36312.000000  -0.030608
36500.000000  0.006071
36688.000000  0.014277
36871.000000  0.016305
37108.000000  -0.029448
37282.000000  0.014978
37420.000000  0.000462
37557.000000  0.020012
37688.000000  -0.033289
37761.000000  -0.013033
37842.000000  -0.020889
37979.000000  0.070537
38097.000000  0.033264
38182.000000  -0.166429
38282.000000  0.010803
38375.000000  -0.012667
38451.000000  -0.014829
38546.000000  0.082484
38608.000000  -0.016103
38623.000000  -0.005809
38704.000000  -0.017266
38819.000000  -0.035221
38865.000000  -0.009691
38918.000000  0.009422
38980.000000  0.007090
39031.000000  -0.024902
39082.000000  0.008312
39137.000000  -0.006502
39176.000000  -0.004989
39230.000000  0.006880
39276.000000  0.005923
39302.000000  -0.000829
39327.000000  -0.012545
39346.000000  -0.020409
39382.000000  0.020662
39446.000000  0.011920
39483.000000  -0.017934
39571.000000  0.008410
39644.000000  0.005415
39707.000000  0.019958
39771.000000  -0.011895
39818.000000  0.006066
39947.000000  0.031298
40100.000000  0.025742
40219.000000  -0.010094
40327.000000  0.006345
40454.000000  -0.015560
40520.000000  -0.034650
40555.000000  -0.025407
40570.000000  0.005050
40581.000000  -0.006104
40636.000000  0.114443
40692.000000  -0.084619
40763.000000  0.068625
40790.000000  -0.020157
40817.000000  0.079998
40830.000000  0.015232
