995.000000  0.163430
1250.000000  0.144328
1277.000000  0.044723
1513.000000  0.105596
1791.000000  0.148650
2086.000000  0.163213
2420.000000  0.194936
2731.000000  0.213226
3024.000000  0.211170
3343.000000  0.240858
3639.000000  0.215515
3919.000000  0.205860
4169.000000  0.237386
4484.000000  0.221521
4699.000000  0.193353
4821.000000  0.062157
4942.000000  0.066477
5061.000000  0.071408
5215.000000  0.106438
5423.000000  0.175918
5636.000000  0.206601
5871.000000  0.148835
6017.000000  0.121017
6237.000000  0.135825
6561.000000  0.225311
6836.000000  0.220682
7136.000000  0.184385
7442.000000  0.179501
7716.000000  0.204835
7967.000000  0.199715
8226.000000  0.185101
8440.000000  0.192921
8624.000000  0.135644
8800.000000  0.143488
8997.000000  0.141802
9156.000000  0.131768
9313.000000  0.116390
9427.000000  0.125115
9560.000000  0.116525
9710.000000  0.131329
9856.000000  0.165302
10038.000000  0.156968
10266.000000  0.178679
10537.000000  0.255785
10840.000000  0.271002
11217.000000  0.368378
11511.000000  0.365231
11695.000000  0.305070
11859.000000  0.207294
11979.000000  0.123810
12122.000000  0.133775
12315.000000  0.130876
12472.000000  0.148688
12669.000000  0.159141
12861.000000  0.162284
13020.000000  0.202969
13190.000000  0.170995
13314.000000  0.090338
13388.000000  0.062667
13542.000000  0.097812
13595.000000  0.073748
13830.000000  0.153775
14081.000000  0.160550
14319.000000  0.136379
14557.000000  0.135528
14732.000000  0.110692
14879.000000  0.108849
14984.000000  0.106609
15054.000000  0.131366
15151.000000  0.124478
15260.000000  0.165623
15416.000000  0.154020
15604.000000  0.173561
15845.000000  0.186451
16118.000000  0.232435
16365.000000  0.271852
16707.000000  0.256270
17039.000000  0.253330
17293.000000  0.249381
17601.000000  0.261020
17894.000000  0.278553
18176.000000  0.271969
18446.000000  0.411149
18675.000000  0.315446
18752.000000  0.330341
18927.000000  0.245096
19104.000000  0.213309
19293.000000  0.290134
19506.000000  0.326916
19697.000000  0.286674
19868.000000  0.246338
19973.000000  0.250867
20097.000000  0.314283
20256.000000  0.369245
20369.000000  0.231637
20542.000000  0.269380
20727.000000  0.314516
21046.000000  0.415685
21359.000000  0.386139
21586.000000  0.362329
21816.000000  0.301778
22044.000000  0.389073
22222.000000  0.354854
22409.000000  0.385761
22578.000000  0.456983
22718.000000  0.399927
22882.000000  0.373176
23029.000000  0.506270
23132.000000  0.449631
23266.000000  0.431562
23443.000000  0.461165
23541.000000  0.464494
23625.000000  0.395099
23694.000000  0.378151
23805.000000  0.491227
23873.000000  0.454101
23910.000000  0.297128
23956.000000  0.461718
24001.000000  0.221118
24090.000000  0.481850
24166.000000  0.047943
24326.000000  0.090586
24478.000000  0.082149
24641.000000  0.102980
24751.000000  0.462297
24971.000000  0.786471
25113.000000  0.118708
25162.000000  0.074130
25251.000000  0.045549
25389.000000  0.065448
25573.000000  0.090893
25709.000000  0.079923
25817.000000  0.077555
25961.000000  0.289745
26135.000000  0.604516
26307.000000  0.107234
26547.000000  0.139272
26772.000000  0.128277
26932.000000  0.120724
27122.000000  0.144400
27365.000000  0.145610
27567.000000  0.149255
27785.000000  0.137053
27978.000000  0.185766
28123.000000  0.180280
28274.000000  0.124428
28421.000000  0.084330
28690.000000  0.132807
28786.000000  0.100770
28993.000000  0.114430
29166.000000  0.103762
29373.000000  0.206090
29549.000000  0.217540
29753.000000  0.281481
29916.000000  0.225794
30078.000000  0.187001
30183.000000  0.116140
30290.000000  0.149382
30433.000000  0.168896
30607.000000  0.215432
30808.000000  0.191611
30899.000000  0.173132
31058.000000  0.232852
31231.000000  0.225601
31412.000000  0.138889
31664.000000  0.264241
31805.000000  0.187910
31939.000000  0.267946
32016.000000  0.173864
32107.000000  0.047634
32224.000000  0.066989
32422.000000  0.117846
32564.000000  0.113500
32822.000000  0.266157
33063.000000  0.361537
33178.000000  0.113418
33312.000000  0.084988
33439.000000  0.265950
33637.000000  0.345532
33711.000000  0.267652
33757.000000  0.050283
33913.000000  0.105856
33978.000000  0.076518
33996.000000  0.054476
34067.000000  0.059195
34121.000000  0.040917
34205.000000  0.058923
34347.000000  0.061110
34446.000000  0.061477
34582.000000  0.056308
34716.000000  0.077385
34857.000000  0.095986
34888.000000  0.026800
34888.000000  0.000089
35029.000000  0.070861
35092.000000  0.035617
35176.000000  0.046267
35264.000000  0.030483
35382.000000  0.042196
35471.000000  0.055951
35505.000000  0.032060
35578.000000  0.037152
35748.000000  0.053170
35820.000000  0.030604
35964.000000  0.059651
36035.000000  0.059637
36198.000000  0.075429
36414.000000  0.089837
36562.000000  0.082230
36773.000000  0.089947
36935.000000  0.085746
37026.000000  0.022834
37067.000000  0.024790
37106.000000  0.029546
37130.000000  0.006407
37223.000000  0.038459
37314.000000  0.028660
37340.000000  0.008034
37356.000000  0.004175
37360.000000  0.002177
37405.000000  0.023055
37429.000000  0.009059
37491.000000  0.024076
37495.000000  0.014762
37500.000000  0.013004
37556.000000  0.021877
37655.000000  0.029988
37750.000000  0.053490
37864.000000  0.057192
37889.000000  0.042474
37956.000000  0.039201
38056.000000  0.076328
38179.000000  0.082353
38246.000000  0.094778
38493.000000  0.148429
38688.000000  0.152587
38897.000000  0.143115
39103.000000  0.185568
39331.000000  0.202020
39541.000000  0.197755
39688.000000  0.149645
39841.000000  0.183612
39974.000000  0.178187
40065.000000  0.158010
40112.000000  0.143879
40165.000000  0.123830
40239.000000  0.160441
40286.000000  0.106515
40372.000000  0.114032
40464.000000  0.186940
40530.000000  0.209683
40635.000000  0.217402
40706.000000  0.172875
40726.000000  0.049696
40767.000000  0.150713
40790.000000  0.093757
40808.000000  0.026879
40811.000000  0.002674
