4067.000000  0.649548
4737.000000  0.511469
5302.000000  0.186408
5798.000000  0.214043
6826.000000  0.383484
8033.000000  0.660050
9158.000000  0.751348
10315.000000  0.730856
11425.000000  0.588416
12453.000000  0.627095
13623.000000  0.838726
14623.000000  0.647814
15502.000000  0.581691
16453.000000  0.664473
17245.000000  0.467271
17832.000000  0.416515
18338.000000  0.339542
18862.000000  0.323098
19371.000000  0.469262
19999.000000  0.571495
20852.000000  0.694019
21778.000000  0.673584
22658.000000  0.539523
23602.000000  0.589722
24528.000000  0.528234
25452.000000  0.589276
26291.000000  0.441153
27196.000000  0.544129
27904.000000  0.461258
28831.000000  0.521080
30137.000000  0.632312
31913.000000  0.917247
33382.000000  0.955184
34246.000000  0.759366
34732.000000  0.323805
35402.000000  0.364601
36028.000000  0.449291
36688.000000  0.682346
37476.000000  0.651278
38255.000000  0.654105
38957.000000  0.583154
39806.000000  0.872084
40825.000000  0.917322
41602.000000  0.544974
42405.000000  0.481504
43514.000000  0.537252
44115.000000  0.517721
44672.000000  0.443135
45275.000000  1.053721
46154.000000  0.945915
47096.000000  0.742740
48371.000000  0.951135
49531.000000  0.836575
50820.000000  1.017167
52073.000000  0.662084
53240.000000  0.706524
54237.000000  0.690950
55295.000000  0.706611
56449.000000  0.809466
57472.000000  0.932764
58003.000000  0.583781
58714.000000  0.705248
59662.000000  0.759233
60661.000000  0.843783
62245.000000  0.992966
63346.000000  1.045923
64520.000000  0.957275
65770.000000  1.066129
67461.000000  1.002130
68837.000000  1.002295
70656.000000  1.122517
71780.000000  0.908466
73008.000000  0.898059
73828.000000  0.553200
74593.000000  0.542574
74986.000000  0.362300
75313.000000  0.746801
75768.000000  0.872792
76332.000000  0.914573
76580.000000  0.971330
77050.000000  1.033246
77460.000000  1.111444
78438.000000  1.222471
79075.000000  1.128293
80144.000000  1.228046
81241.000000  1.564052
82128.000000  1.496698
82592.000000  1.794500
83364.000000  1.329818
84091.000000  1.366433
85040.000000  1.665883
85467.000000  1.097374
86392.000000  1.384820
87323.000000  1.074623
88107.000000  1.696317
88814.000000  1.627964
90006.000000  2.622241
90362.000000  0.409019
90943.000000  0.433807
91605.000000  1.479566
92565.000000  2.677725
93507.000000  0.792449
94150.000000  0.496355
94698.000000  0.556871
95281.000000  0.614574
96017.000000  1.442640
97086.000000  1.737686
98407.000000  1.901846
99195.000000  1.010425
100274.000000  1.020392
101239.000000  0.599106
102193.000000  0.668116
103284.000000  0.501003
104221.000000  0.500695
105617.000000  1.205647
106723.000000  0.999383
107831.000000  0.597019
108825.000000  0.582038
109878.000000  0.692596
111222.000000  1.105065
111776.000000  0.586985
112085.000000  1.149937
112496.000000  0.146518
112896.000000  0.187721
113338.000000  1.746781
114002.000000  2.482183
115214.000000  2.644992
116889.000000  3.125909
119108.000000  2.226253
119509.000000  1.211383
122076.000000  1.246995
123735.000000  2.245715
124677.000000  3.198135
126225.000000  1.811152
126806.000000  0.715712
127855.000000  0.734635
128196.000000  0.326467
129180.000000  0.863959
130122.000000  1.562236
130514.000000  1.456530
130954.000000  0.227015
131533.000000  1.497857
132322.000000  1.523297
133460.000000  1.450899
134234.000000  1.253144
135905.000000  1.685699
136859.000000  1.425272
138388.000000  1.204843
139230.000000  0.506116
140659.000000  0.681023
141337.000000  0.573380
141737.000000  0.294182
141995.000000  0.408797
142514.000000  0.150438
142823.000000  0.233425
143133.000000  0.247390
143373.000000  0.157590
143485.000000  0.118065
143613.000000  0.800573
143943.000000  0.668273
144350.000000  0.692490
144822.000000  0.543941
144924.000000  0.040247
144938.000000  0.047703
145231.000000  0.096822
145718.000000  0.817098
146450.000000  0.801257
146955.000000  0.737668
147421.000000  0.665520
147426.000000  0.173151
147656.000000  0.054411
148365.000000  0.210277
149192.000000  0.343774
150143.000000  0.448000
150739.000000  0.387224
150883.000000  0.197537
151227.000000  0.236290
151707.000000  0.359017
152206.000000  0.453227
152578.000000  0.252793
152953.000000  0.295186
153187.000000  0.232248
153201.000000  0.058034
153204.000000  0.002854
153415.000000  0.315117
153677.000000  0.233433
154130.000000  0.111723
154601.000000  0.193998
155384.000000  0.384177
155983.000000  0.357223
156298.000000  0.274080
156899.000000  0.337980
157652.000000  0.508988
158270.000000  0.383534
158654.000000  0.404014
158922.000000  0.343672
159456.000000  0.492406
159628.000000  0.633339
159954.000000  0.613920
160422.000000  0.471669
160551.000000  0.125411
