269.000000  0.049151
338.000000  -0.010457
385.000000  -0.016983
436.000000  0.010333
480.000000  0.005888
525.000000  -0.007533
549.000000  -0.002617
602.000000  0.015038
644.000000  -0.015490
700.000000  0.001396
749.000000  0.004493
807.000000  0.008311
828.000000  -0.016531
883.000000  0.015374
941.000000  0.007405
997.000000  0.006997
1045.000000  -0.023445
1083.000000  0.017449
1109.000000  -0.013737
1130.000000  0.000878
1169.000000  0.003900
1208.000000  -0.009673
1279.000000  0.007883
1301.000000  -0.004889
1331.000000  -0.001723
1366.000000  -0.002371
1403.000000  -0.001690
1423.000000  -0.020379
1459.000000  0.004520
1513.000000  0.019837
1547.000000  -0.003317
1582.000000  0.002378
1613.000000  0.004568
1644.000000  0.021258
1672.000000  -0.017697
1708.000000  0.005465
1749.000000  0.005963
1792.000000  -0.001724
1852.000000  -0.013793
1886.000000  0.002792
1918.000000  -0.013046
1945.000000  0.001971
1975.000000  0.003461
2001.000000  -0.011016
2018.000000  0.001479
2035.000000  0.002112
2046.000000  -0.010000
2056.000000  0.002593
2064.000000  0.001923
2084.000000  0.020472
2113.000000  -0.019330
2145.000000  0.023705
2176.000000  0.000856
2204.000000  0.010508
2241.000000  -0.009263
2274.000000  -0.005175
2315.000000  0.013916
2346.000000  -0.022148
2399.000000  0.002995
2432.000000  -0.009895
2451.000000  -0.008164
2472.000000  0.001828
2500.000000  0.003544
2517.000000  -0.003785
2558.000000  0.012478
2600.000000  0.001495
2621.000000  -0.009386
2644.000000  -0.001704
2663.000000  0.001179
2679.000000  -0.007147
2693.000000  0.000863
2752.000000  0.010103
2789.000000  0.005904
2817.000000  -0.004907
2848.000000  0.003637
2869.000000  -0.005512
2895.000000  0.006804
2955.000000  0.016508
3020.000000  -0.004993
3060.000000  -0.011346
3110.000000  0.006094
3170.000000  0.006213
3196.000000  -0.010096
3235.000000  0.032242
3285.000000  -0.017365
3331.000000  0.002293
3364.000000  0.009357
3415.000000  -0.011189
3460.000000  -0.006078
3494.000000  -0.000816
3515.000000  -0.017447
3549.000000  0.007302
3583.000000  0.002572
3610.000000  -0.002055
3652.000000  0.002685
3694.000000  -0.003342
3721.000000  -0.009086
3739.000000  -0.000529
3752.000000  -0.003673
3768.000000  0.004802
3781.000000  -0.002119
3812.000000  0.008852
3838.000000  -0.009441
3869.000000  0.003959
3916.000000  0.005282
3951.000000  0.002521
3982.000000  0.001829
4017.000000  -0.007838
4072.000000  0.012567
4102.000000  -0.001847
4115.000000  -0.021117
4143.000000  0.026317
4176.000000  0.013331
4215.000000  0.007640
4256.000000  -0.022842
4262.000000  -0.035933
4297.000000  0.055936
4326.000000  -0.010442
4364.000000  -0.004638
4395.000000  -0.018554
4436.000000  0.027449
4463.000000  -0.002206
4500.000000  -0.007929
4535.000000  0.008238
4570.000000  -0.016142
4594.000000  -0.006214
4622.000000  0.007783
4675.000000  0.036133
4701.000000  -0.062031
4737.000000  0.040578
4774.000000  -0.034573
4818.000000  0.029309
4857.000000  0.016773
4880.000000  -0.043928
4920.000000  0.043128
4961.000000  0.006408
4999.000000  -0.001545
5033.000000  -0.030241
5073.000000  0.014115
5111.000000  0.018079
5147.000000  -0.018434
5191.000000  -0.001971
5234.000000  0.016198
5247.000000  -0.052823
5288.000000  0.022057
5320.000000  0.002533
5356.000000  -0.005425
5395.000000  0.002173
5423.000000  -0.008198
5475.000000  0.020661
5513.000000  -0.010532
5560.000000  0.000313
5610.000000  0.001912
5669.000000  -0.005545
5739.000000  0.013806
5797.000000  0.003282
5854.000000  -0.003292
5921.000000  0.005886
5974.000000  0.000371
6023.000000  -0.000208
6059.000000  -0.010934
6091.000000  -0.004925
6133.000000  -0.001801
6171.000000  0.003134
6212.000000  0.006932
6263.000000  0.009501
6291.000000  -0.008316
6322.000000  0.019961
6339.000000  -0.027332
6361.000000  0.039155
6371.000000  -0.066789
6407.000000  0.066691
6448.000000  0.031016
6482.000000  -0.015385
6527.000000  -0.044470
6586.000000  -0.009333
6636.000000  0.014906
6667.000000  -0.015726
6733.000000  0.026597
6812.000000  0.006989
6857.000000  -0.027770
6880.000000  0.021587
6929.000000  0.029333
6973.000000  -0.034211
7034.000000  0.047694
7086.000000  -0.049448
7119.000000  -0.012491
7168.000000  0.003389
7214.000000  0.030064
7261.000000  -0.014715
7333.000000  0.019548
7378.000000  -0.001737
7416.000000  0.053779
7433.000000  -0.125294
7459.000000  0.075430
7486.000000  0.009164
7509.000000  -0.014843
7563.000000  0.009394
7590.000000  -0.005961
7620.000000  -0.006399
7643.000000  0.022152
7681.000000  -0.066903
7719.000000  0.016629
7773.000000  0.004425
7779.000000  -0.034418
7819.000000  0.029272
7837.000000  0.003745
7871.000000  -0.008653
7879.000000  -0.035712
7917.000000  0.028694
7954.000000  -0.006446
7991.000000  0.008699
8039.000000  -0.007313
8051.000000  -0.021625
8100.000000  0.021725
8147.000000  -0.001675
8183.000000  -0.001019
8217.000000  0.006245
8267.000000  0.008605
8310.000000  0.010993
8330.000000  -0.009118
8357.000000  0.007855
8392.000000  -0.009672
8439.000000  0.013026
8491.000000  0.039260
8527.000000  -0.015438
8534.000000  -0.012023
8553.000000  -0.006382
8578.000000  0.016423
8623.000000  0.015691
8644.000000  -0.018152
8670.000000  0.028244
8697.000000  0.015701
8713.000000  -0.017791
8736.000000  0.025678
8753.000000  0.009218
8765.000000  -0.024550
8790.000000  0.086805
8807.000000  -0.056840
8830.000000  0.093982
8855.000000  -0.167206
8903.000000  0.029391
8940.000000  -0.078862
8942.000000  -0.018577
8972.000000  0.015609
8999.000000  0.010458
9020.000000  -0.003423
9052.000000  0.151393
9074.000000  -0.036247
9092.000000  -0.115695
9135.000000  0.151277
9157.000000  -0.026560
9171.000000  -0.009754
9196.000000  -0.111388
9225.000000  -0.007258
9253.000000  0.000023
9280.000000  0.000030
9289.000000  -0.008167
9325.000000  0.103298
9325.000000  -0.114880
9342.000000  0.132052
9358.000000  0.011136
9381.000000  -0.014073
9407.000000  -0.038331
9425.000000  -0.086787
9453.000000  0.006348
9486.000000  0.004602
9493.000000  -0.014126
9506.000000  0.008888
9527.000000  -0.003883
9551.000000  0.024058
9575.000000  -0.005822
9605.000000  0.016837
9637.000000  -0.017309
9671.000000  0.015917
9701.000000  -0.010372
9742.000000  0.005205
9769.000000  0.002007
9805.000000  -0.011295
9836.000000  0.018027
9865.000000  -0.017718
9880.000000  -0.011051
9901.000000  0.003757
9929.000000  0.009961
9951.000000  0.009982
9982.000000  0.017045
9997.000000  -0.053244
10008.000000  0.002469
10034.000000  0.006973
10047.000000  -0.000431
10058.000000  0.001240
10075.000000  -0.001522
10098.000000  0.000711
10130.000000  0.024033
10158.000000  0.021847
10161.000000  -0.024040
10177.000000  0.011274
10197.000000  -0.011415
10228.000000  0.012208
10245.000000  0.021571
10256.000000  0.007122
10257.000000  -0.060148
10281.000000  -0.002250
10295.000000  -0.003027
10321.000000  0.006303
10333.000000  -0.004099
10354.000000  0.003805
10376.000000  -0.005181
10382.000000  -0.001189
