269.000000  16.474501
338.000000  19.752361
385.000000  29.267412
436.000000  25.076550
480.000000  23.097198
525.000000  34.539719
549.000000  29.859669
602.000000  20.507853
644.000000  28.164301
700.000000  23.141665
749.000000  24.388460
807.000000  23.307707
828.000000  34.842556
883.000000  24.239317
941.000000  23.426447
997.000000  25.369226
1045.000000  26.489649
1083.000000  18.953686
1109.000000  24.009890
1130.000000  33.783039
1169.000000  34.904766
1208.000000  32.323654
1279.000000  24.021900
1301.000000  26.771248
1331.000000  29.507048
1366.000000  31.431591
1403.000000  28.758842
1423.000000  48.903244
1459.000000  39.592598
1513.000000  26.141285
1547.000000  31.712290
1582.000000  33.972065
1613.000000  28.685900
1644.000000  19.754234
1672.000000  24.404535
1708.000000  25.125084
1749.000000  23.194458
1792.000000  24.208731
1852.000000  26.395693
1886.000000  28.538258
1918.000000  30.258507
1945.000000  28.207958
1975.000000  28.008327
2001.000000  33.844803
2018.000000  33.393547
2035.000000  31.252670
2046.000000  35.397072
2056.000000  34.129753
2064.000000  33.388050
2084.000000  22.653708
2113.000000  32.422958
2145.000000  26.343021
2176.000000  20.719694
2204.000000  23.019302
2241.000000  20.527519
2274.000000  22.614464
2315.000000  18.347929
2346.000000  27.482744
2399.000000  25.533390
2432.000000  28.807396
2451.000000  34.248333
2472.000000  33.832417
2500.000000  37.449692
2517.000000  28.907595
2558.000000  31.769827
2600.000000  31.478426
2621.000000  28.112394
2644.000000  30.787060
2663.000000  30.978199
2679.000000  37.231903
2693.000000  35.958641
2752.000000  30.483898
2789.000000  25.377268
2817.000000  31.476126
2848.000000  30.383476
2869.000000  35.731068
2895.000000  30.538607
2955.000000  26.367355
3020.000000  26.102785
3060.000000  30.917267
3110.000000  34.811897
3170.000000  26.349386
3196.000000  29.580105
3235.000000  19.561178
3285.000000  29.871300
3331.000000  27.828667
3364.000000  23.837063
3415.000000  25.483475
3460.000000  26.524111
3494.000000  27.772617
3515.000000  31.961349
3549.000000  30.706047
3583.000000  39.472633
3610.000000  32.532345
3652.000000  32.586391
3694.000000  31.270174
3721.000000  40.073193
3739.000000  37.111137
3752.000000  33.867340
3768.000000  39.485031
3781.000000  34.045826
3812.000000  33.173607
3838.000000  36.646225
3869.000000  34.719654
3916.000000  31.478531
3951.000000  41.905476
3982.000000  32.992546
4017.000000  34.792728
4072.000000  29.895571
4102.000000  33.366886
4115.000000  40.603062
4143.000000  28.674936
4176.000000  30.332529
4215.000000  24.287256
4256.000000  32.649403
4262.000000  45.771046
4297.000000  25.483698
4326.000000  27.451742
4364.000000  26.897617
4395.000000  34.297527
4436.000000  25.837227
4463.000000  27.363283
4500.000000  28.468189
4535.000000  25.499538
4570.000000  31.665888
4594.000000  31.976254
4622.000000  34.583248
4675.000000  23.547771
4701.000000  32.944134
4737.000000  24.647213
4774.000000  36.481373
4818.000000  26.829655
4857.000000  23.844488
4880.000000  35.619183
4920.000000  24.668268
4961.000000  27.528143
4999.000000  23.756918
5033.000000  29.213745
5073.000000  31.752392
5111.000000  24.609547
5147.000000  26.726679
5191.000000  32.458263
5234.000000  30.624357
5247.000000  39.440136
5288.000000  34.731995
5320.000000  36.908630
5356.000000  34.779274
5395.000000  40.106289
5423.000000  38.283112
5475.000000  32.992249
5513.000000  33.987782
5560.000000  33.721630
5610.000000  33.494579
5669.000000  34.259396
5739.000000  34.883598
5797.000000  32.985432
5854.000000  36.357311
5921.000000  31.336561
5974.000000  32.972260
6023.000000  31.901051
6059.000000  35.704330
6091.000000  34.635414
6133.000000  40.521969
6171.000000  35.672699
6212.000000  32.648392
6263.000000  29.899899
6291.000000  32.247173
6322.000000  27.319483
6339.000000  35.032898
6361.000000  24.664545
6371.000000  42.447662
6407.000000  25.066427
6448.000000  21.799377
6482.000000  23.828585
6527.000000  29.444405
6586.000000  33.351635
6636.000000  31.817902
6667.000000  37.738068
6733.000000  29.442743
6812.000000  25.304630
6857.000000  31.077826
6880.000000  27.894491
6929.000000  23.462036
6973.000000  27.285061
7034.000000  21.784098
7086.000000  28.373314
7119.000000  30.709255
7168.000000  32.028988
7214.000000  25.884935
7261.000000  27.946163
7333.000000  30.420498
7378.000000  25.083458
7416.000000  18.292793
7433.000000  43.832012
7459.000000  25.630125
7486.000000  21.752504
7509.000000  23.648359
7563.000000  23.826677
7590.000000  23.177156
7620.000000  26.231819
7643.000000  21.068785
7681.000000  36.149548
7719.000000  33.646061
7773.000000  32.869781
7779.000000  35.117199
7819.000000  29.040432
7837.000000  28.503456
7871.000000  29.675352
7879.000000  41.388126
7917.000000  36.601551
7954.000000  36.367748
7991.000000  32.498508
8039.000000  34.550278
8051.000000  39.662647
8100.000000  36.283962
8147.000000  34.880486
8183.000000  33.368557
8217.000000  34.626141
8267.000000  29.404432
8310.000000  26.657814
8330.000000  29.394373
8357.000000  27.796438
8392.000000  30.622259
8439.000000  26.859587
8491.000000  22.892815
8527.000000  23.460686
8534.000000  23.480299
8553.000000  28.506580
8578.000000  21.074465
8623.000000  21.187679
8644.000000  19.493862
8670.000000  20.132109
8697.000000  17.312601
8713.000000  16.536215
8736.000000  13.815801
8753.000000  11.832881
8765.000000  12.974325
8790.000000  9.330113
8807.000000  12.328776
8830.000000  9.585512
8855.000000  13.963459
8903.000000  11.368962
8940.000000  20.310661
8942.000000  30.143049
8972.000000  18.817953
8999.000000  19.703520
9020.000000  19.358383
9052.000000  10.222835
9074.000000  12.390203
9092.000000  20.296587
9135.000000  7.220638
9157.000000  8.965402
9171.000000  9.253314
9196.000000  19.282106
9225.000000  18.603180
9253.000000  15.899931
9280.000000  19.172245
9289.000000  16.533566
9325.000000  11.030966
9325.000000  23.095886
9342.000000  8.255876
9358.000000  12.043727
9381.000000  8.091817
9407.000000  10.769191
9425.000000  23.806374
9453.000000  18.895960
9486.000000  20.531607
9493.000000  17.174694
9506.000000  14.782697
9527.000000  15.180678
9551.000000  9.811739
9575.000000  15.109065
9605.000000  9.671249
9637.000000  11.011245
9671.000000  9.793676
9701.000000  11.663566
9742.000000  10.574226
9769.000000  10.934828
9805.000000  12.148426
9836.000000  10.646186
9865.000000  9.264693
9880.000000  13.119438
9901.000000  11.022965
9929.000000  10.263004
9951.000000  11.171949
9982.000000  6.431124
9997.000000  16.401669
10008.000000  8.105166
10034.000000  10.123213
10047.000000  8.466520
10058.000000  10.429294
10075.000000  17.697422
10098.000000  12.488668
10130.000000  6.373151
10158.000000  5.228012
10161.000000  8.233532
10177.000000  6.745157
10197.000000  5.165108
10228.000000  4.879583
10245.000000  4.011913
10256.000000  4.203792
10257.000000  3.739650
10281.000000  4.725058
10295.000000  4.328690
10321.000000  5.384864
10333.000000  6.514105
10354.000000  4.184827
10376.000000  4.277023
10382.000000  2.582249
