995.000000  76.251915
1193.000000  81.766586
1416.000000  80.018776
1631.000000  80.067352
1846.000000  81.011612
2074.000000  83.155006
2290.000000  81.240547
2569.000000  81.048317
2613.000000  66.360023
2897.000000  81.293625
3253.000000  82.311966
3557.000000  81.773438
3868.000000  81.128708
4118.000000  79.951302
4402.000000  79.839310
4676.000000  79.775673
4789.000000  75.687553
5061.000000  78.481689
5264.000000  74.563446
5498.000000  72.350426
5713.000000  70.757011
5860.000000  66.024681
6031.000000  73.067780
6082.000000  66.114418
6280.000000  73.383850
6465.000000  67.527184
6664.000000  71.623299
6831.000000  67.467682
6886.000000  59.133797
7022.000000  67.760567
7063.000000  61.000519
7161.000000  55.546593
7311.000000  51.302917
7476.000000  58.849705
7663.000000  56.771629
7843.000000  64.501419
8039.000000  62.734795
8268.000000  64.150986
8590.000000  66.433342
8835.000000  67.342819
9095.000000  65.749542
9318.000000  65.103271
9398.000000  54.965164
9563.000000  64.192078
9758.000000  63.098736
9998.000000  68.043335
10089.000000  59.602398
10237.000000  62.200142
10300.000000  44.396313
10475.000000  53.484821
10585.000000  51.165615
10669.000000  42.215488
10736.000000  38.012402
10793.000000  44.023224
10826.000000  30.513338
10870.000000  20.721857
10917.000000  23.010761
10971.000000  28.282114
11040.000000  32.643261
11105.000000  29.032993
11203.000000  38.532501
11275.000000  46.650402
11412.000000  47.216698
11503.000000  40.441429
11659.000000  45.520981
11737.000000  40.991871
11914.000000  48.489998
12083.000000  50.191887
12205.000000  36.632717
12320.000000  42.143677
12360.000000  29.149046
12443.000000  36.610924
12522.000000  29.706972
12629.000000  37.933441
12719.000000  33.997292
12883.000000  36.185066
13058.000000  42.476559
13091.000000  32.605328
13265.000000  41.918858
13408.000000  42.156441
13542.000000  40.039452
13690.000000  42.821503
13875.000000  43.518349
14070.000000  46.892189
14244.000000  52.485390
14460.000000  57.416035
14653.000000  54.673470
14736.000000  49.587265
14883.000000  56.907608
15076.000000  56.973743
15312.000000  54.654057
15533.000000  57.752823
15765.000000  57.362801
16082.000000  58.343082
16382.000000  59.158455
16679.000000  57.422394
17014.000000  60.213440
17281.000000  59.410828
17527.000000  56.676250
17792.000000  56.275803
18107.000000  64.216698
18400.000000  65.245750
18660.000000  59.011223
18874.000000  56.977444
19046.000000  50.181103
19200.000000  47.428352
19300.000000  50.373043
19401.000000  48.491539
19542.000000  53.328735
19725.000000  58.822315
19894.000000  62.153141
20067.000000  58.407063
20243.000000  60.352821
20439.000000  61.339748
20586.000000  57.938850
20718.000000  58.021420
20888.000000  60.518898
21027.000000  61.239296
21167.000000  62.957527
21238.000000  52.781254
21315.000000  48.549480
21466.000000  55.625313
21561.000000  31.902578
21665.000000  19.537426
21738.000000  18.420017
21789.000000  15.301916
21926.000000  33.643799
22144.000000  45.277699
22298.000000  39.799217
22411.000000  37.940887
22510.000000  37.709801
22610.000000  53.679554
22716.000000  60.494316
22857.000000  62.672470
23128.000000  65.290970
23362.000000  62.055313
23557.000000  65.217216
23777.000000  65.480789
23989.000000  67.800301
24201.000000  55.616695
24417.000000  56.498970
24574.000000  55.051540
24712.000000  55.756985
24897.000000  57.784809
25051.000000  57.460667
25208.000000  57.114990
25331.000000  53.951420
25495.000000  46.829178
25606.000000  45.094498
25748.000000  46.340317
25862.000000  47.096233
25950.000000  42.862804
26074.000000  45.482861
26209.000000  47.061272
26401.000000  50.138084
26523.000000  44.503342
26637.000000  40.747227
26714.000000  40.698997
26837.000000  44.946270
27030.000000  46.243107
27213.000000  53.093643
27385.000000  53.688343
27571.000000  56.498741
27747.000000  56.910736
27927.000000  59.974037
28118.000000  61.789368
28322.000000  60.826622
28487.000000  70.015289
28726.000000  41.895683
28912.000000  45.011986
29158.000000  46.133842
29424.000000  49.219940
29662.000000  52.849197
29869.000000  70.492210
30081.000000  70.354050
30241.000000  76.144180
30363.000000  47.289635
30473.000000  31.185833
30603.000000  45.273354
30734.000000  47.865356
30858.000000  51.711185
31026.000000  45.247261
31192.000000  40.824066
31317.000000  29.694357
31459.000000  26.467001
31572.000000  43.354851
31688.000000  52.777409
31804.000000  49.547604
31901.000000  52.502396
31976.000000  48.930195
32075.000000  59.688740
32215.000000  49.039726
32345.000000  50.488621
32452.000000  20.383083
32535.000000  17.775911
32593.000000  28.064072
32626.000000  40.229462
32679.000000  42.343163
32786.000000  39.064159
32915.000000  49.660240
33052.000000  53.144032
33186.000000  62.201057
33303.000000  24.262810
33387.000000  28.682440
33429.000000  27.512228
33435.000000  34.989746
33441.000000  32.865059
33458.000000  41.109745
33539.000000  7.853882
33583.000000  10.580865
33706.000000  47.884731
33760.000000  46.695557
33871.000000  19.280188
33941.000000  11.878009
34029.000000  15.351049
34173.000000  17.695488
34252.000000  12.057532
34334.000000  11.939008
34413.000000  15.395512
34457.000000  17.852961
34486.000000  8.909514
34568.000000  35.049568
34633.000000  32.205826
34753.000000  31.971806
34838.000000  22.949963
34895.000000  21.248709
34925.000000  22.318090
34984.000000  10.280256
35122.000000  14.620848
35208.000000  18.780079
35308.000000  16.518574
35369.000000  17.948343
35476.000000  21.396923
35640.000000  23.000961
35734.000000  18.949118
35813.000000  18.130516
35880.000000  17.213614
35971.000000  18.467478
36127.000000  19.639462
36276.000000  25.500219
36331.000000  19.094164
36417.000000  10.415911
36512.000000  9.097878
36539.000000  2.888199
36606.000000  11.709392
36662.000000  6.396458
36752.000000  7.156730
36800.000000  6.587967
36829.000000  15.696816
36903.000000  27.077230
36997.000000  20.188297
37092.000000  20.595482
37177.000000  21.520525
37321.000000  26.032984
37475.000000  25.615097
37622.000000  25.975969
37742.000000  25.488081
37902.000000  29.273438
38055.000000  28.057013
38154.000000  19.052261
38220.000000  12.216388
38275.000000  14.003142
38342.000000  14.564300
38397.000000  10.978290
38471.000000  20.826981
38570.000000  23.572252
38660.000000  24.693520
38723.000000  13.859798
38812.000000  10.899478
38850.000000  7.567391
38898.000000  8.740300
38955.000000  10.581319
39023.000000  25.999664
39113.000000  33.946728
39244.000000  34.418060
39390.000000  34.385006
39530.000000  39.340446
39692.000000  41.450455
39912.000000  44.755386
40066.000000  45.704617
40204.000000  44.387215
40324.000000  42.179810
40375.000000  33.607983
40415.000000  11.216426
40438.000000  6.266461
40491.000000  8.973106
40537.000000  10.660004
40567.000000  10.600684
40608.000000  10.559982
40609.000000  6.274559
40685.000000  7.440188
40717.000000  5.096855
40754.000000  3.084950
40792.000000  4.604559
40804.000000  1.396209
40834.000000  2.039377
