2285.000000  60.423393
2831.000000  60.049988
3287.000000  49.966393
3675.000000  56.016975
4320.000000  60.246761
5096.000000  57.656742
5849.000000  57.199371
6525.000000  61.826069
7449.000000  66.213585
8504.000000  63.933712
9178.000000  60.065208
9826.000000  53.264408
10372.000000  46.209351
11034.000000  53.899067
11530.000000  51.656418
11787.000000  43.054493
12226.000000  51.381016
12650.000000  54.144459
12963.000000  50.615154
13288.000000  42.144382
13563.000000  40.015564
13763.000000  34.311413
14045.000000  33.641254
14418.000000  38.139027
14667.000000  31.450758
15125.000000  38.678616
15475.000000  32.019539
15893.000000  38.778542
16448.000000  45.369728
17094.000000  44.694118
17435.000000  36.933037
17736.000000  35.793144
17965.000000  37.621113
18312.000000  33.911030
18421.000000  28.857622
18876.000000  36.915760
19338.000000  36.478867
19723.000000  36.985592
20011.000000  34.514637
20434.000000  17.086706
20703.000000  34.601757
20934.000000  27.577564
21158.000000  25.752556
21413.000000  26.817831
21662.000000  29.815283
21943.000000  31.608704
22304.000000  31.508722
22684.000000  31.411186
23326.000000  37.728916
23977.000000  40.765938
24483.000000  38.657795
24942.000000  36.996822
25419.000000  35.137756
25754.000000  38.906479
26091.000000  28.635580
26620.000000  31.229534
27161.000000  43.489281
27885.000000  44.538406
28671.000000  50.659569
29417.000000  42.659256
30323.000000  49.563118
31043.000000  45.946617
31677.000000  48.834606
32513.000000  50.821644
33417.000000  51.652931
34141.000000  41.032768
34948.000000  39.246330
35685.000000  39.594059
36142.000000  34.705345
36289.000000  29.545900
36529.000000  36.751308
36960.000000  38.872261
37332.000000  47.508423
37742.000000  46.831940
38168.000000  56.846821
38544.000000  49.269093
38878.000000  45.617184
39183.000000  39.003086
39415.000000  28.043873
39669.000000  30.587404
40271.000000  41.483051
40771.000000  31.175041
41311.000000  37.493015
41902.000000  32.843117
42504.000000  44.562008
42946.000000  45.032475
43544.000000  37.210232
44226.000000  43.887390
45016.000000  45.426437
45652.000000  45.726429
46427.000000  47.368057
46948.000000  41.059158
47477.000000  37.732391
47807.000000  28.587595
48312.000000  28.458721
48755.000000  31.371284
49191.000000  30.149284
49743.000000  32.698959
50184.000000  31.943771
50758.000000  33.683681
51396.000000  35.932144
52111.000000  31.176975
52761.000000  35.361305
53276.000000  25.021500
53609.000000  23.222925
53915.000000  18.117083
54239.000000  15.846284
54595.000000  25.363796
55175.000000  34.961353
55750.000000  35.308548
56308.000000  35.779449
56865.000000  37.071114
57614.000000  38.389515
58422.000000  49.988464
59170.000000  49.121323
60035.000000  53.813126
60737.000000  51.022278
61267.000000  53.508289
61710.000000  54.800819
62035.000000  16.916830
62513.000000  28.685766
63401.000000  30.653959
64231.000000  31.738579
64818.000000  44.532784
65756.000000  47.330917
66602.000000  47.704212
67215.000000  50.852306
67798.000000  43.372200
68142.000000  41.609703
68463.000000  44.204556
68914.000000  55.796688
69296.000000  59.212887
69658.000000  59.613998
70139.000000  62.585495
70515.000000  22.267891
70868.000000  18.758345
71047.000000  12.422375
71495.000000  16.351009
72001.000000  35.816223
72407.000000  56.270714
72761.000000  50.239677
72955.000000  9.879879
73077.000000  8.229358
73209.000000  5.120799
73274.000000  8.754440
73528.000000  11.266489
73645.000000  5.481369
73717.000000  2.677105
73878.000000  4.325246
74018.000000  4.358349
74346.000000  23.009132
74692.000000  26.478683
75189.000000  31.641785
75608.000000  30.726810
75969.000000  29.388300
76349.000000  24.719078
76661.000000  18.756201
76696.000000  8.077387
77018.000000  18.374956
77569.000000  30.283087
78160.000000  37.287888
78556.000000  43.371895
78987.000000  21.292809
79727.000000  43.019802
80089.000000  42.558987
80730.000000  42.037849
81275.000000  41.855869
81581.000000  28.119844
81735.000000  14.023084
81967.000000  19.729658
82342.000000  24.478579
82717.000000  25.280281
83093.000000  33.817108
83581.000000  31.249640
84060.000000  45.864758
84154.000000  17.429501
84196.000000  5.882798
84323.000000  21.476009
84530.000000  23.412849
84759.000000  22.661325
84869.000000  24.958620
85048.000000  15.111299
85390.000000  19.410311
85649.000000  13.024701
86066.000000  16.169279
86501.000000  21.797363
86928.000000  18.462156
87232.000000  19.148394
87560.000000  22.120764
87770.000000  16.555599
88027.000000  20.336746
88332.000000  16.327162
88576.000000  16.868256
88911.000000  14.607288
89018.000000  7.251725
89243.000000  28.635124
89392.000000  37.177017
89428.000000  40.990673
89662.000000  6.802411
89952.000000  10.379665
90262.000000  12.948610
90411.000000  11.474684
90445.000000  6.635764
90693.000000  9.166422
90870.000000  10.116252
91120.000000  9.832911
91403.000000  11.113410
91481.000000  8.207483
