269.000000  0.067417
316.000000  -0.033995
343.000000  -0.009854
369.000000  0.003241
405.000000  0.008935
444.000000  0.013600
487.000000  -0.003991
523.000000  -0.008724
543.000000  -0.009238
576.000000  0.009666
608.000000  -0.008475
645.000000  0.007214
690.000000  0.022682
714.000000  -0.031577
755.000000  0.036845
785.000000  -0.012321
825.000000  0.001350
866.000000  -0.008352
913.000000  0.004991
939.000000  -0.007198
953.000000  -0.013901
1005.000000  0.030905
1062.000000  0.007192
1104.000000  -0.004541
1115.000000  -0.045310
1138.000000  0.025815
1181.000000  0.009302
1234.000000  0.015216
1274.000000  -0.013215
1309.000000  -0.000531
1370.000000  0.030210
1384.000000  -0.040346
1415.000000  0.002849
1447.000000  0.008400
1473.000000  -0.002690
1502.000000  -0.004908
1536.000000  0.002688
1564.000000  -0.008143
1600.000000  0.011748
1641.000000  0.014307
1697.000000  0.012050
1734.000000  -0.020751
1767.000000  0.004760
1828.000000  0.022528
1878.000000  -0.012729
1920.000000  -0.001414
1962.000000  0.005370
1999.000000  -0.014826
2047.000000  0.008843
2071.000000  -0.019108
2104.000000  0.003365
2135.000000  0.004752
2171.000000  0.001734
2204.000000  -0.008338
2235.000000  0.006555
2270.000000  0.004527
2312.000000  0.021136
2336.000000  -0.013731
2383.000000  0.015410
2418.000000  -0.029561
2449.000000  0.012920
2480.000000  -0.003054
2519.000000  -0.003014
2537.000000  -0.008379
2564.000000  0.015538
2581.000000  -0.022381
2601.000000  0.005658
2621.000000  0.003851
2645.000000  0.001340
2675.000000  0.002709
2705.000000  -0.001794
2723.000000  0.000500
2758.000000  0.007621
2794.000000  0.005829
2813.000000  -0.002615
2866.000000  0.019540
2916.000000  -0.010345
2954.000000  -0.015761
2967.000000  -0.003048
2995.000000  0.007624
3051.000000  0.028689
3088.000000  -0.011010
3144.000000  0.002219
3191.000000  -0.004681
3223.000000  -0.004695
3261.000000  0.007234
3291.000000  0.000587
3340.000000  0.029482
3377.000000  0.054951
3405.000000  -0.035482
3441.000000  0.029347
3463.000000  -0.102101
3489.000000  0.038825
3498.000000  -0.013714
3522.000000  -0.021618
3569.000000  0.040350
3590.000000  -0.019683
3607.000000  -0.001988
3617.000000  -0.006606
3635.000000  0.030013
3662.000000  -0.001898
3675.000000  0.006422
3702.000000  -0.011905
3734.000000  0.001627
3753.000000  -0.015916
3765.000000  0.019484
3781.000000  -0.019830
3789.000000  -0.031005
3800.000000  0.010608
3817.000000  0.004440
3845.000000  0.010061
3877.000000  0.003545
3898.000000  0.021810
3919.000000  -0.010281
3947.000000  0.016391
3964.000000  -0.050865
3985.000000  0.044048
4023.000000  -0.016735
4059.000000  0.000940
4087.000000  -0.012720
4107.000000  -0.011940
4124.000000  0.002998
4144.000000  0.026050
4176.000000  0.030104
4201.000000  -0.030142
4220.000000  -0.007329
4243.000000  0.006852
4262.000000  -0.009112
4281.000000  0.011518
4286.000000  -0.040549
4308.000000  0.062044
4335.000000  0.004501
4346.000000  -0.045604
4367.000000  0.037985
4380.000000  -0.038752
4390.000000  0.007764
4398.000000  -0.002579
4410.000000  0.035920
4439.000000  0.001195
4458.000000  -0.008965
4466.000000  -0.012285
4502.000000  -0.014065
4537.000000  0.032038
4562.000000  -0.041945
4579.000000  -0.013551
4607.000000  0.039973
4630.000000  -0.007175
4661.000000  -0.011600
4679.000000  -0.017470
4718.000000  0.010789
4768.000000  0.011681
4812.000000  -0.007039
4832.000000  -0.022374
4863.000000  0.005314
4891.000000  0.014075
4918.000000  -0.008598
4955.000000  0.005031
4993.000000  0.014616
5035.000000  0.009737
5072.000000  -0.000581
5112.000000  0.023044
5135.000000  -0.009439
5163.000000  0.007811
5191.000000  0.003600
5208.000000  -0.049729
5238.000000  0.047244
5288.000000  0.012062
5312.000000  -0.037373
5336.000000  0.012827
5364.000000  -0.014617
5387.000000  0.022181
5415.000000  0.005081
5420.000000  -0.062862
5432.000000  0.071583
5455.000000  0.002770
5491.000000  0.006985
5519.000000  0.012590
5550.000000  0.001788
5567.000000  -0.016737
5599.000000  -0.008355
5619.000000  -0.012211
5637.000000  -0.008643
5647.000000  -0.011090
5653.000000  0.017109
5665.000000  -0.001259
5684.000000  0.039516
5694.000000  0.002594
5696.000000  -0.032193
5703.000000  0.018326
5720.000000  0.000144
5726.000000  0.003878
5741.000000  0.000521
5754.000000  0.000090
5770.000000  0.014415
5789.000000  -0.015336
5815.000000  0.082025
5850.000000  -0.016730
5878.000000  -0.098883
5927.000000  0.015004
5962.000000  -0.005033
5986.000000  0.033209
6014.000000  -0.015171
6026.000000  -0.058341
6047.000000  0.014634
6076.000000  0.088133
6090.000000  -0.066684
6105.000000  -0.021590
6128.000000  0.001438
6144.000000  0.004568
6166.000000  -0.008595
6188.000000  0.015926
6226.000000  0.010141
6245.000000  0.008262
6260.000000  -0.024996
6286.000000  0.025247
6319.000000  -0.008077
6353.000000  0.016624
6378.000000  -0.002030
6403.000000  -0.005391
6420.000000  -0.026354
6443.000000  0.040064
6467.000000  0.006735
6480.000000  0.041644
6499.000000  -0.050038
6516.000000  -0.068028
6535.000000  0.006868
6550.000000  -0.001767
6561.000000  -0.006931
6579.000000  0.002878
6600.000000  0.008971
6612.000000  0.033043
6626.000000  0.074771
6649.000000  -0.056050
6651.000000  0.006768
6661.000000  -0.060448
6677.000000  0.116803
6708.000000  -0.106858
6748.000000  0.005051
6777.000000  -0.011123
6789.000000  0.022906
6814.000000  -0.007070
6838.000000  -0.011114
6850.000000  0.020238
6878.000000  0.028084
6904.000000  -0.023743
6936.000000  0.008307
6963.000000  0.040600
7005.000000  -0.013567
7048.000000  -0.022251
7077.000000  -0.006419
7112.000000  -0.025313
7151.000000  0.008749
7189.000000  0.001575
7241.000000  0.052039
7287.000000  -0.027281
7325.000000  0.002309
7354.000000  0.012809
7405.000000  0.080519
7440.000000  0.008597
7478.000000  0.006495
7499.000000  0.005833
7543.000000  -0.013649
7572.000000  -0.016200
7613.000000  -0.089174
7655.000000  0.013870
7694.000000  -0.022604
7719.000000  -0.021975
7757.000000  0.002466
7759.000000  -0.018160
7814.000000  0.030895
7843.000000  -0.002709
7883.000000  0.009573
7941.000000  -0.013733
7988.000000  0.020981
8024.000000  0.028807
8053.000000  -0.022562
8086.000000  -0.006542
8125.000000  0.013852
8179.000000  0.031881
8232.000000  -0.007845
8249.000000  -0.027856
8260.000000  -0.053107
8286.000000  0.063503
8313.000000  -0.052358
8326.000000  -0.002289
8342.000000  0.001374
8349.000000  -0.003282
8354.000000  -0.004913
8363.000000  0.012224
8371.000000  0.013497
8395.000000  -0.001771
8428.000000  0.003832
8444.000000  -0.001482
8444.000000  -0.021611
8472.000000  0.015396
8493.000000  0.000451
8516.000000  0.014113
8547.000000  0.024885
8569.000000  -0.009150
8597.000000  -0.003410
8621.000000  0.000373
8655.000000  0.035878
8690.000000  -0.025470
8716.000000  -0.019823
8748.000000  0.047830
8770.000000  -0.022044
8801.000000  -0.007673
8823.000000  -0.012428
8836.000000  -0.031843
8850.000000  0.022899
8872.000000  -0.003657
8890.000000  0.007664
8913.000000  -0.012503
8942.000000  0.052390
8961.000000  -0.061514
8988.000000  0.047477
8988.000000  -0.059569
9015.000000  0.033024
9052.000000  0.006829
9069.000000  -0.028427
9099.000000  0.011787
9129.000000  0.004556
9134.000000  -0.032131
9142.000000  0.000546
9151.000000  0.008968
9160.000000  -0.008482
9172.000000  0.001195
9186.000000  0.021513
9206.000000  -0.003063
9234.000000  -0.010579
9237.000000  -0.004380
9244.000000  -0.000885
9257.000000  -0.000531
9282.000000  0.009796
9291.000000  0.012056
9297.000000  0.007156
9303.000000  -0.000268
9312.000000  -0.004561
9316.000000  -0.003649
9333.000000  0.013663
9360.000000  -0.004924
9362.000000  -0.029622
9390.000000  0.026582
9405.000000  -0.011789
9440.000000  0.001144
9480.000000  0.012471
9500.000000  -0.003482
9514.000000  0.001486
9534.000000  0.110402
9548.000000  -0.103257
9561.000000  0.053765
9573.000000  0.066616
9581.000000  -0.022730
9590.000000  -0.077715
9596.000000  -0.005909
9617.000000  -0.010891
9634.000000  0.003404
9652.000000  0.012147
9675.000000  -0.013072
9692.000000  -0.017443
9702.000000  0.020388
9719.000000  -0.017433
9728.000000  -0.017547
9735.000000  -0.005330
9749.000000  0.008523
9758.000000  -0.008221
9765.000000  0.004932
9770.000000  0.012733
9773.000000  0.113398
9775.000000  -0.031477
9777.000000  0.058053
9790.000000  -0.158344
9804.000000  -0.000927
9826.000000  0.020202
9833.000000  -0.022693
9858.000000  0.022434
9862.000000  -0.015244
9863.000000  -0.002695
9881.000000  -0.001788
9902.000000  0.004816
9921.000000  0.000576
9956.000000  0.026776
9981.000000  -0.011832
10006.000000  0.005016
10014.000000  -0.003378
10059.000000  -0.002481
10091.000000  0.002676
10119.000000  0.004963
10145.000000  -0.000820
10169.000000  -0.012871
10182.000000  -0.006410
10204.000000  0.017636
10213.000000  -0.014000
10224.000000  0.009554
10227.000000  -0.021882
10248.000000  0.005760
10262.000000  0.015509
10270.000000  -0.009071
10294.000000  0.003667
10303.000000  -0.007208
10308.000000  0.002197
10322.000000  -0.005389
10334.000000  0.005134
10346.000000  0.012254
10361.000000  -0.003904
10367.000000  -0.010881
10371.000000  0.011023
10378.000000  -0.017948
10380.000000  0.001876
