576.000000  0.100839
745.000000  -0.024763
943.000000  0.008443
1141.000000  0.020091
1387.000000  0.026280
1608.000000  0.002085
1820.000000  -0.007107
2046.000000  0.003621
2276.000000  -0.001934
2439.000000  -0.006520
2609.000000  -0.005842
2775.000000  0.017607
2923.000000  -0.021419
3109.000000  0.008584
3200.000000  -0.060279
3330.000000  0.036544
3466.000000  -0.001971
3542.000000  -0.060574
3634.000000  0.013184
3797.000000  0.020854
3954.000000  0.016024
4083.000000  -0.023305
4238.000000  0.003386
4364.000000  -0.003030
4431.000000  -0.025301
4484.000000  -0.004777
4550.000000  0.008025
4668.000000  0.038122
4776.000000  -0.008050
4873.000000  -0.018062
4972.000000  0.012628
5078.000000  -0.001121
5190.000000  -0.015435
5371.000000  0.087505
5515.000000  -0.039365
5654.000000  -0.016983
5797.000000  0.036288
5908.000000  -0.035625
6042.000000  -0.009847
6213.000000  0.016442
6350.000000  0.014209
6497.000000  -0.003866
6655.000000  -0.002196
6799.000000  0.000929
6959.000000  0.013236
7134.000000  0.005247
7232.000000  -0.039744
7311.000000  -0.015192
7400.000000  0.001983
7513.000000  0.032106
7634.000000  0.011865
7758.000000  -0.030136
7862.000000  0.015284
8023.000000  -0.003521
8159.000000  -0.009029
8254.000000  -0.026620
8335.000000  0.003392
8469.000000  0.042520
8599.000000  0.002504
8706.000000  0.016610
8799.000000  -0.020720
8888.000000  -0.013629
9020.000000  0.028331
9150.000000  -0.038529
9294.000000  0.001726
9397.000000  0.009578
9522.000000  0.013295
9686.000000  0.014683
9831.000000  -0.001748
9987.000000  -0.008048
10126.000000  0.024685
10280.000000  -0.001040
10465.000000  0.022452
10716.000000  0.013005
10963.000000  0.002506
11183.000000  -0.001807
11405.000000  -0.008027
11544.000000  -0.028148
11688.000000  -0.004791
11870.000000  0.028655
12010.000000  -0.029634
12172.000000  0.015892
12348.000000  -0.009973
12505.000000  -0.015342
12682.000000  0.046451
12803.000000  -0.049374
12892.000000  0.001973
12994.000000  0.013770
13113.000000  0.017427
13235.000000  -0.023139
13383.000000  -0.043352
13473.000000  -0.005606
13533.000000  -0.049520
13589.000000  0.016712
13662.000000  0.047297
13813.000000  0.018970
13965.000000  0.017025
14125.000000  0.021328
14295.000000  0.036114
14485.000000  0.034083
14669.000000  -0.009318
14857.000000  -0.002406
14984.000000  -0.031316
15106.000000  -0.027421
15196.000000  0.011137
15244.000000  -0.016165
15304.000000  0.024141
15436.000000  0.018251
15576.000000  -0.007377
15701.000000  0.085327
15797.000000  -0.034672
15913.000000  0.009449
16030.000000  -0.005792
16139.000000  -0.022648
16269.000000  0.011173
16377.000000  0.025616
16514.000000  -0.029985
16662.000000  -0.045265
16873.000000  0.036777
17010.000000  -0.047914
17204.000000  0.029031
17435.000000  -0.044221
17636.000000  0.066254
17800.000000  0.006434
17909.000000  -0.049196
18056.000000  0.028599
18165.000000  0.059882
18248.000000  -0.059065
18347.000000  0.040678
18474.000000  0.023701
18573.000000  -0.005512
18669.000000  -0.019090
18773.000000  0.020614
18813.000000  -0.036739
18967.000000  0.040366
19131.000000  -0.089525
19183.000000  0.017917
19340.000000  0.117193
19449.000000  -0.044494
19562.000000  0.165735
19618.000000  -0.003331
19684.000000  -0.387366
19853.000000  0.024675
19903.000000  0.001886
20052.000000  0.020608
20239.000000  0.026049
20406.000000  0.251442
20585.000000  0.086243
20718.000000  -0.089794
20853.000000  -0.020151
20994.000000  -0.007253
21201.000000  0.057597
21406.000000  -0.160049
21586.000000  -0.097255
21623.000000  -0.042905
21861.000000  0.154364
22070.000000  0.140583
22178.000000  -0.002532
22330.000000  -0.035064
22452.000000  -0.270880
22597.000000  0.022159
22652.000000  -0.017308
22707.000000  -0.006672
22831.000000  0.020157
22950.000000  0.002122
23115.000000  0.029854
23275.000000  -0.015885
23435.000000  -0.002869
23644.000000  0.102625
23753.000000  0.267963
23883.000000  -0.123406
24055.000000  -0.010312
24270.000000  -0.004359
24415.000000  -0.132928
24506.000000  -0.055408
24593.000000  0.024484
24723.000000  -0.005211
24815.000000  -0.096497
24939.000000  0.066062
25060.000000  -0.024290
25219.000000  -0.011298
25394.000000  -0.010650
25496.000000  -0.003193
25531.000000  -0.003501
25703.000000  0.034046
25823.000000  -0.015400
25936.000000  -0.008031
26077.000000  0.015064
26246.000000  0.008141
26334.000000  -0.048602
26415.000000  -0.011995
26515.000000  -0.003958
26658.000000  0.065249
26730.000000  -0.003667
26735.000000  -0.095840
26737.000000  -0.009596
26836.000000  0.044212
26947.000000  0.015437
27035.000000  -0.009849
27131.000000  0.015582
27200.000000  0.015938
27270.000000  -0.021437
27345.000000  0.015487
27430.000000  0.020541
27504.000000  -0.031622
27586.000000  -0.000298
27770.000000  0.053158
28002.000000  0.062665
28170.000000  -0.000082
28370.000000  0.003046
28540.000000  -0.084520
28709.000000  0.008218
28902.000000  0.021482
29043.000000  -0.022503
29223.000000  -0.004059
29376.000000  0.053085
29477.000000  -0.027862
29586.000000  -0.004001
29658.000000  -0.090064
29781.000000  0.046810
29838.000000  0.088473
29976.000000  -0.133235
30028.000000  -0.006550
30074.000000  -0.015843
30162.000000  0.011303
30195.000000  -0.007372
30267.000000  0.001388
30331.000000  0.000740
30417.000000  0.004143
30445.000000  -0.015152
30448.000000  -0.005730
30537.000000  0.032393
30539.000000  -0.030152
30606.000000  0.602572
30630.000000  -0.085850
30718.000000  0.153749
30805.000000  -0.583908
30895.000000  -0.017732
31007.000000  0.005338
31028.000000  -0.032223
31105.000000  0.004278
31205.000000  0.006023
31233.000000  -0.025909
31336.000000  0.048016
31483.000000  0.015103
31636.000000  0.007892
31817.000000  0.037493
31971.000000  -0.009372
32100.000000  -0.015344
32251.000000  -0.014413
32348.000000  -0.025900
32473.000000  0.021638
32583.000000  0.012129
32609.000000  -0.049877
32725.000000  0.048656
32869.000000  -0.014737
33019.000000  0.036389
33167.000000  0.027078
33213.000000  -0.051483
33293.000000  0.053861
33352.000000  0.110859
33451.000000  -0.242812
33524.000000  0.006816
33610.000000  -0.000186
33730.000000  0.009846
33812.000000  -0.008158
33897.000000  -0.000721
34001.000000  0.014173
34184.000000  0.047695
34424.000000  0.022396
34653.000000  0.020679
34896.000000  0.016953
35113.000000  -0.009376
35238.000000  -0.000451
35397.000000  -0.007805
35573.000000  -0.022554
35656.000000  -0.032689
35658.000000  -0.079096
35730.000000  0.054162
35808.000000  0.010554
35889.000000  0.004547
35969.000000  -0.004401
36050.000000  -0.013729
36138.000000  0.030382
36221.000000  -0.026901
36297.000000  0.000656
36379.000000  -0.006188
36467.000000  0.025221
36551.000000  -0.020142
36630.000000  0.002224
36714.000000  -0.008183
36802.000000  0.006474
36916.000000  -0.025302
37001.000000  0.007651
37101.000000  0.035684
37262.000000  0.056932
37460.000000  0.003764
37685.000000  0.035660
37860.000000  -0.044566
37982.000000  -0.040474
38151.000000  0.048869
38293.000000  0.032081
38443.000000  -0.000324
38554.000000  -0.037601
38638.000000  -0.029877
38654.000000  -0.074206
38744.000000  0.054949
38831.000000  -0.021068
38968.000000  0.069413
39029.000000  -0.004670
39062.000000  0.092169
39149.000000  -0.199017
39205.000000  -0.001830
39265.000000  0.162174
39338.000000  0.021805
39380.000000  0.056566
39409.000000  -0.001277
39531.000000  0.038527
39672.000000  -0.092431
39775.000000  -0.031979
39935.000000  -0.071884
40045.000000  -0.004038
40105.000000  -0.041581
40180.000000  -0.000778
40272.000000  0.017440
40388.000000  0.053389
40404.000000  -0.063786
40508.000000  0.048184
40595.000000  -0.018241
40635.000000  -0.066202
40680.000000  0.005972
40704.000000  -0.019029
40746.000000  0.010244
40761.000000  -0.012473
40775.000000  0.004330
40807.000000  -0.003713
40809.000000  0.016043
