269.000000  0.066501
311.000000  0.037061
316.000000  0.009629
328.000000  0.017290
347.000000  0.019986
371.000000  0.030431
406.000000  0.034545
436.000000  0.037516
482.000000  0.042922
525.000000  0.042154
559.000000  0.054905
585.000000  0.037056
641.000000  0.061296
669.000000  0.058655
707.000000  0.052811
745.000000  0.058719
788.000000  0.060970
848.000000  0.065103
893.000000  0.051790
931.000000  0.077717
990.000000  0.068676
1029.000000  0.060609
1062.000000  0.044315
1102.000000  0.052317
1140.000000  0.061227
1175.000000  0.059481
1209.000000  0.057399
1255.000000  0.064109
1307.000000  0.061437
1343.000000  0.060188
1388.000000  0.064259
1417.000000  0.046852
1430.000000  0.033237
1454.000000  0.042623
1478.000000  0.069252
1500.000000  0.059757
1517.000000  0.039086
1539.000000  0.048048
1559.000000  0.039648
1605.000000  0.058593
1668.000000  0.076421
1698.000000  0.070000
1729.000000  0.060989
1778.000000  0.067614
1799.000000  0.056011
1823.000000  0.070162
1859.000000  0.058186
1897.000000  0.057795
1927.000000  0.065066
1965.000000  0.067909
2000.000000  0.073180
2033.000000  0.062195
2064.000000  0.063066
2089.000000  0.060253
2110.000000  0.062267
2116.000000  0.032984
2139.000000  0.056991
2159.000000  0.043394
2176.000000  0.054524
2191.000000  0.046038
2209.000000  0.061199
2231.000000  0.046145
2252.000000  0.050117
2270.000000  0.040288
2304.000000  0.062813
2326.000000  0.061714
2352.000000  0.076161
2381.000000  0.069453
2399.000000  0.060589
2418.000000  0.057760
2441.000000  0.065932
2483.000000  0.086730
2514.000000  0.076335
2537.000000  0.077838
2567.000000  0.081496
2600.000000  0.122396
2622.000000  0.110888
2643.000000  0.109255
2671.000000  0.058619
2695.000000  0.093785
2735.000000  0.100742
2762.000000  0.105006
2797.000000  0.144369
2833.000000  0.115274
2852.000000  0.082676
2894.000000  0.103430
2920.000000  0.079765
2947.000000  0.089647
2989.000000  0.113617
3026.000000  0.105844
3058.000000  0.120800
3092.000000  0.100795
3129.000000  0.120733
3155.000000  0.090559
3174.000000  0.069683
3193.000000  0.094594
3214.000000  0.112673
3224.000000  0.102582
3238.000000  0.109683
3249.000000  0.096623
3284.000000  0.116772
3322.000000  0.123990
3347.000000  0.133127
3365.000000  0.084351
3385.000000  0.099630
3428.000000  0.138329
3450.000000  0.117436
3465.000000  0.091735
3484.000000  0.103398
3517.000000  0.103070
3549.000000  0.111127
3578.000000  0.116795
3600.000000  0.103040
3633.000000  0.095330
3657.000000  0.085710
3688.000000  0.103529
3697.000000  0.053867
3719.000000  0.132262
3748.000000  0.090520
3753.000000  0.076332
3779.000000  0.089898
3797.000000  0.087712
3809.000000  0.086212
3823.000000  0.113021
3845.000000  0.106298
3861.000000  0.054849
3885.000000  0.076335
3902.000000  0.054959
3908.000000  0.057640
3912.000000  0.068439
3920.000000  0.069310
3933.000000  0.072449
3947.000000  0.066533
3965.000000  0.081009
3986.000000  0.069263
4010.000000  0.093545
4022.000000  0.098161
4046.000000  0.081712
4067.000000  0.115097
4087.000000  0.134028
4108.000000  0.146590
4123.000000  0.058400
4140.000000  0.048124
4155.000000  0.053491
4178.000000  0.058455
4192.000000  0.041829
4209.000000  0.045543
4227.000000  0.049641
4249.000000  0.080140
4270.000000  0.054752
4295.000000  0.071374
4317.000000  0.064275
4334.000000  0.062790
4372.000000  0.069318
4413.000000  0.096547
4446.000000  0.084433
4477.000000  0.090083
4518.000000  0.081764
4550.000000  0.102702
4557.000000  0.055305
4583.000000  0.115156
4604.000000  0.070129
4622.000000  0.103100
4640.000000  0.101711
4659.000000  0.114317
4678.000000  0.105598
4699.000000  0.103805
4732.000000  0.080944
4741.000000  0.063342
4764.000000  0.106955
4806.000000  0.100849
4845.000000  0.101222
4880.000000  0.106353
4915.000000  0.112153
4935.000000  0.105754
4967.000000  0.135469
4991.000000  0.079443
5008.000000  0.076344
5019.000000  0.060174
5037.000000  0.060673
5066.000000  0.102291
5092.000000  0.080559
5124.000000  0.071025
5171.000000  0.078994
5195.000000  0.076075
5253.000000  0.092314
5279.000000  0.065560
5312.000000  0.087915
5345.000000  0.092864
5377.000000  0.086943
5393.000000  0.070096
5414.000000  0.077569
5437.000000  0.083112
5471.000000  0.089884
5498.000000  0.102264
5520.000000  0.097085
5555.000000  0.101804
5588.000000  0.095271
5612.000000  0.104943
5626.000000  0.075299
5675.000000  0.109501
5700.000000  0.089527
5722.000000  0.080919
5754.000000  0.121720
5796.000000  0.100995
5853.000000  0.129401
5871.000000  0.092604
5902.000000  0.142797
5922.000000  0.109513
5939.000000  0.113730
5952.000000  0.102797
5974.000000  0.156224
5989.000000  0.106137
6007.000000  0.125254
6026.000000  0.108922
6042.000000  0.102895
6052.000000  0.104883
6072.000000  0.092127
6094.000000  0.104654
6117.000000  0.089108
6145.000000  0.096206
6178.000000  0.093559
6202.000000  0.111832
6214.000000  0.070751
6242.000000  0.116132
6260.000000  0.097775
6292.000000  0.124281
6314.000000  0.123133
6337.000000  0.124851
6374.000000  0.128638
6417.000000  0.129614
6476.000000  0.129062
6515.000000  0.116291
6562.000000  0.107472
6590.000000  0.118120
6655.000000  0.127988
6714.000000  0.145997
6751.000000  0.133143
6806.000000  0.166979
6834.000000  0.130068
6868.000000  0.160898
6882.000000  0.096114
6896.000000  0.141751
6907.000000  0.114875
6928.000000  0.128263
6952.000000  0.147921
6966.000000  0.154208
6976.000000  0.148046
7003.000000  0.198813
7029.000000  0.206092
7033.000000  0.079872
7043.000000  0.134353
7059.000000  0.096131
7089.000000  0.152738
7106.000000  0.151244
7121.000000  0.147078
7136.000000  0.104195
7150.000000  0.102502
7171.000000  0.119739
7187.000000  0.100665
7199.000000  0.102435
7212.000000  0.097921
7222.000000  0.093041
7233.000000  0.101752
7248.000000  0.089119
7276.000000  0.101340
7303.000000  0.161893
7321.000000  0.134613
7334.000000  0.089669
7356.000000  0.130771
7399.000000  0.098476
7423.000000  0.095350
7452.000000  0.091680
7489.000000  0.091267
7513.000000  0.091895
7535.000000  0.087885
7561.000000  0.090070
7578.000000  0.090032
7613.000000  0.105123
7652.000000  0.090709
7685.000000  0.088288
7714.000000  0.092705
7746.000000  0.120511
7768.000000  0.159357
7804.000000  0.150026
7832.000000  0.135284
7860.000000  0.130307
7899.000000  0.164723
7927.000000  0.130889
7943.000000  0.148604
7975.000000  0.147234
8005.000000  0.152185
8032.000000  0.100834
8061.000000  0.165296
8091.000000  0.185097
8122.000000  0.108163
8151.000000  0.100423
8195.000000  0.107272
8226.000000  0.165905
8258.000000  0.164639
8299.000000  0.174744
8332.000000  0.206121
8346.000000  0.171050
8393.000000  0.224504
8424.000000  0.145375
8449.000000  0.135116
8460.000000  0.131039
8473.000000  0.143762
8484.000000  0.083050
8503.000000  0.203638
8522.000000  0.182778
8538.000000  0.215792
8561.000000  0.212991
8581.000000  0.195520
8602.000000  0.179175
8626.000000  0.197546
8640.000000  0.170813
8656.000000  0.270568
8670.000000  0.364778
8685.000000  0.157201
8718.000000  0.169195
8729.000000  0.137283
8743.000000  0.147562
8766.000000  0.134823
8785.000000  0.116872
8796.000000  0.082990
8811.000000  0.091635
8828.000000  0.094812
8845.000000  0.119029
8852.000000  0.102618
8863.000000  0.097702
8874.000000  0.103595
8892.000000  0.102039
8911.000000  0.105499
8931.000000  0.109978
8942.000000  0.094325
8953.000000  0.144827
8971.000000  0.139421
8985.000000  0.163546
8995.000000  0.137204
9008.000000  0.097021
9041.000000  0.101372
9068.000000  0.104246
9114.000000  0.101448
9127.000000  0.098710
9134.000000  0.089953
9150.000000  0.105017
9165.000000  0.123974
9185.000000  0.112214
9199.000000  0.092252
9212.000000  0.091351
9237.000000  0.094249
9248.000000  0.119495
9271.000000  0.107958
9289.000000  0.097502
9311.000000  0.101888
9334.000000  0.113835
9355.000000  0.095200
9368.000000  0.097582
9390.000000  0.105950
9419.000000  0.120295
9435.000000  0.107472
9483.000000  0.124381
9508.000000  0.147992
9509.000000  0.088679
9536.000000  0.115395
9551.000000  0.094622
9578.000000  0.121718
9593.000000  0.092790
9611.000000  0.099740
9632.000000  0.092044
9649.000000  0.090212
9697.000000  0.102506
9698.000000  0.105781
9716.000000  0.097211
9737.000000  0.098033
9763.000000  0.092069
9785.000000  0.096122
9800.000000  0.090648
9823.000000  0.113329
9834.000000  0.096938
9855.000000  0.099567
9876.000000  0.098244
9887.000000  0.119431
9893.000000  0.092743
9894.000000  0.083780
9914.000000  0.093097
9933.000000  0.089101
9956.000000  0.089942
9971.000000  0.093459
9996.000000  0.097880
10006.000000  0.112431
10024.000000  0.093252
10033.000000  0.093347
10044.000000  0.099069
10053.000000  0.101131
10072.000000  0.099612
10089.000000  0.109400
10105.000000  0.099343
10112.000000  0.095156
10132.000000  0.103781
10138.000000  0.091423
10140.000000  0.088323
10160.000000  0.113672
10180.000000  0.102803
10195.000000  0.096771
10208.000000  0.094651
10215.000000  0.097108
10224.000000  0.102756
10239.000000  0.095783
10249.000000  0.099073
10261.000000  0.097410
10269.000000  0.099054
10284.000000  0.116249
10312.000000  0.107034
10326.000000  0.096013
10339.000000  0.103330
10353.000000  0.103787
10366.000000  0.130697
10369.000000  0.114773
10371.000000  0.095490
10374.000000  0.102261
10378.000000  0.118144
10381.000000  0.104119
10382.000000  0.094841
