995.000000  0.267715
1258.000000  0.220822
1499.000000  0.220938
1853.000000  0.241453
2223.000000  0.280801
2529.000000  0.299197
2860.000000  0.362304
3240.000000  0.362826
3543.000000  0.397164
3764.000000  0.314487
3921.000000  0.272128
4156.000000  0.332287
4443.000000  0.351579
4734.000000  0.362074
4986.000000  0.335161
5158.000000  0.271987
5382.000000  0.290454
5625.000000  0.363492
5816.000000  0.338427
5992.000000  0.356800
6128.000000  0.301273
6253.000000  0.255384
6409.000000  0.260345
6537.000000  0.276868
6689.000000  0.305046
6850.000000  0.291838
7015.000000  0.280817
7093.000000  0.270087
7329.000000  0.343042
7603.000000  0.371628
7841.000000  0.352265
8123.000000  0.423344
8404.000000  0.438630
8653.000000  0.431878
8856.000000  0.411801
9142.000000  0.422665
9366.000000  0.402575
9510.000000  0.384877
9609.000000  0.344248
9749.000000  0.342010
9914.000000  0.456160
10100.000000  0.430525
10308.000000  0.382299
10381.000000  0.365520
10590.000000  0.442224
10805.000000  0.416707
11003.000000  0.408702
11210.000000  0.385632
11380.000000  0.377107
11544.000000  0.369966
11708.000000  0.438898
11884.000000  0.389568
12027.000000  0.389951
12110.000000  0.338385
12197.000000  0.333907
12289.000000  0.340581
12451.000000  0.356290
12610.000000  0.408532
12825.000000  0.450591
13049.000000  0.452212
13286.000000  0.513983
13550.000000  0.518429
13808.000000  0.521906
14059.000000  0.573665
14233.000000  0.487728
14439.000000  0.453170
14588.000000  0.481261
14718.000000  0.462363
14762.000000  0.375710
14884.000000  0.411349
15092.000000  0.473416
15295.000000  0.543211
15553.000000  0.588669
15778.000000  0.622391
16029.000000  0.508704
16234.000000  0.510406
16459.000000  0.510944
16685.000000  0.549632
16844.000000  0.466456
16966.000000  0.462025
17161.000000  0.621412
17347.000000  0.680334
17506.000000  0.636186
17718.000000  0.591248
17944.000000  0.622156
18196.000000  0.712861
18462.000000  0.784995
18667.000000  0.823999
18877.000000  0.763047
19064.000000  0.854015
19277.000000  0.879523
19512.000000  0.975551
19717.000000  1.012749
20020.000000  0.786053
20308.000000  0.797497
20555.000000  0.723745
20750.000000  0.626984
20961.000000  0.694025
21132.000000  0.832528
21226.000000  0.873944
21343.000000  0.544982
21439.000000  0.516573
21471.000000  0.450668
21531.000000  0.554597
21601.000000  0.460714
21724.000000  0.498903
21908.000000  0.598231
22052.000000  0.577273
22186.000000  0.720414
22305.000000  0.555294
22456.000000  0.680342
22599.000000  0.884017
22761.000000  0.790078
22909.000000  0.856152
23084.000000  0.821962
23291.000000  0.850183
23496.000000  0.519795
23685.000000  0.507964
23862.000000  0.488174
24077.000000  0.501028
24296.000000  0.627726
24537.000000  0.704809
24673.000000  0.718944
24830.000000  0.714679
25131.000000  0.871492
25369.000000  0.779670
25621.000000  0.753473
25827.000000  0.586699
26061.000000  0.541035
26189.000000  0.480946
26347.000000  0.486968
26498.000000  0.541153
26666.000000  0.760175
26888.000000  1.138700
27087.000000  1.088765
27281.000000  0.975778
27473.000000  0.904467
27614.000000  0.841991
27769.000000  0.819258
27929.000000  0.889694
28058.000000  1.092939
28180.000000  0.473071
28316.000000  0.470489
28466.000000  0.508838
28627.000000  0.560736
28800.000000  0.523325
28989.000000  0.555288
29230.000000  0.530090
29461.000000  0.578833
29635.000000  0.522291
29778.000000  0.512925
29965.000000  0.545482
30142.000000  0.506966
30354.000000  0.561220
30589.000000  0.564951
30709.000000  0.547135
30810.000000  0.512991
30911.000000  0.570277
30985.000000  0.490939
31119.000000  0.595413
31316.000000  0.638518
31561.000000  0.693349
31814.000000  0.705480
32098.000000  0.752601
32282.000000  0.688141
32499.000000  0.665185
32631.000000  0.638739
32700.000000  0.463484
32775.000000  0.429724
32859.000000  0.409512
32940.000000  0.431716
33058.000000  0.516115
33194.000000  0.471581
33348.000000  0.459375
33510.000000  0.456939
33608.000000  0.436846
33713.000000  0.429958
33842.000000  0.426207
34112.000000  0.512281
34358.000000  0.501566
34439.000000  0.514713
34697.000000  0.561267
34990.000000  0.579549
35171.000000  0.539632
35317.000000  0.533699
35496.000000  0.539966
35662.000000  0.514058
35838.000000  0.542514
35986.000000  0.558154
36087.000000  0.479897
36168.000000  0.454906
36354.000000  0.549216
36555.000000  0.547941
36705.000000  0.568748
36839.000000  0.512629
37018.000000  0.545540
37249.000000  0.588808
37401.000000  0.549450
37512.000000  0.541750
37660.000000  0.582119
37700.000000  0.507958
37801.000000  0.502191
37844.000000  0.442481
37852.000000  0.432243
37916.000000  0.447426
37986.000000  0.439951
38039.000000  0.419254
38071.000000  0.423161
38126.000000  0.437413
38206.000000  0.443529
38277.000000  0.463976
38343.000000  0.437515
38523.000000  0.467601
38676.000000  0.466228
38812.000000  0.476764
38947.000000  0.486591
38978.000000  0.452969
39049.000000  0.426196
39144.000000  0.401699
39228.000000  0.418883
39330.000000  0.432992
39475.000000  0.466471
39676.000000  0.497104
39803.000000  0.476481
40015.000000  0.562714
40065.000000  0.453869
40174.000000  0.450298
40214.000000  0.446134
40283.000000  0.453644
40335.000000  0.470462
40360.000000  0.408499
40376.000000  0.405429
40382.000000  0.455059
40490.000000  0.449762
40580.000000  0.430395
40681.000000  0.445801
40771.000000  0.452605
40803.000000  0.448781
40817.000000  0.399337
