2285.000000  0.110244
2876.000000  0.134530
3336.000000  0.131337
3830.000000  0.108108
4531.000000  0.134578
5244.000000  0.128229
5986.000000  0.163617
6748.000000  0.174621
7531.000000  0.171260
8404.000000  0.197548
9191.000000  0.200466
9767.000000  0.194260
10282.000000  0.188130
11046.000000  0.215128
11856.000000  0.203593
12573.000000  0.204327
13129.000000  0.223426
13743.000000  0.261304
14463.000000  0.255621
15186.000000  0.277075
15754.000000  0.299859
16261.000000  0.282705
16890.000000  0.299982
17576.000000  0.307311
18193.000000  0.295995
18853.000000  0.302119
19467.000000  0.301192
20091.000000  0.320441
20552.000000  0.306394
20833.000000  0.325874
21106.000000  0.290709
21618.000000  0.312853
22240.000000  0.330065
22885.000000  0.319964
23431.000000  0.304521
23856.000000  0.312388
24107.000000  0.308121
24525.000000  0.332213
25142.000000  0.292491
25586.000000  0.295786
26038.000000  0.296677
26335.000000  0.288775
26699.000000  0.288332
27214.000000  0.329618
27563.000000  0.330992
27969.000000  0.323432
28632.000000  0.322345
29267.000000  0.328862
29862.000000  0.335467
30430.000000  0.308828
30845.000000  0.329585
31188.000000  0.341397
31638.000000  0.318868
32056.000000  0.325764
32711.000000  0.354482
33317.000000  0.358514
34067.000000  0.362938
34732.000000  0.356230
35254.000000  0.344402
35573.000000  0.326160
36209.000000  0.373895
36564.000000  0.369971
36860.000000  0.314490
37191.000000  0.339056
37497.000000  0.310771
37723.000000  0.332407
38331.000000  0.322957
38778.000000  0.366264
39409.000000  0.353527
40028.000000  0.348329
40635.000000  0.360302
41056.000000  0.350129
41615.000000  0.352248
42019.000000  0.324417
42314.000000  0.343543
42597.000000  0.309104
42929.000000  0.352681
43349.000000  0.304846
43887.000000  0.326714
44386.000000  0.314696
44791.000000  0.339404
45203.000000  0.295010
45641.000000  0.307730
46267.000000  0.289549
47175.000000  0.299120
48056.000000  0.337016
48851.000000  0.298919
49393.000000  0.300704
49898.000000  0.351595
50580.000000  0.324039
51312.000000  0.324265
51978.000000  0.307568
52689.000000  0.324711
53364.000000  0.304483
53947.000000  0.326830
54159.000000  0.290023
54427.000000  0.294150
54858.000000  0.322504
55398.000000  0.304688
56310.000000  0.313736
57258.000000  0.330670
57869.000000  0.328230
58336.000000  0.306352
58678.000000  0.306972
59065.000000  0.297368
59348.000000  0.274118
59670.000000  0.324668
60059.000000  0.279926
60476.000000  0.261025
60943.000000  0.263591
61394.000000  0.276531
61642.000000  0.274166
61791.000000  0.251451
61965.000000  0.248869
62190.000000  0.236706
62584.000000  0.215495
62997.000000  0.229644
63406.000000  0.228307
63838.000000  0.225939
64321.000000  0.221152
64531.000000  0.222986
64792.000000  0.202429
65156.000000  0.215411
65387.000000  0.182182
65822.000000  0.189194
66348.000000  0.192546
66757.000000  0.207346
67201.000000  0.223220
67753.000000  0.214911
68230.000000  0.233519
68811.000000  0.223974
69350.000000  0.223038
69857.000000  0.246255
70285.000000  0.241294
70524.000000  0.223812
71077.000000  0.246535
71881.000000  0.256862
72688.000000  0.231846
73436.000000  0.258174
74132.000000  0.262808
74774.000000  0.260713
75175.000000  0.257798
75488.000000  0.258711
76019.000000  0.295689
76529.000000  0.281350
76831.000000  0.226158
77001.000000  0.224151
77216.000000  0.183971
77469.000000  0.204858
77696.000000  0.200049
77980.000000  0.190581
78450.000000  0.174998
79234.000000  0.206896
79726.000000  0.192841
80326.000000  0.198534
80744.000000  0.199014
80757.000000  0.250695
80945.000000  0.218835
81330.000000  0.189746
81946.000000  0.193641
82590.000000  0.203281
83199.000000  0.217671
83809.000000  0.194745
84522.000000  0.183770
84932.000000  0.181635
85171.000000  0.135545
85482.000000  0.146817
85632.000000  0.113199
85724.000000  0.105616
85772.000000  0.111323
86102.000000  0.105148
86341.000000  0.114178
86796.000000  0.113903
87056.000000  0.146418
87097.000000  0.114617
87184.000000  0.106940
87304.000000  0.128411
87502.000000  0.101572
87701.000000  0.116342
87901.000000  0.124450
88162.000000  0.112038
88276.000000  0.112353
88668.000000  0.131337
88962.000000  0.122428
89198.000000  0.129383
89238.000000  0.100947
89280.000000  0.092900
89542.000000  0.090206
89799.000000  0.106639
90089.000000  0.090377
90209.000000  0.099506
90277.000000  0.099083
90335.000000  0.069627
90469.000000  0.064717
90475.000000  0.051340
90487.000000  0.038595
90740.000000  0.047100
90923.000000  0.041101
91144.000000  0.052976
91421.000000  0.040532
91465.000000  0.035694
91488.000000  0.030260
