4067.000000  0.811662
4460.000000  -0.224062
5064.000000  -0.213916
6084.000000  0.036787
6982.000000  0.100285
8202.000000  0.196479
9487.000000  0.121077
10513.000000  -0.031706
11949.000000  0.180214
13348.000000  0.120809
14765.000000  0.082078
16183.000000  0.050671
17202.000000  -0.212595
17932.000000  -0.231684
18767.000000  0.136321
19343.000000  -0.011550
19855.000000  -0.125956
20759.000000  0.330653
21328.000000  -0.051862
22396.000000  -0.074278
23106.000000  -0.031771
23830.000000  -0.155665
25308.000000  0.277574
26429.000000  0.107053
27896.000000  0.009587
28747.000000  -0.212358
29976.000000  0.158081
30897.000000  0.124107
32041.000000  -0.383914
32834.000000  0.207689
34001.000000  0.285791
35281.000000  -0.090283
35862.000000  -0.139401
37040.000000  0.063821
37417.000000  -0.172197
38459.000000  -0.010290
38661.000000  -0.090714
39336.000000  -0.071983
40456.000000  0.262976
41185.000000  -0.115875
42040.000000  0.203858
43109.000000  0.077833
44398.000000  0.094478
45487.000000  0.038818
46878.000000  -0.103273
47438.000000  -0.297870
48599.000000  0.164066
49377.000000  -0.119530
50312.000000  -0.056435
50781.000000  0.065865
52326.000000  0.110618
53211.000000  0.195515
54221.000000  -0.067863
55357.000000  -0.061046
56868.000000  0.166974
58486.000000  0.379341
59467.000000  -0.211010
59971.000000  -0.181599
60408.000000  -0.490397
61073.000000  0.487702
62449.000000  0.246616
63415.000000  0.041304
65249.000000  0.530756
66217.000000  -0.318428
67576.000000  -0.190539
68565.000000  0.021360
70016.000000  0.251622
71035.000000  -0.061845
72372.000000  0.132546
73730.000000  0.004832
74743.000000  -0.423773
76146.000000  0.092347
77078.000000  -0.105989
78698.000000  0.070414
79836.000000  0.199063
81330.000000  0.325824
82777.000000  -0.097056
84714.000000  0.298048
86302.000000  -0.056176
87885.000000  0.194595
88988.000000  -0.490192
90312.000000  0.155586
91108.000000  -0.277184
92466.000000  0.700845
92926.000000  -0.308915
93763.000000  0.682481
94229.000000  0.276546
95034.000000  0.423238
95744.000000  0.166395
96668.000000  0.406695
97927.000000  -0.376057
98328.000000  -2.169544
99305.000000  0.059942
100889.000000  1.703493
101651.000000  -1.304620
102674.000000  1.273879
103700.000000  -2.028462
103850.000000  1.467872
104602.000000  -1.297240
104699.000000  1.986504
105568.000000  -1.962005
106138.000000  0.448743
106711.000000  -0.008979
107675.000000  0.176504
109127.000000  0.571938
109718.000000  -0.822513
110919.000000  0.444665
111331.000000  -0.551017
112287.000000  0.152065
113468.000000  -0.462393
114264.000000  0.181556
114961.000000  0.347656
116276.000000  1.190287
117064.000000  -0.853537
119074.000000  0.986952
119801.000000  -1.373366
120960.000000  -0.074270
121642.000000  -0.495150
122908.000000  0.515008
123920.000000  -0.093543
125055.000000  0.787148
126110.000000  -0.257575
126654.000000  0.314808
127413.000000  -0.994492
128562.000000  0.419592
129804.000000  0.313796
130209.000000  -0.633054
130973.000000  -0.215990
131286.000000  -0.163780
131719.000000  0.817362
131972.000000  -0.784453
132243.000000  0.163461
132365.000000  0.122318
132494.000000  0.064403
133228.000000  -0.332262
133772.000000  0.003118
134534.000000  0.152250
134929.000000  0.119342
135220.000000  -0.184270
135842.000000  -0.002533
136984.000000  0.288023
137342.000000  -0.239942
138122.000000  0.055921
138350.000000  -0.059671
139060.000000  0.056428
139944.000000  0.219032
141441.000000  0.211040
142243.000000  0.009087
142835.000000  -0.144663
143188.000000  -0.164267
143377.000000  -0.114556
143623.000000  -0.036492
144371.000000  0.182253
144722.000000  -0.043413
144855.000000  -0.144498
144870.000000  -0.106766
144971.000000  0.176454
144980.000000  -0.341306
145103.000000  0.938040
146113.000000  1.015909
146474.000000  0.431373
147463.000000  -0.087938
147990.000000  0.017138
148923.000000  -0.256988
149395.000000  0.104411
150491.000000  -0.699367
150779.000000  -0.272772
151574.000000  0.669355
152103.000000  -0.631368
152925.000000  1.210299
153644.000000  0.028765
154320.000000  0.227724
155841.000000  -0.362928
156543.000000  -0.262523
157088.000000  0.840455
157770.000000  -1.798768
157979.000000  -0.785010
158167.000000  0.104867
158291.000000  0.278502
158707.000000  0.500979
158989.000000  -0.841622
159150.000000  -0.164318
159369.000000  0.167646
159597.000000  0.019495
159631.000000  -0.143402
159970.000000  0.071539
160309.000000  0.080788
160489.000000  -0.091852
160571.000000  -0.087095
