995.000000  95.960266
1482.000000  91.993782
1803.000000  89.466911
2093.000000  88.400879
2341.000000  87.212036
2560.000000  86.750465
2752.000000  88.205185
2897.000000  87.102219
3010.000000  83.989594
3240.000000  84.161118
3522.000000  78.578674
3828.000000  86.307350
4068.000000  82.742569
4270.000000  86.074051
4356.000000  85.172539
4453.000000  80.961296
4506.000000  83.209984
4561.000000  78.750130
4704.000000  79.964516
4930.000000  84.630676
5116.000000  85.198235
5230.000000  81.087677
5337.000000  74.227531
5472.000000  72.698891
5628.000000  72.617912
5859.000000  72.053497
5999.000000  53.757904
6109.000000  48.261627
6223.000000  52.339005
6407.000000  67.922249
6518.000000  77.958664
6643.000000  79.556641
6703.000000  80.624039
6786.000000  81.025711
6972.000000  81.103683
7066.000000  78.287895
7175.000000  80.720795
7339.000000  81.139526
7496.000000  81.432182
7693.000000  77.991722
7938.000000  77.800438
8141.000000  54.171951
8388.000000  58.294720
8570.000000  51.076912
8858.000000  47.805069
9018.000000  37.702225
9148.000000  42.148853
9235.000000  20.853903
9295.000000  11.824841
9315.000000  3.696229
9365.000000  74.513313
9414.000000  77.519073
9503.000000  87.737198
9592.000000  87.911453
9703.000000  87.153610
9930.000000  85.223289
10179.000000  82.517555
10419.000000  85.135094
10744.000000  87.221184
10984.000000  85.213928
11237.000000  86.433365
11504.000000  84.215012
11774.000000  82.676498
11887.000000  84.344719
12053.000000  74.911644
12282.000000  84.113907
12547.000000  82.263596
12826.000000  82.209282
13109.000000  82.515350
13498.000000  74.100868
13751.000000  78.896118
13926.000000  77.780205
14092.000000  64.726074
14243.000000  66.121323
14411.000000  64.990387
14643.000000  68.035027
14956.000000  72.379539
15246.000000  72.979042
15467.000000  57.447399
15732.000000  58.419292
15973.000000  61.567825
16251.000000  52.323402
16558.000000  69.019928
16843.000000  56.382870
17048.000000  64.202034
17140.000000  60.783150
17345.000000  47.096397
17578.000000  52.211075
17738.000000  64.366173
17943.000000  71.286980
18153.000000  72.879776
18370.000000  63.224655
18591.000000  70.732811
18827.000000  73.902168
19050.000000  72.988998
19221.000000  63.466431
19384.000000  64.648338
19542.000000  65.017433
19756.000000  69.371765
20002.000000  62.144863
20191.000000  61.395081
20367.000000  56.571644
20524.000000  65.716812
20735.000000  53.021961
20899.000000  65.405533
21063.000000  68.529823
21141.000000  7.801715
21216.000000  5.938800
21298.000000  6.332503
21477.000000  65.128723
21715.000000  62.312984
21920.000000  59.176617
22122.000000  60.681282
22355.000000  9.894974
22591.000000  58.323246
22838.000000  66.558495
23044.000000  66.100952
23219.000000  69.555130
23425.000000  62.458664
23692.000000  51.137447
23992.000000  70.098755
24152.000000  61.364002
24300.000000  63.996326
24569.000000  65.322861
24705.000000  64.738655
24858.000000  57.909256
25043.000000  52.828251
25206.000000  63.673538
25271.000000  19.745640
25293.000000  0.100050
25311.000000  6.774823
25426.000000  37.913906
25594.000000  52.171951
25745.000000  52.139618
25882.000000  41.505539
26048.000000  47.006020
26183.000000  13.478833
26327.000000  11.688918
26449.000000  3.963137
26577.000000  38.747112
26793.000000  48.578598
26971.000000  31.235456
27115.000000  27.549952
27226.000000  5.104194
27401.000000  16.007507
27565.000000  12.123430
27734.000000  47.927631
27859.000000  48.079182
27963.000000  45.239067
28079.000000  48.553604
28105.000000  18.546110
28132.000000  2.657509
28172.000000  19.325289
28242.000000  17.449139
28311.000000  15.309447
28424.000000  15.877030
28544.000000  20.593119
28640.000000  15.835021
28757.000000  12.864731
28921.000000  14.430655
29000.000000  16.172350
29161.000000  14.983003
29247.000000  16.041513
29426.000000  9.225645
29603.000000  17.726023
29815.000000  16.094585
30088.000000  16.119207
30243.000000  12.501033
30402.000000  8.572123
30576.000000  3.517926
30690.000000  7.633699
30734.000000  0.591675
30795.000000  1.212095
30815.000000  0.859610
30872.000000  2.731961
30953.000000  2.978343
30990.000000  0.064599
31030.000000  0.007617
31116.000000  0.013025
31150.000000  0.006996
31255.000000  0.015225
31344.000000  0.012998
31392.000000  0.010834
31469.000000  0.010454
31643.000000  33.966198
31751.000000  30.328026
31880.000000  43.593838
31977.000000  50.063873
32019.000000  21.828819
32114.000000  36.804733
32338.000000  46.145233
32642.000000  53.081070
32896.000000  54.281979
33162.000000  53.310204
33365.000000  46.379005
33478.000000  42.040516
33570.000000  32.311619
33668.000000  18.638968
33739.000000  22.632351
33811.000000  34.932755
33885.000000  34.396172
33961.000000  43.226765
34039.000000  36.182041
34114.000000  36.202942
34187.000000  35.790817
34260.000000  31.275576
34359.000000  31.472528
34463.000000  28.974226
34534.000000  25.523869
34578.000000  36.151035
34607.000000  0.668874
34676.000000  28.238682
34806.000000  37.299683
34891.000000  28.990074
34963.000000  25.301031
35041.000000  28.207535
35141.000000  23.992754
35263.000000  24.607170
35359.000000  2.618992
35448.000000  1.768499
35558.000000  4.890669
35604.000000  0.484319
35661.000000  3.696774
35751.000000  8.534225
35923.000000  6.302693
36084.000000  17.025890
36264.000000  14.568416
36415.000000  16.731152
36515.000000  14.638800
36718.000000  27.213896
36827.000000  5.095832
36879.000000  6.214386
36905.000000  5.526902
36911.000000  0.082175
36962.000000  10.341912
37077.000000  11.215889
37226.000000  20.910839
37413.000000  27.839193
37534.000000  10.345244
37657.000000  6.375249
37743.000000  7.613363
37853.000000  26.135069
37917.000000  21.289618
38009.000000  17.617596
38067.000000  18.866255
38128.000000  18.237442
38230.000000  12.725504
38451.000000  26.743961
38710.000000  17.699224
38915.000000  10.078815
39077.000000  11.568283
39187.000000  4.765772
39247.000000  2.686240
39335.000000  1.625054
39433.000000  11.542560
39536.000000  16.622015
39627.000000  1.818331
39721.000000  4.449995
39799.000000  7.573892
39873.000000  3.732028
39973.000000  4.429803
40072.000000  5.095584
40191.000000  7.836500
40312.000000  12.900352
40463.000000  12.800378
40588.000000  11.367990
40662.000000  6.750936
40678.000000  1.672274
40760.000000  5.397201
40815.000000  6.742622
40820.000000  0.317047
