269.000000  0.080715
342.000000  0.052458
379.000000  0.038751
427.000000  0.048327
427.000000  0.020825
473.000000  0.057035
512.000000  0.049804
558.000000  0.070204
597.000000  0.074970
636.000000  0.086567
712.000000  0.084450
771.000000  0.082608
814.000000  0.077179
874.000000  0.095177
932.000000  0.082284
975.000000  0.078107
1036.000000  0.089625
1080.000000  0.082049
1147.000000  0.089007
1185.000000  0.076045
1213.000000  0.063005
1244.000000  0.075099
1278.000000  0.092246
1306.000000  0.081806
1337.000000  0.071614
1374.000000  0.068780
1427.000000  0.082848
1427.000000  0.033875
1447.000000  0.079648
1460.000000  0.051622
1470.000000  0.048338
1485.000000  0.056707
1505.000000  0.057145
1528.000000  0.060008
1573.000000  0.067003
1590.000000  0.103262
1617.000000  0.087634
1639.000000  0.061225
1665.000000  0.100727
1684.000000  0.059763
1739.000000  0.071762
1797.000000  0.082722
1840.000000  0.081949
1866.000000  0.084610
1941.000000  0.123805
2010.000000  0.095052
2063.000000  0.086115
2084.000000  0.069283
2125.000000  0.087956
2170.000000  0.090989
2208.000000  0.105617
2275.000000  0.114587
2315.000000  0.099242
2355.000000  0.077909
2384.000000  0.083766
2418.000000  0.084597
2456.000000  0.074572
2490.000000  0.073658
2509.000000  0.072681
2532.000000  0.074351
2566.000000  0.080476
2595.000000  0.086507
2618.000000  0.082351
2650.000000  0.074226
2677.000000  0.077323
2707.000000  0.076655
2732.000000  0.088943
2750.000000  0.077481
2775.000000  0.089972
2808.000000  0.085162
2839.000000  0.100841
2888.000000  0.112054
2938.000000  0.107388
3009.000000  0.116419
3068.000000  0.112167
3091.000000  0.091302
3135.000000  0.104448
3206.000000  0.108696
3218.000000  0.091700
3268.000000  0.106334
3303.000000  0.098169
3340.000000  0.089193
3374.000000  0.109706
3423.000000  0.114547
3446.000000  0.110066
3473.000000  0.104095
3496.000000  0.091782
3524.000000  0.103529
3579.000000  0.106601
3582.000000  0.077072
3629.000000  0.101056
3660.000000  0.096596
3694.000000  0.099939
3727.000000  0.116763
3766.000000  0.099867
3815.000000  0.113083
3845.000000  0.103996
3889.000000  0.115977
3923.000000  0.115177
3984.000000  0.150731
4014.000000  0.122793
4054.000000  0.153147
4090.000000  0.132446
4114.000000  0.131650
4159.000000  0.165510
4200.000000  0.170918
4215.000000  0.152088
4239.000000  0.149253
4251.000000  0.124423
4274.000000  0.104827
4291.000000  0.084411
4306.000000  0.075765
4323.000000  0.071705
4335.000000  0.079850
4347.000000  0.076958
4365.000000  0.114758
4392.000000  0.115730
4414.000000  0.102941
4468.000000  0.118941
4518.000000  0.111265
4560.000000  0.118728
4603.000000  0.129919
4648.000000  0.166808
4696.000000  0.146379
4737.000000  0.141475
4769.000000  0.123018
4798.000000  0.092263
4845.000000  0.176461
4870.000000  0.086439
4918.000000  0.099393
4936.000000  0.088398
4997.000000  0.151144
5022.000000  0.126102
5065.000000  0.139697
5112.000000  0.150037
5125.000000  0.098945
5163.000000  0.143936
5209.000000  0.135836
5266.000000  0.154487
5313.000000  0.130228
5354.000000  0.133915
5365.000000  0.085406
5418.000000  0.155991
5461.000000  0.130892
5500.000000  0.121339
5500.000000  0.083598
5547.000000  0.143032
5587.000000  0.141759
5612.000000  0.135420
5650.000000  0.154753
5696.000000  0.177905
5723.000000  0.163148
5742.000000  0.134346
5771.000000  0.161613
5803.000000  0.153416
5839.000000  0.152398
5893.000000  0.155087
5932.000000  0.177690
5998.000000  0.130568
6028.000000  0.111076
6069.000000  0.123066
6096.000000  0.119823
6151.000000  0.106766
6151.000000  0.088216
6198.000000  0.109125
6222.000000  0.121722
6242.000000  0.157317
6254.000000  0.101676
6269.000000  0.110824
6284.000000  0.100798
6323.000000  0.127103
6376.000000  0.181964
6425.000000  0.143892
6482.000000  0.159137
6533.000000  0.175093
6580.000000  0.145028
6643.000000  0.172640
6700.000000  0.148989
6729.000000  0.127582
6793.000000  0.141345
6831.000000  0.148148
6887.000000  0.161318
6928.000000  0.145421
6983.000000  0.174284
7058.000000  0.179858
7098.000000  0.144969
7147.000000  0.153608
7199.000000  0.160210
7247.000000  0.186920
7294.000000  0.167253
7344.000000  0.177159
7398.000000  0.176637
7460.000000  0.170321
7514.000000  0.166735
7562.000000  0.184329
7573.000000  0.120568
7631.000000  0.169790
7672.000000  0.159428
7719.000000  0.171127
7755.000000  0.170311
7799.000000  0.193364
7810.000000  0.192928
7849.000000  0.221889
7882.000000  0.207732
7912.000000  0.222057
7928.000000  0.217861
7976.000000  0.234571
8016.000000  0.211970
8047.000000  0.208848
8068.000000  0.142212
8094.000000  0.152177
8113.000000  0.148393
8135.000000  0.147954
8170.000000  0.161069
8176.000000  0.124120
8218.000000  0.168024
8241.000000  0.167200
8241.000000  0.131733
8256.000000  0.161592
8274.000000  0.158478
8310.000000  0.201729
8352.000000  0.177820
8352.000000  0.121643
8381.000000  0.150963
8414.000000  0.180327
8450.000000  0.224567
8476.000000  0.205099
8516.000000  0.247375
8519.000000  0.183226
8539.000000  0.156374
8566.000000  0.215458
8597.000000  0.236986
8617.000000  0.130871
8656.000000  0.120129
8689.000000  0.122640
8716.000000  0.126782
8723.000000  0.111186
8740.000000  0.111824
8756.000000  0.117024
8774.000000  0.126124
8801.000000  0.237537
8841.000000  0.309038
8891.000000  0.345706
8895.000000  0.128252
8931.000000  0.146414
8981.000000  0.165843
9011.000000  0.150052
9045.000000  0.132779
9113.000000  0.170626
9149.000000  0.165892
9196.000000  0.143395
9226.000000  0.148436
9247.000000  0.152555
9278.000000  0.141235
9293.000000  0.150962
9303.000000  0.146282
9314.000000  0.158230
9340.000000  0.152946
9372.000000  0.173244
9407.000000  0.200548
9426.000000  0.180924
9478.000000  0.222928
9520.000000  0.203273
9551.000000  0.113549
9573.000000  0.120653
9592.000000  0.122381
9612.000000  0.105611
9646.000000  0.122686
9672.000000  0.138374
9687.000000  0.105297
9699.000000  0.107994
9726.000000  0.120916
9756.000000  0.105717
9762.000000  0.099375
9779.000000  0.103172
9790.000000  0.095235
9816.000000  0.107793
9841.000000  0.097310
9848.000000  0.102004
9849.000000  0.103768
9873.000000  0.130683
9886.000000  0.100840
9905.000000  0.116944
9918.000000  0.124981
9944.000000  0.105841
9984.000000  0.113024
10014.000000  0.113354
10059.000000  0.137022
10087.000000  0.113900
10164.000000  0.119236
10174.000000  0.109369
10188.000000  0.112198
10212.000000  0.111624
10227.000000  0.113657
10243.000000  0.101854
10254.000000  0.102493
10257.000000  0.092096
10259.000000  0.086298
10281.000000  0.109815
10302.000000  0.115331
10321.000000  0.112495
10347.000000  0.103169
10358.000000  0.101661
10368.000000  0.104058
10370.000000  0.090256
