4067.000000  1.054508
4790.000000  -0.318421
5599.000000  -0.254303
6289.000000  0.140868
6638.000000  0.036683
8038.000000  0.219829
9481.000000  0.154345
10715.000000  -0.005824
11778.000000  0.138895
13122.000000  -0.107045
13941.000000  0.066472
14571.000000  -0.061620
16025.000000  0.279188
17241.000000  0.019035
18035.000000  -0.425618
18592.000000  -0.195894
19153.000000  0.029531
19779.000000  0.227750
20472.000000  -0.088843
21281.000000  0.007999
22086.000000  -0.002330
22712.000000  -0.008001
23710.000000  0.361144
24591.000000  0.197636
25711.000000  -0.423726
26615.000000  0.118191
27438.000000  0.021964
28119.000000  -0.217702
29290.000000  0.010256
30446.000000  0.186810
31665.000000  0.030656
32568.000000  0.172552
33618.000000  -0.137281
34427.000000  -0.156286
34936.000000  -0.128678
35262.000000  0.015154
36460.000000  0.392230
37641.000000  0.212014
38857.000000  -0.237745
40144.000000  0.085860
41267.000000  0.032517
42215.000000  -0.028575
43073.000000  -0.371254
43533.000000  0.030602
44315.000000  0.892250
45409.000000  -0.459041
46278.000000  -0.172270
46864.000000  -0.264718
47008.000000  -0.038555
47643.000000  0.092246
48301.000000  -0.026717
48708.000000  -0.111353
49239.000000  -0.109278
49983.000000  0.052238
50784.000000  0.195466
51268.000000  0.050353
51882.000000  0.085503
53166.000000  0.234881
54638.000000  1.088851
55726.000000  -0.849385
56536.000000  -0.106255
57691.000000  0.550932
58975.000000  -0.085519
60152.000000  -0.200726
61347.000000  -0.050349
62647.000000  0.277474
64123.000000  0.042939
65388.000000  0.150934
66645.000000  -0.517973
67859.000000  0.549191
68908.000000  -0.268798
70319.000000  0.505685
72147.000000  0.292412
74148.000000  -0.143342
75758.000000  -0.485076
77294.000000  -0.072945
78572.000000  -0.216537
79897.000000  0.283977
81075.000000  0.871424
82110.000000  -0.273756
83019.000000  0.161347
83992.000000  0.543774
85390.000000  -0.895513
86345.000000  0.029255
87744.000000  0.318063
88815.000000  -0.785195
89691.000000  -0.020010
90606.000000  -0.126913
91438.000000  -0.063315
92748.000000  0.369646
93749.000000  -0.263470
95050.000000  0.175508
96077.000000  0.279644
96785.000000  -0.283716
97435.000000  -0.239733
98336.000000  -0.058897
99460.000000  0.317466
100918.000000  0.234498
102569.000000  0.151746
103904.000000  0.233253
104750.000000  0.059998
106184.000000  -0.364326
107383.000000  0.404522
108506.000000  -0.541705
109186.000000  0.773578
110021.000000  -0.139922
111521.000000  0.133100
112899.000000  -1.167204
114183.000000  2.245394
115850.000000  -0.328325
116832.000000  0.656200
118023.000000  -2.411334
118680.000000  -0.155311
119123.000000  0.023128
119999.000000  0.523736
120661.000000  0.017702
121280.000000  0.125842
122388.000000  0.458809
122947.000000  -0.519834
123640.000000  -0.114112
124337.000000  0.837155
124872.000000  -1.355814
125229.000000  0.407465
125850.000000  0.306629
126790.000000  -0.031053
127697.000000  -0.056919
128573.000000  -0.109304
129023.000000  0.769314
130215.000000  -1.126175
130485.000000  -0.274240
131025.000000  0.107100
131550.000000  0.045593
132118.000000  0.111014
132888.000000  -0.391691
133797.000000  0.143130
135066.000000  0.159909
136174.000000  -0.038695
137197.000000  0.341578
137799.000000  -0.049686
138450.000000  -0.228028
138694.000000  -0.225192
139098.000000  0.004989
139555.000000  0.220596
140060.000000  -0.093939
140367.000000  0.175330
140896.000000  -0.091867
141710.000000  0.244571
142587.000000  0.209805
143248.000000  0.205935
143985.000000  0.245611
144714.000000  -0.994568
145114.000000  -0.258201
145666.000000  0.853119
146065.000000  -0.062375
146164.000000  -0.908733
146182.000000  0.422105
146466.000000  -0.343994
147463.000000  0.803988
148135.000000  -0.158409
148523.000000  -0.521999
149091.000000  0.356761
149729.000000  0.065055
150278.000000  -0.331591
150558.000000  0.766251
151073.000000  0.226722
151527.000000  0.127847
151812.000000  0.141063
152353.000000  1.141596
152546.000000  -0.764341
152719.000000  -0.227581
153054.000000  1.231638
153081.000000  -0.204591
153199.000000  -2.610857
153483.000000  0.005161
153823.000000  -0.042582
154066.000000  0.061236
154086.000000  0.047918
154122.000000  0.870848
154359.000000  0.548676
155076.000000  -1.214717
155562.000000  -0.048105
155836.000000  0.194530
156219.000000  -0.295209
156221.000000  0.006266
156803.000000  0.210534
157405.000000  -0.231825
157937.000000  0.192854
157992.000000  0.057106
158057.000000  -0.469814
158167.000000  0.202206
158457.000000  0.087846
158845.000000  0.015442
159253.000000  0.190698
159625.000000  -0.089672
159996.000000  0.030824
160428.000000  -0.089212
160541.000000  -0.123144
160565.000000  -0.031799
