4067.000000  5.098701
4790.000000  7.035314
5599.000000  16.280769
6289.000000  12.201601
6638.000000  11.341741
8038.000000  11.795856
9481.000000  6.919281
10715.000000  6.211587
11778.000000  6.865443
13122.000000  5.160182
13941.000000  6.136920
14571.000000  5.674145
16025.000000  4.192936
17241.000000  6.505094
18035.000000  5.526073
18592.000000  11.774113
19153.000000  6.778440
19779.000000  7.188548
20472.000000  6.488808
21281.000000  6.749014
22086.000000  6.800690
22712.000000  5.581396
23710.000000  6.030501
24591.000000  4.607543
25711.000000  6.669430
26615.000000  5.393258
27438.000000  9.217136
28119.000000  7.932343
29290.000000  8.435891
30446.000000  8.256631
31665.000000  7.322209
32568.000000  5.979559
33618.000000  9.086947
34427.000000  5.541993
34936.000000  7.902729
35262.000000  7.814593
36460.000000  4.326541
37641.000000  4.636521
38857.000000  5.808648
40144.000000  6.507741
41267.000000  6.084643
42215.000000  5.070286
43073.000000  8.607138
43533.000000  6.886984
44315.000000  36.351967
45409.000000  15.896426
46278.000000  8.090130
46864.000000  8.750726
47008.000000  9.278551
47643.000000  8.895594
48301.000000  7.170083
48708.000000  9.235006
49239.000000  9.193817
49983.000000  10.185330
50784.000000  7.529397
51268.000000  13.016920
51882.000000  7.356093
53166.000000  7.645236
54638.000000  39.056625
55726.000000  5.318438
56536.000000  22.415770
57691.000000  22.067026
58975.000000  14.991866
60152.000000  16.283806
61347.000000  8.163538
62647.000000  18.040955
64123.000000  24.605083
65388.000000  17.868490
66645.000000  12.777451
67859.000000  14.213549
68908.000000  25.646448
70319.000000  18.959679
72147.000000  12.565310
74148.000000  10.509593
75758.000000  4.551382
77294.000000  5.419064
78572.000000  5.412399
79897.000000  6.694183
81075.000000  3.136214
82110.000000  3.390965
83019.000000  2.912599
83992.000000  2.169211
85390.000000  3.057502
86345.000000  2.774262
87744.000000  3.315520
88815.000000  5.048401
89691.000000  4.493129
90606.000000  7.037920
91438.000000  5.287566
92748.000000  5.271292
93749.000000  5.896013
95050.000000  9.253598
96077.000000  4.981704
96785.000000  4.515282
97435.000000  5.566232
98336.000000  6.473314
99460.000000  6.732342
100918.000000  4.710968
102569.000000  5.328620
103904.000000  3.164746
104750.000000  2.869078
106184.000000  4.129587
107383.000000  2.722909
108506.000000  3.773289
109186.000000  2.531774
110021.000000  3.341642
111521.000000  3.184118
112899.000000  4.400991
114183.000000  2.595298
115850.000000  2.689278
116832.000000  2.317853
118023.000000  5.407913
118680.000000  4.636179
119123.000000  3.407674
119999.000000  3.268896
120661.000000  2.487392
121280.000000  3.673726
122388.000000  2.999047
122947.000000  2.648029
123640.000000  2.509842
124337.000000  2.494546
124872.000000  3.165170
125229.000000  3.338564
125850.000000  2.811759
126790.000000  2.616873
127697.000000  3.198360
128573.000000  2.841194
129023.000000  2.288439
130215.000000  3.818163
130485.000000  3.877281
131025.000000  3.376518
131550.000000  3.862070
132118.000000  3.191200
132888.000000  3.234506
133797.000000  4.065772
135066.000000  3.179840
136174.000000  3.580347
137197.000000  2.859422
137799.000000  2.964513
138450.000000  4.752341
138694.000000  4.938915
139098.000000  3.926014
139555.000000  3.848552
140060.000000  2.888941
140367.000000  2.975451
140896.000000  2.828865
141710.000000  3.707365
142587.000000  2.787867
143248.000000  3.426301
143985.000000  2.328606
144714.000000  3.841904
145114.000000  5.281355
145666.000000  2.747096
146065.000000  2.621546
146164.000000  4.013020
146182.000000  4.350940
146466.000000  3.653855
147463.000000  2.338428
148135.000000  2.673651
148523.000000  3.499956
149091.000000  3.034337
149729.000000  3.214554
150278.000000  4.313916
150558.000000  2.802411
151073.000000  2.385597
151527.000000  1.924687
151812.000000  2.087074
152353.000000  1.183614
152546.000000  1.821018
152719.000000  1.846078
153054.000000  1.547317
153081.000000  1.514807
153199.000000  4.321192
153483.000000  3.662466
153823.000000  4.323095
154066.000000  3.232490
154086.000000  3.870007
154122.000000  2.305213
154359.000000  2.138473
155076.000000  2.663753
155562.000000  2.572065
155836.000000  2.147301
156219.000000  4.163136
156221.000000  3.212493
156803.000000  3.874167
157405.000000  2.979005
157937.000000  3.051844
157992.000000  2.391464
158057.000000  3.277225
158167.000000  2.838706
158457.000000  3.218374
158845.000000  3.278371
159253.000000  2.984874
159625.000000  2.828938
159996.000000  2.338442
160428.000000  2.681606
160541.000000  3.135194
160565.000000  3.834448
