216.000000  0.176316
310.000000  0.159628
439.000000  0.180760
505.000000  0.124765
571.000000  0.147002
640.000000  0.146616
690.000000  0.096957
765.000000  0.121935
836.000000  0.137186
915.000000  0.158283
995.000000  0.151122
1094.000000  0.158982
1182.000000  0.189340
1242.000000  0.116097
1319.000000  0.162065
1377.000000  0.170394
1422.000000  0.140870
1476.000000  0.141314
1528.000000  0.169993
1583.000000  0.168488
1638.000000  0.162401
1693.000000  0.137494
1762.000000  0.137776
1822.000000  0.162044
1908.000000  0.173308
1991.000000  0.180200
2058.000000  0.154172
2155.000000  0.197009
2227.000000  0.203870
2272.000000  0.169155
2314.000000  0.183120
2380.000000  0.153238
2467.000000  0.219767
2577.000000  0.262559
2665.000000  0.211627
2750.000000  0.217004
2823.000000  0.167666
2926.000000  0.241152
3014.000000  0.234151
3093.000000  0.213154
3173.000000  0.181780
3207.000000  0.188995
3255.000000  0.195065
3346.000000  0.217766
3433.000000  0.187371
3535.000000  0.179094
3622.000000  0.198640
3643.000000  0.202264
3644.000000  0.187365
3649.000000  0.150234
3690.000000  0.209001
3799.000000  0.224990
3920.000000  0.212574
3998.000000  0.224412
4084.000000  0.259642
4199.000000  0.246172
4284.000000  0.246741
4363.000000  0.250167
4448.000000  0.259756
4534.000000  0.226210
4604.000000  0.214583
4687.000000  0.240271
4770.000000  0.252280
4840.000000  0.233974
4921.000000  0.219160
5025.000000  0.287384
5154.000000  0.261638
5289.000000  0.280426
5391.000000  0.272243
5493.000000  0.279217
5587.000000  0.300060
5666.000000  0.294398
5747.000000  0.266075
5831.000000  0.308685
5917.000000  0.298094
5924.000000  0.240912
5994.000000  0.278275
6067.000000  0.286000
6147.000000  0.317366
6232.000000  0.256443
6319.000000  0.310870
6394.000000  0.283002
6476.000000  0.305456
6559.000000  0.247016
6608.000000  0.283191
6686.000000  0.279977
6742.000000  0.267625
6827.000000  0.312857
6911.000000  0.322725
6996.000000  0.272466
7084.000000  0.327556
7165.000000  0.296139
7240.000000  0.264867
7308.000000  0.308118
7412.000000  0.319196
7485.000000  0.326105
7568.000000  0.321339
7652.000000  0.288259
7720.000000  0.362567
7759.000000  0.264455
7793.000000  0.260406
7852.000000  0.268014
7899.000000  0.216738
7962.000000  0.243771
8009.000000  0.226621
8040.000000  0.258130
8106.000000  0.269360
8196.000000  0.267769
8307.000000  0.291027
8355.000000  0.255377
8431.000000  0.299124
8503.000000  0.267835
8619.000000  0.302256
8698.000000  0.303024
8714.000000  0.297723
8803.000000  0.257533
8884.000000  0.300083
8926.000000  0.286016
8974.000000  0.289886
9032.000000  0.286455
9074.000000  0.308669
9217.000000  0.281050
9288.000000  0.324751
9360.000000  0.315832
9426.000000  0.306166
9477.000000  0.308877
9543.000000  0.291441
9610.000000  0.312302
9680.000000  0.324433
9739.000000  0.301287
9791.000000  0.292940
9843.000000  0.254769
9895.000000  0.278684
9969.000000  0.321241
10065.000000  0.328146
10127.000000  0.317896
10201.000000  0.265085
10276.000000  0.267250
10351.000000  0.316517
10425.000000  0.347804
10498.000000  0.308368
10560.000000  0.265324
10636.000000  0.272654
10710.000000  0.327844
10785.000000  0.320474
10858.000000  0.311295
10920.000000  0.304357
10998.000000  0.335991
11046.000000  0.319894
11104.000000  0.310463
11172.000000  0.326228
11237.000000  0.279607
11308.000000  0.290559
11374.000000  0.324320
11478.000000  0.410319
11582.000000  0.374728
11709.000000  0.341072
11800.000000  0.369324
11893.000000  0.357571
11986.000000  0.366230
12061.000000  0.401181
12133.000000  0.365128
12211.000000  0.347925
12297.000000  0.400908
12354.000000  0.371218
12445.000000  0.423510
12520.000000  0.429480
12601.000000  0.365879
12710.000000  0.412139
12783.000000  0.407569
12858.000000  0.384491
12952.000000  0.378081
13031.000000  0.391920
13121.000000  0.347872
13204.000000  0.454049
13305.000000  0.370806
13315.000000  0.355874
13340.000000  0.473278
13342.000000  0.446524
13343.000000  0.515613
13345.000000  0.327387
13346.000000  0.357861
13390.000000  0.345445
13535.000000  0.361878
13617.000000  0.357099
13724.000000  0.407485
13812.000000  0.345233
13883.000000  0.381112
13964.000000  0.403929
14046.000000  0.391267
14125.000000  0.350989
14210.000000  0.351046
14289.000000  0.406009
14368.000000  0.410734
14456.000000  0.413929
14539.000000  0.390524
14618.000000  0.424872
14696.000000  0.405408
14785.000000  0.385412
14868.000000  0.410951
14946.000000  0.438074
15031.000000  0.444880
15109.000000  0.448358
15189.000000  0.389170
15278.000000  0.406847
15372.000000  0.452762
15404.000000  0.414526
15492.000000  0.438701
15570.000000  0.441537
15651.000000  0.435388
15741.000000  0.398560
15818.000000  0.427343
15891.000000  0.450898
15985.000000  0.428403
16044.000000  0.439489
16132.000000  0.447486
16215.000000  0.453707
16300.000000  0.434432
16380.000000  0.427203
16459.000000  0.466169
16544.000000  0.408692
16623.000000  0.442543
16680.000000  0.432715
16749.000000  0.491726
16817.000000  0.466516
16905.000000  0.434798
16990.000000  0.462334
17067.000000  0.424899
17146.000000  0.430078
17230.000000  0.476682
17317.000000  0.475421
17394.000000  0.446405
17473.000000  0.462175
17557.000000  0.455494
17644.000000  0.476871
17721.000000  0.476105
17800.000000  0.475088
17884.000000  0.439126
17971.000000  0.492166
18046.000000  0.482479
18126.000000  0.485809
18205.000000  0.475290
18278.000000  0.478487
18348.000000  0.479714
18427.000000  0.495834
18514.000000  0.491433
18573.000000  0.464282
18661.000000  0.490912
18748.000000  0.472270
18848.000000  0.506837
18985.000000  0.517621
19086.000000  0.541071
19144.000000  0.565272
19193.000000  0.559277
19245.000000  0.548097
19310.000000  0.581343
19392.000000  0.577452
19503.000000  0.599720
19606.000000  0.568772
19693.000000  0.563721
19803.000000  0.585243
19908.000000  0.605599
20032.000000  0.563696
20109.000000  0.560834
20185.000000  0.607999
20285.000000  0.606736
20391.000000  0.561835
20496.000000  0.611859
20509.000000  0.515597
20537.000000  0.568225
20588.000000  0.580312
20634.000000  0.583494
20694.000000  0.569827
20781.000000  0.576065
20825.000000  0.571501
20861.000000  0.550466
20918.000000  0.634299
20989.000000  0.695493
21018.000000  0.663339
21039.000000  0.795663
21073.000000  0.875562
21139.000000  0.742496
21180.000000  0.712190
21235.000000  0.706398
21280.000000  0.717793
21356.000000  0.732433
21411.000000  0.665792
21475.000000  0.605910
21505.000000  0.638815
21532.000000  0.869549
21538.000000  1.665135
21555.000000  0.835857
21674.000000  0.455119
21800.000000  0.438862
21901.000000  0.452777
22018.000000  0.492081
22083.000000  0.470542
22135.000000  0.451449
22204.000000  0.418419
22280.000000  0.460756
22346.000000  0.452480
22407.000000  0.475047
22441.000000  0.401109
22479.000000  0.438119
22508.000000  0.362957
22545.000000  0.464993
22615.000000  0.430163
22703.000000  0.449668
22782.000000  0.446216
22892.000000  0.465999
22980.000000  0.458649
23008.000000  0.444016
23014.000000  0.417068
23107.000000  0.447638
23190.000000  0.437782
23252.000000  0.459033
23319.000000  0.435536
23383.000000  0.418679
23385.000000  0.415175
23441.000000  0.413797
23535.000000  0.435494
23633.000000  0.452145
23745.000000  0.445433
23806.000000  0.450456
23885.000000  0.466964
23929.000000  0.458361
24004.000000  0.484465
24082.000000  0.480827
24105.000000  0.449563
24153.000000  0.469826
24187.000000  0.399959
24255.000000  0.419408
24373.000000  0.448836
24459.000000  0.434044
24554.000000  0.460404
24633.000000  0.453508
24706.000000  0.469008
24740.000000  0.458475
24780.000000  0.422939
24871.000000  0.417863
24955.000000  0.441351
25045.000000  0.467392
25126.000000  0.467201
25215.000000  0.478475
25278.000000  0.473442
25293.000000  0.432130
25361.000000  0.436922
25446.000000  0.461527
25543.000000  0.470022
25644.000000  0.484217
25739.000000  0.488776
25812.000000  0.467982
25899.000000  0.437422
25971.000000  0.483161
26042.000000  0.461186
26095.000000  0.485624
26098.000000  0.426351
26158.000000  0.359176
26276.000000  0.442090
26369.000000  0.448563
26441.000000  0.473148
26518.000000  0.493924
26610.000000  0.425573
26669.000000  0.425509
26699.000000  0.465138
26755.000000  0.447543
26849.000000  0.427357
26948.000000  0.467146
27033.000000  0.469389
27128.000000  0.485152
27220.000000  0.489294
27257.000000  0.466511
27282.000000  0.475538
27298.000000  0.374848
27372.000000  0.458106
27405.000000  0.415755
27452.000000  0.384447
27495.000000  0.428376
27555.000000  0.441141
27616.000000  0.442914
27697.000000  0.435410
27757.000000  0.408492
27868.000000  0.447588
27966.000000  0.438248
28050.000000  0.427058
28131.000000  0.485901
28225.000000  0.473871
28266.000000  0.506752
28303.000000  0.442513
28360.000000  0.473403
28427.000000  0.551084
28487.000000  1.101042
28606.000000  0.568888
28695.000000  0.560365
28773.000000  0.461089
28870.000000  0.508229
28956.000000  0.493262
29004.000000  0.474631
29114.000000  0.550211
29121.000000  0.635298
29150.000000  0.597100
29191.000000  0.600745
29242.000000  0.608015
29327.000000  0.584414
29431.000000  0.695102
29535.000000  0.583238
29626.000000  0.463570
29720.000000  0.471461
29784.000000  0.502253
29812.000000  0.505082
29848.000000  0.467873
29869.000000  0.485358
29871.000000  0.664692
29911.000000  0.605479
29965.000000  0.524473
30058.000000  0.446038
30119.000000  0.433021
30157.000000  0.403580
30206.000000  0.420836
30242.000000  0.430009
30246.000000  0.423630
30281.000000  0.474768
30371.000000  0.448190
30426.000000  0.394555
30504.000000  0.454452
30600.000000  0.464354
30719.000000  0.460212
30721.000000  0.420181
30781.000000  0.472852
30809.000000  0.458212
30854.000000  0.471690
30859.000000  0.415147
30904.000000  0.436645
30949.000000  0.472129
30997.000000  0.381847
31047.000000  0.422947
31112.000000  0.435452
31146.000000  0.379407
31228.000000  0.457201
31311.000000  0.437522
31399.000000  0.455722
31433.000000  0.428669
31483.000000  0.450539
31589.000000  0.465791
31687.000000  0.462827
31814.000000  0.492986
31894.000000  0.478453
31929.000000  0.452112
31986.000000  0.498530
32090.000000  0.449680
32181.000000  0.480999
32253.000000  0.425241
32337.000000  0.454339
32367.000000  0.461424
32370.000000  0.428838
32492.000000  0.483964
32575.000000  0.492457
32654.000000  0.485535
32759.000000  0.451857
32799.000000  0.506764
32805.000000  0.422983
32905.000000  0.453347
32984.000000  0.445102
33027.000000  0.439865
33040.000000  0.425705
33064.000000  0.428592
33079.000000  0.437368
33102.000000  0.429313
33133.000000  0.433551
33286.000000  0.483860
33369.000000  0.424419
33465.000000  0.465789
33509.000000  0.463719
33583.000000  0.468377
33681.000000  0.460378
33761.000000  0.460368
33860.000000  0.480945
33957.000000  0.463443
34041.000000  0.490158
34117.000000  0.496151
34126.000000  0.440001
34206.000000  0.459415
34292.000000  0.449723
34316.000000  0.453965
34367.000000  0.450149
34455.000000  0.450784
34532.000000  0.438601
34658.000000  0.476588
34794.000000  0.500707
34818.000000  0.444749
34895.000000  0.491551
34973.000000  0.498053
35037.000000  0.413086
35095.000000  0.440090
35159.000000  0.434370
35196.000000  0.403280
35237.000000  0.450718
35264.000000  0.561122
35322.000000  0.467153
35394.000000  0.435944
35462.000000  0.463554
35487.000000  0.443542
35547.000000  0.447632
35621.000000  0.445126
35679.000000  0.423447
35721.000000  0.449500
35730.000000  0.444127
35808.000000  0.464449
35886.000000  0.457081
35985.000000  0.415498
36070.000000  0.449071
36143.000000  0.427425
36148.000000  0.431776
36184.000000  0.570621
36240.000000  0.574998
36267.000000  0.652447
36314.000000  0.434029
36341.000000  0.404196
36369.000000  0.420342
36394.000000  0.429279
36396.000000  0.411430
36441.000000  0.421910
36533.000000  0.441036
36658.000000  0.473097
36780.000000  0.437406
36851.000000  0.478770
36893.000000  0.469992
36926.000000  0.453786
36983.000000  0.431123
37064.000000  0.410605
37148.000000  0.455181
37246.000000  0.473584
37317.000000  0.472489
37400.000000  0.484703
37483.000000  0.491028
37570.000000  0.461093
37653.000000  0.432080
37733.000000  0.457119
37810.000000  0.432613
37894.000000  0.486637
37986.000000  0.492608
38030.000000  0.416854
38143.000000  0.417899
38284.000000  0.487414
38368.000000  0.486747
38492.000000  0.509741
38566.000000  0.473632
38706.000000  0.502744
38807.000000  0.495571
38888.000000  0.506465
38966.000000  0.515698
39050.000000  0.457180
39136.000000  0.505870
39212.000000  0.500114
39278.000000  0.491962
39367.000000  0.538982
39440.000000  0.473980
39526.000000  0.534017
39621.000000  0.521238
39654.000000  0.503770
39739.000000  0.543931
39810.000000  0.565730
39875.000000  0.529959
39944.000000  0.612618
40018.000000  0.519065
40111.000000  0.566927
40191.000000  0.513781
40267.000000  0.535707
40282.000000  0.534835
40288.000000  0.440415
40289.000000  0.450032
40326.000000  0.479370
40362.000000  0.455922
40415.000000  0.464248
40501.000000  0.455151
40607.000000  0.475624
40688.000000  0.428253
40770.000000  0.417159
40792.000000  0.476836
40793.000000  0.447166
40798.000000  0.437723
40812.000000  0.913763
40815.000000  0.437286
40816.000000  0.433710
