816.000000  0.211498
1006.000000  -0.048280
1237.000000  0.007431
1403.000000  -0.038467
1547.000000  0.016900
1722.000000  0.012851
1926.000000  0.061949
2155.000000  -0.044365
2452.000000  0.037142
2702.000000  0.015439
2909.000000  -0.009654
3125.000000  0.024841
3178.000000  -0.104141
3386.000000  0.101850
3593.000000  -0.006814
3818.000000  0.001565
3989.000000  0.005455
4144.000000  -0.067019
4289.000000  -0.017575
4350.000000  -0.055629
4475.000000  0.042497
4615.000000  0.003111
4668.000000  -0.044594
4713.000000  0.004555
4782.000000  0.041874
4865.000000  0.016387
4969.000000  0.014731
5086.000000  -0.012182
5250.000000  0.031726
5488.000000  0.030982
5497.000000  -0.113768
5699.000000  0.129846
5946.000000  -0.017122
6197.000000  0.019396
6429.000000  0.019768
6705.000000  0.011491
6943.000000  -0.014625
7126.000000  -0.053056
7250.000000  -0.002259
7344.000000  -0.037567
7426.000000  -0.007986
7533.000000  0.007004
7750.000000  0.078323
7888.000000  -0.016607
8083.000000  0.054672
8209.000000  -0.044667
8305.000000  -0.022741
8396.000000  -0.030860
8464.000000  0.004312
8579.000000  0.021200
8698.000000  -0.000922
8858.000000  0.011643
9044.000000  -0.005237
9239.000000  0.024900
9483.000000  0.026168
9654.000000  -0.001342
9693.000000  -0.063412
9904.000000  0.063945
10100.000000  0.016728
10241.000000  -0.055216
10344.000000  -0.018206
10484.000000  0.023197
10612.000000  0.036419
10765.000000  -0.017540
10861.000000  -0.016777
10981.000000  0.018561
11071.000000  -0.064477
11210.000000  0.042667
11373.000000  0.015362
11494.000000  -0.052812
11512.000000  -0.039670
11650.000000  0.064757
11770.000000  -0.019365
11903.000000  0.008164
12002.000000  -0.017180
12139.000000  0.041229
12302.000000  -0.003206
12460.000000  0.014697
12661.000000  0.122483
12819.000000  -0.018956
12997.000000  0.004969
13186.000000  -0.012363
13324.000000  0.078403
13386.000000  -0.070736
13688.000000  0.058445
13748.000000  -0.056433
14005.000000  0.081462
14250.000000  0.294016
14499.000000  -0.006959
14676.000000  -0.051632
14786.000000  -0.061673
14864.000000  -0.042466
14950.000000  -0.007913
15060.000000  -0.243785
15240.000000  0.019014
15443.000000  0.027792
15550.000000  -0.042046
15646.000000  -0.017106
15753.000000  0.278771
15922.000000  -0.214949
15984.000000  -0.084006
16205.000000  0.085644
16253.000000  -0.040403
16494.000000  0.081885
16732.000000  -0.005163
16968.000000  0.027906
17246.000000  -0.008824
17415.000000  -0.055636
17633.000000  0.040594
17855.000000  0.026010
18159.000000  0.018848
18505.000000  0.114687
18816.000000  -0.054466
19111.000000  -0.037560
19320.000000  0.018527
19507.000000  -0.120208
19653.000000  -0.012168
19836.000000  0.060811
19994.000000  0.017178
20117.000000  -0.000102
20264.000000  0.036109
20353.000000  0.049338
20463.000000  0.048449
20563.000000  -0.042900
20691.000000  0.060132
20787.000000  0.065799
20921.000000  -0.251896
21010.000000  0.011866
21150.000000  0.045324
21307.000000  0.036484
21403.000000  -0.155836
21507.000000  0.059331
21649.000000  -0.012462
21802.000000  0.048585
21955.000000  0.090518
22127.000000  -0.026841
22262.000000  -0.008565
22457.000000  -0.028660
22699.000000  0.103349
22874.000000  -0.164823
23075.000000  0.040994
23341.000000  0.034598
23607.000000  0.070595
23838.000000  -0.010600
24039.000000  0.022836
24237.000000  0.052365
24441.000000  -0.098675
24636.000000  0.016476
24747.000000  -0.025011
25022.000000  0.033576
25100.000000  -0.044316
25355.000000  0.140359
25593.000000  -0.077089
25822.000000  0.033745
26043.000000  -0.044035
26296.000000  0.016452
26497.000000  -0.009947
26715.000000  0.048116
26877.000000  0.119720
27039.000000  -0.324538
27252.000000  0.203658
27430.000000  0.042672
27642.000000  0.086034
27868.000000  -0.009702
28044.000000  -0.062879
28231.000000  0.005581
28401.000000  -0.044603
28585.000000  0.063575
28703.000000  -0.304456
28864.000000  0.050527
29063.000000  0.037567
29251.000000  0.014794
29384.000000  -0.033200
29519.000000  -0.021152
29699.000000  0.148855
29951.000000  -0.010724
30126.000000  -0.099815
30288.000000  -0.023001
30449.000000  -0.032634
30594.000000  -0.016147
30748.000000  0.040145
30898.000000  -0.006174
31043.000000  -0.036291
31161.000000  0.023218
31230.000000  -0.038836
31323.000000  0.030446
31389.000000  -0.016643
31478.000000  0.083696
31580.000000  0.003762
31674.000000  -0.011145
31716.000000  -0.026378
31718.000000  0.025608
31903.000000  0.046514
32040.000000  0.106673
32108.000000  -0.074514
32258.000000  0.031918
32385.000000  0.075816
32567.000000  0.045947
32730.000000  0.294539
32819.000000  -0.620478
32958.000000  0.060204
33102.000000  0.404299
33337.000000  0.228475
33453.000000  -0.113884
33580.000000  0.152457
33645.000000  -0.676843
33730.000000  -0.006733
33910.000000  0.070734
34071.000000  0.045657
34188.000000  -0.017381
34280.000000  0.068479
34363.000000  -0.020958
34467.000000  0.051136
34549.000000  -0.021740
34631.000000  0.013920
34702.000000  0.088285
34780.000000  -0.166590
34844.000000  -0.157654
34859.000000  -0.035121
34918.000000  0.034911
34979.000000  -0.013588
35037.000000  0.008351
35117.000000  0.019721
35193.000000  -0.004450
35264.000000  -0.013367
35282.000000  -0.008386
35346.000000  0.021639
35489.000000  0.034146
35585.000000  -0.005922
35727.000000  0.007696
35824.000000  -0.009447
35903.000000  -0.019781
35987.000000  0.012901
36072.000000  0.022358
36210.000000  -0.007160
36359.000000  0.035021
36494.000000  -0.012517
36609.000000  0.002099
36706.000000  -0.044206
36804.000000  0.046364
36851.000000  -0.004034
36860.000000  -0.051739
36879.000000  -0.025880
36946.000000  0.046188
37002.000000  -0.007403
37051.000000  -0.013442
37095.000000  -0.012263
37119.000000  0.705470
37121.000000  -0.712389
37187.000000  -0.000338
37348.000000  0.042424
37506.000000  0.002001
37655.000000  0.031370
37669.000000  -0.067350
37744.000000  0.020942
37773.000000  -0.014783
37843.000000  -0.004302
37858.000000  -0.008031
37955.000000  0.003913
37993.000000  0.009876
38069.000000  0.003231
38152.000000  -0.004924
38245.000000  0.028317
38346.000000  0.002565
38409.000000  0.001763
38461.000000  -0.042554
38609.000000  0.042922
38689.000000  0.019503
38886.000000  0.033428
39069.000000  -0.006191
39187.000000  -0.017478
39263.000000  0.007896
39271.000000  -0.066104
39323.000000  0.034475
39372.000000  -0.011802
39408.000000  -0.011370
39488.000000  0.001239
39568.000000  0.043736
39685.000000  -0.007962
39755.000000  -0.005755
39773.000000  -0.011832
39846.000000  0.027067
39963.000000  0.035829
40105.000000  -0.014748
40204.000000  0.035124
40334.000000  0.013577
40462.000000  0.019876
40585.000000  0.005048
40647.000000  -0.044193
40711.000000  -0.003909
40733.000000  -0.076614
40780.000000  0.037491
40818.000000  0.071960
40821.000000  -0.108849
40825.000000  -0.029063
