816.000000  0.142706
1006.000000  0.123915
1237.000000  0.124184
1403.000000  0.082439
1547.000000  0.101363
1722.000000  0.115407
1926.000000  0.134672
2155.000000  0.129093
2452.000000  0.163066
2702.000000  0.175438
2909.000000  0.161323
3125.000000  0.182929
3178.000000  0.085691
3386.000000  0.182981
3593.000000  0.174351
3818.000000  0.175925
3989.000000  0.179473
4144.000000  0.101924
4289.000000  0.085431
4350.000000  0.032884
4475.000000  0.071902
4615.000000  0.081431
4668.000000  0.038412
4713.000000  0.036115
4782.000000  0.081395
4865.000000  0.097299
4969.000000  0.110111
5086.000000  0.096878
5250.000000  0.125742
5488.000000  0.151821
5497.000000  0.044129
5699.000000  0.169078
5946.000000  0.151045
6197.000000  0.167507
6429.000000  0.184536
6705.000000  0.192013
6943.000000  0.159592
7126.000000  0.126019
7250.000000  0.118720
7344.000000  0.085070
7426.000000  0.077355
7533.000000  0.083440
7750.000000  0.148141
7888.000000  0.126664
8083.000000  0.178046
8209.000000  0.146747
8305.000000  0.122211
8396.000000  0.090847
8464.000000  0.094851
8579.000000  0.107117
8698.000000  0.109319
8858.000000  0.113489
9044.000000  0.115818
9239.000000  0.138640
9483.000000  0.157133
9654.000000  0.159671
9693.000000  0.097562
9904.000000  0.149172
10100.000000  0.168295
10241.000000  0.114586
10344.000000  0.094076
10484.000000  0.114719
10612.000000  0.144672
10765.000000  0.128899
10861.000000  0.112753
10981.000000  0.133416
11071.000000  0.071040
11210.000000  0.104095
11373.000000  0.120998
11494.000000  0.070058
11512.000000  0.036618
11650.000000  0.090012
11770.000000  0.073654
11903.000000  0.075294
12002.000000  0.056283
12139.000000  0.084822
12302.000000  0.084361
12460.000000  0.099728
12661.000000  0.119176
12819.000000  0.105367
12997.000000  0.127509
13186.000000  0.125489
13324.000000  0.134882
13386.000000  0.118466
13688.000000  0.181507
13748.000000  0.138280
14005.000000  0.193398
14250.000000  0.228944
14499.000000  0.214972
14676.000000  0.145246
14786.000000  0.101640
14864.000000  0.050246
14950.000000  0.053304
15060.000000  0.127658
15240.000000  0.140316
15443.000000  0.157933
15550.000000  0.098646
15646.000000  0.120925
15753.000000  0.105794
15922.000000  0.138592
15984.000000  0.111318
16205.000000  0.177882
16253.000000  0.124947
16494.000000  0.197480
16732.000000  0.216423
16968.000000  0.214703
17246.000000  0.222370
17415.000000  0.169281
17633.000000  0.170479
17855.000000  0.215113
18159.000000  0.233167
18505.000000  0.254445
18816.000000  0.263836
19111.000000  0.199159
19320.000000  0.238884
19507.000000  0.161647
19653.000000  0.132751
19836.000000  0.172235
19994.000000  0.210227
20117.000000  0.207400
20264.000000  0.253124
20353.000000  0.308232
20463.000000  0.334580
20563.000000  0.309873
20691.000000  0.369976
20787.000000  0.427552
20921.000000  0.183449
21010.000000  0.196434
21150.000000  0.209175
21307.000000  0.256917
21403.000000  0.121061
21507.000000  0.163534
21649.000000  0.147643
21802.000000  0.204927
21955.000000  0.272352
22127.000000  0.250299
22262.000000  0.228643
22457.000000  0.213515
22699.000000  0.309760
22874.000000  0.146451
23075.000000  0.174197
23341.000000  0.184669
23607.000000  0.235894
23838.000000  0.218300
24039.000000  0.295254
24237.000000  0.348417
24441.000000  0.258893
24636.000000  0.268550
24747.000000  0.256765
25022.000000  0.266081
25100.000000  0.241884
25355.000000  0.370078
25593.000000  0.283970
25822.000000  0.327301
26043.000000  0.274443
26296.000000  0.285559
26497.000000  0.276818
26715.000000  0.328500
26877.000000  0.444607
27039.000000  0.128038
27252.000000  0.308289
27430.000000  0.358172
27642.000000  0.436573
27868.000000  0.434855
28044.000000  0.369403
28231.000000  0.366415
28401.000000  0.331572
28585.000000  0.391600
28703.000000  0.087271
28864.000000  0.131893
29063.000000  0.178770
29251.000000  0.189150
29384.000000  0.145675
29519.000000  0.118656
29699.000000  0.274401
29951.000000  0.266078
30126.000000  0.157015
30288.000000  0.145173
30449.000000  0.101952
30594.000000  0.098368
30748.000000  0.114920
30898.000000  0.122364
31043.000000  0.085042
31161.000000  0.102574
31230.000000  0.070194
31323.000000  0.090577
31389.000000  0.088979
31478.000000  0.167669
31580.000000  0.163408
31674.000000  0.145738
31716.000000  0.123824
31718.000000  0.158031
31903.000000  0.202504
32040.000000  0.300309
32108.000000  0.232189
32258.000000  0.254922
32385.000000  0.322070
32567.000000  0.365344
32730.000000  0.667380
32819.000000  0.054939
32958.000000  0.091613
33102.000000  0.497675
33337.000000  0.724464
33453.000000  0.614310
33580.000000  0.759171
33645.000000  0.108296
33730.000000  0.096625
33910.000000  0.169108
34071.000000  0.208216
34188.000000  0.183294
34280.000000  0.249017
34363.000000  0.228443
34467.000000  0.278014
34549.000000  0.268550
34631.000000  0.277456
34702.000000  0.364806
34780.000000  0.185663
34844.000000  0.042003
34859.000000  0.018238
34918.000000  0.028725
34979.000000  0.028983
35037.000000  0.028970
35117.000000  0.043825
35193.000000  0.039454
35264.000000  0.038294
35282.000000  0.027464
35346.000000  0.047695
35489.000000  0.085579
35585.000000  0.076797
35727.000000  0.080505
35824.000000  0.078999
35903.000000  0.056153
35987.000000  0.059217
36072.000000  0.089602
36210.000000  0.079118
36359.000000  0.104571
36494.000000  0.103059
36609.000000  0.099005
36706.000000  0.054459
36804.000000  0.075487
36851.000000  0.084309
36860.000000  0.031037
36879.000000  0.008189
36946.000000  0.053992
37002.000000  0.064885
37051.000000  0.043827
37095.000000  0.029291
37119.000000  0.010724
37121.000000  0.004866
37187.000000  0.023517
37348.000000  0.060337
37506.000000  0.069789
37655.000000  0.099845
37669.000000  0.029761
37744.000000  0.050295
37773.000000  0.041559
37843.000000  0.025524
37858.000000  0.019591
37955.000000  0.029474
37993.000000  0.014015
38069.000000  0.042940
38152.000000  0.036801
38245.000000  0.050634
38346.000000  0.067082
38409.000000  0.068581
38461.000000  0.023432
38609.000000  0.051970
38689.000000  0.075007
38886.000000  0.100027
39069.000000  0.106028
39187.000000  0.089970
39263.000000  0.076741
39271.000000  0.032202
39323.000000  0.059042
39372.000000  0.046439
39408.000000  0.036962
39488.000000  0.040553
39568.000000  0.075120
39685.000000  0.064966
39755.000000  0.063457
39773.000000  0.041417
39846.000000  0.075340
39963.000000  0.110310
40105.000000  0.088250
40204.000000  0.114137
40334.000000  0.128746
40462.000000  0.151854
40585.000000  0.162565
40647.000000  0.106839
40711.000000  0.107345
40733.000000  0.045069
40780.000000  0.077633
40818.000000  0.132263
40821.000000  0.047084
40825.000000  0.005221
