816.000000  0.142706
1006.000000  -0.018791
1237.000000  0.000269
1403.000000  -0.041745
1547.000000  0.018924
1722.000000  0.014044
1926.000000  0.019264
2155.000000  -0.005579
2452.000000  0.033973
2702.000000  0.012371
2909.000000  -0.014115
3125.000000  0.021606
3178.000000  -0.097238
3386.000000  0.097290
3593.000000  -0.008630
3818.000000  0.001574
3989.000000  0.003548
4144.000000  -0.077549
4289.000000  -0.016493
4350.000000  -0.052547
4475.000000  0.039018
4615.000000  0.009529
4668.000000  -0.043019
4713.000000  -0.002297
4782.000000  0.045280
4865.000000  0.015904
4969.000000  0.012812
5086.000000  -0.013233
5250.000000  0.028864
5488.000000  0.026080
5497.000000  -0.107693
5699.000000  0.124949
5946.000000  -0.018033
6197.000000  0.016463
6429.000000  0.017029
6705.000000  0.007477
6943.000000  -0.032421
7126.000000  -0.033573
7250.000000  -0.007299
7344.000000  -0.033650
7426.000000  -0.007714
7533.000000  0.006085
7750.000000  0.064701
7888.000000  -0.021476
8083.000000  0.051382
8209.000000  -0.031299
8305.000000  -0.024536
8396.000000  -0.031363
8464.000000  0.004004
8579.000000  0.012266
8698.000000  0.002202
8858.000000  0.004170
9044.000000  0.002329
9239.000000  0.022822
9483.000000  0.018493
9654.000000  0.002539
9693.000000  -0.062110
9904.000000  0.051610
10100.000000  0.019123
10241.000000  -0.053709
10344.000000  -0.020510
10484.000000  0.020643
10612.000000  0.029953
10765.000000  -0.015773
10861.000000  -0.016147
10981.000000  0.020663
11071.000000  -0.062375
11210.000000  0.033055
11373.000000  0.016903
11494.000000  -0.050940
11512.000000  -0.033439
11650.000000  0.053393
11770.000000  -0.016358
11903.000000  0.001641
12002.000000  -0.019012
12139.000000  0.028539
12302.000000  -0.000461
12460.000000  0.015367
12661.000000  0.019449
12819.000000  -0.013809
12997.000000  0.022141
13186.000000  -0.002020
13324.000000  0.009393
13386.000000  -0.016415
13688.000000  0.063040
13748.000000  -0.043226
14005.000000  0.055118
14250.000000  0.035546
14499.000000  -0.013972
14676.000000  -0.069726
14786.000000  -0.043606
14864.000000  -0.051393
14950.000000  0.003058
15060.000000  0.074355
15240.000000  0.012657
15443.000000  0.017618
15550.000000  -0.059287
15646.000000  0.022279
15753.000000  -0.015131
15922.000000  0.032797
15984.000000  -0.027274
16205.000000  0.066563
16253.000000  -0.052935
16494.000000  0.072533
16732.000000  0.018942
16968.000000  -0.001720
17246.000000  0.007667
17415.000000  -0.053089
17633.000000  0.001198
17855.000000  0.044633
18159.000000  0.018054
18505.000000  0.021278
18816.000000  0.009391
19111.000000  -0.064676
19320.000000  0.039725
19507.000000  -0.077237
19653.000000  -0.028896
19836.000000  0.039484
19994.000000  0.037992
20117.000000  -0.002827
20264.000000  0.045724
20353.000000  0.055107
20463.000000  0.026349
20563.000000  -0.024708
20691.000000  0.060104
20787.000000  0.057576
20921.000000  -0.244103
21010.000000  0.012984
21150.000000  0.012741
21307.000000  0.047741
21403.000000  -0.135856
21507.000000  0.042473
21649.000000  -0.015891
21802.000000  0.057284
21955.000000  0.067424
22127.000000  -0.022053
22262.000000  -0.021656
22457.000000  -0.015128
22699.000000  0.096246
22874.000000  -0.163309
23075.000000  0.027746
23341.000000  0.010472
23607.000000  0.051225
23838.000000  -0.017594
24039.000000  0.076953
24237.000000  0.053163
24441.000000  -0.089524
24636.000000  0.009657
24747.000000  -0.011785
25022.000000  0.009316
25100.000000  -0.024197
25355.000000  0.128193
25593.000000  -0.086108
25822.000000  0.043331
26043.000000  -0.052858
26296.000000  0.011116
26497.000000  -0.008741
26715.000000  0.051682
26877.000000  0.116107
27039.000000  -0.316569
27252.000000  0.180251
27430.000000  0.049883
27642.000000  0.078401
27868.000000  -0.001718
28044.000000  -0.065452
28231.000000  -0.002988
28401.000000  -0.034844
28585.000000  0.060028
28703.000000  -0.304329
28864.000000  0.044621
29063.000000  0.046877
29251.000000  0.010380
29384.000000  -0.043475
29519.000000  -0.027019
29699.000000  0.155745
29951.000000  -0.008323
30126.000000  -0.109063
30288.000000  -0.011841
30449.000000  -0.043221
30594.000000  -0.003585
30748.000000  0.016552
30898.000000  0.007445
31043.000000  -0.037323
31161.000000  0.017533
31230.000000  -0.032381
31323.000000  0.020383
31389.000000  -0.001598
31478.000000  0.078690
31580.000000  -0.004262
31674.000000  -0.017670
31716.000000  -0.021914
31718.000000  0.034207
31903.000000  0.044473
32040.000000  0.097805
32108.000000  -0.068120
32258.000000  0.022733
32385.000000  0.067148
32567.000000  0.043273
32730.000000  0.302037
32819.000000  -0.612441
32958.000000  0.036674
33102.000000  0.406062
33337.000000  0.226788
33453.000000  -0.110154
33580.000000  0.144861
33645.000000  -0.650876
33730.000000  -0.011671
33910.000000  0.072483
34071.000000  0.039108
34188.000000  -0.024922
34280.000000  0.065723
34363.000000  -0.020574
34467.000000  0.049571
34549.000000  -0.009464
34631.000000  0.008906
34702.000000  0.087350
34780.000000  -0.179143
34844.000000  -0.143660
34859.000000  -0.023765
34918.000000  0.010487
34979.000000  0.000258
35037.000000  -0.000012
35117.000000  0.014854
35193.000000  -0.004371
35264.000000  -0.001160
35282.000000  -0.010830
35346.000000  0.020231
35489.000000  0.037884
35585.000000  -0.008782
35727.000000  0.003709
35824.000000  -0.001507
35903.000000  -0.022845
35987.000000  0.003064
36072.000000  0.030385
36210.000000  -0.010484
36359.000000  0.025453
36494.000000  -0.001512
36609.000000  -0.004054
36706.000000  -0.044546
36804.000000  0.021028
36851.000000  0.008822
36860.000000  -0.053272
36879.000000  -0.022848
36946.000000  0.045803
37002.000000  0.010893
37051.000000  -0.021058
37095.000000  -0.014537
37119.000000  -0.018567
37121.000000  -0.005858
37187.000000  0.018650
37348.000000  0.036821
37506.000000  0.009451
37655.000000  0.030056
37669.000000  -0.070084
37744.000000  0.020534
37773.000000  -0.008736
37843.000000  -0.016035
37858.000000  -0.005933
37955.000000  0.009883
37993.000000  -0.015459
38069.000000  0.028925
38152.000000  -0.006139
38245.000000  0.013833
38346.000000  0.016448
38409.000000  0.001499
38461.000000  -0.045149
38609.000000  0.028538
38689.000000  0.023037
38886.000000  0.025020
39069.000000  0.006000
39187.000000  -0.016058
39263.000000  -0.013228
39271.000000  -0.044540
39323.000000  0.026840
39372.000000  -0.012603
39408.000000  -0.009477
39488.000000  0.003591
39568.000000  0.034567
39685.000000  -0.010153
39755.000000  -0.001509
39773.000000  -0.022040
39846.000000  0.033923
39963.000000  0.034970
40105.000000  -0.022060
40204.000000  0.025887
40334.000000  0.014608
40462.000000  0.023109
40585.000000  0.010711
40647.000000  -0.055726
40711.000000  0.000505
40733.000000  -0.062276
40780.000000  0.032564
40818.000000  0.054630
40821.000000  -0.085179
40825.000000  -0.041863
