2285.000000  0.493992
2914.000000  0.383605
3521.000000  0.333274
3721.000000  0.336741
4268.000000  0.456228
4869.000000  0.483057
5050.000000  0.327605
5738.000000  0.437196
6444.000000  0.552219
7176.000000  0.583592
7841.000000  0.535768
8620.000000  0.613426
9420.000000  0.644159
10319.000000  0.789901
11179.000000  0.755314
12065.000000  0.727151
12644.000000  0.613572
13073.000000  0.751441
13429.000000  0.461002
13720.000000  0.409219
13940.000000  0.451649
14535.000000  0.601983
15254.000000  0.633643
15833.000000  0.674724
16236.000000  0.446342
16605.000000  0.534473
17021.000000  0.523551
17505.000000  0.608885
18020.000000  0.581048
18497.000000  0.577086
19006.000000  0.576307
19584.000000  0.517712
19863.000000  0.482525
20317.000000  0.486730
20936.000000  0.628065
21525.000000  0.710291
22075.000000  0.673908
22599.000000  0.745675
23238.000000  0.716013
23836.000000  0.743885
24446.000000  0.838279
25080.000000  0.868916
25699.000000  0.847831
26338.000000  0.894924
26867.000000  1.017659
27421.000000  1.177173
27839.000000  1.418168
28307.000000  0.978010
28631.000000  0.792364
29151.000000  1.075873
29672.000000  1.001406
30268.000000  0.893829
31091.000000  0.788532
31910.000000  0.867035
32330.000000  0.861467
32655.000000  0.704548
32969.000000  0.881968
33465.000000  0.962142
33852.000000  0.822088
34127.000000  0.746441
34381.000000  0.672733
34658.000000  0.708355
35185.000000  0.776199
35541.000000  0.763922
36260.000000  0.938045
37037.000000  1.186244
37720.000000  1.088631
38253.000000  1.004801
38539.000000  0.756354
38903.000000  0.680380
39195.000000  0.791068
39550.000000  0.788954
39922.000000  0.746883
40217.000000  0.756283
40460.000000  0.791179
40630.000000  0.732805
40890.000000  0.802530
41344.000000  1.124269
41857.000000  1.354875
42294.000000  1.320206
42916.000000  1.489088
43628.000000  1.141970
44099.000000  0.947897
44803.000000  0.987439
45478.000000  1.301698
46015.000000  1.083042
46436.000000  1.314985
46887.000000  1.576091
47229.000000  1.539504
47481.000000  1.359661
47747.000000  1.377747
47903.000000  1.512493
48044.000000  0.540506
48203.000000  0.620555
48397.000000  1.392437
48707.000000  2.371738
49146.000000  0.971341
49521.000000  0.956064
49943.000000  1.171681
50267.000000  1.205428
50634.000000  1.133804
51351.000000  1.076796
51851.000000  0.850708
52523.000000  0.844361
53142.000000  0.877449
53598.000000  0.775841
53970.000000  0.780470
54208.000000  0.668545
54463.000000  0.632550
55132.000000  0.931226
55368.000000  0.881671
55515.000000  0.691796
55675.000000  0.736358
56365.000000  0.901301
56898.000000  0.840141
57536.000000  0.937806
57985.000000  0.885488
58328.000000  0.855874
58858.000000  1.025992
59405.000000  1.206915
59801.000000  1.025936
60142.000000  0.979868
60497.000000  1.022271
60837.000000  0.833087
61081.000000  0.772934
61421.000000  0.984592
61653.000000  1.064743
62218.000000  1.140662
62624.000000  1.119115
63400.000000  1.166406
63953.000000  1.317129
64281.000000  1.110514
64615.000000  1.353459
64966.000000  1.543524
65227.000000  1.390931
65591.000000  1.696798
66169.000000  2.088203
66482.000000  2.150530
67012.000000  1.222407
67289.000000  1.051774
67657.000000  1.099270
67881.000000  1.123076
68083.000000  1.022186
68248.000000  0.788906
68469.000000  1.020851
68832.000000  1.049481
69302.000000  1.325837
69673.000000  1.311223
70042.000000  0.892224
70416.000000  0.850249
70750.000000  0.940861
71008.000000  0.957018
71313.000000  1.010137
71538.000000  1.308229
71982.000000  1.559468
72606.000000  1.584082
72976.000000  1.465273
73502.000000  1.495169
73939.000000  1.365762
74429.000000  1.283559
74833.000000  1.197285
75128.000000  1.041457
75258.000000  0.892190
75723.000000  1.328300
76065.000000  2.339897
76623.000000  2.172826
77060.000000  2.336719
77925.000000  2.474091
78213.000000  1.764947
78513.000000  1.021037
78740.000000  0.984901
78988.000000  1.028314
79245.000000  1.169986
79437.000000  1.103098
79614.000000  1.212985
79924.000000  1.341353
80256.000000  1.370026
80727.000000  1.373785
81163.000000  1.333451
81654.000000  1.419706
82036.000000  1.497157
82300.000000  1.795131
82362.000000  1.429558
82384.000000  1.044894
82453.000000  1.194000
82534.000000  1.317855
82589.000000  1.552539
82773.000000  1.587036
82977.000000  0.955205
83194.000000  0.966924
83431.000000  1.006754
83611.000000  0.933215
83621.000000  0.858588
83713.000000  0.956779
83899.000000  1.102376
84331.000000  1.161550
84603.000000  1.151222
84835.000000  1.123748
85139.000000  1.113404
85452.000000  1.087456
85758.000000  1.118284
85975.000000  0.994951
86046.000000  0.931824
86117.000000  0.937658
86138.000000  0.996534
86225.000000  0.878903
86320.000000  0.863020
86364.000000  0.887095
86607.000000  0.905707
86818.000000  1.031358
87057.000000  1.028347
87319.000000  1.012915
87360.000000  0.945594
87386.000000  0.898989
87706.000000  1.012902
87881.000000  1.073565
88131.000000  1.071821
88331.000000  1.092240
88421.000000  0.890406
88486.000000  0.972761
88559.000000  0.936868
88627.000000  1.015897
88714.000000  0.949107
88820.000000  0.916743
89070.000000  1.016665
89272.000000  1.003725
89452.000000  0.927036
89532.000000  1.026468
89577.000000  0.948377
89796.000000  0.928027
89928.000000  1.009933
90123.000000  1.002966
90333.000000  0.970464
90464.000000  0.976185
90490.000000  0.933351
90730.000000  1.000386
90853.000000  1.013170
90988.000000  0.988054
91138.000000  1.021653
91302.000000  1.049574
91454.000000  1.036609
91488.000000  0.954727
