816.000000  70.849876
1020.000000  83.198807
1204.000000  81.512604
1445.000000  81.494148
1675.000000  83.300919
1929.000000  84.449646
2158.000000  82.851547
2425.000000  83.671501
2710.000000  82.863762
2943.000000  82.961281
3203.000000  81.533676
3424.000000  78.769325
3608.000000  76.572716
3838.000000  76.803535
4062.000000  79.462776
4268.000000  78.749100
4485.000000  78.198540
4661.000000  77.447205
4870.000000  72.107185
5040.000000  67.448219
5225.000000  71.671768
5399.000000  71.956184
5545.000000  70.410110
5745.000000  73.856613
5877.000000  70.048584
6053.000000  71.611542
6218.000000  70.536728
6376.000000  64.417824
6543.000000  65.745201
6740.000000  69.458588
6896.000000  63.816799
7076.000000  60.441792
7261.000000  61.519325
7401.000000  57.701622
7537.000000  57.689613
7691.000000  63.081253
7856.000000  66.645279
7984.000000  65.805588
8124.000000  65.817528
8217.000000  63.220818
8388.000000  65.090034
8561.000000  67.849655
8765.000000  68.618614
9006.000000  70.167526
9154.000000  68.535828
9358.000000  64.596321
9524.000000  63.642265
9614.000000  45.253246
9721.000000  48.025867
9825.000000  43.696083
9941.000000  48.742126
10045.000000  47.097752
10259.000000  59.559620
10430.000000  58.846634
10587.000000  62.088673
10782.000000  64.262917
11013.000000  67.001411
11196.000000  66.234985
11341.000000  65.658737
11453.000000  65.620438
11588.000000  64.057327
11741.000000  62.532909
11870.000000  54.956360
12014.000000  65.893257
12197.000000  62.424332
12357.000000  64.101425
12450.000000  68.392258
12556.000000  62.757141
12619.000000  58.258987
12692.000000  53.311127
12785.000000  54.665619
12895.000000  58.119171
12998.000000  57.683914
13122.000000  60.310482
13214.000000  59.113194
13297.000000  60.342335
13390.000000  57.793552
13571.000000  56.368984
13754.000000  59.984707
13916.000000  60.541142
14095.000000  60.586174
14300.000000  59.161198
14435.000000  57.594269
14549.000000  60.841393
14699.000000  57.358406
14785.000000  49.380486
14871.000000  51.071625
15036.000000  60.055321
15128.000000  58.565392
15234.000000  58.274590
15350.000000  55.631638
15446.000000  47.777485
15553.000000  50.706738
15636.000000  41.180969
15743.000000  43.301945
15853.000000  42.864235
15936.000000  45.933792
16003.000000  40.805183
16070.000000  37.984318
16166.000000  46.878944
16271.000000  48.708458
16386.000000  50.251724
16552.000000  50.207268
16714.000000  47.853024
16920.000000  52.868225
17119.000000  56.066109
17325.000000  54.715584
17452.000000  53.918140
17543.000000  45.653503
17675.000000  51.659279
17858.000000  55.764778
18028.000000  57.785271
18161.000000  53.780895
18274.000000  57.487507
18411.000000  56.627243
18625.000000  59.194599
18783.000000  58.181995
18899.000000  62.802048
19014.000000  61.705791
19121.000000  55.175896
19216.000000  59.494270
19303.000000  66.607437
19358.000000  62.451214
19474.000000  65.157745
19593.000000  65.776535
19734.000000  66.657654
19901.000000  70.206383
20047.000000  70.431244
20198.000000  72.274979
20315.000000  34.360867
20384.000000  28.724464
20436.000000  19.850210
20528.000000  28.630617
20627.000000  72.689148
20733.000000  73.070099
20851.000000  26.348219
20959.000000  28.198496
21037.000000  27.782784
21109.000000  22.232885
21252.000000  64.037926
21367.000000  66.453896
21503.000000  68.545738
21593.000000  60.119236
21735.000000  57.028549
21858.000000  45.108204
21971.000000  46.439316
22101.000000  40.853127
22251.000000  39.651260
22378.000000  40.518593
22517.000000  36.619144
22670.000000  38.969818
22854.000000  43.058830
23060.000000  42.888294
23200.000000  38.044884
23322.000000  34.945107
23425.000000  36.006634
23528.000000  33.811005
23638.000000  43.641289
23751.000000  41.439392
23864.000000  43.944828
23971.000000  47.899456
24046.000000  51.378216
24115.000000  70.339005
24173.000000  19.566759
24277.000000  31.387039
24348.000000  22.335461
24392.000000  8.233222
24514.000000  16.351995
24591.000000  17.556627
24699.000000  20.843248
24730.000000  9.045441
24832.000000  32.898636
24867.000000  23.933338
24951.000000  36.825581
25055.000000  24.295925
25120.000000  29.663431
25189.000000  31.369574
25272.000000  23.836922
25403.000000  25.481558
25534.000000  28.017345
25707.000000  53.900589
25900.000000  58.150829
26085.000000  59.651012
26249.000000  62.854622
26368.000000  59.576328
26460.000000  54.157192
26500.000000  55.676472
26543.000000  52.947662
26633.000000  54.649319
26725.000000  57.943409
26827.000000  47.953053
26961.000000  46.893070
27114.000000  46.988014
27235.000000  45.171543
27364.000000  44.327271
27505.000000  42.193893
27584.000000  36.423958
27614.000000  13.439936
27651.000000  18.692678
27672.000000  24.748333
27714.000000  13.974706
27780.000000  13.748874
27792.000000  3.774037
27836.000000  7.451775
27897.000000  9.791346
27958.000000  9.772858
27999.000000  9.769866
28039.000000  10.747680
28126.000000  35.591404
28169.000000  36.368473
28204.000000  36.168037
28239.000000  25.846676
28273.000000  27.613523
28309.000000  35.957424
28388.000000  56.237854
28470.000000  10.277385
28512.000000  9.735690
28608.000000  25.513517
28633.000000  26.885874
28729.000000  39.130108
28859.000000  42.179512
28991.000000  35.247086
29113.000000  36.407913
29260.000000  33.513268
29342.000000  27.894524
29395.000000  17.349121
29487.000000  22.862953
29582.000000  27.472422
29669.000000  26.507933
29704.000000  21.678509
29808.000000  28.618494
29928.000000  28.482347
29998.000000  26.375452
30013.000000  16.032652
30047.000000  24.122993
30064.000000  27.498344
30086.000000  40.696793
30091.000000  40.518177
30183.000000  11.332794
30348.000000  21.728098
30464.000000  21.202698
30625.000000  47.680717
30777.000000  50.841583
30954.000000  47.899063
31096.000000  39.707722
31274.000000  43.402760
31431.000000  38.987888
31536.000000  28.512367
31653.000000  29.866695
31745.000000  29.712019
31838.000000  31.537649
31922.000000  27.806717
31942.000000  14.374394
32025.000000  21.124020
32089.000000  30.369064
32161.000000  29.910765
32309.000000  31.899122
32482.000000  33.280109
32650.000000  31.938839
32793.000000  29.490046
32891.000000  28.275623
33147.000000  41.484722
33349.000000  46.942909
33517.000000  41.896889
33705.000000  43.110115
33874.000000  40.157188
34011.000000  41.102962
34160.000000  36.898895
34327.000000  30.603651
34475.000000  28.278166
34611.000000  30.130308
34734.000000  30.723799
34918.000000  32.796921
35034.000000  30.610582
35105.000000  25.111574
35195.000000  31.908461
35264.000000  29.718012
35338.000000  42.211159
35418.000000  42.666763
35484.000000  47.423794
35535.000000  32.000332
35605.000000  31.782675
35658.000000  29.274899
35732.000000  26.862413
35801.000000  28.160587
35831.000000  27.119812
35900.000000  24.631510
35981.000000  26.600786
36011.000000  16.965111
36086.000000  13.586836
36179.000000  15.343945
36274.000000  22.925035
36433.000000  29.428610
36639.000000  35.042259
36834.000000  32.487762
37072.000000  34.489826
37312.000000  37.266640
37469.000000  37.035072
37606.000000  25.410622
37765.000000  34.662003
37885.000000  30.791872
38029.000000  31.813562
38100.000000  26.382872
38174.000000  30.749283
38255.000000  24.537493
38300.000000  18.101088
38397.000000  29.485083
38451.000000  30.707705
38487.000000  28.692278
38501.000000  32.224880
38520.000000  31.098663
38549.000000  39.536285
38555.000000  43.556522
38604.000000  11.740539
38623.000000  3.922714
38712.000000  18.612976
38789.000000  27.409035
38827.000000  30.960640
38862.000000  31.573418
38897.000000  32.412971
38958.000000  33.979790
39002.000000  34.135025
39106.000000  40.879093
39155.000000  26.475323
39223.000000  24.842224
39322.000000  23.768606
39437.000000  27.645201
39578.000000  43.202164
39651.000000  33.451664
39694.000000  14.357899
39737.000000  11.974738
39774.000000  31.841778
39781.000000  31.237638
39817.000000  3.879683
39917.000000  10.232760
39973.000000  8.317782
40020.000000  6.892034
40090.000000  10.270642
40191.000000  12.437548
40273.000000  16.867849
40361.000000  15.776685
40428.000000  12.542100
40482.000000  21.487900
40498.000000  1.636952
40533.000000  2.483009
40596.000000  11.960754
40629.000000  4.576585
40696.000000  12.067781
40705.000000  6.547843
40738.000000  5.627866
40814.000000  11.891369
40822.000000  2.203686
