995.000000  72.752220
1227.000000  82.079391
1467.000000  81.896034
1726.000000  82.370071
1967.000000  82.910461
2213.000000  80.780121
2278.000000  80.586205
2513.000000  80.317268
2766.000000  80.355438
2815.000000  72.999222
3116.000000  81.411896
3370.000000  80.523094
3624.000000  81.016426
3879.000000  79.284462
4147.000000  78.182236
4434.000000  77.532593
4704.000000  77.289680
4945.000000  77.726273
5237.000000  76.836502
5282.000000  65.619919
5548.000000  76.100800
5638.000000  68.893387
5866.000000  72.638824
5919.000000  61.167152
6091.000000  71.960258
6201.000000  71.565514
6375.000000  67.704102
6526.000000  66.167595
6681.000000  66.401443
6802.000000  66.957565
6892.000000  50.945389
6955.000000  54.371471
7012.000000  45.425999
7177.000000  61.981243
7391.000000  68.880188
7597.000000  65.251221
7820.000000  64.524452
7905.000000  55.455952
8173.000000  63.790791
8500.000000  66.832642
8640.000000  65.526855
8956.000000  71.803406
9231.000000  65.905006
9394.000000  57.253380
9442.000000  51.698296
9603.000000  55.321640
9762.000000  54.167408
9865.000000  51.749813
9935.000000  53.663338
10122.000000  62.314331
10316.000000  61.126297
10364.000000  46.147926
10474.000000  49.241207
10646.000000  59.069599
10752.000000  52.120811
10865.000000  45.318985
10960.000000  41.733204
11030.000000  37.357002
11124.000000  43.893356
11198.000000  40.659706
11259.000000  35.533558
11339.000000  39.699440
11440.000000  40.591518
11537.000000  41.327667
11645.000000  42.278610
11754.000000  39.980827
11886.000000  40.333801
11966.000000  34.689499
12009.000000  24.944342
12063.000000  31.271235
12106.000000  23.041327
12179.000000  25.663992
12333.000000  38.504730
12460.000000  44.755043
12614.000000  43.262215
12779.000000  48.377438
12968.000000  48.589523
13077.000000  42.377960
13249.000000  39.619682
13369.000000  40.435417
13503.000000  45.472889
13659.000000  45.880791
13794.000000  46.418991
13927.000000  45.946644
14036.000000  37.125633
14126.000000  35.862907
14297.000000  45.335087
14435.000000  48.622581
14602.000000  55.485081
14885.000000  60.232056
15144.000000  63.163601
15362.000000  63.982601
15570.000000  64.527122
15796.000000  64.110092
16018.000000  64.706512
16221.000000  66.270477
16481.000000  65.702347
16649.000000  63.128124
16861.000000  65.480301
17089.000000  63.010262
17317.000000  63.475895
17568.000000  61.445732
17773.000000  59.225601
17960.000000  58.170002
18141.000000  55.948692
18267.000000  51.541245
18403.000000  55.528946
18529.000000  55.348873
18598.000000  56.102825
18728.000000  53.424515
18826.000000  57.182949
18949.000000  59.755093
19066.000000  53.000935
19225.000000  57.520084
19350.000000  54.090221
19448.000000  48.732258
19561.000000  48.451809
19627.000000  37.943638
19710.000000  40.930393
19832.000000  45.107098
20004.000000  46.107758
20161.000000  45.876835
20321.000000  50.235958
20415.000000  40.848030
20530.000000  37.888157
20614.000000  35.672878
20709.000000  41.513042
20802.000000  42.737110
20935.000000  52.104527
21069.000000  52.346462
21254.000000  54.970688
21479.000000  50.238895
21670.000000  53.166779
21871.000000  56.392963
22020.000000  52.448792
22174.000000  53.450275
22315.000000  55.346428
22543.000000  61.782276
22699.000000  55.186428
22773.000000  48.497303
22900.000000  52.798492
23002.000000  49.931076
23113.000000  51.559395
23228.000000  51.340199
23328.000000  39.274372
23472.000000  38.905125
23668.000000  48.165123
23906.000000  53.559364
24131.000000  51.511932
24353.000000  54.116493
24559.000000  54.136086
24861.000000  56.508614
25056.000000  57.493217
25254.000000  57.976196
25413.000000  56.241173
25588.000000  40.661228
25775.000000  39.194904
25927.000000  44.924377
26146.000000  60.842686
26300.000000  65.070862
26413.000000  65.218651
26547.000000  40.056084
26693.000000  39.088116
26863.000000  43.858074
26976.000000  39.812321
27095.000000  35.263271
27217.000000  40.402351
27359.000000  47.912262
27580.000000  51.398266
27715.000000  53.567142
27903.000000  69.050735
28087.000000  67.888138
28263.000000  67.366043
28534.000000  65.851822
28687.000000  65.308784
28818.000000  64.498100
28917.000000  67.657883
28978.000000  50.944866
29037.000000  37.981251
29089.000000  34.797741
29188.000000  60.658688
29327.000000  64.476929
29524.000000  74.925430
29682.000000  75.236275
29819.000000  39.891781
30012.000000  40.871708
30210.000000  42.630596
30377.000000  42.115818
30555.000000  35.445301
30750.000000  40.754658
30892.000000  29.929459
31006.000000  16.280699
31177.000000  34.467930
31325.000000  38.928501
31462.000000  40.212254
31599.000000  43.240562
31755.000000  35.036961
31931.000000  35.457657
32130.000000  31.157007
32225.000000  23.028692
32304.000000  45.618801
32466.000000  56.051105
32645.000000  53.663254
32795.000000  60.100079
32903.000000  48.474537
33003.000000  48.677906
33141.000000  54.495739
33301.000000  57.238068
33467.000000  31.475922
33568.000000  18.156673
33722.000000  26.354738
33852.000000  37.129185
33998.000000  45.812107
34179.000000  46.850143
34280.000000  58.887459
34344.000000  22.641972
34401.000000  15.353271
34489.000000  30.232170
34529.000000  26.028248
34653.000000  14.513050
34697.000000  13.380965
34831.000000  63.354240
35045.000000  55.190350
35258.000000  29.059189
35350.000000  23.055752
35451.000000  20.047068
35594.000000  34.071278
35694.000000  22.307322
35827.000000  25.157278
36041.000000  37.724075
36204.000000  26.039621
36382.000000  24.797407
36519.000000  24.690105
36630.000000  19.407461
36706.000000  11.039653
36709.000000  0.600104
36781.000000  34.579304
36862.000000  31.616917
36960.000000  24.686039
36979.000000  10.275775
36989.000000  6.346666
37019.000000  5.493130
37093.000000  15.739971
37136.000000  11.199397
37172.000000  6.597343
37206.000000  3.474318
37211.000000  1.007247
37268.000000  5.794299
37353.000000  8.319032
37379.000000  8.262322
37418.000000  4.693442
37454.000000  10.136485
37559.000000  15.301375
37639.000000  20.762468
37717.000000  19.489943
37812.000000  20.921547
37868.000000  11.383611
37917.000000  10.976009
37970.000000  9.730259
38057.000000  12.146808
38172.000000  19.241997
38362.000000  24.655910
38611.000000  22.992830
38815.000000  38.429371
38981.000000  39.071220
39075.000000  30.086058
39184.000000  29.929811
39261.000000  26.979027
39340.000000  25.898331
39388.000000  15.996509
39393.000000  17.749601
39428.000000  33.829975
39517.000000  41.552998
39532.000000  6.922773
39576.000000  8.131059
39640.000000  9.644167
39718.000000  9.585365
39772.000000  9.784458
39824.000000  9.892674
39850.000000  9.104087
39875.000000  7.346442
39921.000000  3.623178
39987.000000  5.932613
40044.000000  7.181767
40100.000000  9.188844
40155.000000  8.544577
40186.000000  6.764214
40230.000000  6.916088
40299.000000  12.861194
40355.000000  11.469905
40369.000000  8.526741
40380.000000  5.676255
40479.000000  14.382650
40532.000000  11.769349
40578.000000  11.105533
40631.000000  12.663305
40702.000000  14.251092
40779.000000  18.388271
40820.000000  18.711712
