576.000000  0.209576
706.000000  -0.065153
889.000000  0.015186
1136.000000  0.040164
1360.000000  0.030439
1601.000000  0.031484
1748.000000  -0.025008
1915.000000  0.020434
2126.000000  0.000242
2313.000000  -0.011746
2510.000000  0.028359
2696.000000  0.011410
2837.000000  -0.036106
2966.000000  -0.030937
3101.000000  -0.006061
3229.000000  0.054042
3382.000000  -0.026878
3414.000000  -0.089785
3527.000000  0.087976
3618.000000  -0.047755
3721.000000  -0.005915
3782.000000  0.005113
3860.000000  0.007953
4011.000000  0.025660
4185.000000  0.005443
4280.000000  -0.008722
4395.000000  0.001618
4531.000000  0.020378
4712.000000  0.030837
4879.000000  -0.004392
4984.000000  -0.025700
5092.000000  -0.021031
5175.000000  0.018694
5270.000000  0.003802
5336.000000  -0.040205
5396.000000  -0.009015
5453.000000  -0.032557
5548.000000  0.038398
5816.000000  0.060131
6041.000000  0.026697
6265.000000  0.030792
6495.000000  0.012791
6689.000000  -0.002434
6927.000000  -0.003949
7031.000000  -0.059763
7171.000000  0.014192
7291.000000  0.022865
7409.000000  -0.003682
7597.000000  0.012666
7784.000000  0.023148
7995.000000  0.022963
8178.000000  0.013219
8311.000000  -0.008019
8471.000000  -0.019012
8564.000000  -0.024815
8612.000000  -0.048338
8688.000000  0.027491
8823.000000  0.032806
8933.000000  0.002940
9040.000000  -0.008776
9185.000000  0.008480
9373.000000  0.004942
9538.000000  0.019299
9806.000000  0.041733
9966.000000  0.056828
10090.000000  -0.025017
10274.000000  0.087305
10446.000000  -0.030258
10633.000000  -0.029662
10711.000000  -0.041499
10811.000000  0.024840
10898.000000  -0.137236
10926.000000  -0.049552
10971.000000  -0.002903
11043.000000  0.038521
11132.000000  -0.006262
11178.000000  -0.037125
11242.000000  0.025324
11299.000000  -0.003289
11421.000000  0.026226
11506.000000  -0.012896
11608.000000  0.002236
11671.000000  0.016233
11762.000000  0.038127
11916.000000  0.031538
12075.000000  -0.007249
12217.000000  0.007601
12382.000000  0.005086
12564.000000  -0.012153
12748.000000  0.027192
12941.000000  -0.010226
13121.000000  0.033989
13334.000000  0.005126
13504.000000  0.000012
13703.000000  -0.011156
13929.000000  0.009473
14179.000000  0.030433
14395.000000  -0.000788
14594.000000  -0.003991
14828.000000  0.027897
15078.000000  -0.002362
15325.000000  0.015176
15560.000000  0.006746
15740.000000  -0.013515
15892.000000  -0.046644
16027.000000  0.005053
16209.000000  0.071605
16373.000000  -0.024146
16506.000000  -0.005039
16675.000000  0.016321
16909.000000  0.036826
17079.000000  -0.049306
17207.000000  0.003015
17393.000000  -0.004394
17589.000000  0.052313
17714.000000  -0.065718
17852.000000  0.019563
18020.000000  0.044324
18211.000000  -0.026989
18370.000000  -0.021238
18535.000000  0.028123
18692.000000  0.025161
18858.000000  -0.002449
19000.000000  -0.003262
19182.000000  0.043729
19295.000000  0.003056
19377.000000  -0.022653
19502.000000  -0.025653
19682.000000  0.025568
19903.000000  0.061885
19975.000000  -0.104244
20139.000000  0.061085
20309.000000  0.016715
20476.000000  0.063098
20671.000000  0.021883
20829.000000  -0.030709
21033.000000  -0.019241
21196.000000  0.009381
21338.000000  0.021704
21391.000000  -0.168036
21401.000000  -0.045817
21465.000000  0.124619
21544.000000  0.147397
21618.000000  -0.259081
21662.000000  -0.002711
21707.000000  -0.028307
21823.000000  0.133139
21978.000000  0.011222
22123.000000  -0.043110
22262.000000  0.086555
22407.000000  -0.008257
22515.000000  -0.015898
22656.000000  -0.016410
22734.000000  -0.051961
22816.000000  -0.051335
22978.000000  0.041328
23149.000000  0.005767
23232.000000  0.003284
23312.000000  -0.024520
23409.000000  0.027813
23552.000000  -0.000778
23676.000000  0.005131
23763.000000  -0.004208
23949.000000  0.016857
24021.000000  0.008751
24053.000000  -0.041648
24108.000000  0.046851
24324.000000  0.111892
24525.000000  -0.012885
24721.000000  0.007981
24915.000000  0.014129
25135.000000  -0.007436
25323.000000  -0.057932
25514.000000  0.017997
25694.000000  -0.005083
25894.000000  0.040805
26009.000000  0.058326
26199.000000  0.144476
26308.000000  -0.014757
26358.000000  -0.041039
26432.000000  0.000887
26514.000000  -0.041426
26574.000000  -0.099882
26635.000000  0.028050
26698.000000  -0.081788
26733.000000  0.038599
26865.000000  0.075414
26969.000000  -0.090814
27003.000000  0.001722
27029.000000  0.036008
27074.000000  0.013909
27126.000000  0.103042
27168.000000  0.008256
27324.000000  -0.037113
27361.000000  -0.193964
27481.000000  0.148324
27635.000000  -0.100004
27681.000000  -0.052192
27887.000000  0.166582
27962.000000  0.161815
28032.000000  0.069628
28077.000000  -0.505504
28114.000000  -0.016393
28133.000000  0.419141
28205.000000  -0.078458
28348.000000  -0.323279
28515.000000  0.040929
28660.000000  -0.021064
28866.000000  0.016431
28966.000000  -0.070299
28997.000000  0.016103
29004.000000  0.324261
29079.000000  -0.328669
29162.000000  -0.002352
29239.000000  0.603772
29321.000000  -0.571069
29434.000000  -0.001221
29508.000000  0.035840
29556.000000  -0.008797
29634.000000  0.029930
29712.000000  0.032074
29796.000000  -0.042349
29881.000000  -0.019930
29987.000000  -0.001183
30073.000000  0.009703
30196.000000  -0.019288
30266.000000  -0.008499
30335.000000  -0.006012
30417.000000  0.029399
30524.000000  -0.036570
30612.000000  -0.019736
30741.000000  0.074550
30835.000000  0.113872
30872.000000  -0.084099
30954.000000  0.065544
30975.000000  -0.166013
31065.000000  0.041897
31145.000000  -0.003501
31223.000000  0.018643
31307.000000  -0.029687
31392.000000  0.040109
31462.000000  0.020477
31501.000000  0.126939
31523.000000  -0.067399
31619.000000  -0.166829
31699.000000  0.028464
31808.000000  -0.016093
31915.000000  0.148123
31999.000000  -0.135112
32051.000000  0.000077
32115.000000  0.026799
32178.000000  -0.008515
32211.000000  -0.010437
32314.000000  0.048086
32334.000000  -0.076512
32422.000000  0.061682
32527.000000  -0.014763
32631.000000  -0.045293
32717.000000  0.007897
32793.000000  0.027620
32906.000000  0.002264
32994.000000  -0.035522
33075.000000  0.016800
33190.000000  0.027428
33296.000000  0.015574
33395.000000  -0.023229
33486.000000  0.003599
33548.000000  0.003008
33629.000000  -0.000004
33710.000000  0.019845
33797.000000  0.028728
33907.000000  -0.002034
34079.000000  -0.001385
34228.000000  -0.014639
34423.000000  0.056798
34583.000000  -0.047929
34619.000000  -0.040710
34763.000000  0.049102
34974.000000  0.039734
35105.000000  -0.001078
35207.000000  -0.033350
35344.000000  0.029358
35382.000000  -0.061598
35504.000000  0.044987
35576.000000  -0.049592
35654.000000  0.050098
35749.000000  -0.001768
35815.000000  -0.023456
35898.000000  -0.018831
35997.000000  0.028829
36091.000000  0.011227
36182.000000  0.008366
36289.000000  -0.016360
36374.000000  0.044427
36458.000000  -0.040806
36614.000000  0.015462
36767.000000  0.017967
36930.000000  0.041486
37130.000000  0.136450
37330.000000  -0.010867
37488.000000  0.028592
37582.000000  -0.233375
37687.000000  -0.010734
37734.000000  0.198760
37746.000000  -0.077143
37772.000000  0.062416
37803.000000  0.046053
37867.000000  -0.063450
37902.000000  -0.012332
37943.000000  -0.041683
37979.000000  -0.036697
37994.000000  -0.144091
38001.000000  -0.023207
38066.000000  0.041021
38232.000000  0.050928
38364.000000  0.000161
38483.000000  0.028720
38626.000000  -0.023835
38688.000000  -0.029890
38689.000000  -0.039739
38735.000000  -0.012971
38840.000000  0.024530
38966.000000  0.007540
39060.000000  0.009937
39169.000000  -0.016986
39185.000000  0.081801
39208.000000  -0.103591
39261.000000  -0.005313
39316.000000  0.004394
39360.000000  -0.004385
39393.000000  -0.012747
39429.000000  0.000169
39506.000000  0.033091
39584.000000  -0.016989
39688.000000  0.095130
39768.000000  -0.028437
39846.000000  -0.028071
39911.000000  -0.004108
40004.000000  0.043306
40089.000000  -0.078185
40152.000000  0.002068
40200.000000  -0.014606
40292.000000  0.024063
40388.000000  0.024713
40503.000000  -0.005495
40533.000000  -0.026327
40596.000000  0.008600
40606.000000  -0.022140
40688.000000  0.007881
40754.000000  0.005574
40797.000000  -0.024306
40809.000000  0.005171
40812.000000  -0.015026
