995.000000  0.050637
1258.000000  0.055677
1461.000000  0.052845
1726.000000  0.053044
2051.000000  0.060083
2329.000000  0.071733
2637.000000  0.068845
2953.000000  0.077154
3209.000000  0.082125
3413.000000  0.075399
3690.000000  0.078905
3936.000000  0.092485
4239.000000  0.094422
4444.000000  0.086096
4669.000000  0.082664
4928.000000  0.084360
5147.000000  0.086746
5260.000000  0.078577
5329.000000  0.072033
5471.000000  0.070917
5631.000000  0.082519
5786.000000  0.078007
5950.000000  0.076171
6138.000000  0.089761
6257.000000  0.072982
6342.000000  0.087544
6486.000000  0.118549
6640.000000  0.089187
6884.000000  0.095160
7096.000000  0.108090
7338.000000  0.093246
7565.000000  0.097747
7797.000000  0.103244
7947.000000  0.093393
8161.000000  0.103373
8364.000000  0.092626
8633.000000  0.106924
8894.000000  0.121862
9102.000000  0.107917
9308.000000  0.104305
9528.000000  0.110486
9773.000000  0.112984
9954.000000  0.116712
10107.000000  0.118430
10298.000000  0.124773
10520.000000  0.127110
10740.000000  0.130279
10980.000000  0.119553
11278.000000  0.140854
11613.000000  0.148459
11856.000000  0.149939
12014.000000  0.144063
12207.000000  0.155484
12359.000000  0.133467
12488.000000  0.125103
12583.000000  0.131902
12673.000000  0.136885
12813.000000  0.133343
12886.000000  0.127834
12951.000000  0.121662
13052.000000  0.144040
13190.000000  0.132715
13383.000000  0.133562
13642.000000  0.126458
13841.000000  0.154680
14040.000000  0.143839
14226.000000  0.153593
14430.000000  0.127498
14573.000000  0.147970
14714.000000  0.123640
14825.000000  0.130328
15051.000000  0.134209
15197.000000  0.137913
15361.000000  0.145663
15555.000000  0.136311
15762.000000  0.135711
15964.000000  0.131917
16179.000000  0.135816
16423.000000  0.149797
16664.000000  0.153369
16783.000000  0.139556
16911.000000  0.159470
16952.000000  0.137587
17113.000000  0.135808
17315.000000  0.144291
17557.000000  0.136966
17726.000000  0.122811
17743.000000  0.127710
17797.000000  0.116505
17849.000000  0.116143
18025.000000  0.107599
18209.000000  0.119772
18381.000000  0.116005
18556.000000  0.119688
18712.000000  0.124614
18884.000000  0.125722
19122.000000  0.132248
19253.000000  0.126132
19433.000000  0.128768
19607.000000  0.144644
19795.000000  0.146801
20039.000000  0.136508
20264.000000  0.122894
20413.000000  0.128138
20580.000000  0.129354
20783.000000  0.137221
21002.000000  0.127364
21239.000000  0.136061
21506.000000  0.131400
21732.000000  0.132956
21918.000000  0.130170
22102.000000  0.139303
22320.000000  0.142631
22520.000000  0.141500
22722.000000  0.146474
22910.000000  0.158402
23212.000000  0.139568
23545.000000  0.160486
23842.000000  0.157404
24171.000000  0.144781
24394.000000  0.159767
24724.000000  0.165667
25045.000000  0.149795
25227.000000  0.170992
25417.000000  0.147754
25484.000000  0.163971
25681.000000  0.140147
25859.000000  0.138931
25941.000000  0.145056
26132.000000  0.143252
26285.000000  0.147102
26477.000000  0.147581
26654.000000  0.152929
26801.000000  0.153460
26947.000000  0.154100
27037.000000  0.175533
27174.000000  0.139885
27285.000000  0.139029
27329.000000  0.134749
27357.000000  0.132742
27400.000000  0.136613
27489.000000  0.133673
27549.000000  0.149493
27706.000000  0.133974
27845.000000  0.149142
27965.000000  0.154744
28071.000000  0.151818
28176.000000  0.156620
28391.000000  0.142303
28653.000000  0.150296
28757.000000  0.145579
28862.000000  0.156996
28971.000000  0.164891
29108.000000  0.155788
29213.000000  0.152779
29398.000000  0.153810
29527.000000  0.135480
29735.000000  0.139087
29959.000000  0.149123
30267.000000  0.159339
30524.000000  0.146019
30736.000000  0.150613
30923.000000  0.146677
31088.000000  0.162809
31297.000000  0.147702
31523.000000  0.147612
31778.000000  0.165325
31949.000000  0.134111
32163.000000  0.140414
32370.000000  0.125023
32473.000000  0.117888
32547.000000  0.131401
32681.000000  0.120845
32858.000000  0.114839
33086.000000  0.122004
33296.000000  0.107179
33472.000000  0.115956
33624.000000  0.103120
33740.000000  0.096176
33815.000000  0.109092
33876.000000  0.095039
34056.000000  0.100649
34258.000000  0.091847
34377.000000  0.090608
34424.000000  0.088717
34481.000000  0.085615
34521.000000  0.093377
34544.000000  0.074854
34609.000000  0.075572
34673.000000  0.077540
34741.000000  0.071616
34873.000000  0.079082
35088.000000  0.075111
35303.000000  0.104999
35522.000000  0.081496
35674.000000  0.098342
35733.000000  0.080250
35882.000000  0.101878
35966.000000  0.082823
36090.000000  0.078965
36194.000000  0.090697
36306.000000  0.088185
36368.000000  0.081551
36463.000000  0.092416
36594.000000  0.072541
36665.000000  0.067258
36758.000000  0.071803
36915.000000  0.070576
37024.000000  0.079026
37062.000000  0.071438
37155.000000  0.081179
37266.000000  0.071921
37424.000000  0.072660
37474.000000  0.061938
37489.000000  0.062317
37531.000000  0.056707
37674.000000  0.060934
37785.000000  0.051261
37891.000000  0.064027
37965.000000  0.064015
38078.000000  0.055846
38108.000000  0.042924
38167.000000  0.051290
38268.000000  0.050876
38426.000000  0.047598
38501.000000  0.052393
38700.000000  0.047935
38828.000000  0.042820
38874.000000  0.041809
38957.000000  0.040066
39050.000000  0.042021
39167.000000  0.047791
39244.000000  0.039667
39309.000000  0.034113
39381.000000  0.039087
39475.000000  0.035576
39554.000000  0.036783
39640.000000  0.039610
39718.000000  0.039181
39796.000000  0.039441
39881.000000  0.037878
39971.000000  0.036800
40030.000000  0.044952
40235.000000  0.036746
40291.000000  0.027865
40305.000000  0.020796
40308.000000  0.015872
40394.000000  0.022939
40491.000000  0.018986
40594.000000  0.019109
40688.000000  0.022555
40748.000000  0.023463
40776.000000  0.021803
40812.000000  0.016028
40818.000000  0.013352
40820.000000  0.011593
