995.000000  0.743151
1262.000000  0.732817
1483.000000  0.750192
1737.000000  0.779070
2044.000000  0.837697
2385.000000  0.890579
2681.000000  0.946376
2918.000000  0.982157
3240.000000  1.045337
3476.000000  1.078301
3775.000000  1.113689
4029.000000  1.145067
4281.000000  1.152897
4559.000000  1.220196
4862.000000  1.249443
5139.000000  1.233229
5336.000000  1.258412
5523.000000  1.325533
5724.000000  1.338794
5928.000000  1.366064
6176.000000  1.413348
6407.000000  1.427221
6705.000000  1.412026
6973.000000  1.481974
7204.000000  1.554893
7448.000000  1.557902
7723.000000  1.675362
7971.000000  1.609493
8134.000000  1.614219
8320.000000  1.653754
8457.000000  1.645823
8645.000000  1.732337
8773.000000  1.761397
8850.000000  1.740454
8933.000000  1.751340
9033.000000  1.759235
9213.000000  1.844010
9476.000000  1.796617
9657.000000  1.951439
9874.000000  1.902900
10082.000000  1.935765
10355.000000  1.915999
10553.000000  1.966661
10759.000000  1.983587
10981.000000  2.053617
11267.000000  2.047507
11417.000000  2.081797
11622.000000  2.102789
11804.000000  2.103639
12021.000000  2.140371
12222.000000  2.182198
12426.000000  2.245057
12685.000000  2.225358
12892.000000  2.329431
13101.000000  2.293163
13344.000000  2.412518
13600.000000  2.406853
13812.000000  2.405780
14054.000000  2.455388
14233.000000  2.459750
14426.000000  2.492224
14760.000000  2.576951
15008.000000  2.483872
15247.000000  2.540243
15555.000000  2.645838
15768.000000  2.655215
16040.000000  2.657113
16325.000000  2.734893
16651.000000  2.710720
17063.000000  2.743500
17313.000000  2.878236
17564.000000  2.883212
17829.000000  2.887317
18191.000000  2.903855
18462.000000  3.046666
18742.000000  3.020780
19003.000000  3.118408
19227.000000  3.088771
19488.000000  3.127384
19840.000000  3.129737
20110.000000  3.228915
20433.000000  3.304606
20700.000000  3.346631
20973.000000  3.371410
21215.000000  3.448593
21514.000000  3.316789
21709.000000  3.473373
21985.000000  3.493408
22315.000000  3.535825
22690.000000  3.659481
22969.000000  3.650054
23391.000000  3.586655
23592.000000  3.603840
23931.000000  3.665088
24268.000000  3.724587
24672.000000  3.865716
25026.000000  3.887236
25576.000000  3.959827
25911.000000  4.005238
26305.000000  4.005657
26590.000000  4.057767
26933.000000  4.086625
27203.000000  4.187262
27481.000000  4.200103
27865.000000  4.215963
28049.000000  4.173938
28276.000000  4.205446
28396.000000  4.341508
28773.000000  4.398719
29168.000000  4.216301
29302.000000  4.312358
29407.000000  4.402205
29702.000000  4.396608
29760.000000  4.420171
29958.000000  4.429095
30145.000000  4.552013
30404.000000  4.443161
30591.000000  4.506454
30871.000000  4.428865
31271.000000  4.530382
31564.000000  4.534004
31623.000000  4.647006
31822.000000  4.693280
31883.000000  4.521715
32078.000000  4.567419
32600.000000  4.581017
33049.000000  4.667750
33450.000000  4.752313
34001.000000  4.844614
34279.000000  4.822535
34817.000000  4.936747
34947.000000  5.006074
35156.000000  4.953203
35579.000000  4.947814
35967.000000  5.106649
36270.000000  5.027037
36371.000000  5.164886
36601.000000  5.070771
36753.000000  5.120981
37006.000000  5.131421
37232.000000  5.223846
37414.000000  5.251626
37609.000000  5.328710
37653.000000  5.293169
37917.000000  5.242357
38283.000000  5.304506
38664.000000  5.341277
39131.000000  5.320814
39334.000000  5.433008
39395.000000  5.354322
39524.000000  5.491580
39731.000000  5.494472
39836.000000  5.426576
39912.000000  5.516263
39982.000000  5.503842
40031.000000  5.467187
40258.000000  5.476719
40446.000000  5.590934
40694.000000  5.539990
40807.000000  5.498113
40819.000000  5.496076
40820.000000  5.519626
