2285.000000  18.848177
3558.000000  -15.196801
4149.000000  -1.059686
4694.000000  0.238128
5388.000000  -0.771345
6226.000000  1.429506
7067.000000  -0.146444
8059.000000  0.216146
8939.000000  -0.004704
9503.000000  -0.035064
9908.000000  -0.422829
10385.000000  0.401402
11113.000000  -1.145006
11818.000000  1.738545
12210.000000  -1.446151
12405.000000  -1.752846
12694.000000  1.933933
13024.000000  -0.253601
13370.000000  0.356967
13958.000000  -1.818115
14429.000000  -0.247250
14905.000000  0.114370
15385.000000  -0.361935
15447.000000  -0.304955
15448.000000  -0.308703
15625.000000  0.442345
15720.000000  -0.060118
16047.000000  0.049284
16385.000000  -0.347817
16888.000000  0.478420
17278.000000  -0.142611
17590.000000  -0.284879
17762.000000  0.078128
17958.000000  -0.014708
18132.000000  -0.057945
18387.000000  -0.054371
18622.000000  -0.000363
18958.000000  0.013957
19278.000000  -0.093801
19546.000000  0.371381
19935.000000  1.899153
20173.000000  -0.649249
20314.000000  -0.002336
20446.000000  0.336339
20752.000000  0.166988
21451.000000  -0.051132
22010.000000  -0.000507
22582.000000  -0.940422
23036.000000  -0.114596
23443.000000  -0.543266
23860.000000  0.056875
24308.000000  0.426430
24671.000000  0.367036
25079.000000  -1.144089
25515.000000  1.279912
26206.000000  1.375103
26718.000000  -2.508564
27179.000000  -0.083768
27487.000000  0.044566
27897.000000  0.016938
28387.000000  1.967557
28845.000000  -0.315229
29356.000000  -0.087723
30070.000000  1.487127
30521.000000  -0.771335
30932.000000  0.754406
31343.000000  -0.608762
31792.000000  0.662043
32315.000000  1.149409
34068.000000  -0.697440
35551.000000  -0.150528
37537.000000  0.154637
39653.000000  -0.634877
40808.000000  0.029742
41695.000000  -0.698298
42584.000000  0.738961
43179.000000  -0.326861
43580.000000  -1.416366
44033.000000  -1.138335
44545.000000  0.276708
45205.000000  0.178581
45975.000000  0.297171
46648.000000  0.671311
47467.000000  -0.008517
48467.000000  -1.096182
49508.000000  0.785731
50255.000000  -0.152282
50891.000000  0.370261
51733.000000  -0.927082
52443.000000  -0.266358
53507.000000  0.120781
54377.000000  0.576757
55064.000000  -0.151887
55647.000000  -0.612929
56072.000000  0.264220
56481.000000  -0.020854
56838.000000  -0.585184
57341.000000  0.132553
57736.000000  -0.053438
58156.000000  -0.048794
58594.000000  -0.086032
59010.000000  -0.024308
59486.000000  0.174162
59890.000000  0.042909
60402.000000  0.224170
60695.000000  -0.199945
61041.000000  -0.065519
61398.000000  0.028177
61806.000000  0.222199
62341.000000  0.216938
62773.000000  0.432069
63237.000000  0.144510
63740.000000  -0.148108
64196.000000  -0.170423
64560.000000  0.730308
65063.000000  -0.712080
65457.000000  -0.133252
65926.000000  -0.242097
66375.000000  0.397802
66874.000000  -0.333900
67651.000000  0.576613
68023.000000  -0.036990
68139.000000  -0.137512
68642.000000  -0.477544
69132.000000  0.055847
69584.000000  0.014731
70070.000000  0.493174
70522.000000  -0.058094
71016.000000  0.031093
71605.000000  0.192525
72234.000000  -0.305158
72497.000000  -0.445470
72762.000000  -0.078640
72934.000000  0.027044
73231.000000  0.282762
73617.000000  -0.049998
73945.000000  0.103126
74020.000000  -0.621557
74261.000000  -0.200026
74467.000000  0.304305
74692.000000  0.085918
74931.000000  -0.193368
75317.000000  0.107132
75852.000000  0.062509
76369.000000  -0.015759
76481.000000  -0.205812
76813.000000  0.100782
77458.000000  0.222085
77673.000000  -0.009642
78063.000000  0.009329
78471.000000  0.330165
78485.000000  -0.789627
78719.000000  0.006266
79167.000000  0.556276
79542.000000  0.007572
79893.000000  -0.437023
80137.000000  -0.077165
80397.000000  -0.016688
80654.000000  0.215630
80863.000000  0.056574
81023.000000  -0.067306
81187.000000  -0.041841
81337.000000  -0.031308
81492.000000  -0.068831
81629.000000  0.003954
81800.000000  0.200932
81959.000000  -0.031123
82076.000000  0.041493
82166.000000  -0.095222
82528.000000  0.058169
82873.000000  -0.162897
83073.000000  -0.115169
83416.000000  -0.023237
83729.000000  0.044338
84233.000000  0.102532
84723.000000  0.169677
85121.000000  -0.000354
85456.000000  0.035474
85731.000000  -0.332743
86017.000000  -0.003792
86243.000000  -0.020832
86482.000000  0.001566
86575.000000  -0.004314
86715.000000  0.108148
86898.000000  -0.035045
86987.000000  -0.052487
87197.000000  0.001515
87404.000000  0.036362
87522.000000  0.044703
87676.000000  -0.019484
87978.000000  -0.059299
88043.000000  0.035729
88058.000000  -0.056604
88167.000000  0.089659
88425.000000  0.039397
88910.000000  0.027690
89322.000000  -0.013052
89776.000000  0.015635
90103.000000  0.063372
90176.000000  -0.138287
90468.000000  -0.032431
90807.000000  -0.008100
90984.000000  0.022985
91196.000000  -0.031840
91385.000000  0.028240
91460.000000  -0.024265
91494.000000  -0.020843
