576.000000  0.190028
753.000000  0.118115
920.000000  0.126709
1127.000000  0.157493
1361.000000  0.172757
1568.000000  0.180544
1575.000000  0.052586
1764.000000  0.191400
1951.000000  0.218388
2158.000000  0.202488
2326.000000  0.169499
2498.000000  0.166026
2623.000000  0.164565
2743.000000  0.146906
2889.000000  0.185756
3034.000000  0.184621
3153.000000  0.164227
3260.000000  0.168816
3343.000000  0.116247
3423.000000  0.129652
3518.000000  0.131694
3666.000000  0.151105
3690.000000  0.096474
3826.000000  0.196048
3950.000000  0.164615
4052.000000  0.175276
4128.000000  0.170374
4128.000000  0.047161
4179.000000  0.177551
4233.000000  0.124308
4326.000000  0.149269
4394.000000  0.157324
4485.000000  0.174955
4644.000000  0.190943
4742.000000  0.188406
4871.000000  0.206252
5032.000000  0.205287
5200.000000  0.191380
5381.000000  0.180126
5549.000000  0.202317
5562.000000  0.088906
5703.000000  0.166073
5878.000000  0.204199
5949.000000  0.193834
6011.000000  0.123939
6058.000000  0.154445
6090.000000  0.156055
6189.000000  0.153189
6251.000000  0.128774
6336.000000  0.156458
6449.000000  0.158969
6479.000000  0.145764
6533.000000  0.139520
6557.000000  0.124145
6631.000000  0.132114
6785.000000  0.171950
6924.000000  0.169405
7054.000000  0.193121
7174.000000  0.207221
7284.000000  0.195148
7414.000000  0.198561
7541.000000  0.209804
7673.000000  0.230462
7799.000000  0.251891
7936.000000  0.228313
8077.000000  0.247609
8231.000000  0.218434
8347.000000  0.199106
8475.000000  0.208321
8617.000000  0.213486
8753.000000  0.230795
8892.000000  0.245866
9027.000000  0.197791
9163.000000  0.208521
9284.000000  0.215074
9398.000000  0.230819
9527.000000  0.204551
9568.000000  0.171388
9716.000000  0.233954
9909.000000  0.237279
10121.000000  0.264231
10184.000000  0.216138
10433.000000  0.292998
10651.000000  0.286782
10846.000000  0.302732
11031.000000  0.300929
11126.000000  0.243804
11311.000000  0.298621
11386.000000  0.227974
11544.000000  0.276686
11708.000000  0.282727
11878.000000  0.303886
12024.000000  0.317626
12197.000000  0.322688
12341.000000  0.297860
12417.000000  0.215156
12541.000000  0.254098
12633.000000  0.231007
12694.000000  0.230631
12796.000000  0.243986
12868.000000  0.225306
13004.000000  0.277766
13122.000000  0.264499
13202.000000  0.241242
13292.000000  0.238042
13404.000000  0.259676
13506.000000  0.275923
13605.000000  0.273194
13704.000000  0.279247
13791.000000  0.277082
13873.000000  0.278807
13966.000000  0.272555
14067.000000  0.316723
14184.000000  0.293279
14324.000000  0.343811
14411.000000  0.283713
14503.000000  0.258651
14596.000000  0.222692
14676.000000  0.202185
14768.000000  0.213211
14888.000000  0.233453
15085.000000  0.245257
15227.000000  0.248874
15381.000000  0.234300
15567.000000  0.287173
15730.000000  0.290025
15864.000000  0.275786
16024.000000  0.309153
16127.000000  0.254964
16270.000000  0.286201
16349.000000  0.288881
16374.000000  0.231639
16479.000000  0.265432
16621.000000  0.338976
16760.000000  0.334501
16871.000000  0.305686
16950.000000  0.322554
17073.000000  0.334806
17136.000000  0.301800
17220.000000  0.282445
17304.000000  0.289623
17388.000000  0.268447
17439.000000  0.234374
17506.000000  0.246743
17590.000000  0.269389
17704.000000  0.292078
17858.000000  0.333129
17985.000000  0.350110
18067.000000  0.337647
18156.000000  0.345896
18262.000000  0.351870
18376.000000  0.312156
18443.000000  0.321110
18530.000000  0.347096
18631.000000  0.348953
18702.000000  0.321348
18769.000000  0.361515
18855.000000  0.298103
18929.000000  0.329682
18957.000000  0.287460
18997.000000  0.333574
19038.000000  0.299755
19080.000000  0.311986
19125.000000  0.301150
19173.000000  0.300338
19221.000000  0.294858
19269.000000  0.284297
19325.000000  0.294489
19445.000000  0.317103
19606.000000  0.320587
19695.000000  0.278374
19782.000000  0.272856
19887.000000  0.310952
19954.000000  0.292916
19997.000000  0.264091
20100.000000  0.324666
20159.000000  0.323458
20218.000000  0.322759
20324.000000  0.325787
20429.000000  0.292065
20500.000000  0.381478
20564.000000  0.346435
20649.000000  0.394964
20760.000000  0.362157
20857.000000  0.434964
20956.000000  0.358656
21081.000000  0.428226
21208.000000  0.379461
21354.000000  0.404500
21495.000000  0.417712
21671.000000  0.432385
21760.000000  0.540712
21835.000000  0.279563
21938.000000  0.324908
22018.000000  0.463613
22125.000000  0.485291
22258.000000  0.659328
22331.000000  0.337842
22423.000000  0.291690
22515.000000  0.324871
22614.000000  0.320395
22707.000000  0.290835
22813.000000  0.549931
22954.000000  0.646411
23094.000000  0.582575
23218.000000  0.630388
23375.000000  0.632306
23511.000000  0.887504
23651.000000  0.326540
23719.000000  0.317315
23803.000000  0.314902
23875.000000  0.299663
23936.000000  0.308640
23980.000000  0.312161
24025.000000  0.285126
24115.000000  0.401660
24229.000000  0.418639
24324.000000  0.425764
24431.000000  0.489404
24541.000000  0.723721
24658.000000  0.759790
24716.000000  0.770885
24827.000000  0.607689
24944.000000  0.700832
25037.000000  0.783984
25108.000000  0.792471
25198.000000  0.825245
25243.000000  0.843292
25284.000000  0.918388
25315.000000  0.287441
25351.000000  0.333599
25386.000000  0.344429
25446.000000  0.448979
25542.000000  0.534342
25645.000000  0.490611
25707.000000  0.461200
25805.000000  0.432247
25856.000000  0.424177
25954.000000  0.519414
26049.000000  0.486371
26099.000000  0.361407
26152.000000  0.323813
26197.000000  0.492203
26241.000000  0.494225
26312.000000  0.483060
26419.000000  0.411130
26527.000000  0.465221
26622.000000  0.458805
26629.000000  0.426456
26648.000000  0.431829
26672.000000  0.506969
26687.000000  0.501866
26691.000000  0.547737
26711.000000  0.254167
26735.000000  0.379239
26766.000000  0.433382
26796.000000  0.413995
26831.000000  0.433570
26873.000000  0.412036
26920.000000  0.429534
26971.000000  0.403621
26991.000000  0.409219
27016.000000  0.343817
27095.000000  0.302433
27213.000000  0.325081
27298.000000  0.333451
27393.000000  0.333076
27425.000000  0.292191
27473.000000  0.329996
27520.000000  0.324709
27569.000000  0.321004
27604.000000  0.306124
27705.000000  0.390884
27765.000000  0.369746
27856.000000  0.376967
27930.000000  0.321738
27984.000000  0.324675
28050.000000  0.344809
28088.000000  0.306482
28201.000000  0.320242
28284.000000  0.349239
28367.000000  0.350762
28451.000000  0.365444
28536.000000  0.372660
28624.000000  0.374611
28738.000000  0.380977
28908.000000  0.398025
29072.000000  0.393868
29261.000000  0.420994
29413.000000  0.412867
29586.000000  0.453814
29755.000000  0.428250
29940.000000  0.421689
30058.000000  0.412324
30098.000000  0.394173
30163.000000  0.409091
30199.000000  0.384003
30215.000000  0.343554
30231.000000  0.353894
30263.000000  0.358181
30280.000000  0.351290
30296.000000  0.341361
30311.000000  0.328117
30314.000000  0.305802
30360.000000  0.352701
30418.000000  0.364597
30493.000000  0.369189
30547.000000  0.388930
30597.000000  0.375296
30648.000000  0.404583
30703.000000  0.411041
30775.000000  0.437883
30849.000000  0.438456
30921.000000  0.445535
30992.000000  0.448125
31067.000000  0.448028
31101.000000  0.406591
31139.000000  0.341272
31158.000000  0.399444
31174.000000  0.366520
31188.000000  0.335838
31256.000000  0.346214
31286.000000  0.331096
31375.000000  0.371130
31490.000000  0.358954
31587.000000  0.359313
31663.000000  0.339367
31789.000000  0.357914
31905.000000  0.363216
32039.000000  0.395607
32146.000000  0.363925
32252.000000  0.367072
32446.000000  0.403576
32610.000000  0.414785
32781.000000  0.427368
32905.000000  0.406157
33065.000000  0.417715
33232.000000  0.430483
33375.000000  0.410080
33423.000000  0.355252
33530.000000  0.425235
33629.000000  0.428835
33746.000000  0.451468
33847.000000  0.447169
34013.000000  0.447744
34124.000000  0.424837
34294.000000  0.448124
34424.000000  0.411822
34528.000000  0.426537
34633.000000  0.389248
34739.000000  0.424534
34898.000000  0.442998
35032.000000  0.454760
35110.000000  0.488116
35212.000000  0.449532
35275.000000  0.435547
35304.000000  0.406998
35358.000000  0.364810
35451.000000  0.368435
35484.000000  0.353342
35523.000000  0.378348
35623.000000  0.409996
35695.000000  0.418570
35762.000000  0.434908
35828.000000  0.406528
35903.000000  0.397825
35977.000000  0.417470
36050.000000  0.387191
36105.000000  0.386268
36162.000000  0.425958
36200.000000  0.415340
36240.000000  0.379731
36305.000000  0.399343
36367.000000  0.424686
36422.000000  0.442090
36446.000000  0.471722
36451.000000  0.508726
36489.000000  0.368917
36550.000000  0.369375
36607.000000  0.390288
36752.000000  0.412117
36811.000000  0.386537
36908.000000  0.403795
36964.000000  0.410946
37060.000000  0.406672
37187.000000  0.435186
37305.000000  0.423332
37419.000000  0.419716
37534.000000  0.433322
37636.000000  0.423268
37705.000000  0.406442
37784.000000  0.453939
37895.000000  0.451858
38046.000000  0.480727
38161.000000  0.463666
38183.000000  0.375398
38283.000000  0.428196
38336.000000  0.413525
38359.000000  0.408565
38371.000000  0.392077
38415.000000  0.403204
38534.000000  0.417774
38687.000000  0.439133
38794.000000  0.449976
38843.000000  0.399958
38956.000000  0.481072
39094.000000  0.488591
39200.000000  0.454119
39322.000000  0.487574
39468.000000  0.492433
39583.000000  0.485539
39699.000000  0.456325
39790.000000  0.468906
39855.000000  0.437680
39952.000000  0.448470
40034.000000  0.453225
40091.000000  0.450473
40123.000000  0.446337
40178.000000  0.461164
40202.000000  0.473458
40239.000000  0.439648
40287.000000  0.439649
40330.000000  0.431492
40370.000000  0.422486
40406.000000  0.458597
40407.000000  0.455732
40409.000000  0.420644
40480.000000  0.408808
40534.000000  0.437860
40549.000000  0.382632
40616.000000  0.450714
40672.000000  0.432427
40733.000000  0.446037
40787.000000  0.431793
40811.000000  0.434866
40817.000000  0.391985
