995.000000  0.269200
1247.000000  0.213846
1474.000000  0.209396
1725.000000  0.226956
2043.000000  0.239690
2289.000000  0.261966
2519.000000  0.267018
2752.000000  0.258597
2907.000000  0.223076
3149.000000  0.286068
3451.000000  0.319441
3792.000000  0.373471
4122.000000  0.450055
4479.000000  0.416045
4783.000000  0.414258
5081.000000  0.421355
5376.000000  0.414272
5444.000000  0.272154
5615.000000  0.310067
5750.000000  0.259412
5835.000000  0.247469
5989.000000  0.324138
6172.000000  0.353458
6337.000000  0.286357
6512.000000  0.294223
6665.000000  0.314304
6842.000000  0.294974
7036.000000  0.316807
7263.000000  0.336846
7495.000000  0.377723
7731.000000  0.345473
7928.000000  0.314574
8143.000000  0.332780
8246.000000  0.293372
8335.000000  0.275841
8444.000000  0.289942
8600.000000  0.279585
8772.000000  0.306612
8954.000000  0.331948
9135.000000  0.339462
9396.000000  0.375270
9653.000000  0.451878
9905.000000  0.457702
10203.000000  0.420844
10458.000000  0.458274
10675.000000  0.388940
10815.000000  0.368683
10986.000000  0.424029
11139.000000  0.378421
11298.000000  0.373939
11489.000000  0.395147
11662.000000  0.360879
11788.000000  0.356471
11972.000000  0.374055
12118.000000  0.381242
12270.000000  0.364137
12410.000000  0.396533
12554.000000  0.376799
12720.000000  0.409944
12961.000000  0.477203
13227.000000  0.519182
13498.000000  0.534931
13797.000000  0.552028
14061.000000  0.482809
14250.000000  0.442346
14472.000000  0.505175
14729.000000  0.490409
14994.000000  0.514864
15188.000000  0.467251
15461.000000  0.521643
15723.000000  0.558688
16071.000000  0.624785
16386.000000  0.599378
16598.000000  0.634514
16750.000000  0.422060
16946.000000  0.506580
17128.000000  0.560080
17283.000000  0.533139
17462.000000  0.538811
17652.000000  0.538468
17768.000000  0.432830
17881.000000  0.449584
17940.000000  0.428883
18013.000000  0.429239
18132.000000  0.435597
18254.000000  0.472490
18350.000000  0.448265
18443.000000  0.440080
18561.000000  0.488286
18732.000000  0.562259
18916.000000  0.513822
19140.000000  0.517012
19337.000000  0.542322
19487.000000  0.533518
19535.000000  0.474532
19722.000000  0.573817
19976.000000  0.573040
20190.000000  0.589106
20404.000000  0.582134
20581.000000  0.525205
20768.000000  0.473582
20824.000000  0.450881
21022.000000  0.490182
21187.000000  0.536429
21324.000000  0.535818
21520.000000  0.564397
21701.000000  0.649015
21829.000000  0.473658
21910.000000  0.630223
22027.000000  0.640889
22143.000000  0.674088
22266.000000  0.664717
22398.000000  0.698392
22515.000000  0.622396
22740.000000  0.675250
23054.000000  0.697367
23416.000000  0.648028
23754.000000  0.830556
24117.000000  0.845491
24330.000000  0.625364
24485.000000  0.770318
24537.000000  0.867873
24624.000000  0.575567
24789.000000  0.548139
24932.000000  0.840980
25123.000000  0.874762
25340.000000  0.883252
25534.000000  0.973851
25733.000000  0.798699
25879.000000  0.739556
26053.000000  0.789709
26253.000000  0.938706
26345.000000  0.954225
26407.000000  0.448664
26409.000000  0.349366
26461.000000  1.025249
26525.000000  0.887690
26623.000000  0.379366
26661.000000  0.550424
26713.000000  0.827843
26808.000000  0.814333
26921.000000  0.823628
27099.000000  0.843751
27232.000000  0.991373
27356.000000  0.390023
27382.000000  0.370994
27495.000000  0.392866
27533.000000  0.382997
27624.000000  0.426246
27718.000000  0.422712
27943.000000  0.456919
28124.000000  0.466115
28327.000000  0.481757
28616.000000  0.532208
28858.000000  0.599112
29153.000000  0.595887
29461.000000  0.540591
29773.000000  0.586949
30066.000000  0.618373
30398.000000  0.626149
30723.000000  0.588412
30962.000000  0.552602
31204.000000  0.570981
31438.000000  1.288348
31554.000000  0.519016
31726.000000  0.510308
31942.000000  0.537367
32186.000000  0.525618
32319.000000  0.490813
32461.000000  0.492811
32623.000000  0.537570
32708.000000  0.563871
33058.000000  0.603181
33409.000000  0.601467
33604.000000  0.557951
33781.000000  0.572587
33865.000000  0.503636
33942.000000  0.491116
34050.000000  0.529851
34189.000000  0.552155
34294.000000  0.529628
34329.000000  0.496552
34375.000000  0.447381
34386.000000  0.428623
34408.000000  0.422702
34458.000000  0.458264
34516.000000  0.471044
34655.000000  0.537837
34792.000000  0.547240
34888.000000  0.549439
35017.000000  0.522004
35154.000000  0.513305
35229.000000  0.487348
35302.000000  0.454603
35362.000000  0.432448
35473.000000  0.481899
35588.000000  0.499093
35686.000000  0.524755
35801.000000  0.543704
35884.000000  0.501769
35980.000000  0.480463
36062.000000  0.477258
36145.000000  0.477759
36286.000000  0.554606
36450.000000  0.557066
36646.000000  1.105183
36866.000000  0.603959
37073.000000  0.633893
37235.000000  0.625337
37375.000000  0.642105
37493.000000  0.626433
37597.000000  0.611279
37694.000000  0.655575
37777.000000  0.646580
37863.000000  0.767408
37968.000000  0.739393
38083.000000  0.795482
38198.000000  0.790749
38290.000000  0.794235
38368.000000  0.502928
38473.000000  0.519358
38578.000000  0.491020
38649.000000  0.577675
38797.000000  0.703877
38874.000000  0.664908
39036.000000  0.651454
39196.000000  0.676299
39408.000000  0.921561
39622.000000  0.687225
39747.000000  0.560728
39785.000000  0.517059
39832.000000  0.434600
39870.000000  0.491304
39871.000000  0.396737
39922.000000  0.386887
40004.000000  0.426766
40101.000000  0.438967
40256.000000  0.460882
40347.000000  0.422724
40467.000000  0.471406
40636.000000  0.498785
40741.000000  0.491889
40754.000000  0.420311
40811.000000  0.421898
40820.000000  0.395608
40821.000000  0.423108
