816.000000  0.208832
1016.000000  -0.050133
1210.000000  0.001141
1373.000000  -0.009285
1541.000000  -0.001169
1713.000000  0.012696
1916.000000  0.036690
2105.000000  -0.002109
2174.000000  -0.018537
2461.000000  0.037764
2689.000000  0.018290
2910.000000  -0.008228
3125.000000  0.018645
3373.000000  -0.007415
3555.000000  -0.000356
3761.000000  0.008287
3820.000000  -0.095412
3997.000000  0.060622
4067.000000  -0.040962
4236.000000  0.044283
4264.000000  -0.092829
4415.000000  0.082222
4600.000000  -0.001445
4775.000000  -0.005812
4938.000000  0.034092
5045.000000  -0.018486
5152.000000  -0.008507
5246.000000  0.056328
5313.000000  -0.091608
5434.000000  -0.037224
5518.000000  0.000876
5610.000000  0.007589
5744.000000  0.019359
5922.000000  0.035763
6094.000000  -0.005715
6238.000000  -0.000059
6284.000000  -0.030900
6477.000000  0.030564
6502.000000  -0.057211
6666.000000  0.071509
6847.000000  0.026871
7012.000000  -0.001609
7056.000000  -0.090166
7193.000000  0.047764
7349.000000  0.012095
7468.000000  0.023526
7601.000000  -0.023547
7726.000000  0.020289
7840.000000  -0.021213
7965.000000  0.005758
8069.000000  0.012164
8177.000000  0.005183
8265.000000  -0.012743
8319.000000  -0.028927
8379.000000  -0.033381
8460.000000  0.022031
8549.000000  -0.002236
8699.000000  0.007812
8745.000000  -0.027304
8834.000000  0.020904
8934.000000  0.000295
9066.000000  0.019668
9122.000000  -0.033423
9226.000000  0.018909
9316.000000  -0.003885
9414.000000  0.010917
9531.000000  0.006424
9660.000000  0.015377
9771.000000  0.002235
9913.000000  -0.005143
10083.000000  0.031181
10376.000000  0.051687
10650.000000  0.013390
10933.000000  0.031187
11171.000000  -0.008284
11439.000000  0.023908
11634.000000  -0.023707
11790.000000  0.000457
11915.000000  -0.009355
12030.000000  0.009387
12150.000000  0.013584
12364.000000  0.058805
12503.000000  0.024010
12682.000000  0.009434
12853.000000  -0.013386
13001.000000  -0.007005
13107.000000  -0.052094
13283.000000  0.024909
13375.000000  -0.024982
13452.000000  0.003973
13542.000000  -0.006489
13612.000000  -0.019562
13716.000000  0.011642
13847.000000  0.020989
13921.000000  -0.010735
14040.000000  0.054506
14110.000000  -0.024372
14194.000000  0.001169
14259.000000  -0.070889
14301.000000  -0.007320
14338.000000  -0.021441
14425.000000  0.077454
14501.000000  -0.010907
14599.000000  -0.005223
14673.000000  0.010461
14762.000000  -0.016051
14874.000000  0.018271
15003.000000  -0.001218
15233.000000  0.065665
15374.000000  -0.045647
15416.000000  -0.097438
15509.000000  0.042516
15609.000000  0.100750
15687.000000  -0.034113
15786.000000  -0.092807
15959.000000  0.061633
16119.000000  0.017997
16224.000000  -0.002430
16333.000000  0.011145
16446.000000  0.007935
16558.000000  -0.086787
16650.000000  -0.007506
16759.000000  0.007982
16851.000000  -0.007362
16958.000000  0.126325
17091.000000  -0.026332
17237.000000  0.036351
17371.000000  0.009087
17511.000000  -0.014268
17600.000000  -0.046426
17790.000000  0.058903
17888.000000  -0.048588
17980.000000  0.076383
18065.000000  -0.037943
18192.000000  0.080108
18330.000000  0.038045
18473.000000  0.005916
18610.000000  0.007957
18775.000000  0.049721
18936.000000  -0.094785
19113.000000  0.064808
19279.000000  0.100286
19459.000000  -0.241370
19646.000000  -0.041966
19765.000000  0.031627
19830.000000  -0.019334
19951.000000  -0.001876
20140.000000  0.044327
20321.000000  0.044294
20524.000000  0.105402
20713.000000  -0.030255
20917.000000  0.029897
21111.000000  0.113349
21353.000000  0.045375
21527.000000  0.118784
21677.000000  -0.553600
21873.000000  0.022103
22090.000000  0.051366
22284.000000  0.003328
22439.000000  -0.063957
22649.000000  0.037640
22805.000000  0.456696
22892.000000  -0.119788
22955.000000  0.065027
23054.000000  0.252201
23182.000000  -0.710097
23279.000000  -0.002015
23384.000000  0.013051
23518.000000  0.032687
23654.000000  -0.066149
23702.000000  -0.025391
23789.000000  0.056425
23890.000000  0.059515
24065.000000  0.048882
24181.000000  -0.077257
24277.000000  -0.077531
24352.000000  -0.019706
24453.000000  0.122224
24594.000000  0.050670
24668.000000  -0.025013
24728.000000  -0.118299
24826.000000  0.031155
24978.000000  -0.012309
25122.000000  0.018204
25270.000000  -0.006772
25417.000000  0.033128
25563.000000  0.010211
25764.000000  0.019584
25945.000000  0.013123
26098.000000  -0.035765
26215.000000  0.018073
26307.000000  -0.005048
26398.000000  0.006678
26492.000000  -0.007571
26565.000000  0.000894
26654.000000  -0.030309
26718.000000  -0.021469
26836.000000  0.075499
26979.000000  -0.038472
27079.000000  -0.011498
27185.000000  -0.006655
27277.000000  -0.028833
27329.000000  0.010589
27404.000000  0.053621
27487.000000  0.035110
27599.000000  0.006475
27684.000000  -0.007456
27748.000000  -0.031952
27811.000000  0.025689
27942.000000  0.059616
28155.000000  0.103400
28303.000000  -0.007133
28435.000000  -0.048051
28503.000000  -0.089561
28572.000000  -0.087315
28687.000000  0.036823
28735.000000  -0.027116
28789.000000  0.061663
28914.000000  0.074434
28990.000000  -0.070520
29093.000000  0.027056
29192.000000  -0.055775
29298.000000  0.009094
29354.000000  -0.049076
29427.000000  0.005386
29494.000000  0.000435
29574.000000  0.098770
29638.000000  -0.009023
29655.000000  -0.144039
29674.000000  0.026681
29681.000000  -0.006890
29718.000000  -0.001134
29765.000000  0.034766
29821.000000  -0.015583
29913.000000  0.010421
30011.000000  0.018351
30144.000000  0.011858
30230.000000  0.028489
30264.000000  -0.033118
30284.000000  0.018399
30308.000000  0.144870
30359.000000  -0.217620
30458.000000  0.016969
30634.000000  0.042472
30775.000000  0.021359
30958.000000  0.036898
31153.000000  -0.015640
31310.000000  -0.018552
31449.000000  -0.002531
31579.000000  -0.030052
31701.000000  0.028293
31863.000000  0.014820
32013.000000  0.018217
32153.000000  0.007210
32265.000000  0.053688
32426.000000  0.044383
32520.000000  0.006448
32652.000000  -0.040248
32787.000000  0.016121
32900.000000  -0.050098
32983.000000  -0.036414
33065.000000  -0.035888
33159.000000  0.015406
33208.000000  -0.031314
33264.000000  0.039199
33348.000000  -0.022036
33452.000000  0.037455
33516.000000  -0.046639
33583.000000  -0.002356
33644.000000  -0.012473
33706.000000  -0.013477
33749.000000  0.012028
33842.000000  0.092643
33971.000000  0.001773
34124.000000  0.014184
34271.000000  0.076817
34394.000000  -0.063477
34483.000000  -0.014879
34583.000000  0.061432
34712.000000  -0.026604
34797.000000  0.133595
34914.000000  0.101943
34975.000000  0.145437
34995.000000  -0.403704
35031.000000  -0.094888
35089.000000  -0.007994
35118.000000  0.316906
35182.000000  -0.254681
35274.000000  -0.003912
35375.000000  -0.009353
35445.000000  -0.051544
35502.000000  0.021031
35570.000000  0.024461
35636.000000  0.006465
35703.000000  0.039866
35780.000000  -0.001637
35931.000000  0.083955
36022.000000  -0.031066
36089.000000  -0.018565
36234.000000  0.029311
36432.000000  0.125076
36639.000000  -0.015465
36837.000000  0.005535
36977.000000  -0.021216
37120.000000  -0.171805
37201.000000  -0.030564
37253.000000  -0.014121
37377.000000  0.038395
37490.000000  0.030655
37590.000000  0.046857
37656.000000  0.014014
37702.000000  -0.000938
37723.000000  -0.041093
37815.000000  -0.102353
37921.000000  0.060942
37998.000000  -0.022735
38047.000000  0.011657
38100.000000  -0.067784
38188.000000  0.007700
38253.000000  0.022952
38364.000000  0.127006
38434.000000  0.092297
38499.000000  -0.063009
38574.000000  -0.014012
38601.000000  -0.033279
38617.000000  -0.088071
38645.000000  -0.040675
38663.000000  0.001514
38777.000000  0.030277
38899.000000  -0.006468
38975.000000  0.001060
39010.000000  -0.034224
39065.000000  0.028074
39120.000000  -0.012609
39177.000000  0.023542
39229.000000  0.006366
39263.000000  -0.028646
39337.000000  0.019631
39400.000000  -0.010469
39450.000000  0.033306
39585.000000  0.018845
39636.000000  0.004052
39713.000000  -0.008247
39760.000000  -0.027353
39811.000000  -0.004988
39875.000000  0.005588
39912.000000  0.001909
39959.000000  0.006966
40051.000000  0.051873
40076.000000  -0.053396
40196.000000  -0.004152
40304.000000  0.001892
40409.000000  0.002649
40519.000000  0.018917
40628.000000  0.010609
40699.000000  -0.000539
40742.000000  -0.061570
40771.000000  0.014291
40789.000000  0.019846
40802.000000  -0.034836
40817.000000  -0.003252
40819.000000  0.000124
