216.000000  0.052095
294.000000  0.011798
414.000000  0.009095
477.000000  -0.019594
550.000000  -0.012983
610.000000  -0.005166
653.000000  0.002485
710.000000  0.001971
799.000000  0.013696
869.000000  -0.021715
938.000000  0.021134
1018.000000  0.008953
1101.000000  0.004696
1198.000000  -0.007001
1316.000000  0.023030
1375.000000  -0.041785
1451.000000  0.012941
1494.000000  -0.001552
1539.000000  -0.025734
1583.000000  0.016397
1624.000000  -0.000608
1682.000000  0.006514
1734.000000  -0.002879
1779.000000  -0.022821
1824.000000  0.025040
1886.000000  -0.014377
1967.000000  0.030852
2051.000000  -0.014736
2117.000000  0.010807
2181.000000  -0.013499
2266.000000  -0.004412
2338.000000  -0.000259
2385.000000  0.003679
2429.000000  -0.004729
2481.000000  0.033092
2564.000000  0.010607
2677.000000  0.027987
2793.000000  -0.019085
2879.000000  -0.016759
2955.000000  -0.014887
3044.000000  0.003607
3130.000000  -0.012629
3194.000000  -0.011179
3258.000000  -0.002510
3331.000000  0.013326
3416.000000  -0.004092
3497.000000  0.028009
3589.000000  -0.015449
3664.000000  0.026428
3695.000000  -0.022248
3704.000000  -0.042746
3743.000000  0.016847
3794.000000  -0.010679
3845.000000  0.010615
3881.000000  -0.005781
3937.000000  0.001516
4009.000000  0.024075
4073.000000  -0.026715
4142.000000  0.005213
4226.000000  0.017749
4312.000000  -0.010225
4381.000000  0.003346
4484.000000  0.019000
4585.000000  0.002172
4629.000000  -0.021553
4633.000000  -0.035503
4682.000000  0.033941
4732.000000  0.005132
4780.000000  -0.019046
4828.000000  -0.009823
4876.000000  0.020423
4916.000000  -0.011289
4985.000000  0.006549
5066.000000  0.014051
5157.000000  -0.004229
5254.000000  0.038986
5337.000000  -0.027193
5426.000000  0.004019
5521.000000  0.017478
5616.000000  -0.001890
5686.000000  -0.018971
5760.000000  0.004963
5815.000000  0.009361
5883.000000  -0.000876
5962.000000  0.001738
6038.000000  -0.003481
6141.000000  0.025989
6222.000000  -0.027197
6302.000000  -0.007405
6362.000000  0.009897
6438.000000  -0.009133
6510.000000  -0.004405
6572.000000  0.018358
6662.000000  0.017826
6768.000000  0.010205
6853.000000  -0.035390
6933.000000  0.000969
7024.000000  0.019003
7112.000000  -0.010722
7166.000000  -0.040857
7286.000000  0.055907
7366.000000  -0.016017
7449.000000  0.019905
7532.000000  -0.011097
7599.000000  -0.019674
7677.000000  0.031858
7714.000000  -0.045936
7749.000000  -0.027616
7828.000000  0.093247
7882.000000  0.066052
7910.000000  0.100033
8053.000000  -0.224579
8124.000000  -0.012216
8194.000000  0.003088
8283.000000  -0.007106
8371.000000  0.046736
8443.000000  -0.043444
8515.000000  0.005798
8602.000000  0.026512
8677.000000  -0.020765
8767.000000  0.011524
8846.000000  -0.004473
8924.000000  -0.006656
9005.000000  0.013880
9082.000000  0.006933
9168.000000  0.000334
9260.000000  0.000665
9345.000000  0.017585
9439.000000  0.002111
9513.000000  0.002560
9607.000000  -0.020778
9680.000000  0.018658
9753.000000  -0.016250
9845.000000  0.021916
9923.000000  -0.042976
10010.000000  0.036513
10087.000000  0.043336
10178.000000  0.015099
10255.000000  -0.091656
10331.000000  -0.009839
10408.000000  0.018989
10493.000000  0.001496
10587.000000  -0.006425
10669.000000  0.011147
10726.000000  0.036672
10767.000000  0.035109
10827.000000  0.099168
10828.000000  -0.030134
10881.000000  -0.150335
10944.000000  -0.003275
11020.000000  0.008247
11094.000000  0.024083
11183.000000  -0.022625
11259.000000  -0.009360
11335.000000  0.010433
11444.000000  0.016657
11546.000000  -0.018355
11609.000000  -0.052909
11647.000000  -0.006856
11679.000000  0.001406
11721.000000  0.001600
11735.000000  -0.016051
11796.000000  0.318239
11804.000000  -0.234414
11838.000000  -0.054059
11904.000000  -0.000271
11980.000000  -0.003210
12028.000000  -0.008202
12081.000000  0.011714
12097.000000  -0.013553
12183.000000  0.046403
12247.000000  0.006290
12319.000000  0.002450
12398.000000  -0.015310
12488.000000  0.035060
12530.000000  -0.012963
12532.000000  -0.013745
12630.000000  -0.036461
12723.000000  0.033370
12810.000000  0.016880
12880.000000  -0.007921
12957.000000  -0.014600
13039.000000  0.005164
13081.000000  0.001774
13112.000000  0.010791
13121.000000  -0.062390
13179.000000  0.016745
13250.000000  0.011985
13335.000000  0.004459
13435.000000  0.030381
13514.000000  -0.013777
13592.000000  -0.004381
13655.000000  0.008185
13687.000000  -0.006343
13712.000000  -0.026967
13810.000000  0.010148
13907.000000  0.015994
13993.000000  0.027870
14063.000000  -0.016635
14154.000000  -0.004324
14215.000000  -0.013838
14270.000000  -0.000811
14365.000000  0.006747
14413.000000  0.006916
14469.000000  0.035515
14528.000000  -0.008617
14531.000000  -0.046680
14533.000000  -0.047024
14626.000000  0.049538
14713.000000  0.009660
14789.000000  0.022665
14885.000000  0.022576
14967.000000  -0.040952
15040.000000  0.016189
15121.000000  -0.025216
15213.000000  0.030276
15300.000000  -0.015887
15368.000000  -0.020750
15445.000000  -0.002354
15508.000000  0.029169
15574.000000  0.020600
15672.000000  -0.003598
15759.000000  -0.031509
15851.000000  0.005036
15940.000000  0.025815
16030.000000  -0.023028
16129.000000  0.021255
16194.000000  -0.033312
16269.000000  0.006948
16352.000000  0.012651
16440.000000  -0.027372
16521.000000  0.008029
16578.000000  -0.005035
16644.000000  -0.007960
16732.000000  0.017417
16824.000000  0.003450
16895.000000  0.005221
16976.000000  -0.025498
17035.000000  0.022614
17111.000000  0.002627
17180.000000  -0.008346
17258.000000  0.036961
17340.000000  -0.039098
17423.000000  0.002033
17522.000000  0.008186
17588.000000  -0.009780
17682.000000  0.008940
17789.000000  -0.006959
17874.000000  -0.004053
17941.000000  -0.024758
18010.000000  0.007348
18072.000000  -0.017041
18127.000000  0.000091
18179.000000  -0.000857
18232.000000  0.000604
18298.000000  0.001351
18371.000000  0.011877
18423.000000  -0.008523
18474.000000  -0.002770
18528.000000  -0.005708
18585.000000  0.016186
18668.000000  -0.006258
18751.000000  0.023963
18815.000000  -0.006628
18873.000000  -0.019850
18933.000000  0.000475
18993.000000  -0.006194
19052.000000  0.013576
19112.000000  0.000528
19173.000000  -0.010931
19234.000000  0.006559
19293.000000  0.002566
19353.000000  -0.003445
19413.000000  0.001007
19472.000000  -0.006781
19534.000000  -0.003114
19592.000000  -0.001097
19653.000000  0.014357
19715.000000  -0.008513
19773.000000  0.000440
19844.000000  -0.005608
19910.000000  -0.002960
19989.000000  0.037258
20058.000000  -0.019879
20162.000000  0.011099
20278.000000  0.014357
20409.000000  0.011481
20480.000000  -0.019369
20568.000000  0.007028
20681.000000  0.026499
20703.000000  -0.049438
20792.000000  0.041565
20876.000000  0.003184
20935.000000  -0.010013
21009.000000  0.004666
21081.000000  -0.002726
21153.000000  0.028747
21235.000000  0.002618
21338.000000  0.015418
21420.000000  -0.051838
21495.000000  0.017458
21574.000000  -0.026016
21638.000000  -0.012901
21710.000000  -0.004826
21768.000000  0.011691
21829.000000  0.023052
21910.000000  0.021493
21995.000000  0.031480
22010.000000  -0.018237
22011.000000  0.024644
22012.000000  -0.080279
22055.000000  -0.041973
22094.000000  -0.004912
22139.000000  0.005956
22190.000000  0.009550
22257.000000  0.005394
22339.000000  0.002479
22438.000000  0.008271
22544.000000  0.017304
22628.000000  -0.000204
22691.000000  -0.006814
22764.000000  0.002544
22840.000000  0.003062
22924.000000  0.010183
23025.000000  -0.000307
23101.000000  -0.023205
23183.000000  0.007123
23263.000000  0.001809
23340.000000  0.000414
23415.000000  -0.013362
23489.000000  0.012978
23567.000000  0.001765
23646.000000  0.019251
23724.000000  -0.031508
23772.000000  -0.007059
23828.000000  0.003683
23899.000000  0.021355
23980.000000  0.014135
24069.000000  -0.035615
24158.000000  0.012155
24232.000000  0.010364
24311.000000  -0.012363
24364.000000  0.006781
24404.000000  0.018710
24435.000000  0.071004
24441.000000  0.007900
24497.000000  -0.129393
24595.000000  0.021457
24707.000000  0.012168
24775.000000  -0.020287
24849.000000  0.010103
24914.000000  -0.014810
24988.000000  0.003531
25061.000000  -0.000431
25075.000000  -0.018198
25156.000000  0.029437
25243.000000  0.008298
25318.000000  0.011128
25425.000000  0.002926
25507.000000  -0.010419
25580.000000  0.013548
25649.000000  -0.003043
25752.000000  0.006490
25786.000000  -0.047545
25816.000000  -0.020211
25871.000000  0.012147
25946.000000  0.029025
26018.000000  -0.001170
26087.000000  -0.001901
26159.000000  -0.009750
26225.000000  -0.008747
26228.000000  -0.028221
26305.000000  0.039573
26373.000000  0.002335
26454.000000  0.012355
26527.000000  -0.014552
26589.000000  0.001332
26630.000000  -0.004207
26636.000000  -0.031224
26637.000000  0.000214
26670.000000  0.027967
26700.000000  -0.005627
26740.000000  0.069741
26863.000000  0.032381
26939.000000  -0.035832
27005.000000  -0.004868
27129.000000  0.024515
27231.000000  -0.007751
27333.000000  -0.027314
27437.000000  -0.004358
27530.000000  -0.000315
27684.000000  0.035942
27774.000000  -0.022223
27873.000000  0.009223
27979.000000  -0.032259
28089.000000  0.011722
28167.000000  -0.003236
28277.000000  -0.006096
28369.000000  -0.000054
28492.000000  0.018486
28575.000000  0.000225
28648.000000  -0.009487
28717.000000  -0.034083
28788.000000  0.019921
28853.000000  -0.005542
28932.000000  0.017780
29018.000000  0.047071
29100.000000  0.072347
29173.000000  0.007929
29215.000000  0.009650
29277.000000  0.001355
29319.000000  0.041273
29369.000000  0.004339
29403.000000  0.087364
29404.000000  -0.044683
29455.000000  -0.049375
29503.000000  -0.023411
29587.000000  0.125128
29640.000000  -0.143664
29713.000000  0.038331
29750.000000  -0.094787
29823.000000  -0.012864
29908.000000  0.142861
29984.000000  -0.048075
30065.000000  -0.013042
30183.000000  0.035063
30247.000000  -0.111273
30369.000000  0.010432
30434.000000  -0.017035
30491.000000  -0.005064
30559.000000  -0.080619
30628.000000  0.095242
30708.000000  -0.024022
30796.000000  -0.075540
30865.000000  0.000535
30959.000000  0.107180
31029.000000  0.034763
31103.000000  -0.000622
31225.000000  0.005653
31306.000000  -0.054415
31385.000000  0.002036
31471.000000  -0.002961
31556.000000  0.226432
31624.000000  -0.168594
31633.000000  -0.054437
31693.000000  0.254898
31708.000000  0.048792
31728.000000  0.331423
31729.000000  -0.658693
31806.000000  -0.075998
31912.000000  -0.006812
32002.000000  0.022976
32090.000000  0.030781
32185.000000  -0.021201
32239.000000  -0.009934
32242.000000  -0.051883
32243.000000  -0.005779
32292.000000  0.021768
32383.000000  0.007827
32467.000000  0.012269
32563.000000  0.035764
32616.000000  -0.041349
32709.000000  0.027046
32773.000000  -0.014663
32786.000000  -0.035274
32793.000000  0.000064
32850.000000  0.046035
32922.000000  -0.035454
32992.000000  0.015427
33097.000000  0.023396
33187.000000  -0.016564
33262.000000  0.016279
33334.000000  -0.016829
33413.000000  0.006922
33460.000000  0.017097
33548.000000  0.043285
33577.000000  -0.045705
33578.000000  -0.065792
33586.000000  0.013624
33671.000000  0.080581
33747.000000  -0.040441
33855.000000  0.000450
33944.000000  0.024800
34034.000000  -0.024818
34131.000000  0.039718
34196.000000  -0.057570
34251.000000  0.019191
34315.000000  -0.010054
34398.000000  0.025539
34450.000000  -0.020313
34488.000000  0.030711
34560.000000  -0.005402
34606.000000  -0.019226
34607.000000  -0.053590
34638.000000  0.023853
34691.000000  0.023463
34787.000000  -0.008187
34870.000000  0.016048
34949.000000  0.022330
35020.000000  -0.035764
35101.000000  0.047428
35119.000000  -0.058582
35211.000000  0.025957
35291.000000  -0.024140
35336.000000  0.016406
35405.000000  -0.022698
35531.000000  0.042221
35643.000000  -0.001918
35705.000000  -0.010502
35789.000000  -0.013366
35865.000000  0.024297
35930.000000  -0.042170
35984.000000  0.004379
36063.000000  -0.008877
36100.000000  0.011640
36146.000000  0.008298
36176.000000  -0.020535
36254.000000  0.010793
36327.000000  -0.002735
36380.000000  0.005587
36400.000000  -0.027237
36400.000000  -0.016910
36462.000000  0.038449
36514.000000  -0.020756
36577.000000  0.032982
36618.000000  -0.010535
36658.000000  -0.014186
36749.000000  0.031670
36823.000000  -0.013747
36919.000000  0.014902
37017.000000  0.016635
37053.000000  -0.032540
37067.000000  -0.014308
37117.000000  -0.000865
37143.000000  -0.017824
37171.000000  0.019535
37200.000000  -0.000836
37202.000000  -0.022982
37282.000000  0.045627
37290.000000  -0.040283
37448.000000  0.056521
37520.000000  -0.013701
37585.000000  -0.002172
37644.000000  -0.000629
37704.000000  0.006414
37765.000000  0.026752
37845.000000  -0.031521
37924.000000  0.005731
38005.000000  0.022205
38084.000000  -0.020156
38163.000000  0.022958
38244.000000  -0.009091
38287.000000  0.003701
38290.000000  -0.044479
38371.000000  0.024223
38410.000000  -0.033213
38451.000000  -0.001706
38522.000000  0.009824
38574.000000  0.007875
38608.000000  -0.016493
38659.000000  0.002688
38766.000000  0.006483
38853.000000  0.046278
38919.000000  -0.032772
39031.000000  0.009731
39086.000000  0.014510
39156.000000  -0.029207
39263.000000  0.025205
39282.000000  -0.047267
39313.000000  0.004977
39345.000000  -0.009206
39347.000000  0.014431
39393.000000  0.000167
39446.000000  0.024396
39473.000000  -0.029917
39508.000000  0.018836
39569.000000  -0.014723
39633.000000  0.016182
39684.000000  -0.005028
39724.000000  -0.010891
39730.000000  -0.023678
39750.000000  0.014394
39797.000000  0.013341
39808.000000  -0.010125
39896.000000  0.088027
39979.000000  -0.047799
40065.000000  -0.005406
40162.000000  0.026129
40223.000000  -0.039448
40284.000000  0.049948
40321.000000  -0.036445
40397.000000  -0.017293
40504.000000  0.014018
40607.000000  0.017275
40717.000000  0.026805
40726.000000  -0.075965
40783.000000  0.058317
40816.000000  -0.015995
