399.000000  0.092881
525.000000  0.094838
630.000000  0.096379
763.000000  0.103648
896.000000  0.119341
1022.000000  0.107630
1141.000000  0.099255
1265.000000  0.107808
1399.000000  0.133364
1548.000000  0.144468
1679.000000  0.136094
1744.000000  0.089210
1827.000000  0.124419
1931.000000  0.116225
2039.000000  0.106516
2055.000000  0.028611
2175.000000  0.107072
2260.000000  0.083641
2361.000000  0.112065
2479.000000  0.104441
2567.000000  0.112967
2659.000000  0.108331
2731.000000  0.120704
2803.000000  0.110423
2887.000000  0.133072
2955.000000  0.067311
3048.000000  0.072834
3116.000000  0.074964
3229.000000  0.098165
3357.000000  0.113597
3480.000000  0.103723
3594.000000  0.111213
3698.000000  0.120455
3839.000000  0.128146
3936.000000  0.128427
4024.000000  0.147905
4119.000000  0.122297
4203.000000  0.110291
4287.000000  0.092098
4364.000000  0.100115
4434.000000  0.101916
4510.000000  0.112051
4585.000000  0.069386
4658.000000  0.039528
4707.000000  0.059164
4723.000000  0.030202
4805.000000  0.071540
4881.000000  0.092818
4945.000000  0.102887
5023.000000  0.124143
5105.000000  0.132118
5146.000000  0.061726
5189.000000  0.043797
5235.000000  0.043028
5275.000000  0.025443
5342.000000  0.063788
5412.000000  0.059522
5472.000000  0.067379
5541.000000  0.050973
5594.000000  0.049670
5643.000000  0.064903
5695.000000  0.048228
5790.000000  0.080268
5909.000000  0.093110
6023.000000  0.093708
6139.000000  0.107074
6291.000000  0.122280
6446.000000  0.135495
6619.000000  0.186242
6737.000000  0.129037
6879.000000  0.153363
6900.000000  0.060869
7079.000000  0.156426
7196.000000  0.150241
7214.000000  0.057549
7326.000000  0.162040
7439.000000  0.172050
7591.000000  0.172265
7611.000000  0.076708
7683.000000  0.102741
7745.000000  0.051940
7826.000000  0.080396
7889.000000  0.089659
7942.000000  0.105254
7991.000000  0.081705
8049.000000  0.082605
8123.000000  0.103325
8196.000000  0.077172
8283.000000  0.073094
8381.000000  0.096803
8517.000000  0.110473
8608.000000  0.095121
8696.000000  0.107571
8803.000000  0.117508
8914.000000  0.112751
9008.000000  0.097228
9115.000000  0.100916
9241.000000  0.116108
9309.000000  0.091859
9407.000000  0.125742
9515.000000  0.134004
9569.000000  0.094372
9581.000000  0.021983
9632.000000  0.084827
9667.000000  0.112794
9691.000000  0.123753
9719.000000  0.139696
9761.000000  0.121788
9812.000000  0.168498
9891.000000  0.204285
9994.000000  0.218310
10080.000000  0.253393
10171.000000  0.283164
10235.000000  0.300991
10304.000000  0.088162
10353.000000  0.067503
10413.000000  0.075076
10468.000000  0.138918
10527.000000  0.191172
10594.000000  0.201578
10659.000000  0.151022
10692.000000  0.117547
10717.000000  0.028990
10802.000000  0.021318
10861.000000  0.045828
10915.000000  0.074547
11023.000000  0.094503
11175.000000  0.105817
11305.000000  0.117921
11424.000000  0.130736
11588.000000  0.154886
11757.000000  0.151553
11912.000000  0.150443
12072.000000  0.140984
12232.000000  0.159050
12274.000000  0.081602
12411.000000  0.152429
12497.000000  0.119935
12603.000000  0.127336
12645.000000  0.062355
12800.000000  0.106490
12935.000000  0.094314
13107.000000  0.091730
13192.000000  0.110145
13303.000000  0.095555
13429.000000  0.096538
13556.000000  0.116145
13698.000000  0.137108
13903.000000  0.155868
14066.000000  0.159924
14199.000000  0.137242
14355.000000  0.144617
14498.000000  0.146086
14647.000000  0.142105
14762.000000  0.074688
14869.000000  0.060400
14959.000000  0.083764
15031.000000  0.066510
15116.000000  0.105009
15211.000000  0.083486
15316.000000  0.097889
15439.000000  0.082412
15586.000000  0.101943
15723.000000  0.080880
15805.000000  0.078752
15911.000000  0.063064
16039.000000  0.066063
16068.000000  0.047827
16185.000000  0.100125
16316.000000  0.065329
16427.000000  0.122549
16507.000000  0.135219
16589.000000  0.070152
16651.000000  0.055318
16724.000000  0.057087
16770.000000  0.052851
16891.000000  0.080519
17009.000000  0.084510
17131.000000  0.071879
17249.000000  0.071644
17350.000000  0.107874
17437.000000  0.046050
17505.000000  0.092660
17564.000000  0.044038
17672.000000  0.106120
17798.000000  0.085756
17903.000000  0.097063
17990.000000  0.052722
18017.000000  0.038574
18106.000000  0.098558
18202.000000  0.086952
18299.000000  0.112026
18392.000000  0.132663
18479.000000  0.166493
18573.000000  0.153951
18651.000000  0.170572
18757.000000  0.135928
18857.000000  0.151888
18945.000000  0.145500
19068.000000  0.156498
19141.000000  0.161988
19320.000000  0.206120
19376.000000  0.156811
19464.000000  0.196901
19533.000000  0.188646
19613.000000  0.167129
19692.000000  0.182289
19775.000000  0.199457
19875.000000  0.215850
19995.000000  0.192150
20085.000000  0.199366
20155.000000  0.253868
20207.000000  0.232094
20249.000000  0.240879
20292.000000  0.073391
20343.000000  0.078829
20416.000000  0.178848
20503.000000  0.202203
20616.000000  0.261315
20740.000000  0.293188
20860.000000  0.190932
20989.000000  0.200909
21091.000000  0.176992
21137.000000  0.095832
21177.000000  0.089902
21244.000000  0.132269
21285.000000  0.116248
21335.000000  0.172191
21388.000000  0.110402
21410.000000  0.099989
21420.000000  0.076913
21440.000000  0.088025
21477.000000  0.144406
21493.000000  0.189238
21513.000000  0.209848
21555.000000  0.233862
21638.000000  0.281008
21701.000000  0.319524
21775.000000  0.348321
21863.000000  0.353844
21893.000000  0.369952
21908.000000  0.486034
21959.000000  0.053520
22009.000000  0.075545
22064.000000  0.090125
22134.000000  0.085892
22198.000000  0.053452
22233.000000  0.052659
22277.000000  0.181667
22335.000000  0.247469
22430.000000  0.272120
22531.000000  0.298869
22616.000000  0.289672
22712.000000  0.105084
22787.000000  0.102336
22867.000000  0.113266
22953.000000  0.105567
23008.000000  0.067679
23073.000000  0.073920
23182.000000  0.114644
23244.000000  0.155890
23334.000000  0.129735
23398.000000  0.150587
23472.000000  0.152701
23560.000000  0.218376
23600.000000  0.269211
23618.000000  0.170739
23682.000000  0.268229
23706.000000  0.247415
23726.000000  0.270235
23728.000000  0.107148
23732.000000  0.160818
23794.000000  0.066924
23851.000000  0.102486
23929.000000  0.063632
24014.000000  0.089904
24109.000000  0.118984
24124.000000  0.032435
24199.000000  0.104852
24293.000000  0.100446
24379.000000  0.100635
24462.000000  0.101166
24554.000000  0.120569
24628.000000  0.118457
24716.000000  0.090519
24790.000000  0.139826
24835.000000  0.097746
24845.000000  0.069950
24851.000000  0.110191
24866.000000  0.100110
24904.000000  0.121127
24956.000000  0.132851
25013.000000  0.140537
25074.000000  0.157394
25189.000000  0.301201
25328.000000  0.267895
25444.000000  0.267082
25549.000000  0.204928
25651.000000  0.234901
25748.000000  0.089069
25793.000000  0.091137
25859.000000  0.081740
25922.000000  0.143193
25999.000000  0.132544
26101.000000  0.135184
26172.000000  0.144829
26257.000000  0.140172
26352.000000  0.158112
26445.000000  0.175131
26557.000000  0.225844
26589.000000  0.186997
26600.000000  0.164556
26602.000000  0.160619
26621.000000  0.118909
26655.000000  0.207690
26693.000000  0.302459
26714.000000  0.355706
26743.000000  0.395468
26782.000000  0.400844
26818.000000  0.405502
26862.000000  0.415343
26892.000000  0.570622
26940.000000  0.485574
27015.000000  0.067033
27074.000000  0.069755
27134.000000  0.092706
27194.000000  0.081901
27270.000000  0.415187
27381.000000  0.432964
27515.000000  0.375346
27601.000000  0.290619
27631.000000  0.145145
27687.000000  0.084768
27743.000000  0.081684
27798.000000  0.080081
27886.000000  0.133989
27912.000000  0.112206
27981.000000  0.194522
28009.000000  0.121165
28023.000000  0.070601
28046.000000  0.101672
28096.000000  0.070533
28137.000000  0.074643
28177.000000  0.099235
28218.000000  0.103686
28228.000000  0.115435
28316.000000  0.069005
28409.000000  0.097888
28518.000000  0.118373
28598.000000  0.073363
28689.000000  0.123614
28812.000000  0.143216
28982.000000  0.174810
29153.000000  0.175489
29288.000000  0.154340
29341.000000  0.124755
29383.000000  0.102465
29423.000000  0.110621
29452.000000  0.147408
29476.000000  0.067476
29513.000000  0.121795
29542.000000  0.100995
29644.000000  0.068826
29740.000000  0.087018
29824.000000  0.097616
29933.000000  0.124715
30102.000000  0.141444
30224.000000  0.117242
30297.000000  0.098194
30392.000000  0.129752
30461.000000  0.111654
30542.000000  0.102397
30654.000000  0.114414
30718.000000  0.104447
30770.000000  0.070520
30909.000000  0.113842
30969.000000  0.081358
31050.000000  0.061392
31099.000000  0.068771
31163.000000  0.094394
31267.000000  0.108466
31324.000000  0.074626
31411.000000  0.104741
31527.000000  0.103997
31603.000000  0.105643
31690.000000  0.119453
31768.000000  0.106295
31849.000000  0.104270
31893.000000  0.090917
31943.000000  0.058165
32020.000000  0.055522
32078.000000  0.047487
32106.000000  0.025202
32123.000000  0.010599
32183.000000  0.049473
32240.000000  0.054351
32294.000000  0.046550
32344.000000  0.052295
32410.000000  0.038046
32457.000000  0.050445
32526.000000  0.072853
32649.000000  0.084820
32759.000000  0.100335
32821.000000  0.091409
32892.000000  0.079349
32998.000000  0.082099
33082.000000  0.096152
33114.000000  0.038434
33201.000000  0.071581
33239.000000  0.033753
33296.000000  0.056971
33352.000000  0.076616
33408.000000  0.068562
33464.000000  0.076534
33591.000000  0.123080
33686.000000  0.113087
33797.000000  0.113090
33917.000000  0.117115
34012.000000  0.102049
34083.000000  0.102183
34171.000000  0.115386
34221.000000  0.055269
34346.000000  0.149286
34441.000000  0.131195
34507.000000  0.111028
34563.000000  0.075408
34628.000000  0.079511
34723.000000  0.118687
34801.000000  0.096004
34841.000000  0.079136
34890.000000  0.069247
34943.000000  0.092284
34999.000000  0.079233
35054.000000  0.080018
35111.000000  0.078609
35172.000000  0.090743
35261.000000  0.065709
35353.000000  0.094633
35413.000000  0.079075
35464.000000  0.084244
35516.000000  0.093080
35583.000000  0.084556
35653.000000  0.084224
35716.000000  0.125296
35805.000000  0.069962
35892.000000  0.117364
35981.000000  0.129777
35990.000000  0.071262
36059.000000  0.051753
36073.000000  0.117735
36104.000000  0.141098
36148.000000  0.177131
36191.000000  0.161105
36225.000000  0.160883
36277.000000  0.119735
36321.000000  0.116568
36365.000000  0.125199
36409.000000  0.122113
36456.000000  0.102947
36611.000000  0.165485
36709.000000  0.177112
36802.000000  0.183062
36915.000000  0.184930
37005.000000  0.222056
37073.000000  0.184481
37150.000000  0.166473
37250.000000  0.230772
37360.000000  0.249714
37450.000000  0.260117
37528.000000  0.262869
37582.000000  0.284639
37636.000000  0.289074
37674.000000  0.280473
37698.000000  0.055325
37717.000000  0.063784
37732.000000  0.071612
37765.000000  0.078848
37821.000000  0.059012
37835.000000  0.058464
37842.000000  0.017468
37918.000000  0.031752
37954.000000  0.041068
37989.000000  0.011492
38030.000000  0.013537
38062.000000  0.012736
38071.000000  0.007122
38099.000000  0.024505
38103.000000  0.008195
38136.000000  0.021739
38172.000000  0.041466
38212.000000  0.068695
38296.000000  0.098362
38342.000000  0.042239
38410.000000  0.092644
38462.000000  0.054618
38509.000000  0.052239
38542.000000  0.044694
38595.000000  0.060711
38665.000000  0.056079
38702.000000  0.048141
38751.000000  0.122645
38784.000000  0.035535
38818.000000  0.021686
38901.000000  0.040633
38960.000000  0.045710
38986.000000  0.012286
38999.000000  0.012457
39067.000000  0.058572
39152.000000  0.070218
39222.000000  0.056618
39282.000000  0.064373
39326.000000  0.067845
39376.000000  0.054835
39413.000000  0.055550
39458.000000  0.060526
39461.000000  0.036498
39510.000000  0.031498
39574.000000  0.030875
39630.000000  0.028014
39698.000000  0.093677
39763.000000  0.066848
39799.000000  0.050125
39858.000000  0.098787
39895.000000  0.060151
39925.000000  0.061161
40004.000000  0.066985
40047.000000  0.068908
40106.000000  0.087108
40187.000000  0.052356
40241.000000  0.076106
40283.000000  0.047174
40319.000000  0.090531
40352.000000  0.063882
40384.000000  0.047963
40489.000000  0.092721
40533.000000  0.076571
40599.000000  0.051253
40659.000000  0.065037
40717.000000  0.105878
40771.000000  0.117224
40821.000000  0.096187
