2285.000000  0.479755
2894.000000  -0.088890
3538.000000  -0.029691
4223.000000  0.073324
4895.000000  0.052585
5526.000000  0.037239
6336.000000  0.059888
7118.000000  -0.000575
7848.000000  -0.047202
8645.000000  0.037350
9474.000000  0.092778
10403.000000  0.052481
11166.000000  -0.013442
11910.000000  -0.077758
12522.000000  -0.121108
12807.000000  -0.070574
13109.000000  0.010159
13444.000000  0.075476
13919.000000  0.051637
14317.000000  0.077690
14873.000000  0.098909
15692.000000  0.034779
16199.000000  -0.074202
16749.000000  -0.119593
17197.000000  -0.056404
17669.000000  -0.005777
18261.000000  0.059356
18892.000000  -0.013303
19575.000000  -0.016287
19923.000000  -0.086919
20582.000000  0.197479
20860.000000  -0.101027
21058.000000  -0.118874
21410.000000  0.127671
21740.000000  0.076147
22064.000000  0.009654
22308.000000  -0.048839
22427.000000  -0.111384
22645.000000  0.066477
23056.000000  0.356709
23516.000000  -0.025687
23992.000000  0.118339
24428.000000  -0.091345
24921.000000  -0.064422
25355.000000  0.107482
25895.000000  -0.101258
26478.000000  0.139438
27125.000000  -0.007292
27827.000000  0.085893
28679.000000  0.221945
29306.000000  -0.539682
30079.000000  0.058840
30890.000000  0.008847
31700.000000  0.137319
32679.000000  -0.016849
33134.000000  -0.111880
33580.000000  0.045659
34132.000000  -0.062953
34776.000000  -0.003617
35429.000000  0.006307
35845.000000  -0.152537
36183.000000  0.088864
36579.000000  0.043979
37027.000000  -0.063806
37448.000000  0.026915
38150.000000  -0.013345
38650.000000  0.216906
39257.000000  -0.159557
39807.000000  0.169781
40156.000000  0.245262
40358.000000  -0.674993
40612.000000  0.377127
40879.000000  0.392116
41078.000000  -0.609720
41298.000000  0.049785
41556.000000  0.291553
41977.000000  0.253400
42344.000000  0.020917
42773.000000  0.022067
43359.000000  -0.478769
43779.000000  -0.024609
44327.000000  -0.066384
44835.000000  0.117090
45614.000000  0.098296
46310.000000  0.487539
46679.000000  -0.352077
47042.000000  -0.350268
47381.000000  0.247536
48005.000000  -0.023443
48365.000000  -0.313642
48616.000000  -0.117126
48906.000000  0.081490
49267.000000  0.081428
49664.000000  0.299572
50065.000000  0.118680
50363.000000  -0.121367
50774.000000  -0.009049
50997.000000  -0.173307
51187.000000  -0.136712
51508.000000  0.148482
51982.000000  0.032022
52466.000000  0.037600
52925.000000  0.249955
53136.000000  -0.014447
53691.000000  0.148800
54513.000000  0.113815
55007.000000  0.100972
55565.000000  -0.116731
55972.000000  0.093500
56292.000000  0.242095
56618.000000  -0.291244
57101.000000  0.063967
57550.000000  0.311964
57923.000000  0.020730
58350.000000  0.271009
58793.000000  -0.008686
59187.000000  0.129879
59430.000000  -0.063333
59542.000000  -0.344689
59613.000000  -0.182507
59928.000000  -0.895252
60131.000000  0.020519
60291.000000  -0.017750
60469.000000  0.093075
60631.000000  -0.161298
60787.000000  0.023349
60935.000000  0.419466
61118.000000  0.472981
61238.000000  -0.356281
61246.000000  -0.651632
61468.000000  0.072351
61832.000000  0.028342
62323.000000  0.198338
62931.000000  0.129393
63396.000000  0.071393
63669.000000  -0.179244
64132.000000  0.177046
64659.000000  -0.103834
65271.000000  0.058878
66034.000000  0.078782
66742.000000  0.000754
67464.000000  0.075909
68143.000000  0.119744
68699.000000  -0.072766
69239.000000  -0.113278
69762.000000  0.095135
70104.000000  -0.012259
70411.000000  -0.007644
70617.000000  -0.293013
70947.000000  0.148083
71108.000000  0.792815
71272.000000  0.276313
71343.000000  -0.298977
71494.000000  0.074790
71701.000000  0.133752
71841.000000  -0.337613
72051.000000  -0.358603
72157.000000  0.180026
72384.000000  -0.565928
72554.000000  -0.045613
72753.000000  -0.071998
72961.000000  0.218509
73147.000000  0.037256
73747.000000  0.198794
74352.000000  -0.175954
74629.000000  -0.203144
74725.000000  -0.046039
75407.000000  0.194939
75631.000000  0.199444
75793.000000  -0.416967
75922.000000  0.066111
76405.000000  0.350524
76590.000000  -0.053012
76853.000000  -0.067091
77102.000000  -0.247313
77445.000000  0.023010
78027.000000  0.075937
78431.000000  0.034637
78827.000000  0.014074
79267.000000  -0.004050
79774.000000  -0.003004
80057.000000  -0.044765
80329.000000  -0.090124
80547.000000  0.010902
80819.000000  0.039105
81231.000000  0.140064
81616.000000  -0.076687
81869.000000  0.004044
82232.000000  0.014649
82597.000000  0.041210
82811.000000  -0.041250
82908.000000  0.010059
82941.000000  0.014754
83003.000000  0.173800
83057.000000  -0.272566
83182.000000  -0.066574
83280.000000  -0.048438
83472.000000  -0.015510
83661.000000  0.423590
83817.000000  -0.065323
83945.000000  -0.119537
84016.000000  0.005541
84033.000000  -0.049349
84115.000000  -0.175122
84348.000000  0.032709
84559.000000  -0.026404
84683.000000  0.040184
84785.000000  0.009814
85034.000000  -0.034514
85227.000000  0.099604
85460.000000  -0.030474
85626.000000  0.013578
85675.000000  -0.115749
85909.000000  0.077195
86133.000000  -0.000244
86347.000000  -0.009608
86513.000000  0.002253
86668.000000  0.037621
86879.000000  -0.077055
87123.000000  0.072363
87354.000000  0.021885
87537.000000  0.099578
87547.000000  -0.208101
87581.000000  -0.014043
87826.000000  0.103285
88064.000000  0.034303
88327.000000  -0.002411
88547.000000  0.081741
88784.000000  -0.002974
89026.000000  -0.015581
89232.000000  -0.040843
89284.000000  -0.057343
89370.000000  -0.027465
89570.000000  0.178126
89903.000000  0.071652
90157.000000  0.027656
90390.000000  -0.097106
90664.000000  0.170798
90878.000000  -0.031889
91116.000000  0.029258
91223.000000  -0.131672
91431.000000  -0.055422
91476.000000  0.102846
91482.000000  0.011918
