2285.000000  0.479755
2894.000000  0.390865
3538.000000  0.361174
4223.000000  0.434498
4895.000000  0.487083
5526.000000  0.524322
6336.000000  0.584210
7118.000000  0.583636
7848.000000  0.536434
8645.000000  0.573785
9474.000000  0.666563
10403.000000  0.719044
11166.000000  0.705601
11910.000000  0.627843
12522.000000  0.506736
12807.000000  0.436161
13109.000000  0.446320
13444.000000  0.521797
13919.000000  0.573434
14317.000000  0.651124
14873.000000  0.750033
15692.000000  0.784812
16199.000000  0.710610
16749.000000  0.591017
17197.000000  0.534614
17669.000000  0.528837
18261.000000  0.588193
18892.000000  0.574890
19575.000000  0.558603
19923.000000  0.471684
20582.000000  0.669163
20860.000000  0.568136
21058.000000  0.449261
21410.000000  0.576933
21740.000000  0.653080
22064.000000  0.662733
22308.000000  0.613894
22427.000000  0.502510
22645.000000  0.568986
23056.000000  0.925695
23516.000000  0.900008
23992.000000  1.018348
24428.000000  0.927003
24921.000000  0.862580
25355.000000  0.970062
25895.000000  0.868804
26478.000000  1.008242
27125.000000  1.000950
27827.000000  1.086843
28679.000000  1.308788
29306.000000  0.769106
30079.000000  0.827946
30890.000000  0.836793
31700.000000  0.974112
32679.000000  0.957263
33134.000000  0.845382
33580.000000  0.891041
34132.000000  0.828088
34776.000000  0.824471
35429.000000  0.830778
35845.000000  0.678241
36183.000000  0.767104
36579.000000  0.811083
37027.000000  0.747277
37448.000000  0.774192
38150.000000  0.760847
38650.000000  0.977753
39257.000000  0.818195
39807.000000  0.987977
40156.000000  1.233239
40358.000000  0.558246
40612.000000  0.935373
40879.000000  1.327489
41078.000000  0.717768
41298.000000  0.767554
41556.000000  1.059106
41977.000000  1.312506
42344.000000  1.333423
42773.000000  1.355490
43359.000000  0.876721
43779.000000  0.852112
44327.000000  0.785728
44835.000000  0.902818
45614.000000  1.001114
46310.000000  1.488653
46679.000000  1.136576
47042.000000  0.786308
47381.000000  1.033845
48005.000000  1.010402
48365.000000  0.696761
48616.000000  0.579635
48906.000000  0.661124
49267.000000  0.742553
49664.000000  1.042125
50065.000000  1.160805
50363.000000  1.039439
50774.000000  1.030390
50997.000000  0.857083
51187.000000  0.720370
51508.000000  0.868852
51982.000000  0.900874
52466.000000  0.938474
52925.000000  1.188429
53136.000000  1.173982
53691.000000  1.322782
54513.000000  1.436597
55007.000000  1.537569
55565.000000  1.420838
55972.000000  1.514337
56292.000000  1.756432
56618.000000  1.465187
57101.000000  1.529154
57550.000000  1.841117
57923.000000  1.861847
58350.000000  2.132856
58793.000000  2.124170
59187.000000  2.254049
59430.000000  2.190716
59542.000000  1.846027
59613.000000  1.663520
59928.000000  0.768268
60131.000000  0.788787
60291.000000  0.771038
60469.000000  0.864112
60631.000000  0.702814
60787.000000  0.726163
60935.000000  1.145629
61118.000000  1.618610
61238.000000  1.262329
61246.000000  0.610696
61468.000000  0.683047
61832.000000  0.711390
62323.000000  0.909728
62931.000000  1.039122
63396.000000  1.110515
63669.000000  0.931271
64132.000000  1.108317
64659.000000  1.004483
65271.000000  1.063361
66034.000000  1.142143
66742.000000  1.142897
67464.000000  1.218805
68143.000000  1.338549
68699.000000  1.265784
69239.000000  1.152506
69762.000000  1.247641
70104.000000  1.235383
70411.000000  1.227739
70617.000000  0.934726
70947.000000  1.082809
71108.000000  1.875624
71272.000000  2.151937
71343.000000  1.852960
71494.000000  1.927750
71701.000000  2.061502
71841.000000  1.723889
72051.000000  1.365285
72157.000000  1.545311
72384.000000  0.979383
72554.000000  0.933770
72753.000000  0.861772
72961.000000  1.080281
73147.000000  1.117537
73747.000000  1.316330
74352.000000  1.140377
74629.000000  0.937232
74725.000000  0.891193
75407.000000  1.086133
75631.000000  1.285577
75793.000000  0.868610
75922.000000  0.934721
76405.000000  1.285245
76590.000000  1.232234
76853.000000  1.165143
77102.000000  0.917830
77445.000000  0.940840
78027.000000  1.016778
78431.000000  1.051415
78827.000000  1.065489
79267.000000  1.061439
79774.000000  1.058435
80057.000000  1.013669
80329.000000  0.923545
80547.000000  0.934448
80819.000000  0.973552
81231.000000  1.113616
81616.000000  1.036929
81869.000000  1.040973
82232.000000  1.055622
82597.000000  1.096832
82811.000000  1.055582
82908.000000  1.065641
82941.000000  1.080395
83003.000000  1.254195
83057.000000  0.981629
83182.000000  0.915055
83280.000000  0.866617
83472.000000  0.851108
83661.000000  1.274698
83817.000000  1.209375
83945.000000  1.089838
84016.000000  1.095379
84033.000000  1.046030
84115.000000  0.870908
84348.000000  0.903617
84559.000000  0.877213
84683.000000  0.917397
84785.000000  0.927211
85034.000000  0.892697
85227.000000  0.992301
85460.000000  0.961827
85626.000000  0.975405
85675.000000  0.859656
85909.000000  0.936850
86133.000000  0.936607
86347.000000  0.926999
86513.000000  0.929252
86668.000000  0.966872
86879.000000  0.889818
87123.000000  0.962180
87354.000000  0.984066
87537.000000  1.083643
87547.000000  0.875542
87581.000000  0.861499
87826.000000  0.964784
88064.000000  0.999087
88327.000000  0.996675
88547.000000  1.078416
88784.000000  1.075442
89026.000000  1.059861
89232.000000  1.019018
89284.000000  0.961675
89370.000000  0.934209
89570.000000  1.112336
89903.000000  1.183988
90157.000000  1.211643
90390.000000  1.114538
90664.000000  1.285335
90878.000000  1.253446
91116.000000  1.282704
91223.000000  1.151033
91431.000000  1.095610
91476.000000  1.198456
91482.000000  1.210374
