269.000000  0.057886
327.000000  -0.023666
348.000000  -0.021170
375.000000  0.004375
395.000000  0.000018
420.000000  0.002908
442.000000  -0.004295
469.000000  0.002472
494.000000  -0.001697
545.000000  0.024996
576.000000  -0.011519
630.000000  0.027808
662.000000  -0.022780
700.000000  0.006654
744.000000  0.000842
789.000000  0.001298
822.000000  0.009728
858.000000  -0.008150
922.000000  0.034750
972.000000  -0.024125
1020.000000  0.000962
1056.000000  -0.009781
1096.000000  0.010347
1131.000000  -0.016217
1192.000000  0.012600
1225.000000  -0.015223
1269.000000  -0.000147
1303.000000  -0.009833
1345.000000  0.007080
1362.000000  -0.019391
1393.000000  0.021999
1417.000000  0.004506
1438.000000  -0.019137
1459.000000  0.002994
1470.000000  -0.014602
1497.000000  0.039172
1533.000000  -0.007743
1565.000000  0.000349
1592.000000  -0.009603
1628.000000  0.022729
1652.000000  -0.024822
1679.000000  0.001334
1723.000000  0.029011
1739.000000  -0.044514
1779.000000  0.027085
1839.000000  0.015799
1902.000000  0.003923
1923.000000  -0.022318
1954.000000  0.003282
1984.000000  -0.005126
2038.000000  0.018325
2046.000000  -0.035767
2065.000000  0.010775
2095.000000  0.010452
2118.000000  0.004696
2147.000000  -0.004274
2169.000000  -0.000803
2206.000000  0.003048
2247.000000  -0.002485
2278.000000  -0.010329
2290.000000  -0.018441
2302.000000  0.002110
2328.000000  0.018891
2344.000000  -0.003839
2365.000000  0.010623
2387.000000  -0.014044
2409.000000  0.004598
2437.000000  0.005906
2463.000000  -0.001370
2512.000000  0.008806
2559.000000  -0.013437
2578.000000  0.004862
2611.000000  0.019516
2657.000000  0.018666
2658.000000  -0.059906
2682.000000  0.006432
2726.000000  0.056502
2765.000000  -0.026109
2848.000000  0.025739
2867.000000  -0.028448
2889.000000  -0.011235
2920.000000  0.007090
2961.000000  -0.016663
2980.000000  -0.010898
3001.000000  0.001426
3021.000000  -0.004841
3040.000000  -0.000528
3049.000000  -0.002287
3077.000000  0.034021
3100.000000  -0.002618
3112.000000  -0.020969
3125.000000  0.012479
3139.000000  0.002466
3154.000000  -0.016499
3178.000000  0.007938
3197.000000  0.021724
3212.000000  -0.029550
3250.000000  0.029552
3267.000000  -0.004692
3285.000000  0.022460
3312.000000  0.004250
3338.000000  -0.006004
3371.000000  -0.004897
3389.000000  -0.000544
3413.000000  0.002389
3439.000000  -0.018584
3476.000000  0.031606
3512.000000  -0.010531
3540.000000  -0.039163
3571.000000  0.026540
3611.000000  -0.008669
3635.000000  -0.007725
3661.000000  0.001237
3689.000000  -0.001388
3709.000000  0.003122
3731.000000  -0.017590
3756.000000  0.001542
3786.000000  0.001388
3805.000000  0.000015
3842.000000  0.013123
3864.000000  -0.019202
3891.000000  0.008995
3907.000000  -0.013993
3922.000000  0.007795
3957.000000  0.006094
4005.000000  0.003218
4015.000000  -0.023324
4049.000000  0.012698
4076.000000  -0.001726
4085.000000  -0.012292
4117.000000  0.020662
4141.000000  -0.000102
4176.000000  0.009318
4201.000000  -0.005326
4235.000000  0.006680
4270.000000  0.013340
4312.000000  0.015627
4376.000000  -0.004838
4408.000000  0.003030
4422.000000  -0.040474
4442.000000  0.004936
4484.000000  0.051735
4499.000000  -0.033202
4523.000000  -0.003874
4578.000000  0.021157
4642.000000  -0.002822
4669.000000  -0.016195
4704.000000  0.002637
4737.000000  0.001635
4763.000000  -0.013465
4785.000000  0.002851
4812.000000  0.027976
4829.000000  -0.014051
4849.000000  -0.001789
4855.000000  -0.003964
4867.000000  -0.021587
4876.000000  0.034727
4891.000000  0.005853
4913.000000  -0.023790
4936.000000  0.033814
4948.000000  0.002244
4968.000000  -0.007961
4998.000000  0.028671
5017.000000  -0.076314
5046.000000  0.015011
5060.000000  0.014565
5088.000000  0.040357
5109.000000  -0.056867
5131.000000  0.023974
5165.000000  0.039870
5193.000000  -0.034479
5216.000000  0.003180
5246.000000  -0.002719
5266.000000  0.018503
5279.000000  -0.002170
5293.000000  -0.010092
5311.000000  0.005878
5325.000000  -0.026809
5339.000000  0.025853
5363.000000  0.010776
5378.000000  -0.019924
5399.000000  0.051142
5419.000000  -0.023864
5438.000000  -0.040792
5462.000000  0.010885
5491.000000  -0.001982
5518.000000  -0.003670
5552.000000  -0.008390
5596.000000  0.003426
5615.000000  -0.015384
5641.000000  0.052562
5658.000000  -0.039426
5679.000000  -0.014253
5712.000000  0.018910
5731.000000  0.012452
5755.000000  0.002352
5772.000000  -0.002220
5783.000000  -0.061604
5795.000000  0.057535
5805.000000  -0.010530
5816.000000  -0.015286
5841.000000  0.021251
5865.000000  0.008214
5894.000000  0.008450
5946.000000  0.064680
5980.000000  0.003159
5992.000000  -0.127772
6037.000000  0.124372
6050.000000  0.028532
6087.000000  -0.028414
6113.000000  0.045830
6129.000000  0.032338
6143.000000  -0.216325
6168.000000  0.036537
6194.000000  -0.019806
6216.000000  0.022395
6243.000000  -0.013648
6273.000000  0.029947
6314.000000  0.004193
6318.000000  0.002422
6340.000000  -0.007360
6362.000000  0.046548
6389.000000  -0.037775
6413.000000  -0.041272
6467.000000  0.062722
6496.000000  -0.056813
6528.000000  0.007712
6560.000000  0.006374
6601.000000  0.000788
6637.000000  0.094468
6655.000000  -0.030920
6676.000000  -0.023031
6705.000000  -0.018257
6744.000000  0.006894
6773.000000  -0.018414
6811.000000  -0.005351
6842.000000  0.018142
6879.000000  -0.014960
6915.000000  0.012894
6955.000000  -0.010684
6986.000000  -0.025609
7023.000000  0.007914
7056.000000  0.014299
7091.000000  -0.013064
7122.000000  0.021249
7147.000000  -0.019065
7187.000000  0.017100
7194.000000  -0.038913
7216.000000  0.023644
7242.000000  0.005203
7300.000000  0.020691
7327.000000  -0.041952
7365.000000  0.017592
7431.000000  0.014624
7470.000000  -0.026701
7518.000000  0.014758
7550.000000  -0.007818
7587.000000  -0.008998
7601.000000  0.009030
7609.000000  -0.001750
7612.000000  -0.035495
7635.000000  0.031866
7668.000000  0.009241
7691.000000  0.017195
7717.000000  -0.025009
7723.000000  -0.031631
7762.000000  0.043199
7781.000000  -0.006728
7813.000000  -0.026851
7825.000000  -0.004318
7849.000000  0.013312
7869.000000  -0.009238
7882.000000  0.000399
7898.000000  0.002028
7920.000000  0.006630
7948.000000  0.006792
7971.000000  0.005277
7997.000000  0.015612
8014.000000  -0.007653
8019.000000  -0.041038
8040.000000  0.043886
8059.000000  -0.003974
8077.000000  0.000201
8082.000000  -0.036138
8109.000000  0.039525
8132.000000  0.002092
8155.000000  0.002623
8170.000000  0.010285
8190.000000  -0.028271
8226.000000  0.021824
8273.000000  -0.025145
8307.000000  0.020071
8351.000000  -0.002819
8372.000000  -0.028206
8414.000000  0.030928
8457.000000  0.008267
8497.000000  -0.019805
8527.000000  -0.000576
8542.000000  -0.009783
8564.000000  -0.001634
8575.000000  -0.004601
8602.000000  0.025545
8638.000000  0.009536
8674.000000  0.021392
8686.000000  -0.017581
8697.000000  -0.012622
8717.000000  -0.032044
8729.000000  0.006653
8760.000000  -0.008895
8771.000000  -0.007913
8784.000000  0.000822
8800.000000  0.008243
8821.000000  -0.006247
8834.000000  -0.004804
8853.000000  0.002240
8872.000000  -0.000075
8883.000000  0.062763
8887.000000  -0.020142
8900.000000  -0.003668
8916.000000  0.003788
8922.000000  -0.009154
8933.000000  -0.002153
8963.000000  0.010611
8980.000000  -0.021471
8986.000000  -0.008415
8990.000000  0.016423
9014.000000  -0.024055
9063.000000  0.004497
9091.000000  -0.000135
9117.000000  0.020056
9149.000000  -0.005551
9169.000000  0.000120
9181.000000  0.039718
9200.000000  0.015756
9209.000000  -0.007114
9212.000000  -0.023214
9228.000000  0.023007
9243.000000  -0.001930
9275.000000  -0.004809
9279.000000  -0.045836
9299.000000  0.014484
9317.000000  -0.003820
9332.000000  0.003485
9334.000000  -0.039343
9353.000000  0.043906
9373.000000  0.009686
9399.000000  -0.019686
9430.000000  0.011027
9447.000000  -0.021852
9468.000000  -0.010257
9481.000000  -0.002423
9494.000000  0.001185
9506.000000  0.006690
9514.000000  -0.008237
9533.000000  -0.003184
9533.000000  -0.010007
9536.000000  0.079807
9543.000000  0.006078
9556.000000  -0.077746
9559.000000  -0.004223
9569.000000  -0.000351
9570.000000  -0.003357
9577.000000  0.020681
9582.000000  -0.010880
9585.000000  0.005008
9597.000000  -0.007116
9615.000000  -0.001792
9640.000000  0.000454
9656.000000  -0.002525
9661.000000  -0.002855
9680.000000  0.009402
9692.000000  -0.003065
9701.000000  -0.000870
9711.000000  -0.001826
9713.000000  -0.003594
9736.000000  0.010701
9759.000000  0.005476
9780.000000  0.004648
9798.000000  -0.001652
9824.000000  0.011652
9847.000000  -0.019861
9886.000000  0.015087
9924.000000  0.005816
9948.000000  -0.011301
9970.000000  0.000736
9998.000000  0.001951
10039.000000  0.003231
10052.000000  -0.012085
10055.000000  -0.006001
10062.000000  -0.000744
10081.000000  0.012343
10100.000000  -0.005099
10114.000000  -0.004078
10124.000000  0.004681
10138.000000  0.010330
10142.000000  -0.015069
10171.000000  0.006695
10218.000000  0.003362
10238.000000  -0.005960
10257.000000  0.007285
10281.000000  -0.004512
10307.000000  0.010363
10332.000000  -0.007447
10352.000000  -0.001322
10372.000000  -0.009239
10377.000000  0.004336
10379.000000  -0.010116
10380.000000  -0.003092
