2285.000000  95.390709
3608.000000  90.793106
3903.000000  87.772659
4562.000000  89.421211
5166.000000  86.171837
5759.000000  86.639618
6698.000000  86.204597
7215.000000  88.269005
7969.000000  88.121323
8252.000000  86.115685
8488.000000  84.958038
8863.000000  83.749733
9600.000000  88.377380
11192.000000  89.585999
12217.000000  88.330086
12712.000000  84.640778
13508.000000  87.510490
14148.000000  87.392937
14694.000000  80.602768
14943.000000  67.000595
15461.000000  82.401001
16110.000000  81.467278
16708.000000  82.468025
17045.000000  78.315063
17346.000000  67.953735
17637.000000  48.510109
17847.000000  24.836584
18199.000000  52.998478
18673.000000  55.212067
19201.000000  52.150631
19687.000000  53.796398
19923.000000  54.102535
20047.000000  30.346685
20236.000000  44.406094
20297.000000  22.809072
20392.000000  24.186356
20786.000000  31.441328
21190.000000  27.209156
21467.000000  27.954622
21594.000000  22.553955
21947.000000  77.848053
22271.000000  78.054573
22648.000000  80.861359
22974.000000  75.575653
23368.000000  79.194168
23877.000000  81.104500
24146.000000  77.501068
24800.000000  77.781647
25248.000000  74.985107
25765.000000  76.524643
26314.000000  78.448875
26676.000000  78.221672
27220.000000  77.216827
27608.000000  77.357521
28074.000000  71.822235
28337.000000  75.054672
28644.000000  68.932182
28995.000000  36.441483
29468.000000  62.500679
29867.000000  39.408764
30219.000000  35.201580
30553.000000  54.618366
30863.000000  44.775528
31459.000000  61.577301
31974.000000  53.453236
32624.000000  31.396631
33274.000000  57.663872
33786.000000  63.611191
34304.000000  66.805336
34721.000000  54.437531
35206.000000  68.233002
35639.000000  75.836906
36147.000000  78.401413
36809.000000  71.817940
37324.000000  76.828125
38156.000000  76.299591
38767.000000  78.283577
39354.000000  75.505653
39916.000000  79.854347
40809.000000  77.419838
41543.000000  72.914314
42194.000000  72.832275
42909.000000  74.552780
43875.000000  75.488579
44743.000000  69.294777
45326.000000  72.287560
46235.000000  67.849380
47011.000000  69.132050
47657.000000  59.316116
48454.000000  62.765495
49265.000000  52.453796
49973.000000  56.513077
50910.000000  68.856827
51796.000000  65.018738
52578.000000  66.440331
53442.000000  61.714970
54250.000000  68.890800
55118.000000  65.988388
55891.000000  59.125626
56703.000000  50.675507
57642.000000  49.330120
58443.000000  43.512272
59341.000000  42.040932
60303.000000  37.172791
60850.000000  35.808273
61561.000000  40.229111
62231.000000  31.474728
62669.000000  23.966881
63255.000000  33.414574
64110.000000  39.586933
65004.000000  29.561678
65913.000000  41.102406
66636.000000  32.639660
67291.000000  20.649668
67761.000000  14.058131
68178.000000  11.021077
68864.000000  37.745209
69467.000000  27.248493
69815.000000  7.512025
70250.000000  4.328146
70943.000000  35.529980
71635.000000  18.372997
72023.000000  10.955025
72464.000000  15.525238
72834.000000  2.473872
73179.000000  3.572428
73472.000000  23.742424
73748.000000  25.590111
73921.000000  17.544361
74098.000000  21.605171
74258.000000  19.493502
74393.000000  12.084312
74489.000000  12.906625
74574.000000  12.334978
74907.000000  23.011599
75099.000000  14.540140
75164.000000  17.553537
75393.000000  30.148121
75494.000000  18.752878
75609.000000  23.076586
75782.000000  20.287344
75860.000000  2.464910
76219.000000  9.349222
76631.000000  8.044042
77080.000000  4.848679
77623.000000  16.318550
77977.000000  20.506775
78303.000000  14.393406
78676.000000  26.303970
78980.000000  18.318289
79190.000000  3.830320
79370.000000  1.640995
79517.000000  1.547292
79591.000000  0.079967
79652.000000  0.004601
79663.000000  0.002005
79775.000000  2.026706
79846.000000  2.098354
79866.000000  0.446420
79899.000000  8.515360
79905.000000  2.823447
80072.000000  7.623312
80357.000000  8.461413
80739.000000  22.751604
80929.000000  19.498323
81358.000000  28.675753
81648.000000  7.528717
81967.000000  28.611193
82282.000000  17.881451
82774.000000  17.436543
83083.000000  31.414690
83440.000000  26.326698
83501.000000  9.314074
83711.000000  3.254369
84034.000000  5.329054
84402.000000  6.729345
84992.000000  10.780632
85490.000000  19.147053
85831.000000  8.696360
86000.000000  11.889183
86058.000000  14.680874
86133.000000  12.264907
86387.000000  9.500768
86820.000000  10.820156
87200.000000  13.632452
87449.000000  9.634160
87602.000000  15.376255
87781.000000  3.858630
87971.000000  4.391984
88062.000000  8.811850
88065.000000  2.716439
88278.000000  12.799546
88539.000000  8.771901
88823.000000  0.112444
89016.000000  11.649818
89040.000000  4.782557
89200.000000  0.099042
89571.000000  8.779805
89891.000000  6.345034
90201.000000  5.967489
90578.000000  12.184275
90960.000000  9.649318
91292.000000  19.431822
91335.000000  2.693662
91367.000000  2.135233
91476.000000  9.978277
91479.000000  2.901168
91483.000000  0.762506
