2285.000000  18.716778
3608.000000  -15.144630
3903.000000  -1.265374
4562.000000  0.626258
5166.000000  -0.714247
5759.000000  0.385614
6698.000000  0.319990
7215.000000  0.771284
7969.000000  -0.528001
8252.000000  -0.485954
8488.000000  -0.250077
8863.000000  0.118372
9600.000000  1.465153
11192.000000  0.307467
12217.000000  -0.389359
12712.000000  -1.150853
13508.000000  1.620729
14148.000000  -0.625288
14694.000000  -1.827193
14943.000000  -0.859438
15461.000000  1.438687
16110.000000  -0.324604
16708.000000  0.367429
17045.000000  -0.717934
17346.000000  -0.901050
17637.000000  -0.487080
17847.000000  -0.318719
18199.000000  0.431260
18673.000000  0.048285
19201.000000  -0.072155
19687.000000  0.042372
19923.000000  -0.035639
20047.000000  -0.350434
20236.000000  0.158618
20297.000000  -0.241423
20392.000000  0.015507
20786.000000  0.077625
21190.000000  -0.051497
21467.000000  0.007451
21594.000000  -0.053181
21947.000000  1.691997
22271.000000  0.055423
22648.000000  0.308062
22974.000000  -0.613112
23368.000000  0.503677
23877.000000  0.162301
24146.000000  -0.396197
24800.000000  0.218520
25248.000000  -0.316482
25765.000000  0.040709
26314.000000  0.180251
26676.000000  0.054865
27220.000000  -0.227382
27608.000000  0.243749
28074.000000  -0.504972
28337.000000  0.237578
28644.000000  -0.472093
28995.000000  -0.982776
29468.000000  0.684602
29867.000000  -0.618397
30219.000000  -0.039996
30553.000000  0.389066
30863.000000  -0.251446
31459.000000  0.530363
31974.000000  -0.259541
32624.000000  -0.449042
33274.000000  1.060753
33786.000000  -0.180109
34304.000000  0.151842
34721.000000  -0.549246
35206.000000  0.694652
35639.000000  0.832673
36147.000000  0.223804
36809.000000  -0.830313
37324.000000  0.688787
38156.000000  -0.015320
38767.000000  0.438628
39354.000000  -0.466932
39916.000000  0.850255
40809.000000  -0.279228
41543.000000  -0.726946
42194.000000  0.094204
42909.000000  0.280022
43875.000000  0.031312
44743.000000  -0.642794
45326.000000  0.331654
46235.000000  -0.363153
47011.000000  0.077393
47657.000000  -0.696172
48454.000000  0.245443
49265.000000  -0.462387
49973.000000  0.142616
50910.000000  0.965156
51796.000000  -0.406523
52578.000000  0.152266
53442.000000  -0.374188
54250.000000  0.704399
55118.000000  -0.307821
55891.000000  -0.378750
56703.000000  -0.528374
57642.000000  -0.018739
58443.000000  -0.221585
59341.000000  0.007945
60303.000000  -0.124454
60850.000000  -0.042835
61561.000000  0.148280
62231.000000  -0.234752
62669.000000  -0.191499
63255.000000  0.220840
64110.000000  0.183582
65004.000000  -0.285269
65913.000000  0.345479
66636.000000  -0.243832
67291.000000  -0.279341
67761.000000  -0.114134
68178.000000  -0.050627
68864.000000  0.576591
69467.000000  -0.256534
69815.000000  -0.369930
70250.000000  -0.047286
70943.000000  0.637725
71635.000000  -0.423089
72023.000000  -0.111762
72464.000000  0.073722
72834.000000  -0.199890
73179.000000  0.011310
73472.000000  0.310132
73748.000000  0.051827
73921.000000  -0.148090
74098.000000  0.057092
74258.000000  -0.050235
74393.000000  -0.110709
74489.000000  0.016983
74574.000000  -0.006097
74907.000000  0.167531
75099.000000  -0.140309
75164.000000  0.042886
75393.000000  0.270056
75494.000000  -0.243680
75609.000000  0.067305
75782.000000  -0.053376
75860.000000  -0.245150
76219.000000  0.084460
76631.000000  -0.019549
77080.000000  -0.034939
77623.000000  0.155535
77977.000000  0.056084
78303.000000  -0.090653
78676.000000  0.184517
78980.000000  -0.128455
79190.000000  -0.194572
79370.000000  -0.023686
79517.000000  -0.000751
79591.000000  -0.015374
79652.000000  -0.000731
79663.000000  -0.000026
79775.000000  0.021080
79846.000000  0.003233
79866.000000  -0.019754
79899.000000  0.085293
79905.000000  -0.062537
80072.000000  0.048551
80357.000000  0.011242
80739.000000  0.234680
80929.000000  -0.083471
81358.000000  0.144415
81648.000000  -0.304362
81967.000000  0.327050
82282.000000  -0.184418
82774.000000  0.005559
83083.000000  0.254227
83440.000000  -0.104582
83501.000000  -0.271411
83711.000000  -0.072275
84034.000000  0.024373
84402.000000  0.012515
84992.000000  0.053042
85490.000000  0.113238
85831.000000  -0.139810
86000.000000  0.039650
86058.000000  0.042078
86133.000000  -0.045047
86387.000000  -0.030931
86820.000000  0.022844
87200.000000  0.032836
87449.000000  -0.051814
87602.000000  0.071134
87781.000000  -0.138217
87971.000000  0.007206
88062.000000  0.046322
88065.000000  -0.064168
88278.000000  0.114504
88539.000000  -0.047586
88823.000000  -0.093583
89016.000000  0.127278
89040.000000  -0.079072
89200.000000  -0.048396
89571.000000  0.095429
89891.000000  -0.029817
90201.000000  -0.003385
90578.000000  0.074002
90960.000000  -0.027692
91292.000000  0.149141
91335.000000  -0.230330
91367.000000  -0.003496
91476.000000  0.082610
91479.000000  -0.077116
91483.000000  -0.023005
