269.000000  0.088102
340.000000  -0.033462
370.000000  -0.018633
407.000000  0.009850
440.000000  0.003282
507.000000  0.037758
558.000000  -0.017811
629.000000  0.008171
685.000000  0.012281
720.000000  -0.014492
794.000000  0.012288
833.000000  -0.021854
890.000000  0.007064
946.000000  0.010334
962.000000  -0.030379
1016.000000  0.035593
1064.000000  -0.011549
1095.000000  -0.008957
1103.000000  -0.019542
1134.000000  0.025055
1162.000000  -0.027284
1187.000000  0.022454
1218.000000  0.003430
1254.000000  0.012579
1297.000000  0.009713
1353.000000  -0.010048
1400.000000  -0.000203
1434.000000  -0.012082
1475.000000  -0.006246
1503.000000  -0.007890
1541.000000  0.001269
1569.000000  -0.004405
1603.000000  0.002279
1650.000000  0.008061
1688.000000  -0.000204
1722.000000  0.002402
1764.000000  0.004577
1799.000000  0.000569
1846.000000  0.011331
1878.000000  -0.015620
1915.000000  0.001436
1937.000000  -0.012979
1958.000000  0.005468
1982.000000  -0.007071
2000.000000  0.003261
2019.000000  -0.003882
2034.000000  -0.004728
2047.000000  0.007574
2066.000000  0.007074
2103.000000  0.000431
2171.000000  0.017673
2231.000000  0.008498
2271.000000  0.007578
2282.000000  -0.040665
2322.000000  0.022478
2359.000000  0.005972
2406.000000  0.008620
2443.000000  0.002347
2495.000000  -0.008141
2556.000000  0.003939
2603.000000  -0.006891
2624.000000  -0.016498
2639.000000  -0.001388
2669.000000  0.020836
2703.000000  0.001913
2734.000000  0.002358
2761.000000  -0.012666
2798.000000  0.004979
2815.000000  -0.001405
2859.000000  0.014145
2887.000000  0.004724
2942.000000  0.019324
3013.000000  0.008394
3076.000000  -0.009040
3123.000000  -0.012205
3166.000000  0.000183
3196.000000  -0.016386
3247.000000  0.021337
3293.000000  -0.013585
3347.000000  0.012250
3404.000000  0.008337
3465.000000  0.007530
3501.000000  -0.009742
3552.000000  -0.005070
3578.000000  -0.005017
3618.000000  -0.002265
3674.000000  0.022460
3709.000000  -0.026880
3743.000000  0.009200
3781.000000  -0.004486
3808.000000  -0.016547
3830.000000  -0.002462
3856.000000  0.029561
3882.000000  0.015939
3906.000000  0.012438
3951.000000  0.009940
3986.000000  -0.027131
4032.000000  0.022457
4095.000000  -0.004891
4164.000000  -0.014601
4219.000000  -0.018174
4221.000000  -0.038780
4264.000000  0.043354
4306.000000  -0.006431
4344.000000  -0.002317
4385.000000  0.006591
4416.000000  -0.017567
4434.000000  -0.014887
4450.000000  0.018641
4458.000000  -0.017599
4471.000000  0.003768
4487.000000  -0.002107
4518.000000  0.006985
4544.000000  -0.002173
4563.000000  0.006685
4583.000000  -0.008256
4596.000000  0.000162
4622.000000  0.011544
4649.000000  -0.001451
4682.000000  0.023813
4722.000000  -0.012049
4795.000000  0.010008
4845.000000  0.007703
4884.000000  -0.005424
4920.000000  -0.007604
4958.000000  0.006159
5005.000000  0.011764
5045.000000  0.004579
5074.000000  -0.009619
5129.000000  0.020883
5152.000000  -0.016030
5193.000000  0.023911
5254.000000  0.007082
5327.000000  -0.002986
5376.000000  -0.010040
5412.000000  -0.019040
5451.000000  0.007784
5491.000000  0.000349
5522.000000  0.013888
5570.000000  -0.014468
5602.000000  -0.000168
5633.000000  0.008436
5660.000000  0.040951
5692.000000  -0.034260
5739.000000  0.011218
5790.000000  0.006976
5825.000000  -0.014147
5854.000000  0.049185
5904.000000  -0.014477
5966.000000  -0.000969
6023.000000  0.019960
6032.000000  -0.104412
6074.000000  0.081867
6107.000000  0.011732
6122.000000  -0.077969
6167.000000  0.067817
6221.000000  -0.013002
6245.000000  0.002368
6304.000000  0.019019
6334.000000  -0.022785
6366.000000  -0.031882
6409.000000  0.030488
6458.000000  -0.035530
6489.000000  0.001651
6520.000000  0.012634
6583.000000  0.015172
6628.000000  0.016038
6666.000000  -0.008479
6686.000000  -0.007802
6706.000000  0.039109
6734.000000  -0.080772
6769.000000  -0.004693
6808.000000  -0.000819
6819.000000  0.036434
6846.000000  0.008009
6872.000000  -0.005786
6893.000000  0.009131
6905.000000  -0.057921
6929.000000  0.012778
6975.000000  0.053441
7014.000000  0.000772
7023.000000  -0.008033
7059.000000  0.015114
7118.000000  0.064314
7171.000000  -0.023932
7207.000000  -0.029550
7250.000000  0.005985
7296.000000  -0.004261
7328.000000  -0.010077
7389.000000  0.035456
7431.000000  -0.028735
7465.000000  -0.010094
7494.000000  0.014817
7533.000000  -0.011850
7571.000000  0.051021
7611.000000  0.020133
7662.000000  0.008868
7702.000000  -0.045737
7737.000000  -0.105765
7761.000000  0.020564
7774.000000  -0.007015
7790.000000  0.132246
7811.000000  0.037526
7837.000000  -0.043573
7861.000000  0.016937
7893.000000  0.018142
7916.000000  0.030642
7927.000000  -0.206278
7947.000000  -0.007253
7973.000000  -0.001162
7994.000000  0.009308
8012.000000  -0.013989
8018.000000  -0.014913
8028.000000  0.006820
8037.000000  0.007764
8054.000000  -0.003693
8079.000000  0.023802
8120.000000  -0.018877
8164.000000  0.149030
8181.000000  0.007439
8204.000000  -0.153548
8222.000000  0.014248
8254.000000  -0.002297
8326.000000  0.017083
8360.000000  -0.003855
8404.000000  0.002934
8443.000000  0.046656
8486.000000  -0.042105
8523.000000  0.005098
8567.000000  0.002874
8612.000000  -0.008865
8627.000000  -0.003269
8647.000000  0.001008
8694.000000  0.003976
8744.000000  -0.003622
8749.000000  -0.021349
8780.000000  0.032594
8814.000000  -0.011945
8849.000000  0.013584
8889.000000  -0.023637
8913.000000  0.006039
8927.000000  -0.024515
8960.000000  0.010291
8990.000000  0.012119
9018.000000  -0.007363
9029.000000  -0.004577
9053.000000  -0.003856
9074.000000  0.016279
9096.000000  -0.000940
9126.000000  -0.013140
9146.000000  0.002236
9163.000000  -0.010018
9185.000000  0.021430
9195.000000  -0.027293
9210.000000  0.020828
9245.000000  0.008156
9281.000000  -0.001235
9300.000000  -0.006508
9318.000000  -0.019172
9332.000000  -0.003262
9340.000000  0.008011
9355.000000  -0.007356
9411.000000  0.052486
9434.000000  -0.040097
9477.000000  0.032608
9477.000000  -0.050339
9529.000000  0.045418
9539.000000  -0.022560
9590.000000  0.061430
9607.000000  -0.049251
9664.000000  -0.008370
9685.000000  -0.000652
9707.000000  0.001395
9731.000000  0.004541
9753.000000  -0.020392
9773.000000  -0.001095
9785.000000  0.012411
9802.000000  -0.007377
9823.000000  -0.005313
9892.000000  0.045238
9937.000000  -0.002006
9987.000000  -0.002162
10039.000000  -0.004554
10039.000000  -0.037685
10092.000000  0.054359
10132.000000  0.017019
10144.000000  -0.038253
10150.000000  -0.027182
10160.000000  0.025748
10173.000000  0.006625
10198.000000  0.008859
10223.000000  0.006883
10252.000000  0.001304
10272.000000  0.011772
10304.000000  -0.010764
10319.000000  0.015078
10340.000000  0.005102
10349.000000  0.004451
10353.000000  -0.094888
10362.000000  0.004665
10368.000000  0.000206
