269.000000  0.055414
340.000000  0.036728
370.000000  0.016887
407.000000  0.024076
440.000000  0.029459
507.000000  0.062040
558.000000  0.043247
629.000000  0.048479
685.000000  0.050906
720.000000  0.049497
794.000000  0.057672
833.000000  0.036421
890.000000  0.042962
946.000000  0.052337
962.000000  0.023179
1016.000000  0.053315
1064.000000  0.043211
1095.000000  0.033115
1103.000000  0.011128
1134.000000  0.039289
1162.000000  0.016027
1187.000000  0.036345
1218.000000  0.039957
1254.000000  0.042253
1297.000000  0.059694
1353.000000  0.051438
1400.000000  0.041577
1434.000000  0.038925
1475.000000  0.030721
1503.000000  0.018915
1541.000000  0.023942
1569.000000  0.020350
1603.000000  0.022886
1650.000000  0.029745
1688.000000  0.029175
1722.000000  0.028063
1764.000000  0.032497
1799.000000  0.034340
1846.000000  0.044473
1878.000000  0.026734
1915.000000  0.023519
1937.000000  0.016534
1958.000000  0.017738
1982.000000  0.014335
2000.000000  0.013592
2019.000000  0.014387
2034.000000  0.011941
2047.000000  0.012173
2066.000000  0.015212
2103.000000  0.022186
2171.000000  0.037903
2231.000000  0.046802
2271.000000  0.043673
2282.000000  0.013960
2322.000000  0.034768
2359.000000  0.041511
2406.000000  0.044651
2443.000000  0.036871
2495.000000  0.036941
2556.000000  0.042906
2603.000000  0.031954
2624.000000  0.019688
2639.000000  0.016212
2669.000000  0.030115
2703.000000  0.029728
2734.000000  0.033849
2761.000000  0.016856
2798.000000  0.028997
2815.000000  0.019125
2859.000000  0.038981
2887.000000  0.032896
2942.000000  0.056865
3013.000000  0.066827
3076.000000  0.057673
3123.000000  0.037779
3166.000000  0.047221
3196.000000  0.023036
3247.000000  0.047572
3293.000000  0.037038
3347.000000  0.048986
3404.000000  0.045374
3465.000000  0.046843
3501.000000  0.041422
3552.000000  0.038274
3578.000000  0.038681
3618.000000  0.039230
3674.000000  0.041035
3709.000000  0.034315
3743.000000  0.036940
3781.000000  0.038273
3808.000000  0.019970
3830.000000  0.022488
3856.000000  0.038998
3882.000000  0.056074
3906.000000  0.065777
3951.000000  0.080549
3986.000000  0.061678
4032.000000  0.070519
4095.000000  0.069357
4164.000000  0.057716
4219.000000  0.042076
4221.000000  0.004061
4264.000000  0.042420
4306.000000  0.042835
4344.000000  0.030051
4385.000000  0.036099
4416.000000  0.027361
4434.000000  0.013302
4450.000000  0.031030
4458.000000  0.014540
4471.000000  0.018246
4487.000000  0.018090
4518.000000  0.023263
4544.000000  0.017799
4563.000000  0.017999
4583.000000  0.017974
4596.000000  0.015179
4622.000000  0.027229
4649.000000  0.017733
4682.000000  0.027948
4722.000000  0.025317
4795.000000  0.029858
4845.000000  0.031278
4884.000000  0.038544
4920.000000  0.032399
4958.000000  0.037529
5005.000000  0.044378
5045.000000  0.054800
5074.000000  0.045228
5129.000000  0.060379
5152.000000  0.047247
5193.000000  0.069196
5254.000000  0.066660
5327.000000  0.074869
5376.000000  0.056653
5412.000000  0.044499
5451.000000  0.045177
5491.000000  0.045408
5522.000000  0.048089
5570.000000  0.048310
5602.000000  0.036046
5633.000000  0.057182
5660.000000  0.066722
5692.000000  0.057473
5739.000000  0.069516
5790.000000  0.083414
5825.000000  0.068347
5854.000000  0.115753
5904.000000  0.096204
5966.000000  0.099533
6023.000000  0.097673
6032.000000  0.014631
6074.000000  0.097312
6107.000000  0.095291
6122.000000  0.020841
6167.000000  0.098235
6221.000000  0.084796
6245.000000  0.075315
6304.000000  0.101908
6334.000000  0.086617
6366.000000  0.045775
6409.000000  0.079692
6458.000000  0.044627
6489.000000  0.046273
6520.000000  0.052076
6583.000000  0.064319
6628.000000  0.070660
6666.000000  0.071812
6686.000000  0.054722
6706.000000  0.108882
6734.000000  0.020151
6769.000000  0.024136
6808.000000  0.016589
6819.000000  0.052003
6846.000000  0.065830
6872.000000  0.065155
6893.000000  0.069558
6905.000000  0.020948
6929.000000  0.019931
6975.000000  0.073161
7014.000000  0.081189
7023.000000  0.058975
7059.000000  0.080838
7118.000000  0.146102
7171.000000  0.122349
7207.000000  0.100038
7250.000000  0.095947
7296.000000  0.102105
7328.000000  0.090486
7389.000000  0.121595
7431.000000  0.093709
7465.000000  0.087146
7494.000000  0.093103
7533.000000  0.087140
7571.000000  0.134189
7611.000000  0.159988
7662.000000  0.157545
7702.000000  0.128056
7737.000000  0.025467
7761.000000  0.045908
7774.000000  0.042230
7790.000000  0.170253
7811.000000  0.201199
7837.000000  0.163308
7861.000000  0.169594
7893.000000  0.189067
7916.000000  0.225314
7927.000000  0.029942
7947.000000  0.024304
7973.000000  0.023262
7994.000000  0.028504
8012.000000  0.013676
8018.000000  0.003867
8028.000000  0.012048
8037.000000  0.004941
8054.000000  0.014556
8079.000000  0.023843
8120.000000  0.018751
8164.000000  0.154433
8181.000000  0.163835
8204.000000  0.013987
8222.000000  0.032076
8254.000000  0.022187
8326.000000  0.043841
8360.000000  0.033524
8404.000000  0.040575
8443.000000  0.053661
8486.000000  0.043029
8523.000000  0.049358
8567.000000  0.051055
8612.000000  0.043605
8627.000000  0.027627
8647.000000  0.033534
8694.000000  0.038264
8744.000000  0.034176
8749.000000  0.014322
8780.000000  0.039520
8814.000000  0.037080
8849.000000  0.036651
8889.000000  0.029276
8913.000000  0.024830
8927.000000  0.012856
8960.000000  0.020067
8990.000000  0.023823
9018.000000  0.025473
9029.000000  0.012605
9053.000000  0.019373
9074.000000  0.011610
9096.000000  0.009964
9126.000000  0.011034
9146.000000  0.008157
9163.000000  0.006582
9185.000000  0.010512
9195.000000  0.004007
9210.000000  0.021646
9245.000000  0.022013
9281.000000  0.032235
9300.000000  0.017699
9318.000000  0.009700
9332.000000  0.009050
9340.000000  0.006380
9355.000000  0.006713
9411.000000  0.037405
9434.000000  0.018566
9477.000000  0.041662
9477.000000  0.000088
9529.000000  0.045555
9539.000000  0.008734
9590.000000  0.051922
9607.000000  0.032491
9664.000000  0.028835
9685.000000  0.019194
9707.000000  0.018332
9731.000000  0.018097
9753.000000  0.013253
9773.000000  0.012337
9785.000000  0.010161
9802.000000  0.011440
9823.000000  0.012252
9892.000000  0.043003
9937.000000  0.052488
9987.000000  0.044511
10039.000000  0.040439
10039.000000  0.000078
10092.000000  0.049946
10132.000000  0.058564
10144.000000  0.032848
10150.000000  0.004770
10160.000000  0.038589
10173.000000  0.050310
10198.000000  0.054471
10223.000000  0.063403
10252.000000  0.065999
10272.000000  0.074379
10304.000000  0.070490
10319.000000  0.082298
10340.000000  0.087009
10349.000000  0.075508
10353.000000  0.005230
10362.000000  0.003022
10368.000000  0.002479
