995.000000  0.239835
1203.000000  0.188304
1416.000000  0.147428
1653.000000  0.178086
1672.000000  0.070545
1934.000000  0.212681
2176.000000  0.198715
2371.000000  0.193280
2600.000000  0.203066
2769.000000  0.202694
3005.000000  0.222992
3232.000000  0.218180
3516.000000  0.253043
3813.000000  0.228921
4096.000000  0.230508
4430.000000  0.295935
4653.000000  0.235003
4898.000000  0.260632
5159.000000  0.280641
5373.000000  0.244772
5556.000000  0.251133
5828.000000  0.274169
6088.000000  0.294300
6408.000000  0.347577
6727.000000  0.357942
6975.000000  0.306233
7232.000000  0.301689
7487.000000  0.324947
7702.000000  0.277735
7904.000000  0.225112
8049.000000  0.232442
8067.000000  0.165819
8252.000000  0.246974
8405.000000  0.229206
8558.000000  0.193503
8639.000000  0.204632
8720.000000  0.184059
8874.000000  0.250114
9135.000000  0.266994
9394.000000  0.287757
9660.000000  0.324681
9989.000000  0.403078
10276.000000  0.334478
10522.000000  0.346684
10802.000000  0.338236
10996.000000  0.337472
11290.000000  0.435233
11573.000000  0.452261
11816.000000  0.380832
11998.000000  0.337428
12204.000000  0.740763
12405.000000  0.538457
12550.000000  0.835493
12736.000000  0.462801
12882.000000  0.486026
13014.000000  0.446677
13142.000000  0.403350
13334.000000  0.510814
13539.000000  0.506961
13748.000000  0.506367
14016.000000  0.484365
14298.000000  0.494936
14539.000000  0.738544
14819.000000  0.556162
15022.000000  0.514996
15167.000000  0.415617
15352.000000  0.466264
15506.000000  0.453126
15672.000000  0.434767
15835.000000  0.335376
15992.000000  0.337527
16114.000000  0.428956
16189.000000  0.373906
16272.000000  0.310027
16368.000000  0.349998
16478.000000  0.391583
16616.000000  0.418557
16817.000000  0.486084
17061.000000  0.508023
17244.000000  0.410867
17434.000000  0.373339
17606.000000  0.407300
17811.000000  0.329887
18024.000000  0.410407
18277.000000  0.391349
18531.000000  0.445941
18742.000000  0.451675
18883.000000  0.324296
18906.000000  0.278145
18992.000000  0.264564
19121.000000  0.299792
19257.000000  0.349520
19436.000000  0.383240
19646.000000  0.500228
19811.000000  0.395216
19917.000000  0.392187
20024.000000  0.383551
20166.000000  0.384000
20368.000000  0.371868
20575.000000  0.401837
20757.000000  0.465853
20924.000000  0.383197
21003.000000  0.326583
21314.000000  0.491334
21563.000000  0.430430
21822.000000  0.452635
22105.000000  0.472517
22355.000000  0.510540
22583.000000  0.498686
22661.000000  0.453485
22932.000000  0.551286
23137.000000  0.524188
23325.000000  0.466033
23506.000000  0.439357
23635.000000  0.399767
23797.000000  0.360740
23934.000000  0.344930
24079.000000  0.407261
24249.000000  0.447607
24413.000000  0.466358
24575.000000  0.539694
24776.000000  0.505087
25054.000000  0.608076
25341.000000  0.576363
25595.000000  0.646280
25715.000000  0.600593
25796.000000  0.476500
25914.000000  0.530807
26026.000000  0.547336
26131.000000  0.675005
26295.000000  0.720951
26475.000000  0.852268
26633.000000  0.360669
26809.000000  0.369262
27026.000000  0.432717
27154.000000  0.669024
27300.000000  1.092579
27484.000000  0.807048
27677.000000  0.404196
27826.000000  0.372348
27964.000000  0.409461
28099.000000  0.398962
28275.000000  0.604134
28421.000000  0.616380
28522.000000  0.382132
28614.000000  0.371967
28740.000000  0.704394
28935.000000  0.785934
29124.000000  0.780138
29302.000000  0.794320
29343.000000  0.721498
29426.000000  0.747816
29545.000000  0.778810
29670.000000  0.902214
29779.000000  0.378419
29930.000000  0.419945
30055.000000  0.400996
30081.000000  0.346455
30165.000000  0.365622
30285.000000  0.461542
30453.000000  0.474228
30706.000000  0.487982
30900.000000  0.485960
31104.000000  0.908474
31238.000000  1.000448
31326.000000  1.141452
31395.000000  0.365767
31507.000000  0.373929
31535.000000  0.356615
31688.000000  0.416896
31797.000000  0.383990
31923.000000  0.402567
31993.000000  0.443546
32103.000000  0.397147
32244.000000  0.403570
32355.000000  0.414317
32464.000000  0.518049
32559.000000  0.512730
32657.000000  0.542708
32805.000000  0.519630
32997.000000  0.514425
33074.000000  0.430070
33202.000000  0.408446
33371.000000  0.463691
33529.000000  0.475793
33573.000000  0.424564
33730.000000  0.518825
33917.000000  0.769710
34075.000000  0.835455
34276.000000  1.485337
34498.000000  0.616769
34734.000000  0.764495
34959.000000  0.758318
35160.000000  0.799866
35380.000000  0.848459
35483.000000  0.696840
35585.000000  0.693639
35648.000000  0.467661
35819.000000  0.514734
35901.000000  0.483178
35964.000000  0.457578
35984.000000  0.450725
36088.000000  0.419981
36284.000000  0.506274
36482.000000  0.522670
36624.000000  0.481680
36778.000000  0.595871
36915.000000  0.584226
37011.000000  0.501981
37184.000000  0.653296
37365.000000  0.634765
37459.000000  0.578149
37578.000000  0.663618
37721.000000  0.719449
37908.000000  0.699650
38151.000000  0.788106
38287.000000  0.638425
38427.000000  0.628694
38552.000000  0.697476
38594.000000  0.712274
38623.000000  0.649845
38713.000000  0.512785
38794.000000  0.428733
38879.000000  0.490832
39059.000000  0.485483
39175.000000  0.477676
39312.000000  0.478422
39427.000000  0.494757
39480.000000  0.500479
39532.000000  0.475497
39547.000000  0.392850
39617.000000  0.406698
39643.000000  0.376617
39669.000000  0.392369
39717.000000  0.396348
39811.000000  0.477601
39903.000000  0.478578
40014.000000  0.455010
40033.000000  0.435972
40122.000000  0.444376
40243.000000  0.465888
40333.000000  0.418070
40420.000000  0.458293
40525.000000  0.509817
40614.000000  0.460551
40649.000000  0.423156
40702.000000  0.395866
40709.000000  0.379204
40751.000000  0.401893
40786.000000  0.381156
40819.000000  0.412268
