995.000000  0.171138
1203.000000  0.137343
1416.000000  0.105470
1653.000000  0.130977
1672.000000  0.025636
1934.000000  0.156262
2176.000000  0.149560
2371.000000  0.141218
2600.000000  0.151261
2769.000000  0.148990
3005.000000  0.165850
3232.000000  0.157387
3516.000000  0.174085
3813.000000  0.161884
4096.000000  0.163825
4430.000000  0.224299
4653.000000  0.165274
4898.000000  0.188675
5159.000000  0.203443
5373.000000  0.165922
5556.000000  0.169794
5828.000000  0.188305
6088.000000  0.208033
6408.000000  0.256054
6727.000000  0.262551
6975.000000  0.210231
7232.000000  0.204171
7487.000000  0.221390
7702.000000  0.168198
7904.000000  0.127023
8049.000000  0.126215
8067.000000  0.063533
8252.000000  0.140184
8405.000000  0.113895
8558.000000  0.082450
8639.000000  0.078230
8720.000000  0.069323
8874.000000  0.130052
9135.000000  0.144894
9394.000000  0.162557
9660.000000  0.201760
9989.000000  0.265770
10276.000000  0.208200
10522.000000  0.210602
10802.000000  0.192079
10996.000000  0.151568
11290.000000  0.227493
11573.000000  0.260850
11816.000000  0.217051
11998.000000  0.184010
12204.000000  0.181322
12405.000000  0.209091
12550.000000  0.188463
12736.000000  0.177324
12882.000000  0.206707
13014.000000  0.199794
13142.000000  0.188830
13334.000000  0.280430
13539.000000  0.287133
13748.000000  0.186803
14016.000000  0.222863
14298.000000  0.183721
14539.000000  0.194187
14819.000000  0.289671
15022.000000  0.248449
15167.000000  0.202369
15352.000000  0.211238
15506.000000  0.207411
15672.000000  0.194957
15835.000000  0.128571
15992.000000  0.131282
16114.000000  0.088453
16189.000000  0.102177
16272.000000  0.028907
16368.000000  0.048599
16478.000000  0.081588
16616.000000  0.133590
16817.000000  0.285002
17061.000000  0.278573
17244.000000  0.205019
17434.000000  0.172452
17606.000000  0.174189
17811.000000  0.130099
18024.000000  0.193155
18277.000000  0.183644
18531.000000  0.230142
18742.000000  0.228851
18883.000000  0.116327
18906.000000  0.062011
18992.000000  0.059832
19121.000000  0.076244
19257.000000  0.133095
19436.000000  0.166522
19646.000000  0.262073
19811.000000  0.177113
19917.000000  0.167373
20024.000000  0.129517
20166.000000  0.157098
20368.000000  0.153107
20575.000000  0.166622
20757.000000  0.186070
20924.000000  0.158047
21003.000000  0.082209
21314.000000  0.220417
21563.000000  0.194745
21822.000000  0.216705
22105.000000  0.231899
22355.000000  0.269428
22583.000000  0.240734
22661.000000  0.218247
22932.000000  0.277010
23137.000000  0.260355
23325.000000  0.214839
23506.000000  0.185655
23635.000000  0.142478
23797.000000  0.105348
23934.000000  0.093616
24079.000000  0.155503
24249.000000  0.196782
24413.000000  0.210735
24575.000000  0.250995
24776.000000  0.243345
25054.000000  0.328682
25341.000000  0.310181
25595.000000  0.347629
25715.000000  0.330604
25796.000000  0.189939
25914.000000  0.260490
26026.000000  0.274584
26131.000000  0.406722
26295.000000  0.444179
26475.000000  0.568793
26633.000000  0.094444
26809.000000  0.098488
27026.000000  0.161472
27154.000000  0.390020
27300.000000  0.476425
27484.000000  0.517434
27677.000000  0.117009
27826.000000  0.086597
27964.000000  0.118319
28099.000000  0.114866
28275.000000  0.308050
28421.000000  0.329049
28522.000000  0.093162
28614.000000  0.072136
28740.000000  0.383226
28935.000000  0.480840
29124.000000  0.485369
29302.000000  0.492828
29343.000000  0.415409
29426.000000  0.417143
29545.000000  0.463462
29670.000000  0.588498
29779.000000  0.067206
29930.000000  0.122151
30055.000000  0.096016
30081.000000  0.038294
30165.000000  0.053376
30285.000000  0.110937
30453.000000  0.160039
30706.000000  0.164807
30900.000000  0.167237
31104.000000  0.570558
31238.000000  0.659063
31326.000000  0.822175
31395.000000  0.050324
31507.000000  0.042916
31535.000000  0.042599
31688.000000  0.091057
31797.000000  0.068838
31923.000000  0.089287
31993.000000  0.087518
32103.000000  0.067600
32244.000000  0.091724
32355.000000  0.095261
32464.000000  0.180042
32559.000000  0.180348
32657.000000  0.189300
32805.000000  0.196799
32997.000000  0.137812
33074.000000  0.086894
33202.000000  0.075134
33371.000000  0.127249
33529.000000  0.129448
33573.000000  0.088240
33730.000000  0.181234
33917.000000  0.423412
34075.000000  0.472755
34276.000000  0.274799
34498.000000  0.264001
34734.000000  0.406600
34959.000000  0.385121
35160.000000  0.451879
35380.000000  0.492537
35483.000000  0.335498
35585.000000  0.344673
35648.000000  0.108440
35819.000000  0.172466
35901.000000  0.136444
35964.000000  0.104808
35984.000000  0.101956
36088.000000  0.057367
36284.000000  0.121113
36482.000000  0.141779
36624.000000  0.119669
36778.000000  0.228421
36915.000000  0.210481
37011.000000  0.155310
37184.000000  0.228340
37365.000000  0.270953
37459.000000  0.215443
37578.000000  0.296769
37721.000000  0.353065
37908.000000  0.321149
38151.000000  0.400481
38287.000000  0.248052
38427.000000  0.260400
38552.000000  0.316840
38594.000000  0.323947
38623.000000  0.275268
38713.000000  0.129854
38794.000000  0.043560
38879.000000  0.088115
39059.000000  0.102571
39175.000000  0.097390
39312.000000  0.095560
39427.000000  0.116570
39480.000000  0.100890
39532.000000  0.093977
39547.000000  0.017209
39617.000000  0.020940
39643.000000  0.008159
39669.000000  0.012332
39717.000000  0.017561
39811.000000  0.087173
39903.000000  0.055794
40014.000000  0.048886
40033.000000  0.027922
40122.000000  0.061718
40243.000000  0.087223
40333.000000  0.035300
40420.000000  0.052649
40525.000000  0.070407
40614.000000  0.062687
40649.000000  0.036657
40702.000000  0.021978
40709.000000  0.003342
40751.000000  0.014330
40786.000000  0.010836
40819.000000  0.009414
