995.000000  71.356659
1203.000000  72.936852
1416.000000  71.540031
1653.000000  73.547203
1672.000000  36.340748
1934.000000  73.472542
2176.000000  75.263481
2371.000000  73.064102
2600.000000  74.488571
2769.000000  73.504730
3005.000000  74.375069
3232.000000  72.136513
3516.000000  68.796791
3813.000000  70.716202
4096.000000  71.071289
4430.000000  75.793304
4653.000000  70.328262
4898.000000  72.391312
5159.000000  72.492332
5373.000000  67.786118
5556.000000  67.611137
5828.000000  68.682259
6088.000000  70.687286
6408.000000  73.668358
6727.000000  73.350075
6975.000000  68.650688
7232.000000  67.675720
7487.000000  68.131203
7702.000000  60.560654
7904.000000  56.426819
8049.000000  54.299320
8067.000000  38.314869
8252.000000  56.760502
8405.000000  49.690891
8558.000000  42.608990
8639.000000  38.229519
8720.000000  37.663349
8874.000000  51.997185
9135.000000  54.268627
9394.000000  56.491177
9660.000000  62.141026
9989.000000  65.935081
10276.000000  62.246227
10522.000000  60.747456
10802.000000  56.788509
10996.000000  44.912632
11290.000000  52.269333
11573.000000  57.676853
11816.000000  56.993931
11998.000000  54.533176
12204.000000  24.477692
12405.000000  38.831436
12550.000000  22.557081
12736.000000  38.315407
12882.000000  42.529957
13014.000000  44.729061
13142.000000  46.815414
13334.000000  54.898624
13539.000000  56.638050
13748.000000  36.890820
14016.000000  46.011288
14298.000000  37.120052
14539.000000  26.293221
14819.000000  52.083904
15022.000000  48.242897
15167.000000  48.691280
15352.000000  45.304298
15506.000000  45.773434
15672.000000  44.841793
15835.000000  38.336304
15992.000000  38.895420
16114.000000  20.620586
16189.000000  27.326965
16272.000000  9.323874
16368.000000  13.885556
16478.000000  20.835382
16616.000000  31.916752
16817.000000  58.632164
17061.000000  54.834641
17244.000000  49.899178
17434.000000  46.191818
17606.000000  42.766781
17811.000000  39.437443
18024.000000  47.064182
18277.000000  46.925865
18531.000000  51.608212
18742.000000  50.667046
18883.000000  35.870686
18906.000000  22.294510
18992.000000  22.615446
19121.000000  25.432243
19257.000000  38.079334
19436.000000  43.451195
19646.000000  52.390629
19811.000000  44.814240
19917.000000  42.676865
20024.000000  33.767811
20166.000000  40.910931
20368.000000  41.172337
20575.000000  41.465187
20757.000000  39.941872
20924.000000  41.244240
21003.000000  25.172529
21314.000000  44.861023
21563.000000  45.244244
21822.000000  47.876373
22105.000000  49.077427
22355.000000  52.773254
22583.000000  48.273579
22661.000000  48.126614
22932.000000  50.247967
23137.000000  49.668343
23325.000000  46.099632
23506.000000  42.255985
23635.000000  35.640251
23797.000000  29.203276
23934.000000  27.140656
24079.000000  38.182617
24249.000000  43.963142
24413.000000  45.187447
24575.000000  46.506943
24776.000000  48.178913
25054.000000  54.052811
25341.000000  53.816940
25595.000000  53.789242
25715.000000  55.046219
25796.000000  39.861229
25914.000000  49.074249
26026.000000  50.167358
26131.000000  60.254627
26295.000000  61.610233
26475.000000  66.738701
26633.000000  26.185762
26809.000000  26.671543
27026.000000  37.315826
27154.000000  58.296879
27300.000000  43.605522
27484.000000  64.114410
27677.000000  28.948515
27826.000000  23.257000
27964.000000  28.896233
28099.000000  28.791321
28275.000000  50.990379
28421.000000  53.384026
28522.000000  24.379631
28614.000000  19.393145
28740.000000  54.405067
28935.000000  61.180729
29124.000000  62.215752
29302.000000  62.043934
29343.000000  57.575943
29426.000000  55.781502
29545.000000  59.508984
29670.000000  65.228271
29779.000000  17.759590
29930.000000  29.087364
30055.000000  23.944315
30081.000000  11.053230
30165.000000  14.598581
30285.000000  24.036238
30453.000000  33.747185
30706.000000  33.773155
30900.000000  34.413700
31104.000000  62.804008
31238.000000  65.876801
31326.000000  72.028877
31395.000000  13.758460
31507.000000  11.477043
31535.000000  11.945377
31688.000000  21.841743
31797.000000  17.926992
31923.000000  22.179356
31993.000000  19.731388
32103.000000  17.021528
32244.000000  22.728144
32355.000000  22.992218
32464.000000  34.753922
32559.000000  35.174000
32657.000000  34.880630
32805.000000  37.872883
32997.000000  26.789459
33074.000000  20.204533
33202.000000  18.395197
33371.000000  27.442589
33529.000000  27.206877
33573.000000  20.783575
33730.000000  34.931690
33917.000000  55.009270
34075.000000  56.586468
34276.000000  18.500772
34498.000000  42.803856
34734.000000  53.185398
34959.000000  50.786163
35160.000000  56.494350
35380.000000  58.050751
35483.000000  48.145683
35585.000000  49.690575
35648.000000  23.187700
35819.000000  33.505878
35901.000000  28.238916
35964.000000  22.904972
35984.000000  22.620499
36088.000000  13.659512
36284.000000  23.922388
36482.000000  27.125841
36624.000000  24.844147
36778.000000  38.334003
36915.000000  36.027370
37011.000000  30.939350
37184.000000  34.952049
37365.000000  42.685524
37459.000000  37.264160
37578.000000  44.719864
37721.000000  49.074368
37908.000000  45.901455
38151.000000  50.815624
38287.000000  38.853756
38427.000000  41.419228
38552.000000  45.426643
38594.000000  45.480671
38623.000000  42.359055
38713.000000  25.323238
38794.000000  10.160192
38879.000000  17.952160
39059.000000  21.127626
39175.000000  20.388275
39312.000000  19.973999
39427.000000  23.561163
39480.000000  20.158722
39532.000000  19.764065
39547.000000  4.380589
39617.000000  5.148885
39643.000000  2.166292
39669.000000  3.142987
39717.000000  4.430793
39811.000000  18.252241
39903.000000  11.658343
40014.000000  10.743944
40033.000000  6.404465
40122.000000  13.888680
40243.000000  18.721966
40333.000000  8.443630
40420.000000  11.488102
40525.000000  13.810255
40614.000000  13.611237
40649.000000  8.662848
40702.000000  5.551990
40709.000000  0.881277
40751.000000  3.565542
40786.000000  2.842902
40819.000000  2.283376
