995.000000  0.013630
1203.000000  0.000333
1416.000000  -0.001057
1653.000000  0.002929
1672.000000  -0.000166
1934.000000  -0.002479
2176.000000  0.001090
2371.000000  0.001952
2600.000000  -0.003439
2769.000000  0.000574
3005.000000  0.001761
3232.000000  0.001973
3516.000000  0.009249
3813.000000  -0.011174
4096.000000  0.000374
4430.000000  -0.000244
4653.000000  -0.001592
4898.000000  0.000559
5159.000000  0.001332
5373.000000  0.000531
5556.000000  -0.000867
5828.000000  0.000670
6088.000000  -0.000829
6408.000000  0.001132
6727.000000  0.000805
6975.000000  -0.000065
7232.000000  0.001592
7487.000000  -0.001828
7702.000000  0.004602
7904.000000  -0.004122
8049.000000  0.000692
8067.000000  0.001627
8252.000000  0.000644
8405.000000  -0.002597
8558.000000  -0.000672
8639.000000  0.005224
8720.000000  0.006536
8874.000000  -0.009913
9135.000000  0.006019
9394.000000  0.001647
9660.000000  -0.004864
9989.000000  -0.001721
10276.000000  0.000492
10522.000000  0.005832
10802.000000  -0.001092
10996.000000  0.051674
11290.000000  0.014834
11573.000000  -0.016373
11816.000000  -0.048363
11998.000000  -0.002211
12204.000000  0.412610
12405.000000  -0.234813
12550.000000  0.320665
12736.000000  -0.376034
12882.000000  -0.001677
13014.000000  -0.031433
13142.000000  -0.033187
13334.000000  0.006750
13539.000000  -0.008695
13748.000000  0.083549
14016.000000  -0.048420
14298.000000  0.056399
14539.000000  0.230596
14819.000000  -0.281777
15022.000000  -0.011211
15167.000000  -0.045592
15352.000000  0.031414
15506.000000  -0.001779
15672.000000  -0.005036
15835.000000  -0.032301
15992.000000  -0.024692
16114.000000  0.152478
16189.000000  -0.066470
16272.000000  0.003284
16368.000000  0.001142
16478.000000  0.025023
16616.000000  -0.023042
16817.000000  -0.086537
17061.000000  0.020739
17244.000000  -0.020481
17434.000000  -0.009242
17606.000000  0.010537
17811.000000  -0.010100
18024.000000  -0.001059
18277.000000  0.002013
18531.000000  0.004330
18742.000000  0.009246
18883.000000  -0.017180
18906.000000  0.002618
18992.000000  -0.002450
19121.000000  0.004038
19257.000000  0.002154
19436.000000  -0.002502
19646.000000  0.012272
19811.000000  -0.014112
19917.000000  0.010752
20024.000000  -0.000819
20166.000000  -0.008921
20368.000000  -0.002303
20575.000000  0.003693
20757.000000  0.036342
20924.000000  -0.038301
21003.000000  0.015831
21314.000000  0.009621
21563.000000  -0.030059
21822.000000  0.005245
22105.000000  -0.002721
22355.000000  0.000454
22583.000000  0.001459
22661.000000  -0.003502
22932.000000  0.005167
23137.000000  -0.006137
23325.000000  0.001369
23506.000000  0.007036
23635.000000  0.003019
23797.000000  -0.005106
23934.000000  0.001455
24079.000000  -0.008271
24249.000000  -0.001026
24413.000000  -0.000667
24575.000000  0.009637
24776.000000  -0.008169
25054.000000  -0.001209
25341.000000  0.000066
25595.000000  0.001314
25715.000000  0.001771
25796.000000  -0.000858
25914.000000  -0.001075
26026.000000  -0.003376
26131.000000  -0.000020
26295.000000  0.000659
26475.000000  -0.001037
26633.000000  0.000734
26809.000000  -0.000220
27026.000000  -0.000033
27154.000000  0.001173
27300.000000  -0.000961
27484.000000  0.001008
27677.000000  -0.001219
27826.000000  0.011105
27964.000000  -0.002101
28099.000000  -0.009471
28275.000000  0.000629
28421.000000  -0.000440
28522.000000  0.001454
28614.000000  0.000404
28740.000000  0.007615
28935.000000  -0.008984
29124.000000  -0.000571
29302.000000  0.002281
29343.000000  -0.001004
29426.000000  -0.000493
29545.000000  0.002277
29670.000000  -0.000283
29779.000000  0.001081
29930.000000  -0.003775
30055.000000  0.000117
30081.000000  0.006505
30165.000000  -0.005226
30285.000000  -0.001654
30453.000000  0.000832
30706.000000  -0.000031
30900.000000  0.002646
31104.000000  -0.003145
31238.000000  -0.001039
31326.000000  0.002312
31395.000000  -0.001312
31507.000000  0.003275
31535.000000  -0.003155
31688.000000  -0.001037
31797.000000  0.001982
31923.000000  -0.002545
31993.000000  0.000642
32103.000000  0.001377
32244.000000  -0.000573
32355.000000  0.006327
32464.000000  0.001079
32559.000000  -0.005870
32657.000000  -0.001340
32805.000000  0.000869
32997.000000  0.009170
33074.000000  -0.009428
33202.000000  -0.001497
33371.000000  0.001559
33529.000000  -0.000485
33573.000000  -0.000279
33730.000000  0.007101
33917.000000  -0.005980
34075.000000  0.006812
34276.000000  -0.010144
34498.000000  0.009793
34734.000000  -0.010284
34959.000000  0.002515
35160.000000  -0.001067
35380.000000  -0.001318
35483.000000  0.001464
35585.000000  -0.000884
35648.000000  -0.001384
35819.000000  0.002923
35901.000000  -0.000264
35964.000000  -0.001729
35984.000000  0.002621
36088.000000  -0.003631
36284.000000  0.010495
36482.000000  -0.010437
36624.000000  0.002777
36778.000000  0.000491
36915.000000  -0.001189
37011.000000  -0.001584
37184.000000  0.001025
37365.000000  0.000089
37459.000000  -0.001284
37578.000000  0.001804
37721.000000  -0.002527
37908.000000  -0.000550
38151.000000  -0.000329
38287.000000  0.000683
38427.000000  -0.001124
38552.000000  0.003161
38594.000000  -0.003970
38623.000000  0.002152
38713.000000  -0.002002
38794.000000  -0.000304
38879.000000  0.003408
39059.000000  0.000950
39175.000000  -0.002115
39312.000000  -0.001903
39427.000000  0.001941
39480.000000  0.000796
39532.000000  -0.002921
39547.000000  -0.000289
39617.000000  0.003962
39643.000000  -0.004171
39669.000000  0.001176
39717.000000  -0.000200
39811.000000  -0.000111
39903.000000  -0.000056
40014.000000  -0.000715
40033.000000  0.000255
40122.000000  0.001005
40243.000000  -0.000618
40333.000000  0.000513
40420.000000  0.003097
40525.000000  0.003540
40614.000000  -0.007654
40649.000000  -0.000874
40702.000000  0.000453
40709.000000  -0.000389
40751.000000  0.000646
40786.000000  0.000113
40819.000000  0.008450
