816.000000  0.218457
1056.000000  0.187561
1243.000000  0.146125
1467.000000  0.172506
1483.000000  0.070638
1664.000000  0.171129
1889.000000  0.177442
2078.000000  0.172411
2360.000000  0.219654
2553.000000  0.191356
2767.000000  0.239465
2995.000000  0.220083
3197.000000  0.230362
3432.000000  0.234562
3552.000000  0.196850
3711.000000  0.180625
3901.000000  0.182061
4097.000000  0.173466
4294.000000  0.177779
4452.000000  0.236606
4677.000000  0.242877
4886.000000  0.240756
5105.000000  0.208568
5289.000000  0.207103
5486.000000  0.228498
5737.000000  0.271035
5932.000000  0.226897
6141.000000  0.250855
6353.000000  0.279854
6543.000000  0.274014
6736.000000  0.211324
6835.000000  0.219030
6961.000000  0.230477
7132.000000  0.240656
7287.000000  0.231734
7445.000000  0.224368
7612.000000  0.198005
7664.000000  0.153453
7760.000000  0.148033
7874.000000  0.187928
8017.000000  0.228394
8184.000000  0.253976
8420.000000  0.323282
8662.000000  0.346938
8901.000000  0.356908
9072.000000  0.384103
9249.000000  0.339064
9396.000000  0.311769
9469.000000  0.199099
9482.000000  0.137885
9573.000000  0.226119
9647.000000  0.221359
9757.000000  0.212777
9911.000000  0.256276
10081.000000  0.250784
10239.000000  0.235683
10384.000000  0.280509
10423.000000  0.199442
10641.000000  0.249803
10785.000000  0.226312
10977.000000  0.239820
11140.000000  0.253710
11347.000000  0.250458
11513.000000  0.248299
11612.000000  0.204282
11643.000000  0.170207
11782.000000  0.222376
11942.000000  0.244310
12087.000000  0.285651
12223.000000  0.265288
12370.000000  0.268306
12504.000000  0.282983
12562.000000  0.221263
12664.000000  0.231725
12841.000000  0.247994
13019.000000  0.285311
13238.000000  0.334311
13462.000000  0.360607
13699.000000  0.317808
13923.000000  0.330389
14126.000000  0.323736
14277.000000  0.291457
14320.000000  0.343409
14498.000000  0.389268
14679.000000  0.285101
14785.000000  0.276094
14908.000000  0.263277
14962.000000  0.356560
15073.000000  0.373870
15179.000000  0.381306
15334.000000  0.343499
15488.000000  0.341410
15645.000000  0.426089
15810.000000  0.359529
15937.000000  0.357524
16168.000000  0.568654
16362.000000  0.479782
16586.000000  0.830981
16787.000000  0.766937
17006.000000  0.891072
17201.000000  0.425894
17448.000000  0.566180
17635.000000  0.821894
17795.000000  0.509853
17867.000000  0.470397
18046.000000  0.482629
18213.000000  0.416329
18431.000000  0.460096
18513.000000  0.363728
18688.000000  0.441772
18769.000000  0.401219
18893.000000  0.514769
19012.000000  0.508441
19138.000000  0.572957
19303.000000  0.586957
19532.000000  0.665186
19667.000000  0.617206
19902.000000  0.374308
20104.000000  0.380191
20284.000000  0.366039
20419.000000  0.331727
20516.000000  0.311969
20641.000000  0.305880
20742.000000  0.626310
20969.000000  0.636042
21222.000000  0.699288
21430.000000  0.624116
21650.000000  0.586797
21841.000000  0.544786
22026.000000  0.519709
22169.000000  0.632343
22320.000000  0.688633
22413.000000  0.658607
22498.000000  0.664687
22614.000000  0.373251
22773.000000  0.401409
22974.000000  0.570423
23200.000000  0.573819
23394.000000  0.496275
23604.000000  0.488602
23809.000000  0.469032
23963.000000  0.487033
24046.000000  0.443298
24259.000000  0.677798
24403.000000  0.602692
24553.000000  0.505821
24716.000000  0.563511
24857.000000  0.588047
24958.000000  0.593718
25083.000000  0.640815
25183.000000  0.660001
25311.000000  0.462759
25463.000000  0.477605
25492.000000  0.319584
25584.000000  0.377467
25665.000000  0.377529
25752.000000  0.447239
25844.000000  0.494774
25898.000000  0.341529
25951.000000  0.317111
26051.000000  0.371972
26173.000000  0.335335
26303.000000  0.353218
26433.000000  0.335621
26587.000000  0.354229
26716.000000  0.358930
26877.000000  0.370423
27008.000000  0.350239
27161.000000  0.520228
27332.000000  0.572573
27631.000000  0.779930
27827.000000  0.766466
28050.000000  0.745490
28256.000000  0.719403
28460.000000  0.781190
28666.000000  0.799655
28906.000000  0.956158
29079.000000  0.419704
29237.000000  0.385996
29391.000000  0.415026
29549.000000  0.430760
29671.000000  0.408317
29702.000000  0.348112
29854.000000  0.390751
30052.000000  0.430870
30258.000000  0.453069
30461.000000  0.439891
30663.000000  0.426890
30864.000000  0.425403
31033.000000  0.399076
31191.000000  0.369689
31236.000000  0.371437
31253.000000  0.312403
31316.000000  0.361703
31465.000000  0.386992
31642.000000  0.415918
31813.000000  0.444623
32074.000000  0.497409
32285.000000  0.464086
32405.000000  0.443161
32540.000000  0.463667
32663.000000  0.432833
32841.000000  0.458846
33002.000000  0.475384
33236.000000  0.487353
33483.000000  0.523175
33653.000000  0.496894
33862.000000  0.502555
34121.000000  0.536845
34265.000000  0.485338
34342.000000  0.464912
34448.000000  0.489388
34498.000000  0.491632
34673.000000  0.621821
34797.000000  0.652024
34965.000000  0.621238
35029.000000  0.535205
35136.000000  0.691978
35203.000000  0.390151
35224.000000  0.365003
35229.000000  0.373523
35291.000000  0.413602
35357.000000  0.380579
35402.000000  0.384342
35472.000000  0.344309
35595.000000  0.380058
35653.000000  0.406097
35813.000000  0.421186
35975.000000  0.416452
36136.000000  0.434170
36294.000000  0.421733
36429.000000  0.454244
36658.000000  0.455335
36836.000000  0.469268
36869.000000  0.371545
37048.000000  0.441367
37094.000000  0.387644
37095.000000  0.360552
37111.000000  0.361841
37243.000000  0.407865
37279.000000  0.410616
37333.000000  0.403619
37440.000000  0.415164
37582.000000  0.401240
37607.000000  0.379076
37747.000000  0.395522
37800.000000  0.433473
37861.000000  0.399835
37918.000000  0.383077
37933.000000  0.372606
37977.000000  0.401586
38076.000000  0.428435
38195.000000  0.443655
38386.000000  0.457350
38593.000000  0.472333
38737.000000  0.468269
38852.000000  0.458179
38999.000000  0.459967
39098.000000  0.448829
39128.000000  0.405944
39130.000000  0.375806
39135.000000  0.382148
39189.000000  0.432968
39216.000000  0.406226
39245.000000  0.384912
39265.000000  0.381609
39270.000000  0.379799
39291.000000  1.067801
39294.000000  0.393604
39333.000000  0.385991
39425.000000  0.392407
39514.000000  0.433067
39697.000000  0.486511
39801.000000  0.455313
39819.000000  0.392613
39900.000000  0.470242
40081.000000  0.485358
40134.000000  0.455155
40225.000000  0.493378
40250.000000  0.441641
40361.000000  0.575992
40464.000000  0.490487
40560.000000  0.454250
40680.000000  0.468814
40779.000000  0.488065
40821.000000  0.469492
40822.000000  0.398791
