2285.000000  18.672710
3590.000000  3.622889
3975.000000  2.295849
4588.000000  3.041049
5106.000000  2.257600
5640.000000  2.469406
6547.000000  2.396868
7353.000000  2.956594
8344.000000  3.553995
8958.000000  3.141487
9476.000000  2.184061
9915.000000  2.254886
10623.000000  3.856089
12112.000000  4.568303
12491.000000  3.925357
12718.000000  2.102250
12972.000000  1.955887
13385.000000  1.407219
13943.000000  1.404111
14426.000000  0.855570
14873.000000  0.655822
15361.000000  0.739638
15977.000000  1.711681
16492.000000  1.863989
16888.000000  1.885972
17177.000000  1.818463
17511.000000  1.671760
18111.000000  1.906848
18794.000000  2.509110
19761.000000  2.050874
20515.000000  1.901047
21227.000000  2.155946
21752.000000  2.361602
21960.000000  1.830885
22210.000000  1.991387
22427.000000  1.844609
22732.000000  1.654797
22989.000000  1.539716
23268.000000  1.848126
23490.000000  1.936025
23742.000000  0.913894
24043.000000  1.948274
24459.000000  2.597207
25096.000000  2.389797
25875.000000  2.394309
26309.000000  2.303867
26763.000000  2.218736
27343.000000  2.639797
28011.000000  1.970313
28846.000000  1.987811
29592.000000  1.587674
30255.000000  1.606766
30713.000000  1.525121
31179.000000  1.883827
31686.000000  2.082450
32034.000000  1.488773
32465.000000  1.682972
33159.000000  1.810935
33913.000000  1.332727
34590.000000  1.281049
35298.000000  0.355104
35901.000000  1.365575
36672.000000  0.166790
37287.000000  0.376131
37953.000000  0.584665
38397.000000  0.602996
38857.000000  1.132774
39504.000000  1.290204
40153.000000  1.019885
40683.000000  0.971907
41292.000000  0.330443
42005.000000  1.367075
42820.000000  1.162364
43293.000000  1.189121
43845.000000  1.130004
44430.000000  1.811461
44920.000000  1.889324
45326.000000  0.732197
45690.000000  0.650798
46115.000000  0.775656
46589.000000  1.071131
47231.000000  1.461247
48258.000000  1.714103
49061.000000  1.451897
49798.000000  1.610352
50603.000000  0.998588
51033.000000  1.877370
51525.000000  1.404384
52249.000000  0.716805
52976.000000  1.189718
53810.000000  1.193392
54398.000000  1.403730
54995.000000  0.772265
55510.000000  0.238936
56141.000000  0.535833
56555.000000  0.382292
56953.000000  0.293016
57656.000000  0.513085
58451.000000  0.330335
59119.000000  0.255972
59729.000000  0.370959
60301.000000  0.285055
60882.000000  0.110906
61577.000000  0.270555
62215.000000  0.208893
62969.000000  0.432453
63675.000000  1.073491
64511.000000  1.278597
65029.000000  1.027396
65599.000000  0.752227
66068.000000  0.719681
66376.000000  0.164600
66655.000000  0.182581
67011.000000  0.548132
67493.000000  0.569140
68032.000000  0.924028
68795.000000  0.993122
69129.000000  1.204947
69405.000000  1.003230
69853.000000  1.016759
70341.000000  1.053348
70926.000000  1.316355
71530.000000  1.115812
72227.000000  0.790897
73133.000000  1.094733
73721.000000  0.659116
74319.000000  0.446663
74821.000000  0.412890
75279.000000  0.196733
75580.000000  0.290952
75921.000000  0.441758
76217.000000  0.186418
76754.000000  0.184436
77441.000000  0.151891
77998.000000  0.239976
78393.000000  0.261970
78582.000000  0.175257
78797.000000  0.122707
78934.000000  0.098545
79100.000000  0.145743
79371.000000  0.186755
79487.000000  0.094455
79690.000000  0.057004
80099.000000  0.364922
80174.000000  0.214040
80267.000000  0.203789
80426.000000  0.213031
80688.000000  0.221136
80898.000000  0.180775
81071.000000  0.197249
81333.000000  0.245070
81595.000000  0.269457
81742.000000  0.195687
81929.000000  0.130623
82120.000000  0.134954
82348.000000  0.065186
82763.000000  0.133155
83452.000000  0.172594
83875.000000  0.109660
84159.000000  0.068172
84364.000000  0.064669
84480.000000  0.030191
84704.000000  0.039903
84972.000000  0.050079
85132.000000  0.041585
85344.000000  0.044871
85581.000000  0.043970
85809.000000  0.050445
85887.000000  0.013964
86384.000000  0.219129
86641.000000  0.276419
86849.000000  0.201368
87046.000000  0.218753
87051.000000  0.119734
87276.000000  0.062597
87280.000000  0.006448
87533.000000  0.085183
87899.000000  0.240742
88217.000000  0.299343
88227.000000  0.014197
88281.000000  0.238701
88412.000000  0.070611
88616.000000  0.183672
88805.000000  0.215497
89195.000000  0.204485
89375.000000  0.134374
89387.000000  0.015095
89681.000000  0.110652
89981.000000  0.180524
90196.000000  0.031761
90502.000000  0.071655
90816.000000  0.212745
91203.000000  0.297418
91457.000000  0.149415
91479.000000  0.042510
91486.000000  0.052457
