2285.000000  0.400145
2914.000000  0.338992
3596.000000  0.295741
4150.000000  0.369560
4864.000000  0.412664
5347.000000  0.335068
6170.000000  0.448534
6960.000000  0.481195
7351.000000  0.393628
8001.000000  0.422143
8844.000000  0.475684
9723.000000  0.517948
10714.000000  0.571699
11303.000000  0.491358
11880.000000  0.439795
12337.000000  0.303223
12609.000000  0.227943
12799.000000  0.315529
13240.000000  0.321669
13753.000000  0.359167
14511.000000  0.464410
15323.000000  0.589650
15987.000000  0.539551
16601.000000  0.349725
17227.000000  0.352703
17879.000000  0.345178
18555.000000  0.377501
19300.000000  0.450083
19780.000000  0.339453
20234.000000  0.333508
20784.000000  0.338219
21127.000000  0.341548
21478.000000  0.286688
21785.000000  0.219183
22071.000000  0.221736
22377.000000  0.241236
22802.000000  0.282692
23441.000000  0.353545
24085.000000  0.442553
24784.000000  0.523790
25266.000000  0.460118
25617.000000  0.350074
25937.000000  0.348991
26431.000000  0.455687
27063.000000  0.755466
27674.000000  0.736631
28300.000000  0.739872
28859.000000  0.748221
29756.000000  0.688639
30319.000000  0.704703
30978.000000  0.603409
31491.000000  0.596447
32359.000000  0.626369
32825.000000  0.563361
33431.000000  0.744332
34035.000000  0.747295
34505.000000  0.722519
35170.000000  0.851420
35685.000000  0.929331
36209.000000  0.870218
36497.000000  0.789414
36836.000000  0.799290
37080.000000  0.730350
37330.000000  0.846552
37641.000000  0.684744
37947.000000  0.613485
38242.000000  0.636846
38741.000000  0.754934
39318.000000  0.518046
39914.000000  0.405941
40584.000000  0.595327
41153.000000  0.811861
41571.000000  0.460919
42139.000000  0.674666
42544.000000  0.644842
42911.000000  0.574620
43589.000000  0.558805
44261.000000  0.632064
44454.000000  0.424340
44730.000000  0.627746
44946.000000  0.715062
45203.000000  0.689611
45517.000000  0.648400
45875.000000  0.917365
46169.000000  0.124711
46441.000000  0.342180
46832.000000  0.193902
47095.000000  0.520553
47511.000000  0.554686
47834.000000  0.942797
48039.000000  1.041847
48441.000000  0.677202
48998.000000  0.616535
49444.000000  0.715236
49889.000000  0.245533
50258.000000  0.202024
50591.000000  0.184363
50937.000000  0.601257
51331.000000  0.462859
51643.000000  0.758676
52047.000000  0.234313
52416.000000  0.145207
52729.000000  0.189337
53073.000000  0.162872
53468.000000  0.742845
54039.000000  0.722072
54615.000000  0.734339
55238.000000  0.787704
56002.000000  0.772658
56507.000000  0.552531
56893.000000  0.879287
57386.000000  0.398434
57927.000000  0.450110
58358.000000  0.398395
58670.000000  0.311922
58869.000000  0.203023
58990.000000  0.064924
59353.000000  0.268731
59458.000000  0.225735
59498.000000  0.136910
59753.000000  0.243637
59801.000000  0.204458
60046.000000  0.329664
60463.000000  0.371742
60906.000000  0.205419
61167.000000  0.142197
61541.000000  0.682145
61741.000000  0.944585
62089.000000  0.225684
62564.000000  0.299736
63084.000000  0.324278
63505.000000  0.878435
63839.000000  1.206473
64366.000000  1.303443
64771.000000  1.386381
65276.000000  1.234646
65896.000000  1.524924
66834.000000  1.687097
67364.000000  1.413236
67885.000000  1.212960
68675.000000  0.648749
68930.000000  0.690598
69246.000000  0.638081
69553.000000  0.359297
69942.000000  0.718088
70179.000000  1.942223
70392.000000  0.396779
70635.000000  0.425500
70951.000000  0.545771
71385.000000  0.995417
71779.000000  0.741018
72099.000000  0.997759
72372.000000  1.517741
72608.000000  0.380825
72895.000000  0.558155
72998.000000  0.322944
73205.000000  0.268793
73413.000000  0.081421
73735.000000  0.100181
73970.000000  0.120929
74246.000000  0.134752
74517.000000  0.126884
74918.000000  0.432049
75471.000000  0.497454
75882.000000  0.616025
76321.000000  0.556047
76531.000000  0.493386
76759.000000  0.505699
76941.000000  0.338160
77239.000000  0.172980
77499.000000  0.179477
77767.000000  0.234720
78046.000000  0.225428
78393.000000  0.249778
78759.000000  0.182364
79141.000000  0.470990
79625.000000  0.576967
80029.000000  0.651546
80261.000000  0.400995
80474.000000  0.435229
80594.000000  0.336558
80722.000000  0.310245
80855.000000  0.440203
81118.000000  0.632248
81382.000000  0.391408
81766.000000  0.283771
82035.000000  0.268704
82167.000000  0.118420
82272.000000  0.055449
82375.000000  0.063828
82405.000000  0.336187
82440.000000  0.121219
82511.000000  0.063346
83128.000000  0.175752
83572.000000  0.213660
83950.000000  0.214909
84259.000000  0.181574
84537.000000  0.195229
84778.000000  0.173767
85114.000000  0.248942
85332.000000  0.470184
85599.000000  0.573285
85798.000000  0.606517
85939.000000  0.690196
86032.000000  0.538522
86083.000000  0.476653
86110.000000  0.317179
86177.000000  0.079281
86283.000000  0.072448
86324.000000  0.162356
86331.000000  0.039790
86454.000000  0.091610
86576.000000  0.086697
86817.000000  0.118568
87040.000000  0.132107
87204.000000  0.106305
87379.000000  0.094588
87645.000000  0.106044
87850.000000  0.128899
88047.000000  0.090479
88196.000000  0.132145
88473.000000  0.111711
88832.000000  0.205016
89248.000000  0.239800
89597.000000  0.231809
89750.000000  0.159928
89953.000000  0.126185
90189.000000  0.293816
90285.000000  0.153201
90430.000000  0.181645
90459.000000  0.054958
90691.000000  0.090005
90851.000000  0.096972
90979.000000  0.074736
91116.000000  0.074537
91224.000000  0.072532
91316.000000  0.061694
91454.000000  0.117411
91493.000000  0.137269
