816.000000  0.213852
1031.000000  0.153114
1233.000000  0.134334
1399.000000  0.175351
1569.000000  0.163106
1790.000000  0.187867
2029.000000  0.178360
2244.000000  0.202072
2494.000000  0.227941
2759.000000  0.240045
2841.000000  0.233735
3167.000000  0.300945
3398.000000  0.286662
3445.000000  0.161123
3652.000000  0.212745
3829.000000  0.213446
4041.000000  0.273036
4209.000000  0.220390
4409.000000  0.198595
4589.000000  0.203890
4715.000000  0.207354
4853.000000  0.232241
5022.000000  0.261299
5125.000000  0.210235
5225.000000  0.169945
5309.000000  0.158919
5401.000000  0.185158
5471.000000  0.172205
5508.000000  0.102381
5563.000000  0.123981
5637.000000  0.117062
5740.000000  0.144739
5902.000000  0.172831
6099.000000  0.191769
6335.000000  0.221868
6570.000000  0.269904
6805.000000  0.291729
7010.000000  0.217301
7187.000000  0.221911
7359.000000  0.266147
7420.000000  0.199557
7599.000000  0.272969
7724.000000  0.232225
7749.000000  0.140697
7833.000000  0.179685
7906.000000  0.184454
7981.000000  0.196347
8050.000000  0.175178
8081.000000  0.144143
8130.000000  0.141544
8201.000000  0.192396
8281.000000  0.191120
8358.000000  0.156527
8548.000000  0.218303
8667.000000  0.228822
8772.000000  0.169616
8873.000000  0.152584
8973.000000  0.170427
9075.000000  0.147453
9194.000000  0.208833
9296.000000  0.199622
9361.000000  0.150054
9456.000000  0.197702
9588.000000  0.228961
9823.000000  0.268656
10056.000000  0.267968
10298.000000  0.268398
10600.000000  0.328765
10865.000000  0.392315
11202.000000  0.366117
11499.000000  0.387748
11725.000000  0.367455
11866.000000  0.372242
12054.000000  0.420446
12252.000000  0.416879
12459.000000  0.458358
12647.000000  0.468945
12738.000000  0.405294
12818.000000  0.417898
12974.000000  0.412680
13085.000000  0.388557
13215.000000  0.465998
13336.000000  0.399340
13436.000000  0.377568
13562.000000  0.446286
13682.000000  0.407547
13772.000000  0.349227
13894.000000  0.405137
13950.000000  0.351855
14055.000000  0.400257
14110.000000  0.382719
14216.000000  0.411905
14327.000000  0.472365
14421.000000  0.447495
14553.000000  0.501814
14662.000000  0.397711
14815.000000  0.456077
14935.000000  0.563285
15062.000000  0.401848
15174.000000  0.511358
15265.000000  0.346342
15330.000000  0.355717
15446.000000  0.525586
15596.000000  0.465401
15711.000000  0.464318
15774.000000  0.388641
15838.000000  0.340514
15945.000000  0.395795
16049.000000  0.401762
16100.000000  0.290167
16161.000000  0.334337
16222.000000  0.365703
16295.000000  0.379159
16379.000000  0.381697
16446.000000  0.382571
16485.000000  0.346062
16556.000000  0.314964
16634.000000  0.329035
16703.000000  0.374863
16798.000000  0.402989
16948.000000  0.554907
17012.000000  0.537200
17130.000000  0.418057
17277.000000  0.530482
17398.000000  0.471432
17499.000000  0.493110
17625.000000  0.508689
17771.000000  0.526716
17914.000000  0.492786
18063.000000  0.689515
18163.000000  0.625874
18348.000000  0.616255
18538.000000  0.658599
18709.000000  0.665695
18890.000000  0.732864
19048.000000  0.745792
19212.000000  0.657660
19391.000000  0.776900
19581.000000  0.916827
19728.000000  0.903774
19835.000000  1.563380
19979.000000  0.437230
20093.000000  0.459725
20242.000000  0.482886
20378.000000  0.431621
20479.000000  0.449230
20598.000000  0.405798
20718.000000  0.450986
20878.000000  0.534132
21094.000000  0.573510
21316.000000  0.859193
21592.000000  0.902422
21845.000000  0.749628
22064.000000  0.617364
22296.000000  0.631803
22511.000000  0.521842
22641.000000  0.545667
22752.000000  0.512916
22826.000000  0.571667
22977.000000  0.755599
23119.000000  0.432239
23266.000000  0.438653
23404.000000  0.438024
23577.000000  0.500031
23748.000000  0.509354
23906.000000  0.681458
24046.000000  0.951964
24144.000000  1.008206
24206.000000  0.828117
24268.000000  0.390976
24335.000000  0.287678
24367.000000  0.372378
24427.000000  0.369202
24490.000000  0.349656
24581.000000  0.370151
24628.000000  0.372223
24672.000000  0.468267
24751.000000  0.542142
24835.000000  0.463059
24997.000000  0.483789
25183.000000  0.481629
25290.000000  0.406380
25416.000000  0.526334
25571.000000  0.478224
25721.000000  0.703261
25856.000000  0.778689
25909.000000  0.803391
26017.000000  0.840596
26163.000000  0.925387
26361.000000  0.935801
26522.000000  0.528050
26672.000000  0.622864
26785.000000  0.532107
26896.000000  0.487975
27001.000000  0.552917
27126.000000  0.475075
27173.000000  0.468445
27238.000000  0.825573
27278.000000  0.441639
27327.000000  0.467700
27380.000000  0.549569
27441.000000  0.399970
27544.000000  0.522101
27617.000000  0.456702
27689.000000  0.532764
27792.000000  0.572104
27909.000000  0.440848
28000.000000  0.440759
28119.000000  0.513751
28255.000000  0.562665
28391.000000  0.514120
28518.000000  0.569187
28659.000000  0.542830
28789.000000  0.622874
28901.000000  0.626566
29014.000000  0.567186
29177.000000  0.593892
29307.000000  0.613552
29475.000000  0.665354
29584.000000  0.702944
29641.000000  0.422129
29677.000000  0.462067
29718.000000  0.428813
29775.000000  0.504331
29826.000000  0.549688
29863.000000  0.482861
29929.000000  0.463062
29995.000000  0.500117
30089.000000  0.493648
30182.000000  0.501889
30286.000000  0.475908
30371.000000  0.382208
30461.000000  0.401581
30539.000000  0.383088
30620.000000  0.415303
30704.000000  0.454395
30739.000000  0.364129
30777.000000  0.426700
30781.000000  0.375848
30831.000000  0.325228
30996.000000  0.369794
31112.000000  0.367303
31259.000000  0.379797
31408.000000  0.522050
31524.000000  0.524039
31663.000000  0.576309
31769.000000  0.554664
31925.000000  0.560051
32017.000000  0.516029
32142.000000  0.458483
32244.000000  0.385198
32363.000000  0.375733
32442.000000  0.383028
32516.000000  0.453374
32604.000000  0.452723
32672.000000  0.527172
32700.000000  0.344724
32748.000000  0.341812
32786.000000  0.342714
32808.000000  0.359191
32809.000000  0.335834
32901.000000  0.366843
32967.000000  0.408571
33048.000000  0.380663
33196.000000  0.411009
33422.000000  0.438758
33549.000000  0.428408
33695.000000  0.436010
33877.000000  0.449926
34023.000000  0.441995
34171.000000  0.438216
34341.000000  0.475252
34512.000000  0.465542
34634.000000  0.476794
34682.000000  0.436551
34807.000000  0.502860
34945.000000  0.452723
35147.000000  0.454631
35313.000000  0.436609
35464.000000  0.454935
35586.000000  0.441486
35728.000000  0.445353
35850.000000  0.502180
35996.000000  0.473950
36139.000000  0.442670
36197.000000  0.400361
36332.000000  0.451043
36444.000000  0.482113
36604.000000  0.577801
36691.000000  0.541977
36750.000000  0.469700
36820.000000  0.378845
36950.000000  0.396855
37087.000000  0.481707
37263.000000  0.530893
37414.000000  0.524735
37624.000000  0.561707
37818.000000  0.567000
38035.000000  0.584393
38222.000000  0.542627
38386.000000  0.524467
38516.000000  0.492765
38661.000000  0.507726
38759.000000  0.500386
38822.000000  0.472631
38908.000000  0.488186
38983.000000  0.512037
39053.000000  0.510321
39109.000000  0.530438
39144.000000  0.452158
39244.000000  0.391284
39317.000000  0.505223
39436.000000  0.506854
39563.000000  0.558865
39673.000000  0.655180
39808.000000  0.607530
39924.000000  0.657168
39961.000000  0.606674
40009.000000  0.700802
40051.000000  0.425855
40072.000000  0.401239
40109.000000  0.415882
40159.000000  0.401669
40162.000000  0.384633
40235.000000  0.433548
40366.000000  0.475933
40416.000000  0.509207
40494.000000  0.453881
40587.000000  0.440146
40644.000000  0.460485
40712.000000  0.481769
40749.000000  0.414056
40792.000000  0.422815
40815.000000  0.452234
40820.000000  0.427077
