816.000000  72.667503
1031.000000  83.113335
1233.000000  79.644302
1399.000000  81.347519
1569.000000  80.298782
1790.000000  81.531281
2029.000000  80.819008
2244.000000  78.763023
2494.000000  79.234955
2759.000000  82.355652
2841.000000  80.940071
3167.000000  79.409653
3398.000000  81.267258
3445.000000  67.046181
3652.000000  75.295235
3829.000000  75.961922
4041.000000  76.211006
4209.000000  72.170731
4409.000000  71.258057
4589.000000  68.876740
4715.000000  71.204765
4853.000000  73.165771
5022.000000  73.457626
5125.000000  71.115700
5225.000000  59.137314
5309.000000  58.297497
5401.000000  58.476330
5471.000000  61.494644
5508.000000  27.509434
5563.000000  35.428646
5637.000000  43.017906
5740.000000  53.875816
5902.000000  59.949947
6099.000000  58.904434
6335.000000  64.522018
6570.000000  66.217575
6805.000000  68.995033
7010.000000  63.048553
7187.000000  64.433022
7359.000000  65.422935
7420.000000  58.251835
7599.000000  60.749771
7724.000000  57.035404
7749.000000  41.089897
7833.000000  42.790279
7906.000000  48.974270
7981.000000  46.519390
8050.000000  47.362778
8081.000000  25.251627
8130.000000  38.641033
8201.000000  46.617340
8281.000000  40.825443
8358.000000  42.509628
8548.000000  49.177483
8667.000000  53.364307
8772.000000  45.271816
8873.000000  34.958260
8973.000000  39.216892
9075.000000  35.504860
9194.000000  49.969273
9296.000000  47.143738
9361.000000  35.147877
9456.000000  44.698849
9588.000000  49.435848
9823.000000  58.334518
10056.000000  59.336056
10298.000000  58.385895
10600.000000  64.722794
10865.000000  69.204971
11202.000000  63.058823
11499.000000  66.501762
11725.000000  65.901939
11866.000000  66.109779
12054.000000  61.527706
12252.000000  68.699821
12459.000000  67.237755
12647.000000  68.939026
12738.000000  62.689545
12818.000000  63.273060
12974.000000  61.918217
13085.000000  64.822296
13215.000000  66.656494
13336.000000  63.950626
13436.000000  58.458214
13562.000000  54.361515
13682.000000  53.406620
13772.000000  54.457878
13894.000000  57.784534
13950.000000  55.536652
14055.000000  57.609726
14110.000000  56.883167
14216.000000  53.867577
14327.000000  62.655575
14421.000000  67.619469
14553.000000  66.927490
14662.000000  61.665176
14815.000000  63.450272
14935.000000  55.951767
15062.000000  60.839100
15174.000000  58.946960
15265.000000  53.057407
15330.000000  53.864986
15446.000000  66.123154
15596.000000  63.782578
15711.000000  57.566105
15774.000000  52.947140
15838.000000  53.504192
15945.000000  54.989117
16049.000000  56.339012
16100.000000  29.162195
16161.000000  37.504528
16222.000000  51.162762
16295.000000  50.920616
16379.000000  52.870018
16446.000000  53.758568
16485.000000  43.006042
16556.000000  46.780361
16634.000000  44.938679
16703.000000  43.076168
16798.000000  48.025452
16948.000000  62.364079
17012.000000  61.335808
17130.000000  59.341507
17277.000000  63.725670
17398.000000  62.500191
17499.000000  63.236332
17625.000000  59.309704
17771.000000  60.162693
17914.000000  53.527641
18063.000000  68.692307
18163.000000  56.907337
18348.000000  53.180939
18538.000000  61.719662
18709.000000  65.085678
18890.000000  65.922279
19048.000000  64.148933
19212.000000  55.561275
19391.000000  64.089394
19581.000000  68.805573
19728.000000  69.153511
19835.000000  79.138245
19979.000000  33.748524
20093.000000  32.581459
20242.000000  33.343620
20378.000000  35.856804
20479.000000  34.513535
20598.000000  31.646847
20718.000000  29.262224
20878.000000  46.904587
21094.000000  52.774368
21316.000000  69.302948
21592.000000  63.214874
21845.000000  63.967472
22064.000000  52.705650
22296.000000  52.500713
22511.000000  50.225746
22641.000000  44.388775
22752.000000  39.927460
22826.000000  38.135902
22977.000000  56.318176
23119.000000  32.689388
23266.000000  32.647675
23404.000000  28.227455
23577.000000  29.142942
23748.000000  37.716942
23906.000000  51.913567
24046.000000  62.888317
24144.000000  64.966324
24206.000000  55.140530
24268.000000  18.290257
24335.000000  20.860790
24367.000000  27.391804
24427.000000  23.885386
24490.000000  14.892512
24581.000000  23.328991
24628.000000  28.227261
24672.000000  36.283855
24751.000000  29.473120
24835.000000  37.576694
24997.000000  31.800438
25183.000000  35.831882
25290.000000  23.656404
25416.000000  28.986380
25571.000000  40.744442
25721.000000  52.923702
25856.000000  57.321751
25909.000000  49.890614
26017.000000  58.944725
26163.000000  61.251133
26361.000000  58.954121
26522.000000  26.985163
26672.000000  28.921759
26785.000000  29.764444
26896.000000  29.591284
27001.000000  27.617439
27126.000000  28.406084
27173.000000  15.022379
27238.000000  59.162407
27278.000000  18.996405
27327.000000  19.973223
27380.000000  19.318251
27441.000000  23.350351
27544.000000  17.445711
27617.000000  17.098900
27689.000000  18.924686
27792.000000  26.044113
27909.000000  18.899937
28000.000000  17.745668
28119.000000  25.195629
28255.000000  25.217701
28391.000000  29.229084
28518.000000  23.019045
28659.000000  29.749420
28789.000000  35.748451
28901.000000  37.726086
29014.000000  42.041336
29177.000000  44.094456
29307.000000  40.322098
29475.000000  46.389572
29584.000000  48.596603
29641.000000  34.115295
29677.000000  23.153200
29718.000000  17.382862
29775.000000  24.235804
29826.000000  33.820057
29863.000000  35.897320
29929.000000  26.765102
29995.000000  39.254303
30089.000000  39.387436
30182.000000  39.829258
30286.000000  29.771540
30371.000000  21.653887
30461.000000  21.630974
30539.000000  17.120619
30620.000000  12.715051
30704.000000  15.093549
30739.000000  16.864531
30777.000000  32.192619
30781.000000  24.861034
30831.000000  9.052060
30996.000000  22.207687
31112.000000  24.022722
31259.000000  23.184097
31408.000000  44.114117
31524.000000  41.992229
31663.000000  49.049641
31769.000000  44.846146
31925.000000  46.030132
32017.000000  42.470516
32142.000000  35.683979
32244.000000  24.226299
32363.000000  21.208611
32442.000000  22.783855
32516.000000  32.543911
32604.000000  33.410812
32672.000000  43.396122
32700.000000  9.961015
32748.000000  14.005299
32786.000000  11.045186
32808.000000  17.984089
32809.000000  9.935693
32901.000000  15.896070
32967.000000  24.827250
33048.000000  21.557756
33196.000000  25.845469
33422.000000  29.943689
33549.000000  28.156605
33695.000000  29.031940
33877.000000  29.572504
34023.000000  30.873930
34171.000000  29.973543
34341.000000  30.648851
34512.000000  33.355259
34634.000000  34.855370
34682.000000  27.885427
34807.000000  37.405239
34945.000000  29.285395
35147.000000  29.879335
35313.000000  26.997154
35464.000000  27.359188
35586.000000  26.679590
35728.000000  26.292637
35850.000000  32.413853
35996.000000  29.153156
36139.000000  24.126736
36197.000000  15.515111
36332.000000  25.052988
36444.000000  27.028862
36604.000000  41.455620
36691.000000  36.165192
36750.000000  28.593046
36820.000000  11.200924
36950.000000  14.043265
37087.000000  28.479511
37263.000000  36.498444
37414.000000  33.343449
37624.000000  38.502445
37818.000000  39.166302
38035.000000  38.228588
38222.000000  36.192657
38386.000000  32.942959
38516.000000  28.159826
38661.000000  30.465519
38759.000000  29.012043
38822.000000  25.915783
38908.000000  24.815403
38983.000000  31.117266
39053.000000  28.784340
39109.000000  32.986794
39144.000000  20.728661
39244.000000  7.625946
39317.000000  27.093515
39436.000000  29.928028
39563.000000  34.603859
39673.000000  44.095959
39808.000000  40.345024
39924.000000  42.672325
39961.000000  37.820690
40009.000000  47.612812
40051.000000  12.903137
40072.000000  3.311739
40109.000000  13.212614
40159.000000  5.734970
40162.000000  1.525670
40235.000000  14.866172
40366.000000  18.032957
40416.000000  14.127570
40494.000000  17.257257
40587.000000  16.801064
40644.000000  19.219896
40712.000000  16.395294
40749.000000  9.136545
40792.000000  12.293118
40815.000000  17.005526
40820.000000  13.725789
