2285.000000  1.663374
2882.000000  1.690832
3373.000000  1.712651
3741.000000  1.810078
4334.000000  1.846793
4969.000000  1.948555
5622.000000  2.099669
6255.000000  2.171745
7226.000000  2.303551
8091.000000  2.510856
8834.000000  2.537783
9434.000000  2.549200
9779.000000  2.657991
10287.000000  2.732641
10994.000000  2.745630
11397.000000  2.748484
11959.000000  2.945665
12492.000000  2.996784
12951.000000  3.028189
13592.000000  3.075137
14316.000000  3.265895
15007.000000  3.320172
15650.000000  3.464950
16419.000000  3.486904
17153.000000  3.671723
17564.000000  3.652715
18184.000000  3.767946
18839.000000  3.891935
19850.000000  4.054954
20711.000000  4.078140
21259.000000  4.268004
21643.000000  4.359982
22944.000000  4.357979
24416.000000  4.594222
25767.000000  4.827825
27089.000000  5.055516
27794.000000  5.124968
29128.000000  5.331841
30060.000000  5.376376
31290.000000  5.561477
32157.000000  5.705432
32926.000000  5.818829
34258.000000  5.859047
35294.000000  6.172648
36411.000000  6.175600
36732.000000  6.362086
37915.000000  6.494795
39270.000000  6.540720
40244.000000  6.925148
40497.000000  6.734508
41072.000000  6.813141
41890.000000  7.164904
42670.000000  7.077940
43990.000000  7.368602
44949.000000  7.483953
45973.000000  7.549580
46228.000000  7.569136
47499.000000  7.780130
47929.000000  7.902943
49101.000000  7.937417
49690.000000  8.066503
50825.000000  8.369299
51928.000000  8.424500
52188.000000  8.301516
52984.000000  8.470822
53518.000000  8.252130
54384.000000  8.777016
54810.000000  8.530444
55872.000000  8.659285
56319.000000  8.662093
57503.000000  9.016965
58826.000000  8.966459
59816.000000  8.948315
60558.000000  9.276622
61290.000000  9.151486
61690.000000  9.324506
62644.000000  9.375995
63484.000000  9.363521
64620.000000  9.598664
65878.000000  9.718856
66311.000000  9.928585
67866.000000  10.301762
68483.000000  10.237806
69398.000000  10.266932
69908.000000  10.429481
71169.000000  10.604900
71545.000000  10.612291
72486.000000  10.843832
73284.000000  10.936558
74712.000000  11.082562
76025.000000  11.347399
76858.000000  11.189657
77784.000000  11.286214
78776.000000  11.623626
79911.000000  11.618059
80689.000000  11.751519
81286.000000  11.878429
82724.000000  11.844912
83830.000000  12.174881
84118.000000  12.290881
84514.000000  12.372086
85402.000000  12.307184
86144.000000  12.327611
87036.000000  12.290392
87373.000000  12.551090
87401.000000  13.156185
88214.000000  12.611440
88287.000000  12.474486
88564.000000  12.708801
88666.000000  12.623540
88753.000000  12.565560
89097.000000  12.605666
89561.000000  12.817731
90526.000000  12.832787
91111.000000  12.916786
91218.000000  12.818627
91466.000000  12.746776
91472.000000  12.757269
