269.000000  0.167382
344.000000  -0.010719
374.000000  -0.001682
418.000000  0.001714
449.000000  0.010537
489.000000  -0.003721
535.000000  0.007532
583.000000  0.009388
609.000000  0.005186
669.000000  0.012480
710.000000  0.001369
747.000000  -0.000282
792.000000  0.007030
834.000000  0.000277
838.000000  0.025951
891.000000  -0.008625
943.000000  0.009614
963.000000  0.013189
1008.000000  -0.009253
1043.000000  0.006636
1086.000000  0.001175
1141.000000  0.008991
1141.000000  -0.008936
1172.000000  0.008291
1214.000000  0.004658
1238.000000  -0.006153
1276.000000  0.012711
1322.000000  -0.005713
1375.000000  0.006303
1439.000000  0.021306
1460.000000  -0.008535
1492.000000  0.006926
1514.000000  -0.009085
1536.000000  0.019814
1569.000000  -0.001545
1603.000000  -0.002011
1629.000000  0.013688
1672.000000  -0.007364
1708.000000  -0.008981
1755.000000  0.007315
1787.000000  0.009638
1809.000000  0.004351
1828.000000  0.000017
1838.000000  0.020632
1865.000000  -0.021766
1896.000000  -0.002016
1921.000000  0.010130
1944.000000  0.022996
1984.000000  -0.014505
2014.000000  -0.001442
2050.000000  0.005710
2085.000000  0.002516
2147.000000  0.005137
2202.000000  0.012314
2244.000000  0.018866
2290.000000  0.023918
2342.000000  -0.023856
2406.000000  -0.007035
2461.000000  0.016484
2514.000000  0.006541
2594.000000  -0.007428
2637.000000  0.009358
2707.000000  0.023569
2759.000000  0.002866
2787.000000  0.019462
2827.000000  0.021501
2862.000000  0.006290
2901.000000  -0.036874
2938.000000  0.014529
2983.000000  -0.017923
3001.000000  0.026218
3041.000000  -0.013474
3080.000000  0.019463
3125.000000  -0.007312
3159.000000  -0.002287
3199.000000  0.030568
3246.000000  -0.014132
3274.000000  0.008264
3308.000000  0.000247
3338.000000  -0.003534
3366.000000  0.022382
3416.000000  0.008834
3464.000000  -0.011738
3502.000000  -0.006238
3543.000000  -0.001296
3577.000000  0.016105
3598.000000  -0.007643
3618.000000  0.004885
3642.000000  0.030619
3680.000000  -0.019767
3718.000000  0.001975
3762.000000  0.006760
3799.000000  0.012442
3845.000000  -0.002248
3869.000000  0.002170
3895.000000  -0.009819
3933.000000  0.034098
3968.000000  -0.003667
3993.000000  -0.026875
4011.000000  0.022075
4048.000000  0.004967
4083.000000  0.003134
4107.000000  0.044580
4144.000000  -0.029938
4166.000000  0.024912
4187.000000  -0.007987
4191.000000  -0.041553
4201.000000  0.012242
4207.000000  0.022853
4222.000000  -0.020907
4238.000000  0.006995
4271.000000  -0.001441
4309.000000  -0.000411
4350.000000  0.018326
4402.000000  -0.003026
4439.000000  0.015882
4474.000000  0.032884
4505.000000  -0.001031
4535.000000  -0.014513
4568.000000  -0.018378
4598.000000  0.022068
4627.000000  -0.001218
4665.000000  -0.007610
4697.000000  0.039418
4726.000000  -0.041428
4754.000000  0.045580
4789.000000  -0.038653
4825.000000  0.029099
4862.000000  -0.005867
4910.000000  0.039816
4957.000000  -0.015194
4991.000000  -0.012310
5006.000000  0.017301
5039.000000  -0.017862
5084.000000  0.013713
5109.000000  0.014190
5135.000000  0.007368
5174.000000  -0.023480
5232.000000  0.023426
5273.000000  0.019288
5291.000000  -0.017474
5320.000000  0.018586
5329.000000  -0.010356
5364.000000  0.001977
5395.000000  0.028528
5425.000000  -0.017131
5459.000000  0.020228
5470.000000  -0.002445
5522.000000  -0.020127
5565.000000  0.024276
5615.000000  -0.008806
5663.000000  0.006596
5731.000000  0.039263
5800.000000  -0.022111
5847.000000  0.021011
5915.000000  -0.016665
5977.000000  0.027404
6033.000000  0.001666
6076.000000  -0.002570
6101.000000  -0.014953
6160.000000  0.027153
6185.000000  -0.024098
6229.000000  0.032422
6260.000000  -0.033779
6303.000000  0.036196
6326.000000  -0.017829
6347.000000  0.003819
6373.000000  0.040630
6396.000000  -0.025601
6426.000000  0.000102
6445.000000  -0.002604
6468.000000  0.008132
6472.000000  0.022508
6499.000000  -0.021912
6526.000000  0.018982
6570.000000  -0.011981
6608.000000  0.048602
6634.000000  -0.015811
6674.000000  0.032432
6716.000000  -0.055366
6745.000000  0.016639
6790.000000  0.029763
6854.000000  -0.004582
6895.000000  -0.006897
6939.000000  -0.002143
6976.000000  0.014735
7018.000000  0.011769
7056.000000  0.008948
7105.000000  -0.000577
7131.000000  0.010026
7176.000000  0.013454
7201.000000  -0.023776
7222.000000  0.012326
7242.000000  0.017003
7266.000000  -0.008997
7304.000000  0.010752
7345.000000  0.006870
7378.000000  0.030933
7427.000000  -0.035819
7458.000000  0.017679
7486.000000  -0.003501
7504.000000  0.047172
7528.000000  -0.070859
7556.000000  0.021949
7578.000000  0.044332
7591.000000  -0.062922
7605.000000  0.024351
7623.000000  -0.010839
7693.000000  0.015193
7763.000000  0.005362
7813.000000  0.002891
7845.000000  0.045477
7883.000000  -0.023927
7933.000000  -0.013276
7972.000000  0.042535
8005.000000  -0.015897
8036.000000  -0.002801
8061.000000  -0.006591
8082.000000  0.013886
8117.000000  0.001975
8149.000000  0.027339
8205.000000  -0.033030
8223.000000  0.014459
8279.000000  0.002374
8338.000000  -0.005526
8404.000000  -0.001235
8455.000000  0.001730
8496.000000  0.031718
8532.000000  -0.007988
8580.000000  -0.009738
8633.000000  0.023556
8671.000000  0.014509
8707.000000  0.023666
8748.000000  -0.010258
8801.000000  -0.014515
8840.000000  0.094479
8882.000000  -0.095277
8917.000000  0.024227
8941.000000  0.007674
8981.000000  0.021348
9032.000000  -0.031328
9088.000000  0.004120
9114.000000  -0.016510
9143.000000  0.018018
9190.000000  0.015617
9217.000000  0.027065
9235.000000  -0.021544
9256.000000  0.029589
9279.000000  -0.003178
9297.000000  -0.042552
9320.000000  0.020210
9342.000000  0.012746
9357.000000  0.020399
9369.000000  -0.054458
9406.000000  0.025647
9430.000000  0.009709
9470.000000  -0.015192
9491.000000  0.020874
9504.000000  0.003255
9517.000000  0.004878
9561.000000  0.005371
9590.000000  -0.025203
9620.000000  0.010190
9665.000000  -0.006481
9715.000000  -0.002372
9762.000000  0.023783
9792.000000  0.033569
9808.000000  -0.014089
9825.000000  -0.037841
9828.000000  0.019164
9849.000000  0.004893
9866.000000  0.039603
9888.000000  0.014017
9911.000000  -0.024634
9940.000000  -0.004843
9955.000000  0.026832
9961.000000  -0.045512
9976.000000  0.023826
9993.000000  -0.028502
10021.000000  0.150005
10050.000000  -0.123569
10079.000000  0.012618
10110.000000  0.003954
10151.000000  0.002681
10195.000000  0.004295
10216.000000  0.026065
10250.000000  -0.000106
10285.000000  -0.018311
10298.000000  0.026616
10306.000000  0.018858
10323.000000  0.020396
10332.000000  -0.075782
10338.000000  0.001694
10345.000000  0.025498
10360.000000  -0.021253
10375.000000  -0.017573
10378.000000  0.010156
