816.000000  0.265981
1084.000000  -0.036117
1345.000000  -0.014321
1613.000000  0.012289
1905.000000  0.021342
2153.000000  0.009247
2458.000000  0.024492
2662.000000  -0.009528
2902.000000  0.032107
3127.000000  -0.013694
3295.000000  -0.038935
3513.000000  0.046417
3711.000000  -0.028989
3850.000000  -0.067473
3992.000000  0.037590
4178.000000  -0.001377
4353.000000  0.008424
4440.000000  -0.059752
4547.000000  0.011199
4665.000000  0.032031
4744.000000  -0.024965
4860.000000  0.010826
5008.000000  0.056645
5226.000000  0.032870
5481.000000  -0.003109
5768.000000  0.031662
6048.000000  -0.004136
6211.000000  -0.041673
6361.000000  0.024929
6523.000000  -0.024833
6614.000000  -0.023882
6718.000000  0.038892
6870.000000  0.008121
7113.000000  0.007399
7336.000000  0.027539
7512.000000  -0.022846
7685.000000  0.022041
7830.000000  -0.004147
8001.000000  -0.013957
8204.000000  0.031982
8463.000000  0.027924
8671.000000  -0.009077
8824.000000  -0.014451
8980.000000  -0.013087
9108.000000  0.015623
9252.000000  0.011421
9437.000000  0.020435
9645.000000  0.005383
9859.000000  -0.009037
10061.000000  0.032314
10314.000000  0.003363
10557.000000  0.041563
10777.000000  -0.024799
10974.000000  0.006471
11159.000000  -0.029953
11337.000000  0.027942
11559.000000  0.004469
11814.000000  0.055446
12041.000000  -0.024707
12263.000000  0.015916
12372.000000  -0.059058
12469.000000  -0.039835
12538.000000  -0.102458
12609.000000  0.067217
12702.000000  0.053294
12810.000000  -0.015559
12930.000000  -0.000858
13072.000000  0.078382
13249.000000  -0.027379
13450.000000  0.023716
13636.000000  0.028844
13709.000000  -0.066896
13880.000000  0.139325
14118.000000  -0.042538
14313.000000  0.024534
14559.000000  0.113372
14784.000000  -0.017129
15043.000000  0.010117
15199.000000  0.026326
15379.000000  -0.065251
15478.000000  -0.066315
15610.000000  0.031774
15755.000000  -0.041545
15855.000000  0.044118
16009.000000  -0.004343
16232.000000  0.050142
16464.000000  -0.026261
16661.000000  0.013424
16866.000000  0.049263
17095.000000  -0.098360
17222.000000  -0.062818
17382.000000  0.052580
17506.000000  -0.064564
17654.000000  0.033980
17766.000000  0.105744
17870.000000  -0.155378
18002.000000  0.006003
18121.000000  0.117662
18256.000000  0.137145
18347.000000  -0.132196
18421.000000  0.092644
18525.000000  -0.053216
18641.000000  0.088819
18744.000000  -0.062769
18872.000000  0.094249
19005.000000  -0.011378
19187.000000  0.059936
19389.000000  -0.073105
19645.000000  -0.033660
19871.000000  0.007307
20208.000000  -0.058156
20469.000000  -0.032314
20597.000000  0.129134
20704.000000  0.033057
20784.000000  -0.175765
20878.000000  0.115301
20955.000000  -0.021932
21020.000000  0.087306
21072.000000  0.039334
21131.000000  0.203045
21156.000000  -0.705225
21173.000000  -0.014802
21175.000000  0.480136
21187.000000  -0.504360
21250.000000  0.000762
21308.000000  0.690544
21371.000000  -0.681065
21504.000000  0.051883
21618.000000  -0.009538
21738.000000  0.039509
21873.000000  -0.013653
21978.000000  -0.025461
22013.000000  -0.047960
22150.000000  0.082171
22268.000000  -0.065719
22381.000000  0.040905
22528.000000  0.039084
22727.000000  0.069950
22960.000000  0.035264
23196.000000  -0.029105
23400.000000  0.003823
23610.000000  -0.002153
23847.000000  -0.001561
24051.000000  0.021713
24245.000000  -0.040852
24444.000000  0.006097
24659.000000  0.030898
24767.000000  -0.024971
24874.000000  -0.025333
24983.000000  -0.027301
25102.000000  -0.004208
25196.000000  -0.020781
25326.000000  0.030555
25490.000000  0.009572
25635.000000  -0.018592
25670.000000  -0.001165
25844.000000  0.084876
25995.000000  -0.000612
26111.000000  -0.024158
26256.000000  -0.009498
26445.000000  0.091251
26598.000000  -0.069615
26764.000000  0.020015
26934.000000  -0.043462
27076.000000  -0.025451
27233.000000  0.013760
27368.000000  0.041795
27538.000000  -0.031794
27649.000000  -0.025375
27920.000000  0.081024
28052.000000  -0.043668
28215.000000  0.048780
28393.000000  0.018960
28512.000000  0.014618
28687.000000  -0.057610
28924.000000  0.023695
29181.000000  0.125921
29420.000000  0.018565
29735.000000  0.117409
29984.000000  0.041369
30201.000000  -0.053671
30317.000000  -0.003987
30415.000000  -0.279306
30485.000000  -0.014512
30525.000000  0.000263
30632.000000  0.009452
30802.000000  0.191860
30977.000000  0.069857
31188.000000  -0.161895
31314.000000  -0.029596
31424.000000  0.010436
31515.000000  0.121995
31599.000000  -0.082531
31666.000000  -0.048333
31736.000000  -0.047319
31813.000000  0.011268
31936.000000  -0.004319
32079.000000  0.013106
32216.000000  -0.014600
32329.000000  0.074317
32357.000000  -0.127589
32473.000000  0.138379
32651.000000  0.058522
32856.000000  0.004669
33014.000000  -0.088894
33146.000000  -0.027115
33181.000000  -0.105850
33240.000000  -0.013603
33361.000000  0.171314
33437.000000  -0.028080
33449.000000  -0.167679
33570.000000  0.048049
33716.000000  0.020702
33899.000000  0.025906
34093.000000  0.021876
34325.000000  0.010948
34483.000000  -0.019103
34521.000000  -0.084810
34626.000000  0.056598
34758.000000  -0.020006
34900.000000  0.018754
35039.000000  0.005932
35160.000000  -0.032254
35283.000000  0.028068
35339.000000  -0.013868
35499.000000  0.053553
35657.000000  -0.029898
35737.000000  -0.016627
35803.000000  0.000104
35815.000000  -0.062755
35936.000000  0.024463
36082.000000  0.067417
36131.000000  -0.027235
36220.000000  -0.008086
36342.000000  -0.016001
36376.000000  -0.011646
36541.000000  0.074620
36765.000000  -0.002317
36977.000000  0.018048
37090.000000  -0.008850
37305.000000  0.066505
37497.000000  -0.050698
37617.000000  -0.057834
37633.000000  -0.044632
37688.000000  0.001191
37690.000000  -0.032119
37749.000000  0.027704
37840.000000  0.000715
37854.000000  -0.009657
37854.000000  -0.055349
37922.000000  0.021845
38024.000000  0.021545
38117.000000  0.042573
38207.000000  -0.000478
38277.000000  -0.012653
38301.000000  -0.003944
38398.000000  -0.020575
38479.000000  0.021041
38548.000000  -0.011990
38562.000000  -0.005406
38662.000000  -0.000120
38664.000000  -0.013357
38782.000000  0.025407
38882.000000  0.033622
38989.000000  -0.000793
39028.000000  -0.004645
39035.000000  -0.043981
39158.000000  0.080194
39242.000000  -0.063202
39387.000000  0.036428
39430.000000  -0.034290
39547.000000  0.031864
39589.000000  -0.057998
39621.000000  -0.003366
39627.000000  -0.006171
39672.000000  0.002702
39751.000000  -0.000517
39807.000000  0.018707
39885.000000  -0.017653
39966.000000  0.026931
40006.000000  -0.027258
40026.000000  0.028861
40086.000000  0.001791
40120.000000  -0.020229
40200.000000  0.000818
40294.000000  -0.010091
40343.000000  -0.000960
40380.000000  -0.012557
40403.000000  -0.005129
40486.000000  0.028821
40585.000000  0.020779
40679.000000  0.003488
40755.000000  -0.008481
40821.000000  -0.019053
