576.000000  0.221799
746.000000  -0.068022
929.000000  0.040180
1166.000000  0.020364
1394.000000  0.023979
1587.000000  0.009372
1798.000000  0.004659
2015.000000  0.015072
2244.000000  0.011620
2430.000000  -0.031097
2589.000000  -0.016257
2750.000000  0.031002
2981.000000  0.034410
3135.000000  -0.023906
3275.000000  -0.030230
3369.000000  -0.044783
3424.000000  -0.020528
3483.000000  0.001625
3609.000000  0.019706
3759.000000  0.010642
3852.000000  -0.021385
3948.000000  0.006895
4051.000000  0.024819
4156.000000  0.006220
4167.000000  -0.070084
4264.000000  0.075395
4419.000000  0.017843
4539.000000  -0.006188
4638.000000  0.016817
4817.000000  0.016539
4988.000000  0.025152
5160.000000  0.013321
5337.000000  0.001538
5494.000000  -0.025942
5653.000000  -0.004304
5764.000000  -0.015965
5855.000000  -0.018778
6056.000000  0.058089
6197.000000  0.000986
6346.000000  0.012147
6549.000000  0.021252
6731.000000  0.001162
6788.000000  -0.049025
6975.000000  0.070325
7176.000000  -0.001371
7308.000000  -0.031452
7406.000000  -0.015556
7474.000000  -0.027486
7525.000000  0.019146
7592.000000  -0.042183
7693.000000  0.032080
7784.000000  -0.022693
7875.000000  -0.017078
7935.000000  -0.000135
8000.000000  0.033540
8066.000000  0.025783
8132.000000  0.028158
8175.000000  0.016584
8254.000000  0.001915
8343.000000  -0.062579
8437.000000  -0.056458
8550.000000  0.025137
8709.000000  0.005608
8889.000000  0.010892
9018.000000  0.003775
9199.000000  0.010075
9290.000000  -0.041108
9342.000000  0.024174
9415.000000  -0.033666
9494.000000  -0.017519
9648.000000  0.061895
9785.000000  -0.012861
9940.000000  -0.002332
10103.000000  0.010113
10246.000000  0.002635
10359.000000  0.011187
10465.000000  -0.014170
10589.000000  0.016366
10661.000000  -0.009173
10756.000000  0.000320
10857.000000  0.016418
10946.000000  -0.017667
11049.000000  0.006533
11136.000000  0.010925
11218.000000  0.000890
11324.000000  0.018583
11481.000000  0.028846
11652.000000  0.044726
11784.000000  -0.034958
11961.000000  0.024177
12126.000000  -0.005643
12355.000000  0.047226
12544.000000  -0.051020
12759.000000  0.038090
12929.000000  -0.041456
13065.000000  -0.003376
13224.000000  0.064642
13416.000000  -0.016148
13555.000000  0.014328
13694.000000  0.002796
13863.000000  0.005941
14042.000000  -0.052032
14183.000000  -0.009403
14353.000000  0.028934
14522.000000  -0.016338
14636.000000  -0.017874
14724.000000  -0.017191
14810.000000  -0.005002
14885.000000  -0.029662
14983.000000  0.054021
15124.000000  0.041195
15251.000000  0.003912
15385.000000  0.075104
15492.000000  0.035709
15603.000000  -0.048135
15731.000000  0.034513
15898.000000  0.038546
16047.000000  0.013865
16205.000000  0.024871
16376.000000  -0.182385
16522.000000  -0.028898
16620.000000  -0.023412
16748.000000  0.008525
16841.000000  -0.005026
16925.000000  0.006821
17015.000000  0.007561
17096.000000  -0.019277
17171.000000  -0.001822
17295.000000  0.028432
17424.000000  0.003835
17585.000000  0.021737
17729.000000  -0.007950
17833.000000  -0.014432
17917.000000  -0.012486
18016.000000  0.028265
18147.000000  0.012578
18293.000000  0.020451
18467.000000  -0.003470
18508.000000  -0.073130
18658.000000  0.066417
18835.000000  0.037969
19145.000000  0.060384
19399.000000  -0.002961
19575.000000  -0.016958
19766.000000  0.016194
19859.000000  -0.060002
19966.000000  0.012355
20109.000000  -0.007260
20256.000000  0.039632
20326.000000  -0.014540
20447.000000  0.024474
20632.000000  0.030177
20684.000000  -0.065758
20830.000000  -0.004371
20853.000000  -0.074526
21007.000000  0.088188
21104.000000  -0.017947
21253.000000  0.028329
21353.000000  0.057241
21445.000000  0.010341
21600.000000  0.010945
21772.000000  0.001909
21883.000000  -0.036224
21973.000000  -0.063693
22052.000000  0.040753
22123.000000  -0.013897
22225.000000  0.007543
22351.000000  0.041087
22487.000000  0.001688
22619.000000  -0.039886
22783.000000  0.103895
22885.000000  -0.053987
23012.000000  0.020881
23151.000000  -0.048016
23276.000000  -0.033672
23358.000000  0.012574
23475.000000  0.046145
23627.000000  -0.006046
23764.000000  -0.114354
23878.000000  0.064989
24025.000000  0.025315
24186.000000  0.105975
24357.000000  -0.029098
24510.000000  -0.048832
24682.000000  0.027622
24869.000000  -0.037824
25156.000000  0.101875
25245.000000  -0.097893
25513.000000  0.102064
25784.000000  0.053162
25977.000000  0.004489
26089.000000  -0.068457
26179.000000  -0.099384
26278.000000  0.113422
26468.000000  0.067418
26633.000000  -0.024953
26803.000000  0.011823
27022.000000  -0.002376
27242.000000  0.036970
27469.000000  -0.019089
27609.000000  -0.072633
27648.000000  -0.141690
27714.000000  0.168537
27840.000000  0.043336
27978.000000  0.124006
28051.000000  -0.165147
28153.000000  0.013843
28194.000000  0.151302
28261.000000  0.009197
28337.000000  0.188392
28346.000000  -0.214382
28388.000000  -0.417390
28474.000000  0.493156
28576.000000  -0.034033
28648.000000  -0.442793
28743.000000  0.014096
28824.000000  -0.009693
28874.000000  -0.015560
28877.000000  -0.037330
28909.000000  0.568190
28916.000000  0.052398
28987.000000  -0.542077
29071.000000  -0.055158
29142.000000  -0.008626
29212.000000  0.030130
29220.000000  -0.049173
29328.000000  0.024437
29452.000000  0.015143
29544.000000  -0.014335
29666.000000  0.037733
29820.000000  0.019554
29906.000000  -0.017358
29993.000000  -0.022507
30077.000000  0.015118
30168.000000  -0.015114
30263.000000  0.003557
30288.000000  -0.006321
30308.000000  -0.041782
30310.000000  -0.004153
30342.000000  -0.000675
30384.000000  0.006515
30414.000000  -0.016782
30468.000000  0.015116
30552.000000  0.023304
30652.000000  0.016022
30751.000000  0.041004
30806.000000  -0.031796
30874.000000  -0.006947
31066.000000  0.034332
31212.000000  0.019411
31326.000000  -0.015799
31420.000000  -0.048502
31514.000000  0.053535
31596.000000  -0.025853
31643.000000  -0.053680
31771.000000  0.075300
31821.000000  -0.051235
31934.000000  0.042428
31958.000000  -0.091728
32038.000000  0.040442
32118.000000  0.013667
32198.000000  -0.001432
32350.000000  0.025546
32420.000000  0.006701
32474.000000  -0.058169
32527.000000  0.002059
32551.000000  0.005599
32563.000000  -0.012220
32678.000000  0.016001
32695.000000  -0.045544
32780.000000  0.052379
32924.000000  0.038963
33087.000000  0.008921
33238.000000  -0.003568
33335.000000  -0.021896
33437.000000  0.007988
33594.000000  0.018002
33717.000000  -0.011636
33800.000000  -0.029485
33844.000000  0.006381
33904.000000  0.008418
33990.000000  -0.041500
34068.000000  0.006890
34104.000000  -0.001421
34121.000000  -0.023896
34181.000000  0.039148
34272.000000  0.002672
34373.000000  0.006474
34458.000000  0.014349
34554.000000  0.031773
34646.000000  -0.027039
34775.000000  0.023139
34847.000000  -0.044454
34949.000000  0.020878
35110.000000  0.035954
35236.000000  -0.020655
35315.000000  -0.004019
35402.000000  -0.013970
35482.000000  0.016179
35588.000000  0.009374
35743.000000  0.018008
35817.000000  0.025625
35897.000000  0.001881
36060.000000  0.026909
36212.000000  -0.003125
36366.000000  0.000109
36453.000000  -0.055566
36610.000000  0.029870
36727.000000  0.012341
36841.000000  -0.024792
37012.000000  0.029701
37136.000000  -0.012080
37193.000000  -0.035158
37288.000000  0.040777
37319.000000  -0.071585
37458.000000  0.069974
37554.000000  -0.001533
37720.000000  0.057260
37837.000000  -0.013770
38000.000000  0.009427
38153.000000  -0.021507
38273.000000  0.017039
38369.000000  -0.008130
38425.000000  -0.036047
38494.000000  -0.017690
38701.000000  0.029881
38869.000000  0.080385
38966.000000  -0.099541
39095.000000  0.042504
39220.000000  0.074489
39262.000000  -0.092295
39280.000000  0.030425
39328.000000  0.011207
39418.000000  0.054603
39538.000000  0.014959
39621.000000  0.034906
39668.000000  -0.259519
39801.000000  0.052296
39811.000000  -0.044889
39867.000000  0.172365
39934.000000  -0.031788
40039.000000  -0.059483
40145.000000  -0.031807
40247.000000  -0.026535
40348.000000  0.025555
40397.000000  -0.039289
40503.000000  0.034523
40606.000000  0.030255
40705.000000  -0.046466
40714.000000  -0.071019
40736.000000  0.029077
40783.000000  0.007683
40816.000000  -0.018308
40819.000000  -0.004695
