576.000000  0.221799
746.000000  0.153777
929.000000  0.193956
1166.000000  0.214320
1394.000000  0.238299
1587.000000  0.247671
1798.000000  0.252330
2015.000000  0.267401
2244.000000  0.279021
2430.000000  0.247924
2589.000000  0.231667
2750.000000  0.262669
2981.000000  0.297079
3135.000000  0.273172
3275.000000  0.242942
3369.000000  0.198159
3424.000000  0.177632
3483.000000  0.179257
3609.000000  0.198963
3759.000000  0.209604
3852.000000  0.188219
3948.000000  0.195114
4051.000000  0.219933
4156.000000  0.226153
4167.000000  0.156069
4264.000000  0.231464
4419.000000  0.249307
4539.000000  0.243119
4638.000000  0.259936
4817.000000  0.276476
4988.000000  0.301628
5160.000000  0.314949
5337.000000  0.316488
5494.000000  0.290546
5653.000000  0.286242
5764.000000  0.270277
5855.000000  0.251499
6056.000000  0.309588
6197.000000  0.310574
6346.000000  0.322721
6549.000000  0.343973
6731.000000  0.345135
6788.000000  0.296110
6975.000000  0.366435
7176.000000  0.365064
7308.000000  0.333612
7406.000000  0.318055
7474.000000  0.290569
7525.000000  0.309715
7592.000000  0.267531
7693.000000  0.299611
7784.000000  0.276918
7875.000000  0.259840
7935.000000  0.259705
8000.000000  0.293245
8066.000000  0.319027
8132.000000  0.347185
8175.000000  0.363769
8254.000000  0.365684
8343.000000  0.303105
8437.000000  0.246647
8550.000000  0.271784
8709.000000  0.277392
8889.000000  0.288285
9018.000000  0.292059
9199.000000  0.302135
9290.000000  0.261026
9342.000000  0.285200
9415.000000  0.251533
9494.000000  0.234014
9648.000000  0.295909
9785.000000  0.283048
9940.000000  0.280717
10103.000000  0.290830
10246.000000  0.293465
10359.000000  0.304652
10465.000000  0.290482
10589.000000  0.306848
10661.000000  0.297675
10756.000000  0.297995
10857.000000  0.314412
10946.000000  0.296745
11049.000000  0.303278
11136.000000  0.314203
11218.000000  0.315093
11324.000000  0.333677
11481.000000  0.362523
11652.000000  0.407248
11784.000000  0.372291
11961.000000  0.396468
12126.000000  0.390824
12355.000000  0.438050
12544.000000  0.387030
12759.000000  0.425120
12929.000000  0.383664
13065.000000  0.380288
13224.000000  0.444930
13416.000000  0.428782
13555.000000  0.443110
13694.000000  0.445906
13863.000000  0.451847
14042.000000  0.399815
14183.000000  0.390411
14353.000000  0.419345
14522.000000  0.403007
14636.000000  0.385133
14724.000000  0.367942
14810.000000  0.362939
14885.000000  0.333278
14983.000000  0.387299
15124.000000  0.428493
15251.000000  0.432406
15385.000000  0.507510
15492.000000  0.543219
15603.000000  0.495084
15731.000000  0.529598
15898.000000  0.568144
16047.000000  0.582009
16205.000000  0.606880
16376.000000  0.424495
16522.000000  0.395597
16620.000000  0.372185
16748.000000  0.380710
16841.000000  0.375685
16925.000000  0.382506
17015.000000  0.390067
17096.000000  0.370790
17171.000000  0.368968
17295.000000  0.397401
17424.000000  0.401236
17585.000000  0.422973
17729.000000  0.415023
17833.000000  0.400591
17917.000000  0.388105
18016.000000  0.416370
18147.000000  0.428948
18293.000000  0.449398
18467.000000  0.445928
18508.000000  0.372799
18658.000000  0.439216
18835.000000  0.477185
19145.000000  0.537569
19399.000000  0.534608
19575.000000  0.517649
19766.000000  0.533844
19859.000000  0.473842
19966.000000  0.486197
20109.000000  0.478937
20256.000000  0.518569
20326.000000  0.504029
20447.000000  0.528503
20632.000000  0.558681
20684.000000  0.492923
20830.000000  0.488552
20853.000000  0.414026
21007.000000  0.502214
21104.000000  0.484267
21253.000000  0.512596
21353.000000  0.569836
21445.000000  0.580177
21600.000000  0.591122
21772.000000  0.593031
21883.000000  0.556807
21973.000000  0.493113
22052.000000  0.533867
22123.000000  0.519969
22225.000000  0.527512
22351.000000  0.568599
22487.000000  0.570287
22619.000000  0.530401
22783.000000  0.634296
22885.000000  0.580310
23012.000000  0.601191
23151.000000  0.553175
23276.000000  0.519502
23358.000000  0.532076
23475.000000  0.578221
23627.000000  0.572175
23764.000000  0.457821
23878.000000  0.522810
24025.000000  0.548124
24186.000000  0.654099
24357.000000  0.625001
24510.000000  0.576169
24682.000000  0.603791
24869.000000  0.565967
25156.000000  0.667842
25245.000000  0.569949
25513.000000  0.672013
25784.000000  0.725175
25977.000000  0.729663
26089.000000  0.661206
26179.000000  0.561822
26278.000000  0.675244
26468.000000  0.742662
26633.000000  0.717709
26803.000000  0.729532
27022.000000  0.727155
27242.000000  0.764126
27469.000000  0.745037
27609.000000  0.672404
27648.000000  0.530715
27714.000000  0.699252
27840.000000  0.742588
27978.000000  0.866595
28051.000000  0.701448
28153.000000  0.715291
28194.000000  0.866593
28261.000000  0.875790
28337.000000  1.064182
28346.000000  0.849800
28388.000000  0.432410
28474.000000  0.925566
28576.000000  0.891533
28648.000000  0.448740
28743.000000  0.462836
28824.000000  0.453143
28874.000000  0.437583
28877.000000  0.400252
28909.000000  0.968442
28916.000000  1.020840
28987.000000  0.478762
29071.000000  0.423604
29142.000000  0.414978
29212.000000  0.445109
29220.000000  0.395935
29328.000000  0.420372
29452.000000  0.435514
29544.000000  0.421179
29666.000000  0.458913
29820.000000  0.478466
29906.000000  0.461108
29993.000000  0.438601
30077.000000  0.453719
30168.000000  0.438605
30263.000000  0.442162
30288.000000  0.435841
30308.000000  0.394058
30310.000000  0.389906
30342.000000  0.389230
30384.000000  0.395746
30414.000000  0.378964
30468.000000  0.394080
30552.000000  0.417384
30652.000000  0.433407
30751.000000  0.474411
30806.000000  0.442614
30874.000000  0.435668
31066.000000  0.469999
31212.000000  0.489410
31326.000000  0.473612
31420.000000  0.425110
31514.000000  0.478645
31596.000000  0.452792
31643.000000  0.399112
31771.000000  0.474412
31821.000000  0.423177
31934.000000  0.465605
31958.000000  0.373877
32038.000000  0.414319
32118.000000  0.427987
32198.000000  0.426554
32350.000000  0.452100
32420.000000  0.458801
32474.000000  0.400631
32527.000000  0.402691
32551.000000  0.408289
32563.000000  0.396069
32678.000000  0.412070
32695.000000  0.366526
32780.000000  0.418905
32924.000000  0.457868
33087.000000  0.466790
33238.000000  0.463222
33335.000000  0.441326
33437.000000  0.449314
33594.000000  0.467316
33717.000000  0.455680
33800.000000  0.426195
33844.000000  0.432575
33904.000000  0.440994
33990.000000  0.399493
34068.000000  0.406383
34104.000000  0.404962
34121.000000  0.381067
34181.000000  0.420215
34272.000000  0.422887
34373.000000  0.429361
34458.000000  0.443709
34554.000000  0.475483
34646.000000  0.448444
34775.000000  0.471583
34847.000000  0.427129
34949.000000  0.448007
35110.000000  0.483961
35236.000000  0.463306
35315.000000  0.459287
35402.000000  0.445317
35482.000000  0.461496
35588.000000  0.470870
35743.000000  0.488878
35817.000000  0.514503
35897.000000  0.516384
36060.000000  0.543293
36212.000000  0.540168
36366.000000  0.540277
36453.000000  0.484710
36610.000000  0.514580
36727.000000  0.526921
36841.000000  0.502130
37012.000000  0.531831
37136.000000  0.519751
37193.000000  0.484593
37288.000000  0.525371
37319.000000  0.453786
37458.000000  0.523760
37554.000000  0.522227
37720.000000  0.579487
37837.000000  0.565717
38000.000000  0.575143
38153.000000  0.553636
38273.000000  0.570675
38369.000000  0.562545
38425.000000  0.526498
38494.000000  0.508808
38701.000000  0.538689
38869.000000  0.619074
38966.000000  0.519532
39095.000000  0.562036
39220.000000  0.636525
39262.000000  0.544230
39280.000000  0.574654
39328.000000  0.585861
39418.000000  0.640464
39538.000000  0.655423
39621.000000  0.690330
39668.000000  0.430811
39801.000000  0.483107
39811.000000  0.438218
39867.000000  0.610583
39934.000000  0.578795
40039.000000  0.519312
40145.000000  0.487505
40247.000000  0.460970
40348.000000  0.486525
40397.000000  0.447236
40503.000000  0.481759
40606.000000  0.512014
40705.000000  0.465548
40714.000000  0.394529
40736.000000  0.423607
40783.000000  0.431290
40816.000000  0.412982
40819.000000  0.408287
