576.000000  0.103220
746.000000  0.072833
929.000000  0.075847
1166.000000  0.113806
1394.000000  0.125969
1587.000000  0.131140
1798.000000  0.121429
2015.000000  0.139342
2244.000000  0.145658
2430.000000  0.127901
2589.000000  0.095211
2750.000000  0.113728
2981.000000  0.145665
3135.000000  0.120105
3275.000000  0.098028
3369.000000  0.078248
3424.000000  0.028592
3483.000000  0.021426
3609.000000  0.055829
3759.000000  0.059045
3852.000000  0.029472
3948.000000  0.038265
4051.000000  0.059333
4156.000000  0.057093
4167.000000  0.030412
4264.000000  0.057277
4419.000000  0.079536
4539.000000  0.065764
4638.000000  0.080998
4817.000000  0.088986
4988.000000  0.107081
5160.000000  0.121510
5337.000000  0.119194
5494.000000  0.089653
5653.000000  0.090112
5764.000000  0.070975
5855.000000  0.060765
6056.000000  0.104166
6197.000000  0.110748
6346.000000  0.114398
6549.000000  0.127947
6731.000000  0.131009
6788.000000  0.108017
6975.000000  0.138877
7176.000000  0.153838
7308.000000  0.114514
7406.000000  0.108777
7474.000000  0.089063
7525.000000  0.065857
7592.000000  0.071580
7693.000000  0.093372
7784.000000  0.064485
7875.000000  0.052218
7935.000000  0.056423
8000.000000  0.078071
8066.000000  0.121424
8132.000000  0.133091
8175.000000  0.154763
8254.000000  0.138235
8343.000000  0.092753
8437.000000  0.076109
8550.000000  0.070077
8709.000000  0.066713
8889.000000  0.074966
9018.000000  0.074985
9199.000000  0.080476
9290.000000  0.054137
9342.000000  0.043155
9415.000000  0.052257
9494.000000  0.031343
9648.000000  0.066159
9785.000000  0.068747
9940.000000  0.068299
10103.000000  0.073318
10246.000000  0.075444
10359.000000  0.061685
10465.000000  0.062557
10589.000000  0.075588
10661.000000  0.058379
10756.000000  0.068992
10857.000000  0.076796
10946.000000  0.059780
11049.000000  0.060806
11136.000000  0.071962
11218.000000  0.073434
11324.000000  0.078633
11481.000000  0.108581
11652.000000  0.146741
11784.000000  0.109196
11961.000000  0.130887
12126.000000  0.124979
12355.000000  0.143094
12544.000000  0.130280
12759.000000  0.141684
12929.000000  0.124493
13065.000000  0.117029
13224.000000  0.143298
13416.000000  0.159440
13555.000000  0.172202
13694.000000  0.165515
13863.000000  0.171419
14042.000000  0.113362
14183.000000  0.108011
14353.000000  0.124129
14522.000000  0.111777
14636.000000  0.093237
14724.000000  0.069358
14810.000000  0.068519
14885.000000  0.047079
14983.000000  0.106440
15124.000000  0.135100
15251.000000  0.137168
15385.000000  0.199928
15492.000000  0.247905
15603.000000  0.196428
15731.000000  0.235709
15898.000000  0.269021
16047.000000  0.279906
16205.000000  0.296758
16376.000000  0.122449
16522.000000  0.096046
16620.000000  0.069268
16748.000000  0.071587
16841.000000  0.072190
16925.000000  0.055487
17015.000000  0.074447
17096.000000  0.061436
17171.000000  0.045708
17295.000000  0.075261
17424.000000  0.076212
17585.000000  0.092192
17729.000000  0.077394
17833.000000  0.058213
17917.000000  0.058958
18016.000000  0.072279
18147.000000  0.090028
18293.000000  0.112851
18467.000000  0.099308
18508.000000  0.060385
18658.000000  0.080062
18835.000000  0.116303
19145.000000  0.146287
19399.000000  0.151753
19575.000000  0.146733
19766.000000  0.158522
19859.000000  0.092480
19966.000000  0.104277
20109.000000  0.091801
20256.000000  0.131814
20326.000000  0.110427
20447.000000  0.132251
20632.000000  0.139479
20684.000000  0.127170
20830.000000  0.100406
20853.000000  0.052295
21007.000000  0.096011
21104.000000  0.082942
21253.000000  0.096735
21353.000000  0.151108
21445.000000  0.166892
21600.000000  0.185811
21772.000000  0.195952
21883.000000  0.153839
21973.000000  0.092559
22052.000000  0.130316
22123.000000  0.118042
22225.000000  0.134444
22351.000000  0.167429
22487.000000  0.172254
22619.000000  0.130347
22783.000000  0.215298
22885.000000  0.177793
23012.000000  0.198257
23151.000000  0.133160
23276.000000  0.114264
23358.000000  0.136044
23475.000000  0.182198
23627.000000  0.161288
23764.000000  0.056032
23878.000000  0.108789
24025.000000  0.128035
24186.000000  0.228458
24357.000000  0.195452
24510.000000  0.151278
24682.000000  0.179702
24869.000000  0.135740
25156.000000  0.217679
25245.000000  0.162966
25513.000000  0.217197
25784.000000  0.258793
25977.000000  0.274954
26089.000000  0.215181
26179.000000  0.110908
26278.000000  0.231928
26468.000000  0.293682
26633.000000  0.287676
26803.000000  0.284486
27022.000000  0.289589
27242.000000  0.306449
27469.000000  0.298601
27609.000000  0.232342
27648.000000  0.128388
27714.000000  0.253013
27840.000000  0.305904
27978.000000  0.427439
28051.000000  0.310321
28153.000000  0.289673
28194.000000  0.455046
28261.000000  0.465258
28337.000000  0.634019
28346.000000  0.425553
28388.000000  0.030699
28474.000000  0.502472
28576.000000  0.489010
28648.000000  0.053032
28743.000000  0.062886
28824.000000  0.058015
28874.000000  0.034999
28877.000000  0.007711
28909.000000  0.556848
28916.000000  0.615991
28987.000000  0.074004
29071.000000  0.046529
29142.000000  0.025766
29212.000000  0.037264
29220.000000  0.020463
29328.000000  0.025068
29452.000000  0.050417
29544.000000  0.043239
29666.000000  0.063053
29820.000000  0.070069
29906.000000  0.068638
29993.000000  0.042011
30077.000000  0.052104
30168.000000  0.054225
30263.000000  0.056774
30288.000000  0.040158
30308.000000  0.005423
30310.000000  0.005309
30342.000000  0.007114
30384.000000  0.018546
30414.000000  0.012460
30468.000000  0.020374
30552.000000  0.035757
30652.000000  0.047572
30751.000000  0.075945
30806.000000  0.041945
30874.000000  0.054142
31066.000000  0.076933
31212.000000  0.089059
31326.000000  0.079918
31420.000000  0.073717
31514.000000  0.089685
31596.000000  0.060973
31643.000000  0.016835
31771.000000  0.078579
31821.000000  0.079309
31934.000000  0.090036
31958.000000  0.025757
32038.000000  0.030797
32118.000000  0.033583
32198.000000  0.035512
32350.000000  0.048656
32420.000000  0.034002
32474.000000  0.019561
32527.000000  0.011168
32551.000000  0.017729
32563.000000  0.004105
32678.000000  0.030844
32695.000000  0.017891
32780.000000  0.036943
32924.000000  0.063889
33087.000000  0.073362
33238.000000  0.072888
33335.000000  0.050888
33437.000000  0.060819
33594.000000  0.079294
33717.000000  0.064212
33800.000000  0.047134
33844.000000  0.039615
33904.000000  0.061377
33990.000000  0.021925
34068.000000  0.026858
34104.000000  0.021481
34121.000000  0.006384
34181.000000  0.021224
34272.000000  0.031773
34373.000000  0.043435
34458.000000  0.053865
34554.000000  0.066253
34646.000000  0.056109
34775.000000  0.068766
34847.000000  0.026403
34949.000000  0.055169
35110.000000  0.087019
35236.000000  0.077945
35315.000000  0.058146
35402.000000  0.061995
35482.000000  0.061978
35588.000000  0.073471
35743.000000  0.092501
35817.000000  0.091813
35897.000000  0.100233
36060.000000  0.112118
36212.000000  0.104504
36366.000000  0.122701
36453.000000  0.066911
36610.000000  0.084810
36727.000000  0.099343
36841.000000  0.078372
37012.000000  0.090896
37136.000000  0.079657
37193.000000  0.064904
37288.000000  0.080454
37319.000000  0.055593
37458.000000  0.103356
37554.000000  0.114383
37720.000000  0.141657
37837.000000  0.097481
38000.000000  0.130608
38153.000000  0.113332
38273.000000  0.136213
38369.000000  0.119566
38425.000000  0.087160
38494.000000  0.075016
38701.000000  0.103860
38869.000000  0.175088
38966.000000  0.071360
39095.000000  0.107810
39220.000000  0.186325
39262.000000  0.125001
39280.000000  0.155423
39328.000000  0.176855
39418.000000  0.216989
39538.000000  0.246746
39621.000000  0.267839
39668.000000  0.048275
39801.000000  0.066236
39811.000000  0.016784
39867.000000  0.184070
39934.000000  0.152878
40039.000000  0.109791
40145.000000  0.079920
40247.000000  0.062440
40348.000000  0.070259
40397.000000  0.034921
40503.000000  0.084011
40606.000000  0.120622
40705.000000  0.074474
40714.000000  0.021773
40736.000000  0.023250
40783.000000  0.022404
40816.000000  0.015014
40819.000000  0.003346
