216.000000  0.049035
310.000000  0.035678
446.000000  0.062048
519.000000  0.033264
593.000000  0.027933
658.000000  0.025901
724.000000  0.022680
808.000000  0.031136
873.000000  0.027662
942.000000  0.032660
1043.000000  0.034061
1128.000000  0.042357
1228.000000  0.045011
1320.000000  0.037886
1433.000000  0.058867
1512.000000  0.046438
1617.000000  0.062154
1701.000000  0.061804
1781.000000  0.057370
1863.000000  0.057301
1937.000000  0.043858
2007.000000  0.052114
2079.000000  0.060037
2162.000000  0.076622
2243.000000  0.049287
2326.000000  0.047987
2416.000000  0.046168
2500.000000  0.056676
2579.000000  0.051191
2660.000000  0.048830
2743.000000  0.048091
2818.000000  0.043216
2899.000000  0.056313
2978.000000  0.056528
3061.000000  0.058067
3139.000000  0.048815
3229.000000  0.050706
3298.000000  0.042301
3377.000000  0.056992
3465.000000  0.067831
3532.000000  0.051382
3613.000000  0.065869
3697.000000  0.065101
3779.000000  0.090568
3862.000000  0.058446
3978.000000  0.061494
4074.000000  0.051839
4147.000000  0.031732
4226.000000  0.028641
4290.000000  0.024979
4341.000000  0.017709
4393.000000  0.017738
4444.000000  0.018421
4515.000000  0.023376
4586.000000  0.027445
4642.000000  0.023906
4697.000000  0.017565
4747.000000  0.017843
4801.000000  0.018748
4864.000000  0.023656
4961.000000  0.033115
5020.000000  0.029743
5093.000000  0.025102
5168.000000  0.025220
5241.000000  0.024453
5304.000000  0.023695
5379.000000  0.026035
5454.000000  0.025060
5529.000000  0.024989
5604.000000  0.025021
5678.000000  0.024995
5754.000000  0.025556
5827.000000  0.024971
5891.000000  0.026197
5942.000000  0.023235
5992.000000  0.016867
6059.000000  0.025151
6127.000000  0.022479
6190.000000  0.024894
6246.000000  0.020611
6354.000000  0.030696
6494.000000  0.048816
6589.000000  0.043014
6673.000000  0.052206
6769.000000  0.059211
6855.000000  0.055429
6936.000000  0.052847
7029.000000  0.060067
7079.000000  0.048245
7160.000000  0.052490
7229.000000  0.057654
7318.000000  0.064408
7392.000000  0.041341
7488.000000  0.090437
7552.000000  0.097751
7623.000000  0.101906
7717.000000  0.110041
7796.000000  0.119184
7870.000000  0.050948
7952.000000  0.052373
7998.000000  0.052421
8049.000000  0.060425
8141.000000  0.080244
8211.000000  0.147771
8216.000000  0.144024
8218.000000  0.007548
8246.000000  0.010598
8363.000000  0.031515
8479.000000  0.046183
8575.000000  0.054256
8669.000000  0.057558
8765.000000  0.051390
8804.000000  0.038001
8876.000000  0.056274
8953.000000  0.063962
9038.000000  0.065761
9125.000000  0.059667
9205.000000  0.059621
9281.000000  0.045562
9359.000000  0.054680
9450.000000  0.058194
9534.000000  0.058332
9613.000000  0.061402
9690.000000  0.052977
9780.000000  0.072267
9878.000000  0.060789
9966.000000  0.052468
10067.000000  0.061373
10152.000000  0.063111
10238.000000  0.056525
10325.000000  0.055643
10339.000000  0.014481
10396.000000  0.044887
10468.000000  0.053697
10552.000000  0.075790
10637.000000  0.090470
10714.000000  0.057801
10773.000000  0.064778
10854.000000  0.090728
10908.000000  0.073718
10986.000000  0.085122
11094.000000  0.102685
11163.000000  0.175615
11226.000000  0.153549
11295.000000  0.172359
11387.000000  0.189994
11534.000000  0.237878
11650.000000  0.182547
11724.000000  0.091183
11809.000000  0.126375
11894.000000  0.074352
11979.000000  0.117510
12065.000000  0.127296
12147.000000  0.161239
12254.000000  0.213398
12307.000000  0.329871
12384.000000  0.173808
12460.000000  0.155950
12551.000000  0.129275
12625.000000  0.192265
12716.000000  0.190028
12793.000000  0.203553
12830.000000  0.282089
12833.000000  0.243434
12910.000000  0.288772
13042.000000  0.323806
13123.000000  0.147254
13210.000000  0.351747
13304.000000  0.367330
13415.000000  0.363637
13469.000000  0.208275
13483.000000  0.414460
13485.000000  0.547517
13519.000000  0.341508
13584.000000  0.315549
13681.000000  0.423806
13699.000000  0.654527
13727.000000  0.411726
13786.000000  0.015594
13842.000000  0.018905
13884.000000  0.018256
13937.000000  0.015597
13998.000000  0.021800
14049.000000  0.015081
14102.000000  0.013573
14171.000000  0.023426
14247.000000  0.029248
14298.000000  0.028767
14383.000000  0.029565
14472.000000  0.035307
14539.000000  0.028788
14605.000000  0.023659
14699.000000  0.032797
14730.000000  0.017213
14770.000000  0.009050
14845.000000  0.024940
14896.000000  0.016398
14944.000000  0.015315
15002.000000  0.018526
15070.000000  0.022954
15170.000000  0.023589
15256.000000  0.023915
15270.000000  0.011652
15340.000000  0.019871
15411.000000  0.023409
15494.000000  0.034970
15581.000000  0.052182
15676.000000  0.060266
15795.000000  0.060158
15896.000000  0.059807
16018.000000  0.067406
16098.000000  0.062198
16192.000000  0.063467
16273.000000  0.051620
16355.000000  0.059100
16455.000000  0.055168
16465.000000  0.011614
16537.000000  0.046529
16613.000000  0.061597
16698.000000  0.081773
16784.000000  0.071518
16860.000000  0.057059
16940.000000  0.071739
17024.000000  0.057416
17123.000000  0.058704
17196.000000  0.061291
17265.000000  0.057257
17345.000000  0.067698
17436.000000  0.084264
17501.000000  0.053116
17584.000000  0.054233
17663.000000  0.057382
17747.000000  0.044283
17814.000000  0.045882
17946.000000  0.077125
18054.000000  0.074554
18099.000000  0.062893
18139.000000  0.077662
18171.000000  0.104296
18233.000000  0.137815
18272.000000  0.153915
18281.000000  0.247731
18383.000000  0.027203
18457.000000  0.025764
18543.000000  0.029451
18632.000000  0.037569
18724.000000  0.051880
18807.000000  0.056797
18893.000000  0.053865
18973.000000  0.055823
19060.000000  0.065049
19218.000000  0.092348
19292.000000  0.072287
19372.000000  0.085346
19480.000000  0.087335
19559.000000  0.062416
19644.000000  0.090768
19720.000000  0.060175
19797.000000  0.072284
19894.000000  0.073573
19977.000000  0.079672
20059.000000  0.058201
20135.000000  0.044055
20214.000000  0.055541
20303.000000  0.057323
20386.000000  0.054975
20437.000000  0.042111
20534.000000  0.055223
20609.000000  0.062410
20703.000000  0.078818
20797.000000  0.065028
20888.000000  0.076553
20969.000000  0.093628
21064.000000  0.074717
21159.000000  0.070015
21252.000000  0.067565
21338.000000  0.084543
21418.000000  0.089677
21508.000000  0.109458
21557.000000  0.137026
21605.000000  0.153641
21647.000000  0.102637
21648.000000  0.001906
21712.000000  0.194359
21732.000000  0.219517
21734.000000  0.203246
21774.000000  0.141266
21811.000000  0.159051
21846.000000  0.117250
21899.000000  0.081830
21930.000000  0.045095
21978.000000  0.038342
22056.000000  0.024909
22121.000000  0.023877
22146.000000  0.006909
22185.000000  0.014778
22234.000000  0.011026
22243.000000  0.005162
22335.000000  0.055593
22432.000000  0.033158
22529.000000  0.044635
22684.000000  0.067577
22835.000000  0.063603
22915.000000  0.046844
22984.000000  0.032283
23053.000000  0.033271
23133.000000  0.031747
23167.000000  0.021829
23200.000000  0.013199
23274.000000  0.032051
23344.000000  0.034821
23446.000000  0.047376
23522.000000  0.045090
23539.000000  0.018270
23602.000000  0.037661
23619.000000  0.022926
23666.000000  0.018331
23706.000000  0.020097
23750.000000  0.023558
23817.000000  0.030892
23907.000000  0.042542
23990.000000  0.048630
24064.000000  0.046264
24148.000000  0.036556
24222.000000  0.030800
24283.000000  0.022738
24325.000000  0.017207
24374.000000  0.013622
24425.000000  0.015328
24471.000000  0.014005
24526.000000  0.016855
24581.000000  0.014747
24636.000000  0.014803
24676.000000  0.026136
24720.000000  0.016006
24819.000000  0.022436
24914.000000  0.034446
25025.000000  0.049114
25088.000000  0.032252
25168.000000  0.044030
25216.000000  0.031724
25267.000000  0.044798
25348.000000  0.049178
25385.000000  0.033353
25440.000000  0.060684
25472.000000  0.057822
25526.000000  0.054389
25541.000000  0.030972
25650.000000  0.062463
25718.000000  0.029208
25814.000000  0.039976
25886.000000  0.055313
26000.000000  0.086408
26042.000000  0.043120
26055.000000  0.018801
26058.000000  0.004374
26063.000000  0.006937
26104.000000  0.010581
26206.000000  0.024499
26286.000000  0.034642
26402.000000  0.050444
26486.000000  0.049960
26564.000000  0.046701
26617.000000  0.044154
26619.000000  0.001992
26672.000000  0.021182
26778.000000  0.031250
26862.000000  0.038432
26969.000000  0.056874
27052.000000  0.050389
27116.000000  0.051061
27206.000000  0.047746
27285.000000  0.062974
27304.000000  0.032118
27354.000000  0.053765
27407.000000  0.053766
27416.000000  0.006969
27494.000000  0.039647
27593.000000  0.051714
27689.000000  0.056313
27772.000000  0.059336
27861.000000  0.064340
27936.000000  0.064325
28025.000000  0.060846
28110.000000  0.081787
28191.000000  0.079332
28284.000000  0.067751
28347.000000  0.026130
28418.000000  0.026000
28499.000000  0.036783
28594.000000  0.045759
28670.000000  0.037908
28754.000000  0.032865
28774.000000  0.016249
28776.000000  0.029779
28880.000000  0.030710
29008.000000  0.044325
29094.000000  0.040240
29199.000000  0.063522
29286.000000  0.059119
29383.000000  0.058878
29465.000000  0.066511
29549.000000  0.066141
29648.000000  0.062275
29724.000000  0.058087
29814.000000  0.064702
29907.000000  0.064510
30015.000000  0.066981
30034.000000  0.045580
30119.000000  0.066432
30200.000000  0.070582
30312.000000  0.081773
30395.000000  0.067638
30490.000000  0.068593
30575.000000  0.088595
30641.000000  0.102341
30703.000000  0.107850
30776.000000  0.137803
30835.000000  0.146403
30914.000000  0.113084
30932.000000  0.025986
30995.000000  0.074245
31003.000000  0.004761
31022.000000  0.036355
31112.000000  0.047662
31189.000000  0.038603
31285.000000  0.046842
31375.000000  0.048809
31462.000000  0.037936
31489.000000  0.021679
31493.000000  0.006111
31534.000000  0.012865
31636.000000  0.031863
31724.000000  0.039742
31795.000000  0.067397
31865.000000  0.041773
31908.000000  0.028058
31910.000000  0.002003
31914.000000  0.014186
31971.000000  0.013214
32049.000000  0.022475
32104.000000  0.023304
32138.000000  0.024950
32229.000000  0.064501
32324.000000  0.045965
32407.000000  0.055992
32497.000000  0.065228
32536.000000  0.049854
32605.000000  0.055059
32682.000000  0.065633
32770.000000  0.074341
32849.000000  0.063135
32927.000000  0.053897
32996.000000  0.072332
33076.000000  0.056504
33106.000000  0.037712
33151.000000  0.059926
33157.000000  0.039383
33161.000000  0.002281
33208.000000  0.026357
33285.000000  0.034963
33386.000000  0.050000
33490.000000  0.049744
33588.000000  0.048191
33634.000000  0.043307
33661.000000  0.031480
33665.000000  0.005216
33668.000000  0.002001
33670.000000  0.002147
33677.000000  0.005889
33722.000000  0.013089
33827.000000  0.038538
33948.000000  0.048279
34091.000000  0.066795
34175.000000  0.064530
34253.000000  0.042720
34351.000000  0.044821
34434.000000  0.043420
34533.000000  0.045401
34633.000000  0.048587
34675.000000  0.052836
34679.000000  0.006553
34758.000000  0.021764
34834.000000  0.027861
34880.000000  0.022744
35016.000000  0.038105
35049.000000  0.015976
35182.000000  0.051765
35280.000000  0.053480
35346.000000  0.046239
35425.000000  0.041685
35494.000000  0.031892
35555.000000  0.020477
35617.000000  0.019874
35686.000000  0.026471
35737.000000  0.018613
35775.000000  0.020920
35828.000000  0.020068
35921.000000  0.022113
35986.000000  0.020139
36013.000000  0.005590
36021.000000  0.002511
36120.000000  0.027078
36184.000000  0.025843
36229.000000  0.014890
36270.000000  0.009487
36349.000000  0.021213
36422.000000  0.028666
36518.000000  0.041530
36593.000000  0.041533
36680.000000  0.037204
36684.000000  0.003728
36732.000000  0.017583
36758.000000  0.009145
36792.000000  0.024674
36819.000000  0.008686
36831.000000  0.019601
36885.000000  0.027466
36935.000000  0.024775
36986.000000  0.017605
37044.000000  0.016987
37104.000000  0.017078
37155.000000  0.016158
37217.000000  0.018234
37292.000000  0.022731
37366.000000  0.026142
37449.000000  0.031486
37465.000000  0.021255
37539.000000  0.025574
37604.000000  0.025511
37726.000000  0.043322
37812.000000  0.053967
37878.000000  0.051060
37929.000000  0.040856
37955.000000  0.029106
37995.000000  0.012237
38102.000000  0.027671
38184.000000  0.036918
38289.000000  0.054313
38377.000000  0.047616
38406.000000  0.021809
38412.000000  0.004033
38460.000000  0.030203
38542.000000  0.038195
38638.000000  0.043206
38731.000000  0.058282
38777.000000  0.039575
38793.000000  0.020614
38884.000000  0.048796
38910.000000  0.028267
38964.000000  0.024137
38972.000000  0.008730
39071.000000  0.056951
39116.000000  0.019470
39170.000000  0.017316
39196.000000  0.022702
39283.000000  0.055401
39356.000000  0.054595
39427.000000  0.063658
39504.000000  0.062649
39599.000000  0.081598
39624.000000  0.076466
39639.000000  0.015705
39712.000000  0.029250
39792.000000  0.030124
39881.000000  0.051246
39992.000000  0.055471
40084.000000  0.051846
40158.000000  0.053820
40193.000000  0.053756
40216.000000  0.047552
40228.000000  0.018345
40282.000000  0.054871
40410.000000  0.053497
40512.000000  0.070759
40582.000000  0.052991
40659.000000  0.053365
40757.000000  0.062965
40797.000000  0.081832
40820.000000  0.082519
