995.000000  0.260843
1262.000000  -0.036796
1487.000000  -0.017046
1723.000000  0.002562
1991.000000  0.035077
2255.000000  0.059848
2538.000000  0.004211
2873.000000  0.061127
3226.000000  -0.011142
3566.000000  0.010006
3858.000000  -0.031246
4193.000000  0.048269
4521.000000  0.042248
4795.000000  -0.022081
5077.000000  0.002495
5272.000000  -0.078659
5411.000000  -0.047917
5512.000000  -0.043757
5669.000000  0.086526
5825.000000  -0.038932
5935.000000  -0.006038
6061.000000  -0.003679
6233.000000  0.027340
6399.000000  -0.000627
6564.000000  0.011955
6728.000000  0.012955
6901.000000  -0.000292
7046.000000  0.032087
7188.000000  -0.074818
7321.000000  -0.008811
7423.000000  -0.008996
7546.000000  0.021022
7736.000000  -0.001760
7998.000000  0.073607
8237.000000  -0.016851
8495.000000  0.026134
8725.000000  -0.010903
8979.000000  0.016984
9198.000000  -0.020019
9408.000000  0.034853
9682.000000  0.046086
9907.000000  0.001402
10178.000000  -0.004960
10361.000000  -0.054246
10522.000000  0.018664
10672.000000  -0.024849
10847.000000  -0.002497
10957.000000  -0.053454
10976.000000  -0.031757
11057.000000  0.043651
11182.000000  -0.006616
11266.000000  -0.054548
11332.000000  0.007365
11395.000000  0.022832
11448.000000  -0.035519
11500.000000  0.015686
11552.000000  -0.006783
11630.000000  -0.008048
11763.000000  0.057954
11900.000000  -0.011255
12027.000000  0.009152
12128.000000  0.010527
12298.000000  0.026778
12509.000000  0.038732
12769.000000  0.037837
13111.000000  0.025272
13371.000000  -0.011144
13682.000000  0.041548
13947.000000  0.021486
14286.000000  0.027202
14640.000000  -0.013161
14966.000000  0.009085
15261.000000  0.008030
15575.000000  0.017208
15831.000000  -0.035999
16053.000000  -0.028019
16201.000000  -0.069254
16373.000000  0.009768
16641.000000  0.049819
16905.000000  0.038475
17132.000000  0.000284
17353.000000  -0.010569
17581.000000  0.032083
17869.000000  0.050752
18126.000000  -0.059303
18391.000000  0.034198
18597.000000  -0.046486
18777.000000  -0.007229
18951.000000  0.014514
19175.000000  0.061028
19401.000000  0.005463
19585.000000  0.066335
19772.000000  -0.000281
19990.000000  0.071691
20170.000000  -0.079380
20370.000000  -0.002880
20609.000000  -0.022892
20807.000000  0.030561
20980.000000  0.040437
21115.000000  -0.118050
21241.000000  -0.010367
21408.000000  -0.032540
21571.000000  0.009707
21695.000000  -0.035818
21804.000000  0.028748
21924.000000  0.082437
22065.000000  -0.008376
22233.000000  -0.016438
22381.000000  0.046071
22606.000000  0.063297
22772.000000  -0.065467
23007.000000  0.095032
23288.000000  -0.012630
23533.000000  -0.016407
23800.000000  -0.084235
24042.000000  0.092257
24214.000000  -0.042968
24464.000000  0.029409
24709.000000  0.018308
24922.000000  -0.025366
25130.000000  0.031294
25272.000000  -0.046803
25361.000000  -0.019340
25462.000000  -0.065037
25655.000000  0.155315
25865.000000  0.002348
26076.000000  0.050574
26250.000000  -0.019695
26486.000000  0.091272
26690.000000  -0.078710
26783.000000  0.014148
26909.000000  -0.068194
27059.000000  0.040629
27126.000000  -0.120939
27210.000000  0.215103
27271.000000  -0.428450
27306.000000  0.422025
27320.000000  0.101570
27409.000000  -0.321505
27561.000000  0.109688
27676.000000  -0.045155
27794.000000  0.084791
27835.000000  -0.384173
27970.000000  0.045585
28052.000000  0.267316
28146.000000  0.062236
28206.000000  0.227780
28295.000000  -0.592004
28457.000000  0.018420
28533.000000  -0.030258
28549.000000  -0.009143
28637.000000  0.014527
28717.000000  -0.042870
28790.000000  0.425762
28866.000000  -0.011273
28972.000000  0.001960
29121.000000  0.024312
29174.000000  -0.032654
29261.000000  0.091380
29367.000000  -0.437589
29489.000000  0.011162
29562.000000  0.288570
29700.000000  0.254993
29829.000000  -0.532728
29831.000000  -0.060445
29927.000000  0.072190
30004.000000  0.002014
30094.000000  -0.013469
30172.000000  -0.001784
30247.000000  0.017371
30323.000000  0.015436
30425.000000  0.015776
30580.000000  -0.016172
30718.000000  0.017254
30853.000000  -0.000802
31028.000000  0.017011
31197.000000  -0.027725
31333.000000  0.014711
31469.000000  -0.001792
31596.000000  0.036520
31723.000000  0.013493
31870.000000  0.018857
31916.000000  -0.079639
31976.000000  0.011080
32085.000000  0.049512
32181.000000  0.062447
32327.000000  -0.032582
32436.000000  -0.046594
32592.000000  0.003474
32710.000000  0.065964
32836.000000  -0.096755
32888.000000  -0.028074
32916.000000  -0.051315
32951.000000  -0.002097
32961.000000  0.223663
32988.000000  -0.221599
33099.000000  0.014759
33172.000000  -0.056376
33255.000000  0.003290
33343.000000  0.053616
33435.000000  0.007254
33542.000000  0.000982
33643.000000  0.028474
33767.000000  -0.022386
33958.000000  0.038276
34153.000000  0.010052
34312.000000  0.033801
34467.000000  -0.048413
34589.000000  -0.021736
34844.000000  0.064269
35053.000000  0.006608
35236.000000  0.025455
35417.000000  -0.056351
35544.000000  -0.005222
35679.000000  0.003178
35850.000000  0.050860
36001.000000  -0.015228
36063.000000  -0.044511
36116.000000  -0.024972
36193.000000  0.021404
36301.000000  0.004063
36387.000000  -0.023961
36472.000000  0.010163
36543.000000  -0.024829
36657.000000  -0.003815
36782.000000  0.030985
36846.000000  -0.015765
36991.000000  0.048488
37170.000000  0.042209
37318.000000  -0.027619
37464.000000  0.018760
37519.000000  0.006572
37613.000000  -0.043460
37762.000000  0.060868
38012.000000  0.048654
38203.000000  -0.007303
38491.000000  -0.003996
38685.000000  -0.051736
38876.000000  -0.024283
38978.000000  0.001487
39066.000000  -0.027584
39112.000000  -0.005720
39160.000000  0.034571
39265.000000  0.002335
39403.000000  0.047086
39507.000000  0.081082
39624.000000  0.412822
39782.000000  -0.372212
39839.000000  -0.045661
39852.000000  0.019339
39953.000000  -0.185602
40041.000000  -0.045618
40131.000000  0.035965
40219.000000  0.052798
40278.000000  -0.052083
40359.000000  -0.027044
40393.000000  -0.060474
40442.000000  0.040366
40503.000000  -0.013890
40627.000000  0.090550
40668.000000  -0.114890
40714.000000  -0.028088
40758.000000  0.000126
40782.000000  0.027181
40821.000000  -0.037305
40824.000000  0.014398
