995.000000  0.260843
1262.000000  0.224047
1487.000000  0.207001
1723.000000  0.209563
1991.000000  0.244641
2255.000000  0.304489
2538.000000  0.308700
2873.000000  0.369827
3226.000000  0.358685
3566.000000  0.368691
3858.000000  0.337445
4193.000000  0.385713
4521.000000  0.427961
4795.000000  0.405881
5077.000000  0.408376
5272.000000  0.329717
5411.000000  0.281800
5512.000000  0.238043
5669.000000  0.324569
5825.000000  0.285637
5935.000000  0.279599
6061.000000  0.275920
6233.000000  0.303259
6399.000000  0.302632
6564.000000  0.314587
6728.000000  0.327542
6901.000000  0.327250
7046.000000  0.359337
7188.000000  0.284519
7321.000000  0.275708
7423.000000  0.266713
7546.000000  0.287735
7736.000000  0.285975
7998.000000  0.359582
8237.000000  0.342731
8495.000000  0.368865
8725.000000  0.357962
8979.000000  0.374946
9198.000000  0.354926
9408.000000  0.389779
9682.000000  0.435865
9907.000000  0.437267
10178.000000  0.432307
10361.000000  0.378061
10522.000000  0.396725
10672.000000  0.371876
10847.000000  0.369379
10957.000000  0.315926
10976.000000  0.284169
11057.000000  0.327819
11182.000000  0.321204
11266.000000  0.266655
11332.000000  0.274020
11395.000000  0.296852
11448.000000  0.261334
11500.000000  0.277020
11552.000000  0.270237
11630.000000  0.262189
11763.000000  0.320144
11900.000000  0.308889
12027.000000  0.318041
12128.000000  0.328568
12298.000000  0.355347
12509.000000  0.394079
12769.000000  0.431916
13111.000000  0.457188
13371.000000  0.446045
13682.000000  0.487593
13947.000000  0.509079
14286.000000  0.536281
14640.000000  0.523120
14966.000000  0.532205
15261.000000  0.540235
15575.000000  0.557443
15831.000000  0.521445
16053.000000  0.493426
16201.000000  0.424172
16373.000000  0.433939
16641.000000  0.483759
16905.000000  0.522234
17132.000000  0.522518
17353.000000  0.511949
17581.000000  0.544032
17869.000000  0.594785
18126.000000  0.535482
18391.000000  0.569680
18597.000000  0.523194
18777.000000  0.515966
18951.000000  0.530480
19175.000000  0.591508
19401.000000  0.596971
19585.000000  0.663306
19772.000000  0.663025
19990.000000  0.734716
20170.000000  0.655336
20370.000000  0.652456
20609.000000  0.629564
20807.000000  0.660125
20980.000000  0.700562
21115.000000  0.582512
21241.000000  0.572145
21408.000000  0.539605
21571.000000  0.549312
21695.000000  0.513493
21804.000000  0.542241
21924.000000  0.624678
22065.000000  0.616302
22233.000000  0.599864
22381.000000  0.645936
22606.000000  0.709232
22772.000000  0.643765
23007.000000  0.738798
23288.000000  0.726168
23533.000000  0.709761
23800.000000  0.625526
24042.000000  0.717783
24214.000000  0.674815
24464.000000  0.704224
24709.000000  0.722532
24922.000000  0.697166
25130.000000  0.728459
25272.000000  0.681656
25361.000000  0.662316
25462.000000  0.597279
25655.000000  0.752594
25865.000000  0.754942
26076.000000  0.805515
26250.000000  0.785820
26486.000000  0.877093
26690.000000  0.798382
26783.000000  0.812531
26909.000000  0.744336
27059.000000  0.784965
27126.000000  0.664026
27210.000000  0.879129
27271.000000  0.450679
27306.000000  0.872704
27320.000000  0.974274
27409.000000  0.652769
27561.000000  0.762457
27676.000000  0.717302
27794.000000  0.802093
27835.000000  0.417919
27970.000000  0.463504
28052.000000  0.730820
28146.000000  0.793056
28206.000000  1.020836
28295.000000  0.428833
28457.000000  0.447253
28533.000000  0.416995
28549.000000  0.407851
28637.000000  0.422378
28717.000000  0.379508
28790.000000  0.805269
28866.000000  0.793997
28972.000000  0.795957
29121.000000  0.820268
29174.000000  0.787614
29261.000000  0.878994
29367.000000  0.441405
29489.000000  0.452566
29562.000000  0.741137
29700.000000  0.996130
29829.000000  0.463402
29831.000000  0.402957
29927.000000  0.475147
30004.000000  0.477161
30094.000000  0.463692
30172.000000  0.461907
30247.000000  0.479279
30323.000000  0.494715
30425.000000  0.510491
30580.000000  0.494319
30718.000000  0.511572
30853.000000  0.510771
31028.000000  0.527782
31197.000000  0.500057
31333.000000  0.514769
31469.000000  0.512977
31596.000000  0.549497
31723.000000  0.562990
31870.000000  0.581847
31916.000000  0.502208
31976.000000  0.513288
32085.000000  0.562800
32181.000000  0.625248
32327.000000  0.592666
32436.000000  0.546072
32592.000000  0.549546
32710.000000  0.615510
32836.000000  0.518755
32888.000000  0.490681
32916.000000  0.439366
32951.000000  0.437269
32961.000000  0.660932
32988.000000  0.439332
33099.000000  0.454091
33172.000000  0.397715
33255.000000  0.401005
33343.000000  0.454621
33435.000000  0.461875
33542.000000  0.462857
33643.000000  0.491331
33767.000000  0.468946
33958.000000  0.507222
34153.000000  0.517273
34312.000000  0.551075
34467.000000  0.502662
34589.000000  0.480926
34844.000000  0.545194
35053.000000  0.551802
35236.000000  0.577257
35417.000000  0.520906
35544.000000  0.515685
35679.000000  0.518863
35850.000000  0.569723
36001.000000  0.554495
36063.000000  0.509984
36116.000000  0.485013
36193.000000  0.506417
36301.000000  0.510480
36387.000000  0.486518
36472.000000  0.496681
36543.000000  0.471852
36657.000000  0.468037
36782.000000  0.499023
36846.000000  0.483258
36991.000000  0.531746
37170.000000  0.573955
37318.000000  0.546336
37464.000000  0.565096
37519.000000  0.571668
37613.000000  0.528208
37762.000000  0.589076
38012.000000  0.637730
38203.000000  0.630428
38491.000000  0.626431
38685.000000  0.574696
38876.000000  0.550413
38978.000000  0.551900
39066.000000  0.524316
39112.000000  0.518595
39160.000000  0.553167
39265.000000  0.555502
39403.000000  0.602588
39507.000000  0.683671
39624.000000  1.096493
39782.000000  0.724281
39839.000000  0.678620
39852.000000  0.697959
39953.000000  0.512357
40041.000000  0.466739
40131.000000  0.502703
40219.000000  0.555501
40278.000000  0.503418
40359.000000  0.476374
40393.000000  0.415900
40442.000000  0.456266
40503.000000  0.442376
40627.000000  0.532926
40668.000000  0.418036
40714.000000  0.389949
40758.000000  0.390074
40782.000000  0.417255
40821.000000  0.379951
40824.000000  0.394349
