269.000000  2.118221
335.000000  0.165390
383.000000  0.428857
427.000000  0.273062
485.000000  0.327744
533.000000  0.340587
591.000000  0.342529
627.000000  0.290561
667.000000  0.254748
690.000000  0.141203
748.000000  0.287320
790.000000  0.224284
835.000000  0.210874
868.000000  0.193613
919.000000  0.188455
980.000000  0.184577
1024.000000  0.285627
1054.000000  0.145928
1103.000000  0.223387
1178.000000  0.314473
1201.000000  0.305792
1238.000000  0.270693
1277.000000  0.372230
1329.000000  0.367264
1380.000000  0.416963
1410.000000  0.386976
1454.000000  0.418319
1531.000000  0.344335
1569.000000  0.397948
1611.000000  0.365233
1656.000000  0.354659
1704.000000  0.254717
1730.000000  0.060176
1765.000000  0.072527
1792.000000  0.070005
1820.000000  0.065642
1871.000000  0.458236
1920.000000  0.225971
1958.000000  0.229871
1994.000000  0.251985
2039.000000  0.268520
2087.000000  0.412541
2117.000000  0.268664
2150.000000  0.087149
2202.000000  0.293888
2247.000000  0.442009
2278.000000  0.384048
2305.000000  0.207972
2345.000000  0.368630
2375.000000  0.366352
2405.000000  0.276123
2443.000000  0.355785
2485.000000  0.419509
2525.000000  0.332122
2569.000000  0.356456
2608.000000  0.292639
2640.000000  0.256879
2684.000000  0.411869
2706.000000  0.405540
2729.000000  0.196213
2756.000000  0.247219
2785.000000  0.085891
2828.000000  0.382590
2858.000000  0.272062
2898.000000  0.380480
2940.000000  0.299086
2975.000000  0.272902
3029.000000  0.313305
3093.000000  0.362049
3131.000000  0.307694
3146.000000  0.069854
3177.000000  0.192328
3227.000000  0.393827
3266.000000  0.349986
3289.000000  0.153664
3338.000000  0.121866
3385.000000  0.092739
3439.000000  0.347029
3477.000000  0.246261
3525.000000  0.292586
3566.000000  0.178976
3627.000000  0.300667
3668.000000  0.270934
3689.000000  0.264891
3711.000000  0.202795
3739.000000  0.090223
3801.000000  0.208757
3851.000000  0.183668
3890.000000  0.139682
3924.000000  0.081552
3973.000000  0.101421
4016.000000  0.147750
4060.000000  0.088450
4062.000000  0.093346
4099.000000  0.121279
4122.000000  0.120979
4138.000000  0.094048
4159.000000  0.123774
4180.000000  0.114600
4203.000000  0.115952
4229.000000  0.113223
4267.000000  0.098171
4293.000000  0.117187
4299.000000  0.092231
4317.000000  0.104763
4336.000000  0.090768
4366.000000  0.080413
4399.000000  0.087873
4441.000000  0.085180
4478.000000  0.094570
4512.000000  0.082683
4543.000000  0.091236
4577.000000  0.110139
4600.000000  0.124555
4628.000000  0.168305
4659.000000  0.148495
4689.000000  0.094768
4704.000000  0.086692
4730.000000  0.213193
4770.000000  0.085388
4789.000000  0.085075
4828.000000  0.117719
4858.000000  0.096633
4858.000000  0.084204
4883.000000  0.096851
4944.000000  0.126931
5001.000000  0.101476
5062.000000  0.089101
5124.000000  0.112732
5166.000000  0.101884
5194.000000  0.099100
5220.000000  0.095442
5254.000000  0.098791
5276.000000  0.088843
5298.000000  0.109959
5321.000000  0.079717
5368.000000  0.171488
5386.000000  0.164862
5407.000000  0.174853
5443.000000  0.172533
5489.000000  0.171830
5537.000000  0.143921
5572.000000  0.139208
5622.000000  0.204027
5674.000000  0.199340
5737.000000  0.237155
5792.000000  0.199482
5833.000000  0.130140
5873.000000  0.185367
5933.000000  0.238005
5973.000000  0.186810
5989.000000  0.144686
6029.000000  0.178908
6071.000000  0.155981
6098.000000  0.125453
6118.000000  0.124369
6132.000000  0.095406
6156.000000  0.191826
6185.000000  0.158310
6222.000000  0.190340
6258.000000  0.189849
6295.000000  0.196901
6326.000000  0.169958
6365.000000  0.178964
6389.000000  0.119202
6425.000000  0.135532
6464.000000  0.107659
6511.000000  0.184265
6547.000000  0.169485
6569.000000  0.149184
6611.000000  0.144336
6637.000000  0.155050
6672.000000  0.166383
6700.000000  0.116822
6722.000000  0.110044
6750.000000  0.122090
6801.000000  0.142434
6844.000000  0.126414
6897.000000  0.137936
6934.000000  0.108527
6956.000000  0.139951
6998.000000  0.155845
7056.000000  0.196099
7090.000000  0.179123
7128.000000  0.200137
7168.000000  0.203719
7204.000000  0.220121
7246.000000  0.218616
7276.000000  0.194005
7305.000000  0.200041
7350.000000  0.216056
7378.000000  0.139261
7402.000000  0.107213
7438.000000  0.175064
7473.000000  0.187061
7524.000000  0.158184
7527.000000  0.131970
7571.000000  0.263895
7609.000000  0.262103
7642.000000  0.193152
7669.000000  0.168425
7713.000000  0.279547
7737.000000  0.294199
7773.000000  0.277994
7793.000000  0.257330
7852.000000  0.286170
7890.000000  0.268540
7952.000000  0.279528
8003.000000  0.269966
8059.000000  0.268679
8087.000000  0.171602
8125.000000  0.175557
8156.000000  0.259610
8176.000000  0.227276
8197.000000  0.154819
8243.000000  0.211245
8269.000000  0.174679
8294.000000  0.177422
8329.000000  0.175176
8345.000000  0.104134
8360.000000  0.112239
8403.000000  0.202334
8432.000000  0.184841
8464.000000  0.136106
8497.000000  0.179466
8527.000000  0.119038
8550.000000  0.137262
8606.000000  0.171301
8666.000000  0.176798
8702.000000  0.204422
8734.000000  0.156637
8779.000000  0.134244
8839.000000  0.186193
8869.000000  0.115150
8912.000000  0.135639
8946.000000  0.157079
8998.000000  0.200441
9034.000000  0.196587
9083.000000  0.228536
9125.000000  0.194219
9167.000000  0.193193
9186.000000  0.160736
9227.000000  0.207328
9254.000000  0.195018
9278.000000  0.144068
9305.000000  0.171509
9324.000000  0.119176
9332.000000  0.103518
9352.000000  0.119750
9371.000000  0.125293
9378.000000  0.113415
9385.000000  0.101092
9403.000000  0.095201
9446.000000  0.138706
9474.000000  0.132451
9492.000000  0.110205
9532.000000  0.133628
9554.000000  0.118838
9608.000000  0.164952
9652.000000  0.131734
9692.000000  0.152608
9711.000000  0.131946
9728.000000  0.134000
9741.000000  0.110832
9770.000000  0.117869
9800.000000  0.111670
9843.000000  0.105481
9867.000000  0.117048
9891.000000  0.109447
9932.000000  0.104765
9939.000000  0.104719
9961.000000  0.142732
9992.000000  0.135504
10014.000000  0.150552
10034.000000  0.130284
10053.000000  0.101359
10067.000000  0.101813
10079.000000  0.111867
10140.000000  0.117090
10185.000000  0.126338
10209.000000  0.119919
10240.000000  0.121456
10260.000000  0.105492
10270.000000  0.096590
10290.000000  0.114917
10295.000000  0.107951
10307.000000  0.108660
10333.000000  0.125902
10355.000000  0.109141
10375.000000  0.110721
10377.000000  0.088398
