995.000000  0.162518
1188.000000  0.134040
1396.000000  0.111424
1567.000000  0.123463
1810.000000  0.147496
1994.000000  0.147234
2303.000000  0.151823
2303.000000  0.000205
2575.000000  0.156865
2818.000000  0.181015
3065.000000  0.211857
3373.000000  0.220863
3719.000000  0.241900
3994.000000  0.186919
4254.000000  0.193814
4481.000000  0.178333
4687.000000  0.207608
4924.000000  0.211922
5190.000000  0.214809
5452.000000  0.210085
5609.000000  0.146815
5767.000000  0.141142
5925.000000  0.102406
6133.000000  0.125406
6291.000000  0.123127
6448.000000  0.138580
6583.000000  0.134757
6685.000000  0.165556
6834.000000  0.203837
7054.000000  0.139724
7258.000000  0.147195
7525.000000  0.168640
7754.000000  0.172252
8021.000000  0.176232
8204.000000  0.158020
8428.000000  0.169800
8670.000000  0.141748
8857.000000  0.138381
9011.000000  0.133924
9150.000000  0.139778
9334.000000  0.219679
9579.000000  0.209782
9853.000000  0.181419
10168.000000  0.204543
10426.000000  0.194621
10640.000000  0.193006
10818.000000  0.161411
10863.000000  0.149014
11121.000000  0.191292
11304.000000  0.169970
11495.000000  0.167620
11649.000000  0.179884
11789.000000  0.200064
11916.000000  0.143850
12035.000000  0.167269
12205.000000  0.223406
12445.000000  0.238919
12643.000000  0.263047
12851.000000  0.258184
13030.000000  0.258798
13273.000000  0.299892
13485.000000  0.303943
13551.000000  0.170220
13761.000000  0.242482
14027.000000  0.240071
14231.000000  0.214515
14457.000000  0.252803
14695.000000  0.247405
14936.000000  0.228086
15090.000000  0.151512
15208.000000  0.086485
15241.000000  0.074014
15372.000000  0.099807
15524.000000  0.106349
15709.000000  0.128615
15921.000000  0.185057
16099.000000  0.147466
16254.000000  0.126662
16456.000000  0.143290
16619.000000  0.204155
16761.000000  0.262500
16869.000000  0.259117
16997.000000  0.235625
17111.000000  0.215974
17188.000000  0.247682
17429.000000  0.329783
17511.000000  0.256631
17814.000000  0.262584
18106.000000  0.271971
18371.000000  0.288316
18675.000000  0.280124
18974.000000  0.292256
19226.000000  0.289289
19436.000000  0.267060
19605.000000  0.174902
19811.000000  0.370606
19957.000000  0.381505
20056.000000  0.099656
20181.000000  0.137313
20260.000000  0.084311
20396.000000  0.276373
20574.000000  0.359053
20693.000000  0.290519
20886.000000  0.470989
21000.000000  0.575292
21182.000000  0.166559
21452.000000  0.172366
21653.000000  0.127896
21909.000000  0.197646
22099.000000  0.398501
22278.000000  0.343112
22451.000000  0.418946
22624.000000  0.483483
22732.000000  0.129052
22913.000000  0.165006
23094.000000  0.594003
23233.000000  0.594011
23316.000000  0.727980
23397.000000  0.129629
23532.000000  0.159255
23741.000000  0.276838
23908.000000  0.257945
24086.000000  0.596177
24261.000000  0.307949
24416.000000  0.242593
24469.000000  0.251163
24700.000000  0.369930
24879.000000  0.440442
25043.000000  0.167564
25259.000000  0.415128
25449.000000  0.262198
25570.000000  0.150963
25587.000000  0.067171
25675.000000  0.103704
25782.000000  0.118498
25906.000000  0.073249
26064.000000  0.096123
26227.000000  0.108287
26380.000000  0.172593
26529.000000  0.168247
26685.000000  0.334073
26867.000000  0.515305
27063.000000  0.399398
27221.000000  0.302824
27352.000000  0.068678
27382.000000  0.038509
27473.000000  0.093897
27599.000000  0.118865
27728.000000  0.057905
27886.000000  0.059247
27961.000000  0.062596
28046.000000  0.082819
28160.000000  0.099077
28289.000000  0.125697
28535.000000  0.563142
28854.000000  0.624667
29135.000000  0.590965
29389.000000  0.560143
29686.000000  0.525840
29958.000000  0.673745
30148.000000  0.138630
30194.000000  0.057227
30355.000000  0.122573
30461.000000  0.084882
30602.000000  0.114095
30636.000000  0.083173
30743.000000  0.105775
30797.000000  0.110097
30956.000000  0.127861
31118.000000  0.102577
31243.000000  0.078205
31419.000000  0.132333
31558.000000  0.132523
31698.000000  0.143266
31832.000000  0.118958
31902.000000  0.097948
32100.000000  0.107539
32310.000000  0.127605
32520.000000  0.179020
32706.000000  0.161993
32848.000000  0.154359
33013.000000  0.149069
33213.000000  0.212986
33481.000000  0.230542
33736.000000  0.234879
33922.000000  0.130660
34011.000000  0.089844
34111.000000  0.118429
34201.000000  0.174940
34256.000000  0.220534
34464.000000  0.138645
34710.000000  0.168219
35001.000000  0.207261
35220.000000  0.189797
35473.000000  0.186934
35730.000000  0.171463
35951.000000  0.164573
36217.000000  0.206946
36401.000000  0.155492
36548.000000  0.148272
36691.000000  0.240865
36848.000000  0.117261
36969.000000  0.183922
37132.000000  0.272775
37301.000000  0.279785
37478.000000  0.332282
37674.000000  0.334479
37843.000000  0.335439
37958.000000  0.361981
38044.000000  0.316205
38077.000000  0.342192
38123.000000  0.043190
38124.000000  0.002083
38188.000000  0.068773
38223.000000  0.052549
38228.000000  0.020066
38267.000000  0.043094
38386.000000  0.034984
38498.000000  0.042166
38594.000000  0.034656
38691.000000  0.034561
38779.000000  0.035155
38872.000000  0.032048
39022.000000  0.045201
39107.000000  0.049932
39241.000000  0.053953
39284.000000  0.043775
39422.000000  0.062233
39482.000000  0.042674
39609.000000  0.063643
39656.000000  0.045810
39697.000000  0.026971
39728.000000  0.017904
39744.000000  0.013864
39755.000000  0.035897
39872.000000  0.032452
39875.000000  0.010877
39925.000000  0.012242
39997.000000  0.036882
40096.000000  0.037665
40137.000000  0.018454
40174.000000  0.012557
40205.000000  0.009019
40312.000000  0.035859
40456.000000  0.041759
40498.000000  0.036708
40584.000000  0.041593
40686.000000  0.050183
40775.000000  0.052161
40813.000000  0.039035
40821.000000  0.006800
