995.000000  0.261728
1228.000000  -0.045273
1431.000000  -0.022948
1689.000000  0.027829
1963.000000  0.029727
2264.000000  0.027494
2614.000000  0.063268
2845.000000  -0.004774
3159.000000  -0.001641
3543.000000  0.071034
3835.000000  -0.054762
4187.000000  0.088844
4505.000000  -0.007413
4842.000000  -0.003765
5090.000000  -0.048868
5307.000000  -0.036436
5475.000000  -0.033637
5644.000000  -0.005014
5814.000000  -0.014567
5974.000000  0.043915
6084.000000  -0.032642
6216.000000  -0.029071
6375.000000  0.026559
6551.000000  0.020165
6744.000000  0.007826
6940.000000  0.000128
7184.000000  0.030777
7461.000000  0.014477
7670.000000  -0.018554
7803.000000  -0.041832
7951.000000  0.016553
8116.000000  0.008562
8325.000000  0.042764
8537.000000  -0.021577
8758.000000  0.009356
8908.000000  0.004898
9068.000000  -0.054745
9265.000000  0.033869
9458.000000  0.052021
9726.000000  0.002038
10011.000000  0.036574
10213.000000  -0.046415
10470.000000  0.056864
10558.000000  0.030167
10815.000000  -0.023298
11018.000000  0.006447
11240.000000  0.000269
11442.000000  -0.042612
11622.000000  -0.027797
11762.000000  -0.019703
11804.000000  -0.021669
11872.000000  -0.045910
11985.000000  0.028281
12084.000000  0.054759
12217.000000  0.003862
12357.000000  -0.001710
12430.000000  -0.029872
12545.000000  -0.006900
12728.000000  0.097164
12968.000000  0.072585
13193.000000  0.038322
13430.000000  0.024628
13668.000000  0.005308
13966.000000  0.051146
14181.000000  -0.058861
14356.000000  -0.117092
14586.000000  0.028372
14841.000000  0.020813
15007.000000  -0.059538
15168.000000  0.061247
15346.000000  -0.094240
15577.000000  0.057941
15870.000000  0.056911
16176.000000  0.010219
16399.000000  -0.007005
16616.000000  -0.084533
16791.000000  0.002985
16967.000000  0.017268
17079.000000  -0.056262
17115.000000  -0.048237
17233.000000  0.034415
17473.000000  0.031221
17650.000000  0.026437
17694.000000  -0.000393
17812.000000  0.039387
17982.000000  -0.019720
18168.000000  0.054773
18311.000000  -0.061645
18565.000000  0.071768
18789.000000  0.019164
19110.000000  0.066238
19445.000000  0.021007
19818.000000  -0.026048
20072.000000  0.022108
20308.000000  -0.022296
20521.000000  -0.031342
20719.000000  0.014809
20952.000000  0.059806
21081.000000  -0.073213
21182.000000  -0.015008
21304.000000  0.036748
21361.000000  -0.040498
21473.000000  0.023781
21579.000000  -0.051431
21716.000000  0.087017
21839.000000  -0.056828
21937.000000  0.013605
22002.000000  -0.028251
22096.000000  -0.016000
22244.000000  0.051545
22463.000000  0.052079
22660.000000  0.007414
22991.000000  0.112904
23300.000000  -0.056003
23459.000000  -0.039718
23612.000000  -0.067840
23747.000000  0.017556
24017.000000  0.049499
24295.000000  -0.028832
24475.000000  -0.097464
24717.000000  0.121381
24821.000000  0.060684
24882.000000  -0.206781
24960.000000  0.099286
25053.000000  -0.038011
25159.000000  -0.048840
25235.000000  -0.052450
25397.000000  0.115404
25426.000000  -0.069728
25498.000000  -0.006580
25594.000000  0.097786
25759.000000  -0.210222
25903.000000  0.183733
26089.000000  0.032448
26288.000000  0.154246
26464.000000  0.002766
26676.000000  -0.022192
26810.000000  -0.025465
26896.000000  0.043650
26959.000000  -0.101117
27186.000000  0.196874
27543.000000  0.150254
27862.000000  -0.486029
28146.000000  0.023466
28418.000000  0.029829
28640.000000  -0.072943
28731.000000  -0.102073
28839.000000  0.432391
29003.000000  0.311133
29156.000000  -0.657786
29323.000000  -0.004925
29490.000000  0.019839
29659.000000  0.031526
29814.000000  -0.041874
29982.000000  0.015338
30107.000000  -0.027823
30277.000000  -0.001637
30460.000000  0.008487
30693.000000  0.046772
30952.000000  0.314802
31146.000000  0.304215
31320.000000  -0.100341
31445.000000  -0.574004
31572.000000  0.021502
31727.000000  -0.008558
31819.000000  -0.018013
31908.000000  -0.048112
31953.000000  -0.028110
31964.000000  -0.014822
32038.000000  0.028825
32120.000000  0.004929
32229.000000  0.068124
32376.000000  0.013321
32561.000000  -0.011906
32733.000000  0.007912
32931.000000  0.016587
33150.000000  0.017093
33326.000000  -0.002647
33427.000000  -0.069117
33539.000000  0.034512
33644.000000  -0.019431
33805.000000  0.086063
34047.000000  0.029574
34282.000000  0.023222
34550.000000  0.047676
34744.000000  -0.023895
34920.000000  -0.012720
35156.000000  0.054694
35426.000000  0.009184
35599.000000  -0.062060
35766.000000  0.016878
35903.000000  -0.066384
36067.000000  0.030790
36251.000000  -0.011976
36335.000000  0.029923
36460.000000  0.102556
36557.000000  -0.056632
36699.000000  -0.051137
36727.000000  -0.068197
36808.000000  0.024682
36894.000000  0.028528
36919.000000  -0.109069
37017.000000  0.215369
37031.000000  -0.248262
37116.000000  0.144823
37150.000000  -0.000868
37193.000000  0.040614
37224.000000  -0.056372
37269.000000  0.161850
37335.000000  -0.220727
37419.000000  -0.011330
37528.000000  0.005335
37601.000000  -0.086196
37680.000000  0.017121
37682.000000  -0.036518
37717.000000  0.044809
37809.000000  -0.026624
37937.000000  0.095759
37999.000000  0.049802
38134.000000  0.046803
38218.000000  -0.220845
38271.000000  0.024280
38379.000000  0.008333
38497.000000  0.142902
38609.000000  -0.002954
38742.000000  -0.028322
38867.000000  -0.032395
38946.000000  -0.053643
39052.000000  -0.016147
39155.000000  -0.044329
39237.000000  0.272820
39323.000000  -0.277714
39363.000000  -0.013266
39364.000000  -0.030079
39411.000000  0.038575
39494.000000  0.004906
39590.000000  0.007027
39666.000000  0.007114
39766.000000  0.018348
39862.000000  -0.008949
39951.000000  0.020788
40022.000000  -0.026572
40176.000000  0.015313
40385.000000  0.027329
40537.000000  0.014072
40567.000000  -0.028914
40669.000000  -0.023302
40762.000000  0.036594
40810.000000  -0.050986
40810.000000  -0.034132
40815.000000  -0.001947
