2285.000000  19.500906
3561.000000  -15.553295
4272.000000  -0.985117
4866.000000  0.142967
5719.000000  -0.669049
6481.000000  0.056000
7371.000000  0.437421
8102.000000  -0.397891
8714.000000  0.338307
9347.000000  -0.346837
9809.000000  -0.659093
10170.000000  1.082906
10423.000000  -0.435743
10659.000000  -0.063746
10861.000000  -0.484422
11055.000000  -0.904440
11313.000000  1.489838
11557.000000  0.171110
11855.000000  -0.016243
11952.000000  0.044638
12222.000000  -1.481497
12646.000000  1.883995
13206.000000  0.195320
13640.000000  -1.708904
14178.000000  0.723933
14643.000000  0.527496
15125.000000  -0.480472
15899.000000  -0.297952
16639.000000  1.763031
17419.000000  -1.207222
17925.000000  -0.420769
18383.000000  1.994931
19325.000000  -0.628838
20062.000000  0.091892
20663.000000  -0.141925
21247.000000  0.284568
21701.000000  -0.075976
22266.000000  -0.641814
22757.000000  0.376385
23170.000000  -0.008049
23627.000000  0.158379
24033.000000  -0.257193
24484.000000  0.021629
24753.000000  -0.941175
24953.000000  -0.979604
25408.000000  1.714676
25992.000000  0.088599
26719.000000  -0.328629
27438.000000  -1.231822
28452.000000  0.846733
29546.000000  1.223715
30390.000000  -1.295989
30996.000000  -0.794858
31690.000000  1.161070
32219.000000  0.477285
32835.000000  -1.288305
33226.000000  -0.587919
33722.000000  0.554014
33967.000000  -1.082095
34292.000000  0.658618
34674.000000  -0.166947
35005.000000  -0.058947
35241.000000  0.132415
35688.000000  -0.601617
35975.000000  -0.149992
36348.000000  0.138739
36721.000000  0.050076
37309.000000  0.069209
37938.000000  -0.006736
38826.000000  0.386699
39642.000000  0.445072
40179.000000  -0.225288
40704.000000  0.156360
41139.000000  -0.424905
41659.000000  0.350837
42289.000000  0.275989
42766.000000  -0.642025
43317.000000  0.167750
43907.000000  0.296461
44293.000000  -0.212032
44568.000000  -0.482745
44833.000000  0.322657
45243.000000  -0.034787
45616.000000  0.482628
46062.000000  -0.225152
46568.000000  -0.360668
47071.000000  0.252141
47573.000000  -0.208685
47795.000000  -0.318280
48450.000000  0.558124
49240.000000  0.217059
49852.000000  -0.081639
50572.000000  -0.261403
51444.000000  0.641428
52098.000000  -0.288889
52815.000000  -0.317338
53333.000000  -0.286100
53836.000000  0.125992
54136.000000  0.364213
54305.000000  0.186433
54519.000000  -0.910049
54926.000000  1.024375
55496.000000  0.319626
56098.000000  0.003495
56740.000000  -0.088583
57384.000000  0.022264
58216.000000  -0.263164
59076.000000  0.583942
59693.000000  0.145334
60078.000000  -0.444745
60499.000000  0.432178
61115.000000  -0.337451
61808.000000  -0.011511
62435.000000  0.210167
63152.000000  -0.166200
63806.000000  -0.081435
64366.000000  0.055959
64799.000000  -0.057345
65217.000000  -0.412093
65675.000000  0.057260
66188.000000  -0.289426
66781.000000  0.330797
67437.000000  0.175880
67934.000000  -0.582605
68496.000000  0.084545
69003.000000  0.374657
69457.000000  -0.420298
70163.000000  0.084772
70977.000000  0.256616
71650.000000  0.025785
72124.000000  -0.831324
72304.000000  0.639284
72585.000000  -0.033703
73031.000000  -0.021183
73338.000000  0.170215
73663.000000  -0.336282
74064.000000  0.267068
74711.000000  0.028213
75227.000000  0.039767
75717.000000  -0.081337
76076.000000  -0.090049
76319.000000  -0.468795
76447.000000  -0.188715
76698.000000  0.095180
76966.000000  -0.056459
77212.000000  0.024292
77471.000000  0.091845
77688.000000  -0.032511
77974.000000  0.089263
78477.000000  0.131657
78881.000000  -0.188073
79202.000000  0.201292
79301.000000  -0.034567
79360.000000  -0.349343
79418.000000  -0.025541
79743.000000  0.330073
80029.000000  -0.014076
80355.000000  -0.000390
80639.000000  -0.049847
80907.000000  -0.091710
81359.000000  0.163275
81756.000000  -0.061692
81905.000000  -0.247136
81906.000000  -0.115734
82230.000000  0.101645
82641.000000  0.162967
83008.000000  -0.063576
83363.000000  0.072609
83559.000000  -0.238827
83694.000000  -0.002116
83820.000000  -0.044976
83988.000000  0.020715
84013.000000  -0.022263
84044.000000  -0.012773
84176.000000  0.060590
84456.000000  0.004271
84750.000000  0.025888
85092.000000  -0.053090
85339.000000  0.041871
85603.000000  0.021828
85681.000000  0.063578
85812.000000  -0.049004
86066.000000  -0.029992
86542.000000  0.047049
86934.000000  1.192409
87300.000000  -1.205072
87707.000000  0.762094
88128.000000  -0.723364
88352.000000  -0.073839
88756.000000  0.027676
89230.000000  0.155015
89496.000000  -0.012007
89666.000000  -0.097081
89878.000000  -0.083323
90217.000000  0.089230
90624.000000  -0.016278
90978.000000  -0.033083
91272.000000  0.023216
91470.000000  -0.127126
