2285.000000  18.628616
3561.000000  3.608613
4272.000000  2.634703
4866.000000  2.742550
5719.000000  2.097591
6481.000000  2.122919
7371.000000  2.556525
8102.000000  2.146479
8714.000000  2.458157
9347.000000  2.126968
9809.000000  1.511056
10170.000000  2.542287
10423.000000  2.146747
10659.000000  2.073485
10861.000000  1.611837
11055.000000  0.741539
11313.000000  2.122717
11557.000000  2.311204
11855.000000  2.283772
11952.000000  2.361792
12222.000000  0.929433
12646.000000  2.703160
13206.000000  2.901754
13640.000000  1.230346
14178.000000  1.886204
14643.000000  2.400319
15125.000000  1.926218
15899.000000  1.618968
16639.000000  3.286832
17419.000000  2.120869
17925.000000  1.668001
18383.000000  3.612271
19325.000000  3.025463
20062.000000  3.100433
20663.000000  2.936641
21247.000000  3.196693
21701.000000  3.111599
22266.000000  2.526225
22757.000000  2.890308
23170.000000  2.860416
23627.000000  2.956835
24033.000000  2.697284
24484.000000  2.749190
24753.000000  1.854131
24953.000000  0.881055
25408.000000  2.525153
25992.000000  2.633778
26719.000000  2.222188
27438.000000  1.049670
28452.000000  1.836393
29546.000000  2.993611
30390.000000  1.735649
30996.000000  0.942973
31690.000000  2.035992
32219.000000  2.478003
32835.000000  1.279342
33226.000000  0.695341
33722.000000  1.248358
33967.000000  0.158444
34292.000000  0.833275
34674.000000  0.667661
35005.000000  0.669195
35241.000000  0.799641
35688.000000  0.187962
35975.000000  0.053500
36348.000000  0.168638
36721.000000  0.225177
37309.000000  0.294491
37938.000000  0.270167
38826.000000  0.601340
39642.000000  1.014525
40179.000000  0.809047
40704.000000  0.927560
41139.000000  0.540940
41659.000000  0.846039
42289.000000  1.098887
42766.000000  0.516023
43317.000000  0.685189
43907.000000  0.913602
44293.000000  0.750561
44568.000000  0.262935
44833.000000  0.602830
45243.000000  0.595954
45616.000000  1.058812
46062.000000  0.819513
46568.000000  0.462888
47071.000000  0.696577
47573.000000  0.551047
47795.000000  0.230568
48450.000000  0.721667
49240.000000  0.987235
49852.000000  0.802070
50572.000000  0.582341
51444.000000  1.153748
52098.000000  0.876776
52815.000000  0.497023
53333.000000  0.264278
53836.000000  0.362033
54136.000000  0.747513
54305.000000  0.579033
54519.000000  0.083019
54926.000000  1.067162
55496.000000  1.385306
56098.000000  1.348479
56740.000000  1.272794
57384.000000  1.246976
58216.000000  0.949691
59076.000000  1.548930
59693.000000  1.740620
60078.000000  1.273979
60499.000000  1.672142
61115.000000  1.300640
61808.000000  1.347888
62435.000000  1.524882
63152.000000  1.356732
63806.000000  1.314013
64366.000000  1.341550
64799.000000  1.312270
65217.000000  0.920360
65675.000000  0.913957
66188.000000  0.634491
66781.000000  0.960898
67437.000000  1.136492
67934.000000  0.550871
68496.000000  0.668332
69003.000000  1.017672
69457.000000  0.636669
70163.000000  0.700939
70977.000000  0.902347
71650.000000  0.950997
72124.000000  0.203116
72304.000000  0.723675
72585.000000  0.760256
73031.000000  0.732665
73338.000000  0.902106
73663.000000  0.584081
74064.000000  0.814318
74711.000000  0.868374
75227.000000  0.881557
75717.000000  0.762309
76076.000000  0.692692
76319.000000  0.224837
76447.000000  0.027939
76698.000000  0.173253
76966.000000  0.098388
77212.000000  0.080537
77471.000000  0.206767
77688.000000  0.181815
77974.000000  0.253254
78477.000000  0.449636
78881.000000  0.231740
79202.000000  0.450165
79301.000000  0.461796
79360.000000  0.093500
79418.000000  0.044561
79743.000000  0.408512
80029.000000  0.420258
80355.000000  0.419292
80639.000000  0.348842
80907.000000  0.282317
81359.000000  0.400142
81756.000000  0.364694
81905.000000  0.114794
81906.000000  0.014949
82230.000000  0.132193
82641.000000  0.227983
83008.000000  0.215419
83363.000000  0.245004
83559.000000  0.057586
83694.000000  0.043258
83820.000000  0.020153
83988.000000  0.059477
84013.000000  0.009435
84044.000000  0.005648
84176.000000  0.030060
84456.000000  0.081701
84750.000000  0.052211
85092.000000  0.001022
85339.000000  0.036569
85603.000000  0.057105
85681.000000  0.118572
85812.000000  0.085319
86066.000000  0.035640
86542.000000  0.093533
86934.000000  0.249038
87300.000000  0.079367
87707.000000  0.265751
88128.000000  0.140965
88352.000000  0.040303
88756.000000  0.049675
89230.000000  0.212703
89496.000000  0.190455
89666.000000  0.087340
89878.000000  0.022876
90217.000000  0.095576
90624.000000  0.110837
90978.000000  0.066813
91272.000000  0.109386
91470.000000  0.044825
