399.000000  0.189062
565.000000  -0.065151
646.000000  -0.012035
727.000000  0.041111
844.000000  0.031498
1016.000000  0.031560
1150.000000  -0.010821
1312.000000  0.010710
1488.000000  0.010121
1638.000000  -0.010364
1794.000000  -0.000686
1915.000000  -0.030264
2052.000000  -0.021982
2185.000000  0.005196
2290.000000  0.037312
2401.000000  -0.039204
2503.000000  0.027406
2660.000000  0.000513
2826.000000  0.020451
2981.000000  0.013334
3123.000000  0.027871
3279.000000  -0.040367
3420.000000  0.043901
3506.000000  -0.064753
3604.000000  0.049659
3741.000000  -0.009071
3873.000000  0.003118
4003.000000  0.058988
4135.000000  -0.034283
4309.000000  0.020604
4490.000000  0.039509
4644.000000  -0.033311
4769.000000  -0.059224
4896.000000  0.086621
5021.000000  -0.053873
5111.000000  -0.011787
5192.000000  -0.006248
5286.000000  0.032195
5379.000000  -0.019163
5440.000000  -0.041626
5546.000000  0.075862
5669.000000  -0.009582
5749.000000  -0.019794
5831.000000  -0.012103
5882.000000  -0.007593
5948.000000  0.017497
6044.000000  0.033533
6204.000000  0.038041
6370.000000  0.019471
6465.000000  0.020712
6526.000000  -0.035484
6598.000000  -0.021561
6619.000000  -0.097693
6622.000000  -0.035448
6680.000000  0.032045
6763.000000  0.024598
6844.000000  -0.015126
6921.000000  0.011719
7000.000000  -0.001259
7043.000000  0.026871
7090.000000  -0.044999
7139.000000  -0.002654
7187.000000  -0.026981
7237.000000  -0.001650
7308.000000  0.035024
7393.000000  0.017137
7461.000000  -0.048299
7521.000000  0.036422
7583.000000  -0.020575
7631.000000  0.009594
7689.000000  -0.044057
7739.000000  0.014035
7794.000000  0.048400
7836.000000  0.009141
7975.000000  0.061295
8114.000000  -0.008182
8228.000000  -0.056794
8309.000000  0.013487
8427.000000  0.061722
8540.000000  0.036501
8734.000000  -0.033654
8901.000000  -0.010876
8934.000000  -0.027806
9103.000000  0.062256
9274.000000  0.050636
9431.000000  -0.032673
9602.000000  0.013240
9716.000000  -0.013965
9833.000000  -0.042415
9966.000000  0.031129
10092.000000  0.027380
10231.000000  -0.031485
10411.000000  0.043198
10565.000000  -0.006654
10603.000000  -0.073650
10759.000000  0.040408
10890.000000  -0.001884
11027.000000  0.011907
11174.000000  0.001788
11310.000000  0.056823
11449.000000  -0.042002
11493.000000  -0.040340
11656.000000  0.090236
11806.000000  -0.043277
11975.000000  0.013638
12152.000000  0.017358
12287.000000  -0.050772
12364.000000  0.008727
12467.000000  -0.004908
12540.000000  0.033613
12645.000000  -0.010488
12782.000000  -0.030875
12880.000000  0.070779
12981.000000  -0.013013
13102.000000  0.056751
13220.000000  0.032043
13347.000000  0.018924
13396.000000  -0.079277
13485.000000  0.126292
13578.000000  0.019806
13663.000000  -0.278435
13758.000000  0.010407
13841.000000  0.011605
13923.000000  0.032979
14005.000000  -0.002563
14094.000000  0.020542
14213.000000  -0.035390
14305.000000  0.012854
14467.000000  0.029370
14605.000000  0.036255
14752.000000  -0.004793
14875.000000  -0.045492
14981.000000  0.018151
15098.000000  -0.010850
15239.000000  0.041467
15408.000000  0.032142
15564.000000  -0.019181
15723.000000  0.004282
15887.000000  0.043503
16054.000000  -0.040254
16192.000000  -0.027221
16339.000000  0.006031
16440.000000  0.013907
16529.000000  -0.019423
16621.000000  -0.014077
16687.000000  -0.019565
16818.000000  0.092262
16897.000000  -0.053994
16980.000000  0.044476
17085.000000  -0.029137
17171.000000  0.003842
17263.000000  -0.061127
17358.000000  0.013344
17477.000000  0.049714
17559.000000  -0.023157
17618.000000  0.029825
17646.000000  -0.015074
17697.000000  -0.031377
17856.000000  0.090027
17913.000000  -0.028998
17953.000000  0.008839
18043.000000  -0.005186
18130.000000  0.031450
18231.000000  -0.051317
18315.000000  0.069947
18409.000000  -0.019749
18495.000000  -0.043097
18639.000000  0.098442
18778.000000  0.061967
18867.000000  -0.000186
18902.000000  0.013667
18956.000000  0.002590
19033.000000  -0.016059
19096.000000  -0.045360
19229.000000  0.045112
19361.000000  0.016598
19474.000000  -0.088484
19536.000000  -0.030975
19610.000000  0.036672
19709.000000  0.010544
19788.000000  0.024261
19834.000000  -0.152280
19895.000000  0.061921
20025.000000  0.031150
20131.000000  -0.001427
20260.000000  -0.005184
20435.000000  0.072959
20518.000000  -0.132980
20572.000000  0.013092
20664.000000  0.066335
20771.000000  -0.033616
20857.000000  0.070182
20885.000000  0.036701
20986.000000  0.141648
21041.000000  0.046533
21062.000000  0.072072
21076.000000  -0.157373
21121.000000  -0.397144
21150.000000  -0.020276
21213.000000  0.105004
21283.000000  -0.017530
21346.000000  -0.032228
21382.000000  -0.047562
21468.000000  0.065427
21587.000000  0.464872
21629.000000  0.087699
21646.000000  -0.098515
21649.000000  -0.021995
21654.000000  0.144878
21722.000000  -0.614479
21810.000000  0.023761
21892.000000  0.029727
21985.000000  -0.012700
22107.000000  0.035811
22179.000000  -0.026460
22299.000000  0.022552
22457.000000  0.008077
22627.000000  0.027940
22778.000000  -0.052544
22909.000000  0.039949
23035.000000  0.017602
23108.000000  -0.006504
23138.000000  -0.059255
23214.000000  0.026620
23343.000000  0.119122
23496.000000  -0.068396
23658.000000  -0.006056
23785.000000  -0.030748
23951.000000  0.015739
24091.000000  0.007311
24131.000000  -0.037219
24285.000000  0.069425
24390.000000  -0.070046
24413.000000  -0.050692
24498.000000  0.011263
24521.000000  -0.013409
24610.000000  0.095908
24720.000000  -0.064441
24827.000000  0.059031
24869.000000  -0.052812
24965.000000  0.064316
25098.000000  0.000409
25138.000000  -0.065136
25286.000000  0.076979
25451.000000  0.032346
25582.000000  -0.033656
25713.000000  -0.032536
25796.000000  -0.037671
25903.000000  0.070089
26063.000000  0.018887
26203.000000  0.038436
26342.000000  -0.030877
26378.000000  -0.072594
26519.000000  0.028220
26579.000000  -0.028956
26742.000000  0.038100
26860.000000  0.066669
26965.000000  -0.045475
27039.000000  0.023495
27071.000000  -0.074733
27098.000000  -0.006359
27194.000000  0.008170
27304.000000  0.042957
27400.000000  -0.001290
27484.000000  -0.044763
27532.000000  -0.013989
27587.000000  0.047979
27605.000000  -0.039649
27678.000000  0.057216
27775.000000  -0.063894
27823.000000  0.038806
27886.000000  0.005289
27982.000000  -0.004959
28063.000000  0.055756
28132.000000  -0.044447
28231.000000  0.032305
28290.000000  0.016122
28348.000000  0.035129
28382.000000  -0.070155
28446.000000  -0.031924
28472.000000  -0.041766
28565.000000  0.007505
28708.000000  0.009407
28816.000000  0.003198
28933.000000  0.005820
29004.000000  0.023064
29096.000000  -0.016843
29204.000000  -0.007585
29329.000000  -0.013247
29499.000000  0.012361
29639.000000  0.048191
29774.000000  -0.002407
29820.000000  -0.065527
29923.000000  0.043729
29975.000000  -0.035685
30040.000000  0.016343
30098.000000  -0.045795
30103.000000  -0.049127
30107.000000  0.054392
30153.000000  0.033353
30269.000000  -0.054468
30338.000000  0.057240
30434.000000  0.018439
30596.000000  -0.027210
30643.000000  0.026425
30665.000000  -0.063263
30698.000000  -0.024329
30731.000000  0.039402
30761.000000  -0.029574
30830.000000  0.039490
30982.000000  0.016363
31119.000000  0.015064
31233.000000  0.002363
31361.000000  -0.006931
31449.000000  0.021665
31538.000000  -0.040809
31635.000000  0.046371
31714.000000  -0.043369
31740.000000  0.007707
31787.000000  0.025769
31836.000000  -0.005549
31840.000000  -0.057201
31944.000000  0.009747
32036.000000  -0.016932
32107.000000  0.010068
32212.000000  0.001241
32289.000000  0.065249
32372.000000  -0.001231
32460.000000  0.023052
32540.000000  -0.040997
32628.000000  0.036166
32821.000000  0.024893
32916.000000  0.014825
33003.000000  -0.047222
33113.000000  -0.005998
33204.000000  0.028627
33302.000000  0.053390
33360.000000  -0.049411
33438.000000  0.031809
33472.000000  -0.038595
33560.000000  0.020367
33671.000000  -0.014584
33755.000000  -0.044340
33855.000000  0.007732
33932.000000  0.006120
34004.000000  -0.018922
34009.000000  -0.024315
34072.000000  0.033738
34150.000000  0.018431
34211.000000  0.091681
34295.000000  -0.013034
34370.000000  -0.042929
34464.000000  0.019740
34550.000000  0.037566
34632.000000  0.060102
34713.000000  -0.135864
34812.000000  -0.007768
34962.000000  0.030778
35115.000000  0.077423
35264.000000  -0.066537
35397.000000  -0.005142
35542.000000  0.017040
35659.000000  -0.064586
35764.000000  -0.006937
35841.000000  0.003831
35921.000000  0.011199
36003.000000  0.066360
36086.000000  -0.066216
36171.000000  0.052192
36245.000000  -0.000206
36322.000000  0.037442
36351.000000  0.056766
36378.000000  -0.057364
36457.000000  0.182420
36458.000000  -0.064250
36467.000000  -0.225240
36524.000000  -0.003266
36605.000000  -0.013936
36677.000000  0.021030
36769.000000  0.014499
36867.000000  -0.032751
36932.000000  0.018907
37024.000000  0.003205
37122.000000  -0.019667
37221.000000  0.023882
37247.000000  -0.033115
37389.000000  0.017782
37416.000000  -0.027414
37463.000000  0.022934
37505.000000  -0.059267
37542.000000  0.034793
37552.000000  -0.026527
37660.000000  0.062119
37752.000000  0.003843
37836.000000  0.015851
37921.000000  0.005273
37979.000000  0.014555
37985.000000  -0.086313
38052.000000  0.020383
38163.000000  0.012930
38262.000000  0.004257
38333.000000  0.010838
38407.000000  -0.023981
38506.000000  0.007746
38561.000000  -0.021204
38589.000000  0.040387
38656.000000  -0.081984
38764.000000  0.053463
38849.000000  -0.021904
38967.000000  0.059432
38971.000000  -0.057733
39066.000000  0.065561
39155.000000  -0.051807
39182.000000  -0.031803
39196.000000  0.026417
39269.000000  0.021324
39334.000000  -0.036300
39436.000000  0.012651
39517.000000  0.034638
39599.000000  -0.031554
39667.000000  0.025353
39685.000000  -0.059335
39733.000000  0.125725
39816.000000  -0.068961
39907.000000  -0.014205
39990.000000  -0.006625
40089.000000  0.028261
40129.000000  -0.044917
40133.000000  0.006747
40174.000000  -0.021176
40271.000000  0.047392
40379.000000  0.017759
40477.000000  0.017674
40521.000000  -0.072874
40619.000000  0.038882
40638.000000  -0.012578
40644.000000  -0.009377
40709.000000  0.044259
40723.000000  -0.045516
40760.000000  0.046622
40811.000000  -0.039453
40820.000000  -0.065339
