399.000000  0.084243
565.000000  0.059896
646.000000  0.049864
727.000000  0.055089
844.000000  0.068646
1016.000000  0.086319
1150.000000  0.089377
1312.000000  0.099522
1488.000000  0.107608
1638.000000  0.079730
1794.000000  0.081513
1915.000000  0.078369
2052.000000  0.068869
2185.000000  0.073319
2290.000000  0.064060
2401.000000  0.046871
2503.000000  0.036632
2660.000000  0.051098
2826.000000  0.062615
2981.000000  0.081519
3123.000000  0.076549
3279.000000  0.079810
3420.000000  0.082376
3506.000000  0.050237
3604.000000  0.067545
3741.000000  0.095221
3873.000000  0.104358
4003.000000  0.115724
4135.000000  0.096301
4309.000000  0.104140
4490.000000  0.118679
4644.000000  0.121118
4769.000000  0.073570
4896.000000  0.107599
5021.000000  0.103374
5111.000000  0.081401
5192.000000  0.035893
5286.000000  0.035247
5379.000000  0.082370
5440.000000  0.061296
5546.000000  0.083401
5669.000000  0.076345
5749.000000  0.051608
5831.000000  0.059569
5882.000000  0.041501
5948.000000  0.035046
6044.000000  0.044241
6204.000000  0.121798
6370.000000  0.162045
6465.000000  0.161017
6526.000000  0.172477
6598.000000  0.118615
6619.000000  0.026803
6622.000000  0.003324
6680.000000  0.019528
6763.000000  0.037877
6844.000000  0.043611
6921.000000  0.037074
7000.000000  0.033825
7043.000000  0.045520
7090.000000  0.031380
7139.000000  0.015285
7187.000000  0.015147
7237.000000  0.015028
7308.000000  0.021937
7393.000000  0.033935
7461.000000  0.025537
7521.000000  0.021258
7583.000000  0.019059
7631.000000  0.015474
7689.000000  0.016275
7739.000000  0.014934
7794.000000  0.015762
7836.000000  0.014375
7975.000000  0.068497
8114.000000  0.085161
8228.000000  0.066084
8309.000000  0.055273
8427.000000  0.093668
8540.000000  0.110201
8734.000000  0.123622
8901.000000  0.114909
8934.000000  0.088241
9103.000000  0.132724
9274.000000  0.130815
9431.000000  0.103733
9602.000000  0.110368
9716.000000  0.100065
9833.000000  0.088465
9966.000000  0.113047
10092.000000  0.108258
10231.000000  0.114379
10411.000000  0.129743
10565.000000  0.141671
10603.000000  0.082313
10759.000000  0.106888
10890.000000  0.101207
11027.000000  0.080226
11174.000000  0.115500
11310.000000  0.120404
11449.000000  0.133964
11493.000000  0.100580
11656.000000  0.144963
11806.000000  0.111716
11975.000000  0.107846
12152.000000  0.118846
12287.000000  0.110983
12364.000000  0.066343
12467.000000  0.068842
12540.000000  0.053521
12645.000000  0.110038
12782.000000  0.111847
12880.000000  0.137679
12981.000000  0.123094
13102.000000  0.201843
13220.000000  0.207979
13347.000000  0.229286
13396.000000  0.192185
13485.000000  0.266121
13578.000000  0.286188
13663.000000  0.062140
13758.000000  0.054417
13841.000000  0.064736
13923.000000  0.058226
14005.000000  0.050303
14094.000000  0.072403
14213.000000  0.070696
14305.000000  0.072590
14467.000000  0.086442
14605.000000  0.099139
14752.000000  0.098399
14875.000000  0.096861
14981.000000  0.067849
15098.000000  0.065200
15239.000000  0.083896
15408.000000  0.110659
15564.000000  0.084181
15723.000000  0.098632
15887.000000  0.097721
16054.000000  0.107160
16192.000000  0.085697
16339.000000  0.084451
16440.000000  0.074803
16529.000000  0.051279
16621.000000  0.054700
16687.000000  0.061421
16818.000000  0.086887
16897.000000  0.072054
16980.000000  0.092982
17085.000000  0.067962
17171.000000  0.063178
17263.000000  0.049005
17358.000000  0.061649
17477.000000  0.063725
17559.000000  0.058463
17618.000000  0.076361
17646.000000  0.057938
17697.000000  0.071655
17856.000000  0.120074
17913.000000  0.098917
17953.000000  0.094790
18043.000000  0.092347
18130.000000  0.104232
18231.000000  0.109479
18315.000000  0.128448
18409.000000  0.105886
18495.000000  0.105186
18639.000000  0.187732
18778.000000  0.223032
18867.000000  0.199180
18902.000000  0.248702
18956.000000  0.241312
19033.000000  0.236199
19096.000000  0.202177
19229.000000  0.240726
19361.000000  0.280862
19474.000000  0.213181
19536.000000  0.176550
19610.000000  0.195726
19709.000000  0.212821
19788.000000  0.212374
19834.000000  0.104350
19895.000000  0.136276
20025.000000  0.166875
20131.000000  0.157171
20260.000000  0.186753
20435.000000  0.198210
20518.000000  0.131046
20572.000000  0.100987
20664.000000  0.167427
20771.000000  0.177625
20857.000000  0.205800
20885.000000  0.255002
20986.000000  0.393248
21041.000000  0.440381
21062.000000  0.513942
21076.000000  0.392331
21121.000000  0.016980
21150.000000  0.009381
21213.000000  0.047963
21283.000000  0.024447
21346.000000  0.018480
21382.000000  0.009908
21468.000000  0.017141
21587.000000  0.474952
21629.000000  0.598458
21646.000000  0.485954
21649.000000  0.440766
21654.000000  0.589876
21722.000000  0.024993
21810.000000  0.038865
21892.000000  0.038358
21985.000000  0.057182
22107.000000  0.056124
22179.000000  0.034862
22299.000000  0.047829
22457.000000  0.058595
22627.000000  0.082871
22778.000000  0.073410
22909.000000  0.076291
23035.000000  0.073286
23108.000000  0.058967
23138.000000  0.055692
23214.000000  0.093586
23343.000000  0.116692
23496.000000  0.094755
23658.000000  0.108861
23785.000000  0.093263
23951.000000  0.097087
24091.000000  0.096889
24131.000000  0.068758
24285.000000  0.088107
24390.000000  0.043524
24413.000000  0.019889
24498.000000  0.029157
24521.000000  0.019269
24610.000000  0.030458
24720.000000  0.035255
24827.000000  0.053536
24869.000000  0.044511
24965.000000  0.065783
25098.000000  0.071389
25138.000000  0.048657
25286.000000  0.067293
25451.000000  0.079645
25582.000000  0.082032
25713.000000  0.078241
25796.000000  0.040798
25903.000000  0.061964
26063.000000  0.087158
26203.000000  0.089022
26342.000000  0.078900
26378.000000  0.065555
26519.000000  0.087217
26579.000000  0.063636
26742.000000  0.076548
26860.000000  0.081728
26965.000000  0.071279
27039.000000  0.067074
27071.000000  0.057031
27098.000000  0.066427
27194.000000  0.037048
27304.000000  0.047923
27400.000000  0.059414
27484.000000  0.057568
27532.000000  0.047453
27587.000000  0.047167
27605.000000  0.022907
27678.000000  0.075448
27775.000000  0.063966
27823.000000  0.076754
27886.000000  0.059913
27982.000000  0.080636
28063.000000  0.102036
28132.000000  0.066276
28231.000000  0.118939
28290.000000  0.119017
28348.000000  0.152648
28382.000000  0.111022
28446.000000  0.046707
28472.000000  0.020152
28565.000000  0.022539
28708.000000  0.028004
28816.000000  0.046957
28933.000000  0.062085
29004.000000  0.057255
29096.000000  0.045402
29204.000000  0.057336
29329.000000  0.057047
29499.000000  0.071478
29639.000000  0.092583
29774.000000  0.078272
29820.000000  0.044217
29923.000000  0.049060
29975.000000  0.043531
30040.000000  0.043293
30098.000000  0.038152
30103.000000  0.006305
30107.000000  0.003717
30153.000000  0.031961
30269.000000  0.026459
30338.000000  0.035503
30434.000000  0.048931
30596.000000  0.069004
30643.000000  0.038298
30665.000000  0.017346
30698.000000  0.010082
30731.000000  0.010897
30761.000000  0.012692
30830.000000  0.022878
30982.000000  0.043141
31119.000000  0.049710
31233.000000  0.056058
31361.000000  0.063727
31449.000000  0.058729
31538.000000  0.061611
31635.000000  0.068483
31714.000000  0.058091
31740.000000  0.041596
31787.000000  0.056908
31836.000000  0.047693
31840.000000  0.003906
31944.000000  0.028379
32036.000000  0.028777
32107.000000  0.029606
32212.000000  0.047936
32289.000000  0.051201
32372.000000  0.057969
32460.000000  0.066238
32540.000000  0.058804
32628.000000  0.068604
32821.000000  0.099155
32916.000000  0.094824
33003.000000  0.073282
33113.000000  0.084259
33204.000000  0.069550
33302.000000  0.119771
33360.000000  0.104873
33438.000000  0.104816
33472.000000  0.099489
33560.000000  0.087940
33671.000000  0.092247
33755.000000  0.040648
33855.000000  0.045207
33932.000000  0.040308
34004.000000  0.034144
34009.000000  0.006543
34072.000000  0.032969
34150.000000  0.048736
34211.000000  0.141493
34295.000000  0.144191
34370.000000  0.087839
34464.000000  0.147456
34550.000000  0.167577
34632.000000  0.173537
34713.000000  0.093043
34812.000000  0.106790
34962.000000  0.089588
35115.000000  0.160551
35264.000000  0.140496
35397.000000  0.118081
35542.000000  0.105176
35659.000000  0.085014
35764.000000  0.082390
35841.000000  0.078090
35921.000000  0.091376
36003.000000  0.104538
36086.000000  0.062201
36171.000000  0.096472
36245.000000  0.112127
36322.000000  0.174550
36351.000000  0.181364
36378.000000  0.140377
36457.000000  0.319367
36458.000000  0.259928
36467.000000  0.043196
36524.000000  0.031103
36605.000000  0.038244
36677.000000  0.045794
36769.000000  0.055871
36867.000000  0.065628
36932.000000  0.046627
37024.000000  0.060731
37122.000000  0.062135
37221.000000  0.081868
37247.000000  0.061636
37389.000000  0.081935
37416.000000  0.053574
37463.000000  0.015984
37505.000000  0.014143
37542.000000  0.017089
37552.000000  0.014864
37660.000000  0.052348
37752.000000  0.050441
37836.000000  0.054598
37921.000000  0.074193
37979.000000  0.090658
37985.000000  0.045108
38052.000000  0.028438
38163.000000  0.044813
38262.000000  0.052015
38333.000000  0.061166
38407.000000  0.053379
38506.000000  0.064218
38561.000000  0.050573
38589.000000  0.062267
38656.000000  0.016444
38764.000000  0.048575
38849.000000  0.040661
38967.000000  0.066065
38971.000000  0.025727
39066.000000  0.059641
39155.000000  0.051709
39182.000000  0.030446
39196.000000  0.021488
39269.000000  0.030521
39334.000000  0.026824
39436.000000  0.044955
39517.000000  0.065793
39599.000000  0.050203
39667.000000  0.067479
39685.000000  0.022354
39733.000000  0.099160
39816.000000  0.041528
39907.000000  0.048243
39990.000000  0.047555
40089.000000  0.063530
40129.000000  0.030427
40133.000000  0.004140
40174.000000  0.028063
40271.000000  0.051664
40379.000000  0.047854
40477.000000  0.072674
40521.000000  0.031334
40619.000000  0.061110
40638.000000  0.041308
40644.000000  0.015169
40709.000000  0.065039
40723.000000  0.011106
40760.000000  0.044891
40811.000000  0.029113
40820.000000  0.005231
