995.000000  0.245746
1223.000000  0.180834
1466.000000  0.171029
1708.000000  0.197673
1969.000000  0.194568
2242.000000  0.233497
2623.000000  0.289404
3004.000000  0.299326
3008.000000  0.063544
3365.000000  0.321807
3629.000000  0.282395
3911.000000  0.277664
4186.000000  0.241750
4434.000000  0.291794
4671.000000  0.210671
4909.000000  0.254119
5099.000000  0.296681
5345.000000  0.266558
5501.000000  0.230949
5588.000000  0.187868
5656.000000  0.141480
5778.000000  0.181757
5955.000000  0.224397
6131.000000  0.271728
6343.000000  0.262580
6608.000000  0.273638
6855.000000  0.300511
7069.000000  0.271493
7317.000000  0.327706
7596.000000  0.367942
7848.000000  0.325347
8097.000000  0.347555
8351.000000  0.353487
8612.000000  0.339375
8860.000000  0.337393
9053.000000  0.332440
9281.000000  0.380114
9545.000000  0.386220
9804.000000  0.406800
10014.000000  0.427652
10217.000000  0.357738
10423.000000  0.310209
10511.000000  0.279156
10602.000000  0.253138
10714.000000  0.267286
10846.000000  0.256805
10943.000000  0.256032
11135.000000  0.349089
11347.000000  0.314005
11519.000000  0.327549
11626.000000  0.297163
11756.000000  0.358267
11930.000000  0.338949
12038.000000  0.297792
12133.000000  0.264235
12269.000000  0.285114
12450.000000  0.458129
12684.000000  0.457640
13024.000000  0.455692
13320.000000  0.521783
13692.000000  0.602441
14022.000000  0.582152
14311.000000  0.510493
14571.000000  0.521948
14889.000000  0.506012
15170.000000  0.494272
15356.000000  0.372329
15500.000000  0.355134
15663.000000  0.363694
15827.000000  0.356562
15957.000000  0.311080
16146.000000  0.308362
16416.000000  0.372400
16652.000000  0.389051
16886.000000  0.371177
17075.000000  0.340607
17187.000000  0.329334
17333.000000  0.287426
17368.000000  0.283045
17509.000000  0.314276
17671.000000  0.369118
17881.000000  0.411574
17939.000000  0.387271
18131.000000  0.427149
18354.000000  0.433849
18573.000000  0.438265
18660.000000  0.418628
18862.000000  0.434305
19057.000000  0.415576
19248.000000  0.379657
19549.000000  0.461933
19928.000000  0.520756
20293.000000  0.590689
20633.000000  0.575981
20925.000000  0.485153
21036.000000  0.424616
21069.000000  0.407152
21198.000000  0.398384
21404.000000  0.518672
21496.000000  0.449265
21737.000000  0.528930
21936.000000  0.477967
22161.000000  0.508466
22407.000000  0.547886
22664.000000  0.496521
22839.000000  0.464531
23028.000000  0.487517
23206.000000  0.486209
23390.000000  0.461774
23552.000000  0.472590
23781.000000  0.479183
24002.000000  0.476365
24206.000000  0.423032
24340.000000  0.388966
24552.000000  0.469526
24782.000000  0.554122
25069.000000  0.747237
25148.000000  0.477470
25274.000000  0.492064
25507.000000  0.596268
25677.000000  0.672405
25893.000000  0.862228
26015.000000  0.604682
26155.000000  0.591243
26321.000000  0.622903
26423.000000  0.517685
26555.000000  0.584133
26831.000000  0.639614
26924.000000  0.528538
27086.000000  0.525489
27189.000000  0.516043
27336.000000  0.606359
27432.000000  0.535515
27552.000000  0.336691
27675.000000  0.498521
27802.000000  0.671909
27955.000000  0.867578
28119.000000  0.418522
28313.000000  0.474172
28525.000000  0.496406
28768.000000  0.501478
29001.000000  0.748412
29288.000000  0.898193
29513.000000  0.827281
29673.000000  0.755174
29812.000000  0.662785
29967.000000  0.738414
30155.000000  0.799662
30260.000000  0.836585
30362.000000  0.469072
30502.000000  0.746534
30608.000000  0.784456
30754.000000  0.870344
30875.000000  0.501945
30989.000000  0.453122
31093.000000  0.392155
31196.000000  0.401875
31335.000000  0.405319
31506.000000  0.458273
31701.000000  0.423063
31934.000000  0.473739
32148.000000  0.533335
32319.000000  0.468577
32448.000000  0.645961
32515.000000  0.624629
32520.000000  0.369625
32598.000000  0.400451
32711.000000  0.393802
32819.000000  0.395569
32975.000000  0.741284
33213.000000  1.039806
33442.000000  1.082335
33611.000000  0.935278
33754.000000  0.960376
33987.000000  0.964421
34235.000000  1.139176
34383.000000  0.970176
34543.000000  0.804818
34691.000000  0.653686
34810.000000  0.549738
34929.000000  0.445158
35013.000000  0.449684
35089.000000  0.429864
35176.000000  0.439515
35265.000000  0.417157
35379.000000  0.442881
35439.000000  0.497151
35461.000000  0.504709
35553.000000  0.369153
35630.000000  0.372110
35687.000000  0.403109
35736.000000  0.489454
35825.000000  0.670366
35897.000000  0.603935
36039.000000  0.689262
36125.000000  0.679853
36190.000000  0.707346
36310.000000  0.396582
36322.000000  0.363949
36491.000000  0.451915
36669.000000  0.483052
36746.000000  0.427995
36850.000000  0.459715
36888.000000  0.415498
37035.000000  0.480970
37168.000000  0.465851
37327.000000  0.474927
37494.000000  0.476736
37725.000000  0.467151
37905.000000  0.490894
38036.000000  0.474835
38129.000000  0.438619
38268.000000  0.445627
38326.000000  0.489122
38411.000000  0.423579
38446.000000  0.428659
38494.000000  0.390430
38533.000000  0.409108
38576.000000  0.399716
38597.000000  0.405756
38610.000000  0.411928
38610.000000  0.372294
38694.000000  0.401547
38765.000000  0.409558
38811.000000  0.398923
38828.000000  0.375148
38900.000000  0.418112
38949.000000  0.405632
39007.000000  0.418237
39084.000000  0.418111
39187.000000  0.462755
39386.000000  0.496022
39432.000000  0.456924
39573.000000  0.462297
39683.000000  0.463736
39774.000000  0.474849
39854.000000  0.458380
39886.000000  0.419890
39932.000000  0.382815
40013.000000  0.408061
40082.000000  0.450139
40197.000000  0.452789
40219.000000  0.425439
40308.000000  0.416764
40392.000000  0.452601
40537.000000  0.499424
40704.000000  0.490879
40722.000000  0.448137
40727.000000  0.400007
40790.000000  0.428943
40821.000000  0.418638
