995.000000  63.366993
1245.000000  63.493626
1500.000000  59.452866
1779.000000  62.448227
2018.000000  61.043442
2286.000000  64.384056
2589.000000  59.791363
2941.000000  64.464325
3280.000000  63.683712
3592.000000  66.031654
3946.000000  63.888557
4300.000000  62.734276
4519.000000  47.083324
4752.000000  51.392418
5002.000000  49.848545
5278.000000  57.228626
5469.000000  51.277775
5659.000000  49.903610
5826.000000  40.509968
5990.000000  44.049419
6159.000000  44.957817
6315.000000  41.873749
6483.000000  41.466862
6659.000000  40.553707
6951.000000  41.252960
7249.000000  45.145962
7465.000000  46.347660
7719.000000  47.415005
7918.000000  40.768291
8149.000000  39.495617
8331.000000  38.523594
8498.000000  36.259441
8659.000000  41.797268
8888.000000  44.851910
9103.000000  42.891087
9336.000000  40.774033
9614.000000  43.458485
9886.000000  46.579422
10193.000000  47.417336
10564.000000  51.413406
10879.000000  46.180904
11098.000000  43.277737
11311.000000  35.629864
11465.000000  39.302193
11568.000000  32.848133
11689.000000  32.093708
11829.000000  34.574833
11987.000000  33.437824
12162.000000  37.129887
12330.000000  33.414188
12468.000000  26.476086
12639.000000  27.803686
12756.000000  27.787146
12880.000000  29.164001
13044.000000  41.124752
13202.000000  41.665611
13398.000000  50.527279
13634.000000  49.012775
13923.000000  50.322418
14253.000000  50.451153
14564.000000  48.607079
14863.000000  45.928658
15109.000000  41.027550
15287.000000  31.035666
15420.000000  19.246286
15540.000000  18.384680
15672.000000  20.465343
15813.000000  24.632654
15989.000000  29.738136
16221.000000  35.618473
16479.000000  35.540581
16707.000000  34.898567
16948.000000  41.187962
17200.000000  37.293934
17469.000000  38.327202
17611.000000  30.534060
17729.000000  23.976721
17825.000000  25.183777
17898.000000  24.755850
17959.000000  37.525841
18018.000000  22.781591
18109.000000  27.672550
18200.000000  19.242205
18291.000000  25.585737
18427.000000  32.489372
18569.000000  31.469255
18712.000000  33.223473
18820.000000  29.468855
18944.000000  32.869209
18997.000000  20.670168
19128.000000  26.528505
19317.000000  27.378389
19485.000000  29.342348
19722.000000  38.024334
19997.000000  42.956417
20305.000000  48.867397
20555.000000  45.608826
20872.000000  46.560677
21240.000000  47.900917
21556.000000  45.669655
21824.000000  47.729115
22086.000000  45.836800
22346.000000  37.703178
22558.000000  44.315968
22736.000000  47.183689
22945.000000  47.945576
23110.000000  44.986622
23221.000000  42.155586
23433.000000  47.056026
23558.000000  48.400032
23599.000000  7.703690
23704.000000  43.376583
23835.000000  47.790123
23974.000000  47.753696
24089.000000  52.435112
24291.000000  52.345421
24568.000000  54.812740
24776.000000  56.324905
25059.000000  58.206272
25343.000000  61.827339
25545.000000  60.382675
25717.000000  51.683308
25880.000000  53.848003
26028.000000  46.844299
26174.000000  21.065771
26270.000000  23.106657
26375.000000  19.654251
26477.000000  19.596184
26610.000000  53.378845
26859.000000  53.076107
27065.000000  61.523693
27213.000000  23.276367
27345.000000  22.507345
27539.000000  56.010193
27757.000000  56.497890
28010.000000  58.334976
28231.000000  55.131924
28430.000000  52.041435
28660.000000  55.830841
28922.000000  32.232483
29149.000000  32.473679
29368.000000  33.395947
29588.000000  27.425623
29782.000000  19.516060
29876.000000  20.088423
29950.000000  23.527744
30054.000000  28.012594
30212.000000  33.598259
30251.000000  25.009346
30382.000000  22.953333
30536.000000  17.639742
30759.000000  20.879538
30865.000000  12.908257
30913.000000  13.419427
31046.000000  16.138584
31202.000000  17.182587
31314.000000  17.165426
31405.000000  15.804501
31526.000000  17.841145
31659.000000  28.112307
31809.000000  25.814989
31934.000000  56.459366
31998.000000  52.186275
32222.000000  59.657143
32400.000000  61.173325
32516.000000  13.448003
32646.000000  21.982307
32767.000000  27.691666
32850.000000  26.388561
32950.000000  30.880064
33035.000000  30.481905
33260.000000  35.359089
33404.000000  30.597824
33603.000000  30.002964
33767.000000  27.765263
33973.000000  27.776623
34106.000000  23.476099
34241.000000  22.336111
34325.000000  22.413033
34484.000000  29.143211
34549.000000  18.334267
34685.000000  26.695833
34872.000000  30.936357
34982.000000  26.696032
35124.000000  27.900183
35201.000000  26.730236
35356.000000  29.802959
35445.000000  21.844088
35564.000000  7.854939
35745.000000  20.093899
35939.000000  22.032736
36144.000000  28.708046
36352.000000  45.570641
36533.000000  46.306366
36682.000000  45.769344
36800.000000  19.575060
36902.000000  16.933001
36988.000000  21.685656
37013.000000  4.336481
37083.000000  29.095999
37188.000000  41.890381
37190.000000  12.112768
37239.000000  11.134661
37360.000000  12.839119
37466.000000  14.808919
37585.000000  19.461102
37664.000000  18.336006
37673.000000  6.974244
37712.000000  8.883509
37718.000000  6.671415
37819.000000  7.641975
37886.000000  6.725539
37929.000000  5.371185
38125.000000  18.501101
38261.000000  14.629642
38302.000000  11.765987
38387.000000  13.938456
38505.000000  18.159880
38552.000000  15.461143
38625.000000  4.920020
38789.000000  18.097528
38948.000000  21.238459
39120.000000  22.188978
39233.000000  18.234657
39389.000000  16.770960
39501.000000  12.932496
39520.000000  0.968972
39544.000000  1.493999
39621.000000  10.824968
39690.000000  10.959387
39749.000000  5.708280
39791.000000  3.157931
39835.000000  4.238736
39880.000000  4.062971
39924.000000  5.750301
39970.000000  3.717014
40045.000000  5.545222
40124.000000  8.138178
40151.000000  2.067068
40219.000000  5.740724
40292.000000  5.758377
40344.000000  4.595562
40382.000000  2.443674
40404.000000  1.972910
40499.000000  5.783547
40584.000000  8.379053
40677.000000  10.847178
40784.000000  11.098607
40818.000000  9.152791
