995.000000  0.048640
1245.000000  0.000191
1500.000000  0.008136
1779.000000  -0.000707
2018.000000  0.012234
2286.000000  -0.005836
2589.000000  0.006695
2941.000000  0.006320
3280.000000  0.006640
3592.000000  -0.001500
3946.000000  0.012290
4300.000000  0.010727
4519.000000  -0.005620
4752.000000  -0.003800
5002.000000  0.000006
5278.000000  -0.004599
5469.000000  0.008904
5659.000000  -0.000556
5826.000000  0.004552
5990.000000  -0.005877
6159.000000  0.001397
6315.000000  0.010041
6483.000000  -0.004228
6659.000000  0.022836
6951.000000  -0.004424
7249.000000  -0.000566
7465.000000  0.004756
7719.000000  -0.002952
7918.000000  0.003621
8149.000000  0.023844
8331.000000  -0.026969
8498.000000  0.008913
8659.000000  -0.001784
8888.000000  -0.000510
9103.000000  0.007102
9336.000000  0.005535
9614.000000  -0.005801
9886.000000  0.006095
10193.000000  0.010588
10564.000000  0.008221
10879.000000  -0.015641
11098.000000  0.006138
11311.000000  -0.009556
11465.000000  0.007525
11568.000000  -0.019921
11689.000000  0.005016
11829.000000  0.010100
11987.000000  0.001005
12162.000000  -0.000195
12330.000000  -0.000026
12468.000000  0.008981
12639.000000  0.003282
12756.000000  -0.010006
12880.000000  -0.003005
13044.000000  -0.008138
13202.000000  0.004704
13398.000000  0.009751
13634.000000  -0.004834
13923.000000  0.014609
14253.000000  -0.000919
14564.000000  0.010438
14863.000000  0.016003
15109.000000  -0.028351
15287.000000  0.009443
15420.000000  -0.001824
15540.000000  -0.020856
15672.000000  0.013465
15813.000000  -0.001305
15989.000000  -0.001716
16221.000000  -0.001385
16479.000000  0.020538
16707.000000  -0.000416
16948.000000  0.003353
17200.000000  -0.005020
17469.000000  -0.008356
17611.000000  0.005303
17729.000000  -0.021573
17825.000000  0.004925
17898.000000  0.007334
17959.000000  -0.000476
18018.000000  -0.013792
18109.000000  -0.001090
18200.000000  0.025718
18291.000000  -0.014445
18427.000000  -0.008307
18569.000000  0.008545
18712.000000  -0.007120
18820.000000  -0.004923
18944.000000  0.001821
18997.000000  0.007702
19128.000000  0.015658
19317.000000  0.000620
19485.000000  -0.006036
19722.000000  -0.004660
19997.000000  0.023077
20305.000000  -0.004295
20555.000000  0.006813
20872.000000  -0.007809
21240.000000  0.009773
21556.000000  -0.017002
21824.000000  0.021153
22086.000000  -0.017365
22346.000000  0.011976
22558.000000  0.002962
22736.000000  -0.000607
22945.000000  -0.024626
23110.000000  0.001239
23221.000000  -0.002065
23433.000000  0.010674
23558.000000  -0.010554
23599.000000  0.029235
23704.000000  -0.031641
23835.000000  -0.006465
23974.000000  0.019987
24089.000000  -0.033499
24291.000000  0.009518
24568.000000  0.016516
24776.000000  -0.011276
25059.000000  0.000177
25343.000000  0.018053
25545.000000  -0.027585
25717.000000  -0.008427
25880.000000  0.011083
26028.000000  -0.009671
26174.000000  -0.016658
26270.000000  -0.001752
26375.000000  0.013369
26477.000000  0.009966
26610.000000  -0.024119
26859.000000  -0.002164
27065.000000  -0.006090
27213.000000  0.015299
27345.000000  -0.011270
27539.000000  0.003432
27757.000000  0.001586
28010.000000  -0.013362
28231.000000  0.003234
28430.000000  0.002779
28660.000000  0.022700
28922.000000  -0.008607
29149.000000  0.003535
29368.000000  -0.011122
29588.000000  0.021792
29782.000000  -0.013366
29876.000000  -0.000556
29950.000000  -0.021732
30054.000000  0.004469
30212.000000  0.011207
30251.000000  -0.017848
30382.000000  0.007324
30536.000000  0.002513
30759.000000  -0.012159
30865.000000  0.001233
30913.000000  0.023191
31046.000000  -0.018063
31202.000000  -0.001540
31314.000000  0.010852
31405.000000  0.007212
31526.000000  -0.011983
31659.000000  -0.002950
31809.000000  0.011291
31934.000000  0.000746
31998.000000  -0.005158
32222.000000  -0.008071
32400.000000  -0.002181
32516.000000  0.008297
32646.000000  -0.006480
32767.000000  -0.006268
32850.000000  -0.000147
32950.000000  0.012131
33035.000000  -0.003727
33260.000000  0.005659
33404.000000  -0.014921
33603.000000  -0.005014
33767.000000  0.011503
33973.000000  0.019893
34106.000000  -0.022841
34241.000000  -0.004786
34325.000000  0.016522
34484.000000  -0.011733
34549.000000  -0.001039
34685.000000  -0.013257
34872.000000  0.022696
34982.000000  -0.022170
35124.000000  0.005653
35201.000000  0.015421
35356.000000  -0.001443
35445.000000  -0.028395
35564.000000  0.001575
35745.000000  0.003043
35939.000000  -0.000677
36144.000000  0.010778
36352.000000  -0.012701
36533.000000  -0.004586
36682.000000  -0.007794
36800.000000  -0.009975
36902.000000  0.004082
36988.000000  -0.006618
37013.000000  0.005549
37083.000000  -0.014701
37188.000000  -0.005150
37190.000000  0.000333
37239.000000  -0.003957
37360.000000  0.007073
37466.000000  -0.007020
37585.000000  0.002574
37664.000000  -0.003984
37673.000000  -0.000934
37712.000000  -0.000678
37718.000000  -0.002066
37819.000000  -0.001859
37886.000000  -0.000392
37929.000000  0.006143
38125.000000  0.000104
38261.000000  0.001693
38302.000000  -0.007668
38387.000000  0.000188
38505.000000  0.001600
38552.000000  -0.002864
38625.000000  0.001784
38789.000000  0.002888
38948.000000  -0.000358
39120.000000  0.003510
39233.000000  -0.000772
39389.000000  0.004188
39501.000000  -0.009199
39520.000000  -0.002249
39544.000000  -0.007983
39621.000000  0.007485
39690.000000  0.004492
39749.000000  -0.012916
39791.000000  0.002101
39835.000000  0.000194
39880.000000  -0.003033
39924.000000  -0.004304
39970.000000  0.002701
40045.000000  0.003447
40124.000000  -0.006503
40151.000000  -0.000483
40219.000000  -0.000590
40292.000000  0.003347
40344.000000  -0.001813
40382.000000  -0.000589
40404.000000  -0.003746
40499.000000  0.011271
40584.000000  0.009698
40677.000000  -0.011261
40784.000000  -0.006397
40818.000000  -0.006797
