2285.000000  0.586348
2865.000000  0.498515
3318.000000  0.363635
3908.000000  0.518684
4627.000000  0.595509
5225.000000  0.569610
5986.000000  0.689520
6825.000000  0.793671
7761.000000  0.812288
8626.000000  0.888027
9562.000000  0.906591
10192.000000  0.844224
10766.000000  0.700437
11469.000000  0.860657
12154.000000  0.853395
12949.000000  0.971641
13634.000000  0.895367
14254.000000  0.870354
15037.000000  0.909193
15806.000000  0.920528
16499.000000  0.865083
17330.000000  0.905591
18238.000000  1.046269
19142.000000  1.051731
19853.000000  0.975421
20414.000000  0.919781
20771.000000  0.813710
21013.000000  0.762359
21301.000000  0.719463
21803.000000  0.771976
22256.000000  0.980983
22938.000000  0.975602
23499.000000  0.976707
23829.000000  0.874172
24241.000000  0.964310
24651.000000  0.901044
25025.000000  1.092554
25361.000000  1.011634
25528.000000  0.975874
25855.000000  0.980822
26427.000000  0.939891
26685.000000  0.740762
27163.000000  0.848206
27613.000000  0.858642
28055.000000  0.816025
28548.000000  0.910828
29065.000000  0.983036
29603.000000  1.201901
30057.000000  0.864785
30412.000000  0.869129
30829.000000  0.861678
31479.000000  0.963893
31850.000000  0.863935
32248.000000  0.847855
32830.000000  0.877434
33485.000000  0.963367
34255.000000  1.044978
35032.000000  1.056814
35680.000000  0.968153
36312.000000  1.005946
37013.000000  0.984385
37810.000000  1.057849
38619.000000  1.126998
39508.000000  1.203788
40342.000000  1.195952
41138.000000  1.311955
41769.000000  1.165208
42665.000000  1.334222
43555.000000  1.467090
44286.000000  1.395633
45011.000000  1.488544
45419.000000  1.430294
45587.000000  1.109515
45799.000000  1.170793
46370.000000  1.469581
47070.000000  1.428256
47740.000000  1.380039
48473.000000  1.639657
49222.000000  1.821495
49832.000000  1.721879
50394.000000  1.815691
50990.000000  1.504816
51356.000000  1.152439
51710.000000  1.174532
52223.000000  1.322414
52773.000000  1.707388
53400.000000  1.715354
53890.000000  1.578175
54220.000000  1.606891
54523.000000  1.824187
54840.000000  1.561141
55315.000000  1.571282
55981.000000  1.755071
56873.000000  1.730990
57591.000000  1.653621
58170.000000  1.586151
58711.000000  1.650618
59136.000000  1.724212
59409.000000  1.400196
59753.000000  1.235225
60111.000000  1.485095
60558.000000  1.349290
60939.000000  1.430628
61266.000000  1.552776
61485.000000  1.822927
61659.000000  1.786061
61768.000000  1.864422
62017.000000  1.479543
62260.000000  1.794649
62381.000000  2.199464
62384.000000  1.229562
62541.000000  1.793226
62920.000000  2.103744
63425.000000  2.119573
63846.000000  2.692664
64282.000000  1.047326
64997.000000  1.181144
65524.000000  1.251262
66099.000000  1.287962
66642.000000  1.837125
67172.000000  1.877689
67892.000000  2.436777
68224.000000  2.332092
68504.000000  1.304478
68931.000000  1.302655
69475.000000  1.479470
69812.000000  1.379763
69960.000000  1.684079
70159.000000  2.498931
70360.000000  1.348490
70569.000000  1.161354
70601.000000  0.975503
70798.000000  1.002233
70985.000000  1.083234
71111.000000  0.990364
71386.000000  1.070130
71664.000000  1.167038
71932.000000  1.036208
72193.000000  1.016480
72442.000000  1.121099
72620.000000  1.031086
72886.000000  1.048555
73128.000000  1.050510
73342.000000  1.115332
73703.000000  1.122511
73958.000000  1.097352
74114.000000  1.029625
74296.000000  1.003387
74556.000000  1.055290
74756.000000  0.990616
74918.000000  1.065657
75317.000000  1.163362
75552.000000  1.081764
75979.000000  1.279381
76453.000000  1.862679
77070.000000  1.565538
77776.000000  1.547435
78441.000000  1.434543
78990.000000  1.661414
79552.000000  1.364297
80072.000000  1.280754
80627.000000  1.412669
81021.000000  1.317306
81290.000000  1.215425
81595.000000  1.326808
81824.000000  1.209412
82082.000000  1.343568
82259.000000  1.312790
82532.000000  1.191592
82767.000000  1.234190
82966.000000  1.186591
83193.000000  1.113693
83413.000000  1.115670
83735.000000  1.199579
83740.000000  0.987320
83918.000000  1.256342
84511.000000  1.518192
84739.000000  1.358817
85102.000000  1.584078
85375.000000  1.603225
85616.000000  1.432921
85754.000000  1.519927
85840.000000  1.641464
85867.000000  0.993650
85927.000000  0.933239
85935.000000  1.011289
86017.000000  1.109215
86296.000000  1.044651
86664.000000  1.045884
86916.000000  1.015125
87331.000000  1.151953
87735.000000  1.156587
88315.000000  1.271442
88797.000000  1.305362
89424.000000  1.328046
89670.000000  1.063959
90026.000000  1.098551
90451.000000  1.126703
90868.000000  1.195811
91157.000000  1.134712
91305.000000  1.092882
91350.000000  1.012834
91454.000000  0.990847
91484.000000  0.972341
91487.000000  0.912033
