995.000000  0.263241
1259.000000  -0.041391
1492.000000  -0.019435
1733.000000  0.007205
2024.000000  0.064684
2284.000000  -0.008110
2636.000000  0.058180
3030.000000  0.064565
3340.000000  -0.019005
3592.000000  -0.066351
3849.000000  0.023051
4108.000000  -0.003862
4328.000000  -0.013923
4666.000000  0.083965
4976.000000  -0.011147
5180.000000  -0.074581
5387.000000  0.026539
5593.000000  0.026399
5715.000000  -0.056856
5811.000000  -0.070348
5910.000000  -0.003291
6140.000000  0.058405
6375.000000  0.011107
6605.000000  0.035233
6862.000000  0.033319
7190.000000  0.006820
7413.000000  -0.036434
7704.000000  0.015892
7917.000000  0.031248
8099.000000  -0.069892
8269.000000  0.040004
8506.000000  0.026867
8690.000000  -0.030327
8839.000000  0.010760
8972.000000  -0.051669
9120.000000  0.015994
9231.000000  -0.049750
9256.000000  -0.048914
9382.000000  0.048430
9508.000000  0.026821
9658.000000  0.023333
9844.000000  0.042882
10040.000000  -0.004446
10277.000000  0.045304
10467.000000  -0.034003
10748.000000  0.043386
10992.000000  0.033630
11166.000000  -0.027816
11350.000000  -0.028151
11497.000000  -0.025310
11711.000000  0.103145
11906.000000  -0.041782
12010.000000  -0.039106
12157.000000  -0.015115
12236.000000  -0.016974
12315.000000  -0.010284
12456.000000  0.022207
12658.000000  0.050469
12943.000000  0.063066
13261.000000  0.032436
13530.000000  -0.030580
13817.000000  -0.021750
14017.000000  -0.041997
14059.000000  -0.048576
14217.000000  0.032560
14378.000000  -0.000240
14641.000000  0.123715
14871.000000  -0.017958
15061.000000  0.051631
15239.000000  -0.013849
15411.000000  -0.027539
15585.000000  0.012066
15756.000000  -0.055012
15887.000000  -0.103112
16033.000000  -0.008095
16194.000000  -0.001702
16400.000000  0.036850
16587.000000  0.007932
16793.000000  0.004818
17001.000000  -0.001759
17173.000000  0.011140
17347.000000  0.016407
17503.000000  -0.045430
17641.000000  0.062866
17827.000000  0.027081
18011.000000  -0.034745
18167.000000  0.026686
18345.000000  -0.038493
18516.000000  0.016591
18701.000000  0.003169
18885.000000  0.020951
19049.000000  0.058741
19134.000000  -0.041117
19327.000000  0.094004
19574.000000  -0.010011
19804.000000  0.005340
20090.000000  -0.001613
20374.000000  0.040290
20673.000000  0.028732
20918.000000  -0.040596
21112.000000  0.004503
21277.000000  -0.059626
21413.000000  -0.038721
21580.000000  0.017099
21802.000000  0.067089
22064.000000  0.065456
22327.000000  -0.005556
22621.000000  0.059493
22887.000000  0.008738
23166.000000  0.004694
23410.000000  -0.089451
23596.000000  -0.016227
23772.000000  -0.045161
23903.000000  0.037456
24127.000000  0.000076
24409.000000  0.077005
24707.000000  0.060051
25002.000000  -0.029203
25230.000000  -0.029300
25399.000000  0.038153
25513.000000  -0.054781
25567.000000  -0.003924
25676.000000  0.054563
25735.000000  -0.038213
25850.000000  0.170309
25975.000000  0.043791
26078.000000  -0.325335
26164.000000  0.092486
26262.000000  -0.124174
26364.000000  -0.046688
26440.000000  0.043043
26600.000000  -0.005059
26704.000000  0.013636
26871.000000  0.040739
27068.000000  0.009674
27258.000000  0.036619
27390.000000  -0.123967
27519.000000  0.009028
27629.000000  0.108770
27713.000000  -0.058113
27764.000000  0.043149
27793.000000  -0.197429
27851.000000  0.169568
27985.000000  0.024532
28087.000000  -0.095904
28226.000000  0.200345
28358.000000  0.076688
28437.000000  -0.170812
28483.000000  -0.013340
28643.000000  0.100386
28693.000000  -0.076492
28778.000000  -0.029826
28876.000000  0.166319
28989.000000  0.021035
29035.000000  -0.174496
29133.000000  0.237035
29206.000000  -0.414540
29298.000000  -0.022761
29331.000000  0.020442
29397.000000  -0.004873
29439.000000  0.013278
29443.000000  -0.053259
29561.000000  0.344987
29686.000000  0.058940
29765.000000  -0.105480
29936.000000  0.077385
30132.000000  -0.026439
30327.000000  -0.018389
30504.000000  -0.002825
30639.000000  -0.010548
30768.000000  0.209979
30930.000000  -0.085779
31147.000000  0.004633
31261.000000  0.023741
31391.000000  -0.022890
31530.000000  -0.370978
31730.000000  0.424683
31888.000000  -0.406651
32054.000000  -0.017076
32217.000000  0.017354
32352.000000  0.341527
32493.000000  0.055049
32604.000000  0.047812
32656.000000  0.028101
32726.000000  -0.561415
32751.000000  -0.012415
32833.000000  0.008648
32934.000000  -0.000273
32989.000000  -0.021063
33094.000000  0.007074
33179.000000  0.012984
33300.000000  0.053488
33385.000000  -0.040796
33433.000000  -0.018243
33536.000000  0.028956
33571.000000  -0.024095
33656.000000  0.008786
33768.000000  0.015852
33870.000000  0.017399
33979.000000  0.009579
34075.000000  -0.006333
34158.000000  -0.014019
34237.000000  0.009439
34346.000000  0.031720
34512.000000  0.029160
34674.000000  0.008900
34824.000000  -0.020817
34968.000000  0.011623
35140.000000  0.011111
35197.000000  -0.018070
35374.000000  0.056562
35441.000000  -0.007017
35643.000000  0.057795
35806.000000  -0.095235
35859.000000  0.009103
36005.000000  0.020397
36195.000000  -0.008926
36319.000000  0.009845
36397.000000  -0.067330
36476.000000  -0.019528
36564.000000  0.035158
36716.000000  0.037269
36817.000000  -0.001702
36893.000000  -0.032220
36966.000000  -0.039009
36987.000000  -0.003112
37075.000000  0.020787
37253.000000  0.045490
37426.000000  0.014889
37619.000000  0.074223
37785.000000  0.000882
38006.000000  -0.029376
38206.000000  0.025456
38447.000000  0.007327
38660.000000  -0.005948
38898.000000  0.025095
39100.000000  -0.013959
39173.000000  -0.002059
39299.000000  -0.046526
39407.000000  -0.021676
39507.000000  0.075998
39541.000000  -0.139266
39592.000000  0.056672
39681.000000  0.168576
39816.000000  -0.057415
39855.000000  0.012728
39878.000000  -0.060680
39940.000000  0.106358
39989.000000  -0.035453
40048.000000  -0.002840
40174.000000  -0.056210
40249.000000  -0.053784
40345.000000  -0.106857
40448.000000  0.064774
40500.000000  -0.059214
40517.000000  -0.004026
40573.000000  -0.037974
40667.000000  0.012689
40713.000000  -0.036056
40717.000000  0.000619
40766.000000  -0.007587
40817.000000  -0.003466
40818.000000  0.018503
