269.000000  0.144187
348.000000  0.002386
381.000000  0.005440
431.000000  0.023153
492.000000  -0.012255
529.000000  0.008252
568.000000  0.001153
641.000000  0.014696
706.000000  0.000394
766.000000  0.020413
809.000000  0.002301
849.000000  0.004536
895.000000  0.002432
934.000000  -0.008733
938.000000  -0.000010
973.000000  0.072759
1022.000000  -0.059622
1055.000000  0.002431
1091.000000  -0.006194
1132.000000  0.024462
1187.000000  0.016577
1210.000000  -0.018181
1263.000000  0.016689
1271.000000  -0.005578
1320.000000  0.008660
1357.000000  -0.008937
1409.000000  -0.002720
1467.000000  0.008046
1516.000000  0.022501
1570.000000  -0.018744
1600.000000  0.033609
1625.000000  -0.026711
1664.000000  0.015755
1703.000000  0.022439
1751.000000  -0.020846
1791.000000  0.020289
1833.000000  0.017271
1874.000000  -0.026261
1904.000000  0.020061
1946.000000  -0.007693
1980.000000  0.015713
2009.000000  -0.006228
2036.000000  0.009400
2057.000000  0.003959
2071.000000  -0.010348
2090.000000  0.013506
2110.000000  -0.018151
2146.000000  0.021126
2201.000000  0.009493
2233.000000  -0.000518
2260.000000  0.004044
2296.000000  -0.005285
2326.000000  0.001989
2362.000000  -0.004915
2392.000000  0.023584
2416.000000  0.043045
2446.000000  -0.035301
2470.000000  0.006487
2506.000000  -0.022176
2541.000000  0.026882
2572.000000  -0.012689
2609.000000  0.014882
2634.000000  0.000303
2659.000000  0.025399
2672.000000  -0.030381
2691.000000  -0.000448
2726.000000  0.022760
2763.000000  0.004977
2809.000000  -0.015109
2851.000000  0.024021
2886.000000  0.001789
2908.000000  0.050398
2934.000000  -0.045991
2960.000000  0.007901
2995.000000  -0.022984
3037.000000  0.018766
3074.000000  0.005377
3110.000000  -0.012592
3134.000000  0.018993
3175.000000  0.002452
3229.000000  0.007775
3270.000000  -0.000601
3304.000000  0.036008
3339.000000  0.007303
3374.000000  -0.021687
3432.000000  0.000556
3498.000000  0.027451
3543.000000  -0.017239
3621.000000  0.001300
3673.000000  0.019891
3713.000000  0.020337
3764.000000  -0.021792
3820.000000  0.020865
3863.000000  -0.005828
3917.000000  0.018494
3972.000000  0.010687
4014.000000  0.002021
4041.000000  -0.034496
4073.000000  0.010088
4106.000000  0.016407
4161.000000  -0.000649
4187.000000  0.012188
4225.000000  0.027646
4264.000000  -0.016693
4299.000000  0.011304
4344.000000  -0.005646
4387.000000  0.011780
4412.000000  0.005047
4457.000000  -0.023033
4508.000000  0.017829
4539.000000  0.002756
4568.000000  0.035746
4612.000000  -0.035579
4653.000000  0.030534
4695.000000  0.008432
4729.000000  -0.011218
4760.000000  -0.017209
4796.000000  0.032144
4830.000000  0.051545
4866.000000  0.006992
4912.000000  -0.066669
4978.000000  0.021505
5024.000000  0.024635
5047.000000  -0.004627
5069.000000  -0.011171
5096.000000  -0.002431
5131.000000  0.019743
5137.000000  0.006917
5156.000000  -0.006897
5179.000000  0.019739
5203.000000  0.025964
5233.000000  -0.051296
5274.000000  0.000219
5307.000000  0.041014
5353.000000  -0.033776
5395.000000  0.031147
5426.000000  -0.005458
5454.000000  -0.007235
5494.000000  0.013355
5543.000000  0.010084
5571.000000  -0.032530
5612.000000  0.060366
5654.000000  -0.049571
5690.000000  0.024246
5731.000000  0.031416
5783.000000  -0.039487
5827.000000  0.017874
5871.000000  0.032338
5947.000000  0.002605
5967.000000  0.007670
6006.000000  0.031554
6031.000000  -0.060040
6080.000000  0.008055
6153.000000  0.008920
6189.000000  0.007804
6238.000000  0.005130
6278.000000  0.016214
6355.000000  0.001244
6400.000000  0.018225
6419.000000  -0.017040
6450.000000  0.024198
6484.000000  0.040499
6526.000000  -0.044291
6568.000000  0.003202
6600.000000  0.006030
6625.000000  0.025876
6645.000000  -0.013561
6670.000000  -0.000902
6694.000000  -0.001678
6718.000000  0.000281
6772.000000  -0.009236
6809.000000  0.019991
6845.000000  0.002970
6879.000000  -0.001987
6918.000000  -0.012024
6950.000000  0.017763
6983.000000  0.005607
7025.000000  -0.005241
7087.000000  0.004386
7113.000000  -0.004423
7121.000000  0.047062
7132.000000  -0.006306
7147.000000  -0.029192
7186.000000  0.007674
7221.000000  0.047181
7278.000000  -0.035193
7328.000000  0.022653
7360.000000  -0.004950
7409.000000  0.020884
7441.000000  -0.013696
7466.000000  0.014598
7503.000000  -0.014957
7549.000000  -0.003507
7595.000000  0.043971
7646.000000  0.011900
7693.000000  -0.030312
7754.000000  -0.007332
7800.000000  0.025276
7856.000000  0.041290
7911.000000  -0.040426
7946.000000  0.002335
7988.000000  0.016455
8030.000000  0.009868
8062.000000  0.005502
8118.000000  -0.010913
8178.000000  0.025793
8240.000000  -0.008500
8305.000000  0.006377
8345.000000  0.035712
8379.000000  -0.004481
8411.000000  -0.018530
8439.000000  0.032349
8470.000000  -0.051103
8513.000000  0.050505
8543.000000  0.014320
8572.000000  -0.026392
8604.000000  0.007492
8629.000000  0.014256
8651.000000  0.016545
8678.000000  -0.028030
8699.000000  -0.009258
8718.000000  0.018394
8739.000000  -0.014217
8760.000000  0.001953
8797.000000  0.008117
8832.000000  0.005951
8892.000000  0.018215
8951.000000  0.009959
8987.000000  0.004987
9012.000000  -0.021987
9039.000000  0.031348
9063.000000  0.010289
9100.000000  0.000897
9141.000000  -0.008937
9187.000000  -0.022579
9236.000000  0.055699
9274.000000  0.029940
9306.000000  -0.062432
9348.000000  0.003356
9373.000000  0.014567
9400.000000  0.043416
9446.000000  -0.025708
9474.000000  0.059710
9497.000000  -0.072350
9514.000000  -0.002814
9548.000000  0.025205
9549.000000  -0.001395
9587.000000  0.009712
9607.000000  -0.035159
9653.000000  0.016965
9683.000000  0.005737
9707.000000  0.009216
9713.000000  0.045182
9730.000000  -0.067127
9756.000000  0.035676
9776.000000  0.025612
9789.000000  -0.040015
9810.000000  0.020704
9843.000000  -0.014590
9855.000000  -0.002811
9885.000000  0.035505
9909.000000  0.005217
9936.000000  -0.037699
9966.000000  0.052728
10023.000000  -0.017908
10063.000000  -0.018695
10076.000000  -0.000141
10087.000000  0.007523
10117.000000  -0.000900
10142.000000  0.042769
10172.000000  -0.056272
10200.000000  0.031163
10277.000000  0.017901
10303.000000  -0.027603
10306.000000  0.012276
10315.000000  0.002057
10335.000000  -0.006598
10347.000000  0.027421
10363.000000  -0.021786
10369.000000  0.003775
10378.000000  0.000195
