216.000000  26.670418
315.000000  29.576189
449.000000  35.922722
523.000000  20.142654
592.000000  19.153801
650.000000  21.046551
711.000000  18.723911
787.000000  20.264515
867.000000  18.795275
929.000000  21.419420
1007.000000  18.696453
1106.000000  23.669476
1196.000000  27.172031
1273.000000  15.599580
1336.000000  14.418287
1392.000000  15.907817
1447.000000  9.149356
1510.000000  10.510436
1553.000000  9.161248
1597.000000  9.943421
1652.000000  10.092359
1705.000000  10.022367
1757.000000  10.731543
1825.000000  13.922898
1898.000000  15.117712
2001.000000  19.349131
2079.000000  13.274415
2169.000000  15.860719
2238.000000  20.249630
2300.000000  20.998333
2355.000000  14.932725
2452.000000  21.010860
2553.000000  25.378635
2644.000000  26.190313
2738.000000  20.866659
2821.000000  23.388956
2892.000000  24.276756
2961.000000  14.302609
3042.000000  16.035301
3138.000000  17.107021
3153.000000  6.491587
3211.000000  10.261870
3297.000000  16.670435
3384.000000  27.059847
3486.000000  20.469156
3572.000000  22.688059
3597.000000  14.839661
3601.000000  1.150271
3649.000000  12.253994
3696.000000  11.089397
3746.000000  11.410141
3782.000000  8.170455
3845.000000  9.013315
3928.000000  12.833839
4007.000000  12.381031
4067.000000  8.885308
4120.000000  9.572228
4169.000000  7.976479
4238.000000  8.577374
4289.000000  7.135342
4354.000000  8.908257
4402.000000  7.282467
4506.000000  12.961253
4604.000000  17.418818
4703.000000  22.549511
4799.000000  23.159203
4906.000000  26.716026
4991.000000  22.248278
5052.000000  13.361404
5135.000000  22.101637
5214.000000  23.221277
5298.000000  21.843321
5384.000000  20.502531
5465.000000  22.246288
5540.000000  20.241823
5630.000000  20.653574
5704.000000  17.845860
5749.000000  8.551158
5851.000000  21.948675
5925.000000  20.856033
6011.000000  30.801319
6092.000000  26.120478
6179.000000  20.767269
6265.000000  18.851194
6350.000000  17.104187
6427.000000  19.880909
6503.000000  20.933298
6576.000000  24.733349
6653.000000  29.200653
6738.000000  25.296888
6821.000000  23.026327
6900.000000  18.566685
6981.000000  21.695137
7089.000000  23.130569
7159.000000  22.557825
7226.000000  27.700359
7274.000000  35.136532
7321.000000  41.947792
7362.000000  51.170010
7363.000000  53.084503
7424.000000  8.855101
7584.000000  16.946190
7643.000000  10.851970
7681.000000  6.735264
7730.000000  3.989802
7800.000000  8.871114
7885.000000  11.878492
7975.000000  14.824428
8042.000000  14.313725
8128.000000  17.136536
8134.000000  5.618031
8197.000000  8.055038
8244.000000  6.357721
8318.000000  6.178051
8386.000000  9.544145
8472.000000  10.620046
8539.000000  10.134301
8629.000000  13.308093
8737.000000  16.766394
8818.000000  15.456520
8863.000000  10.940351
8944.000000  11.023002
8945.000000  0.776898
9039.000000  11.594753
9125.000000  12.663202
9171.000000  9.796239
9295.000000  10.698273
9382.000000  14.504960
9437.000000  7.184507
9501.000000  7.351328
9570.000000  7.666322
9635.000000  9.022756
9738.000000  11.664147
9809.000000  11.466590
9884.000000  9.565504
9960.000000  10.581300
10034.000000  8.389570
10110.000000  9.050659
10182.000000  8.766139
10245.000000  9.824726
10320.000000  8.858814
10406.000000  8.970636
10467.000000  6.881595
10529.000000  7.975234
10603.000000  9.285136
10679.000000  8.818344
10703.000000  5.777431
10766.000000  6.582819
10827.000000  7.591225
10893.000000  7.356069
10963.000000  8.867460
11029.000000  9.644012
11137.000000  12.682398
11233.000000  15.527485
11276.000000  6.684136
11315.000000  3.984561
11356.000000  4.346200
11419.000000  6.266211
11481.000000  6.932437
11602.000000  11.523232
11713.000000  11.773567
11795.000000  12.321529
11880.000000  15.047923
11960.000000  15.630854
12027.000000  15.615396
12103.000000  19.365721
12187.000000  17.746479
12274.000000  18.428183
12352.000000  16.568249
12430.000000  16.757229
12521.000000  19.648823
12563.000000  15.522671
12602.000000  15.636224
12608.000000  15.108212
12612.000000  0.777486
12652.000000  5.171156
12740.000000  12.122286
12862.000000  14.753786
12972.000000  16.869390
13042.000000  15.664713
13053.000000  10.091722
13093.000000  13.595289
13122.000000  7.258941
13236.000000  13.024757
13325.000000  15.072371
13420.000000  19.486477
13504.000000  15.771482
13590.000000  15.474720
13679.000000  15.976583
13728.000000  15.186672
13807.000000  15.382390
13883.000000  16.828970
13964.000000  19.058514
14043.000000  12.303268
14135.000000  20.133703
14205.000000  22.814634
14276.000000  25.185436
14349.000000  23.165455
14427.000000  17.280787
14499.000000  30.411970
14567.000000  11.160245
14627.000000  17.258348
14668.000000  10.873162
14749.000000  20.337095
14800.000000  33.894268
14839.000000  25.785967
14857.000000  10.328559
14878.000000  2.861538
14923.000000  4.208228
15031.000000  10.806899
15127.000000  12.685574
15217.000000  14.403214
15312.000000  15.770358
15390.000000  13.199091
15465.000000  14.710154
15539.000000  16.135113
15628.000000  18.574961
15706.000000  14.844505
15785.000000  14.115407
15874.000000  19.129251
15958.000000  15.309519
16037.000000  15.918591
16115.000000  14.188492
16204.000000  17.412380
16286.000000  14.269975
16367.000000  17.906124
16443.000000  14.526320
16554.000000  17.249186
16638.000000  17.758913
16715.000000  14.226012
16804.000000  17.303562
16896.000000  14.200600
16947.000000  13.308766
17038.000000  12.509659
17115.000000  15.751621
17194.000000  15.537277
17279.000000  15.290040
17365.000000  16.248507
17435.000000  13.136275
17519.000000  14.507139
17582.000000  11.315223
17671.000000  14.795174
17755.000000  13.577412
17840.000000  13.875140
17925.000000  14.845063
18001.000000  13.096972
18080.000000  13.395005
18170.000000  14.845790
18225.000000  9.719077
18293.000000  11.876349
18360.000000  13.472040
18444.000000  17.672234
18531.000000  20.284849
18608.000000  11.044277
18687.000000  12.065827
18767.000000  14.484268
18856.000000  12.200260
18932.000000  11.602584
19012.000000  15.707027
19096.000000  13.019000
19182.000000  12.737100
19257.000000  11.921087
19338.000000  12.236006
19437.000000  13.165495
19529.000000  13.805692
19603.000000  11.315053
19685.000000  13.470973
19749.000000  11.108849
19832.000000  10.470882
19906.000000  16.747156
19989.000000  15.698504
20074.000000  17.782335
20157.000000  13.121769
20236.000000  10.810114
20381.000000  14.516136
20486.000000  16.330000
20612.000000  18.098131
20667.000000  18.440542
20746.000000  22.869196
20807.000000  22.386160
20860.000000  20.133446
20910.000000  21.898075
20989.000000  21.398167
21095.000000  28.239227
21209.000000  16.732487
21311.000000  18.926582
21419.000000  14.576154
21533.000000  15.328494
21636.000000  14.554874
21734.000000  16.900751
21837.000000  25.127501
21900.000000  30.884148
21924.000000  29.626062
21992.000000  35.256252
22034.000000  42.675308
22038.000000  44.815861
22074.000000  33.022449
22137.000000  42.501404
22190.000000  32.400738
22259.000000  38.153152
22343.000000  40.394005
22449.000000  39.637737
22535.000000  28.376215
22565.000000  40.316811
22647.000000  27.438742
22787.000000  50.732918
22834.000000  45.898991
22923.000000  48.218361
23019.000000  37.737297
23066.000000  48.819302
23112.000000  41.355003
23121.000000  36.615379
23141.000000  38.736866
23170.000000  62.917782
23244.000000  13.800568
23318.000000  10.771531
23379.000000  6.436323
23445.000000  5.800543
23502.000000  7.888689
23509.000000  4.859731
23564.000000  3.762495
23702.000000  9.790293
23839.000000  12.646336
23904.000000  9.393294
23988.000000  11.523383
24081.000000  11.193947
24164.000000  11.547650
24263.000000  10.566230
24343.000000  10.155412
24444.000000  10.831616
24505.000000  12.720592
24509.000000  2.981266
24579.000000  5.791619
24635.000000  4.788049
24676.000000  3.093343
24756.000000  5.267206
24821.000000  5.340137
24894.000000  4.796711
24965.000000  6.717796
25053.000000  7.742326
25129.000000  7.221051
25231.000000  8.514894
25302.000000  7.931761
25360.000000  5.804716
25465.000000  6.913697
25469.000000  1.624244
25496.000000  4.489707
25531.000000  1.327363
25601.000000  4.953115
25672.000000  4.816039
25714.000000  4.846028
25791.000000  4.279410
25886.000000  5.893043
25956.000000  6.159859
25971.000000  1.604571
26013.000000  3.641142
26039.000000  2.401272
26125.000000  6.112160
26214.000000  6.661606
26289.000000  7.535596
26375.000000  9.407103
26484.000000  12.809629
26569.000000  14.139395
26674.000000  12.613106
26758.000000  12.661057
26844.000000  14.276385
27008.000000  17.700817
27081.000000  16.175623
27162.000000  17.873461
27274.000000  20.619053
27369.000000  15.986405
27480.000000  15.688724
27562.000000  13.125965
27636.000000  14.015696
27725.000000  15.152208
27827.000000  12.959727
27906.000000  9.553793
28003.000000  13.191136
28095.000000  14.021881
28174.000000  11.223817
28271.000000  36.426590
28346.000000  12.649177
28443.000000  17.864632
28519.000000  13.145354
28606.000000  14.800866
28708.000000  12.388594
28795.000000  15.555766
28877.000000  17.614202
28982.000000  16.260185
29073.000000  18.592926
29161.000000  12.038670
29275.000000  21.956230
29303.000000  29.221615
29344.000000  24.490118
29371.000000  18.367558
29414.000000  31.580349
29465.000000  33.739975
29471.000000  35.003670
29533.000000  28.820721
29587.000000  21.727066
29625.000000  14.977063
29651.000000  5.736385
29742.000000  9.444387
29818.000000  6.410048
29860.000000  3.129637
29885.000000  1.566153
29924.000000  2.350604
29955.000000  1.833098
29958.000000  12.387190
30070.000000  9.673429
30143.000000  10.747683
30209.000000  11.276492
30314.000000  13.926807
30378.000000  15.362850
30379.000000  1.217805
30386.000000  0.786040
30466.000000  6.964008
30514.000000  3.866257
30567.000000  4.315937
30602.000000  3.632128
30645.000000  3.028404
30646.000000  0.694047
30717.000000  4.943501
30809.000000  6.773593
30887.000000  8.956346
30985.000000  11.297067
31077.000000  11.415313
31169.000000  12.371954
31208.000000  8.070910
31233.000000  7.314610
31250.000000  4.348274
31338.000000  4.736021
31405.000000  6.529613
31491.000000  9.525724
31590.000000  11.316376
31622.000000  6.204341
31697.000000  9.713979
31791.000000  11.846814
31840.000000  10.818359
31921.000000  5.256446
32012.000000  7.738385
32105.000000  9.003663
32210.000000  13.084790
32313.000000  8.839513
32397.000000  11.102735
32489.000000  12.386531
32549.000000  15.122013
32618.000000  13.087006
32667.000000  11.848763
32717.000000  2.857123
32836.000000  6.648493
32908.000000  8.091281
33013.000000  12.749391
33110.000000  13.479419
33143.000000  7.010429
33180.000000  9.596049
33195.000000  8.713319
33197.000000  1.247967
33245.000000  2.792676
33349.000000  5.886869
33442.000000  8.198606
33555.000000  10.851839
33644.000000  9.800146
33737.000000  10.997301
33742.000000  0.790543
33747.000000  0.839641
33803.000000  5.109611
33908.000000  6.784303
34018.000000  9.297468
34110.000000  11.672165
34185.000000  9.593773
34263.000000  10.469525
34317.000000  9.637895
34377.000000  10.772620
34449.000000  13.145094
34475.000000  11.586106
34521.000000  10.933368
34544.000000  8.186943
34631.000000  9.455214
34718.000000  10.637448
34819.000000  11.930777
34896.000000  11.934156
34997.000000  13.366203
35090.000000  12.471071
35196.000000  17.103209
35277.000000  14.544527
35354.000000  11.871425
35447.000000  9.429858
35541.000000  5.715177
35620.000000  6.332068
35700.000000  8.441227
35774.000000  7.686545
35845.000000  6.848536
35921.000000  6.523131
35932.000000  2.248169
35934.000000  1.064781
36026.000000  6.543068
36126.000000  9.690361
36243.000000  12.534925
36321.000000  12.338790
36422.000000  13.457420
36515.000000  11.871341
36536.000000  4.125739
36606.000000  11.107870
36682.000000  15.211945
36766.000000  17.287718
36851.000000  15.122275
36964.000000  12.545763
37059.000000  12.782887
37137.000000  12.197544
37216.000000  14.706174
37232.000000  9.431467
37290.000000  15.681417
37345.000000  12.601339
37392.000000  10.505872
37469.000000  12.238819
37575.000000  13.334067
37669.000000  14.500845
37744.000000  23.812325
37809.000000  22.644777
37862.000000  24.584515
37925.000000  18.740088
37946.000000  5.031614
37999.000000  12.690854
38006.000000  12.222652
38027.000000  10.247610
38126.000000  9.253463
38213.000000  9.133533
38279.000000  8.536610
38366.000000  10.871695
38453.000000  8.002225
38481.000000  5.136720
38488.000000  2.598581
38520.000000  2.650504
38531.000000  2.133687
38620.000000  7.079422
38705.000000  7.168881
38780.000000  14.204875
38847.000000  9.272305
38907.000000  6.992309
38912.000000  0.979960
38914.000000  2.320214
38920.000000  1.064269
38926.000000  0.949872
39010.000000  7.951400
39014.000000  1.918374
39036.000000  1.723198
39068.000000  2.931446
39112.000000  5.842837
39136.000000  2.486471
39222.000000  6.513152
39302.000000  6.639431
39344.000000  4.089447
39360.000000  1.643416
39462.000000  17.434414
39559.000000  11.227723
39662.000000  12.019997
39749.000000  11.540043
39831.000000  12.207873
39867.000000  12.657395
39873.000000  12.144584
39923.000000  4.659801
40005.000000  9.659893
40090.000000  9.478889
40209.000000  11.466303
40290.000000  11.366145
40298.000000  3.879811
40306.000000  2.833087
40326.000000  10.471382
40391.000000  8.742023
40494.000000  8.360633
40578.000000  9.997575
40679.000000  12.472131
40766.000000  17.708672
40809.000000  11.087208
40819.000000  9.645746
40821.000000  1.361665
