4067.000000  70.812027
4773.000000  73.736282
5551.000000  55.570976
6267.000000  65.720901
7217.000000  69.603767
8377.000000  73.556580
9723.000000  75.646904
10726.000000  72.136925
11828.000000  73.039848
12926.000000  76.201263
14015.000000  70.795441
15128.000000  75.198067
16187.000000  74.067810
17157.000000  71.564232
18012.000000  66.942253
18900.000000  59.618099
19737.000000  64.706680
20423.000000  59.928661
21202.000000  63.577568
21947.000000  67.391960
22977.000000  67.052826
23845.000000  67.142090
24583.000000  57.246048
25535.000000  57.153816
25785.000000  50.183315
26339.000000  48.340427
27347.000000  53.872948
28302.000000  61.965084
28834.000000  55.386036
29809.000000  63.017239
30827.000000  59.710251
32069.000000  60.473557
33560.000000  65.804810
34808.000000  66.943481
35572.000000  53.512840
36162.000000  55.590408
36612.000000  52.126259
37087.000000  46.618526
37550.000000  46.050518
38381.000000  52.779152
39028.000000  56.748695
39523.000000  52.838715
40082.000000  48.036644
40513.000000  47.112865
41142.000000  52.892590
41899.000000  40.815487
42834.000000  43.016605
43894.000000  29.302851
45237.000000  44.122131
46371.000000  12.365326
49340.000000  37.313354
50584.000000  27.352348
51553.000000  24.540993
52727.000000  27.268978
54048.000000  29.319977
55282.000000  45.070873
56107.000000  41.222878
56819.000000  37.711830
57630.000000  42.510635
58741.000000  42.461533
60186.000000  34.878296
60949.000000  30.772129
61868.000000  27.800564
63017.000000  34.586857
63910.000000  45.783661
64991.000000  44.688641
65813.000000  40.649502
66929.000000  41.061886
67966.000000  31.087994
68749.000000  20.235344
69733.000000  26.337233
70699.000000  26.384750
71522.000000  22.688705
72752.000000  25.002542
74561.000000  32.457905
76136.000000  39.792477
77848.000000  37.586315
79466.000000  30.018368
80736.000000  31.083616
82146.000000  30.641743
83108.000000  29.599609
83576.000000  24.116104
84383.000000  30.148045
85396.000000  31.596228
86423.000000  28.561480
87207.000000  22.514879
88038.000000  27.213276
89000.000000  35.834499
90581.000000  40.541927
91787.000000  38.095730
93196.000000  38.074207
94163.000000  27.925440
94641.000000  15.904551
95045.000000  9.332497
95336.000000  5.512194
95788.000000  12.718498
96610.000000  20.176035
97349.000000  22.046652
98599.000000  23.577372
99732.000000  26.022047
100469.000000  19.508448
101288.000000  15.394598
102012.000000  12.855378
102724.000000  17.532942
103460.000000  16.295771
104314.000000  16.933069
105417.000000  21.018385
106341.000000  20.738338
107205.000000  23.177950
107792.000000  25.749163
108305.000000  16.648026
109091.000000  18.736557
109876.000000  24.241280
110801.000000  32.552917
111502.000000  25.012100
112121.000000  19.233242
112966.000000  24.687866
114682.000000  36.758881
116248.000000  39.700836
117625.000000  39.542946
118972.000000  32.193977
119984.000000  27.195570
120490.000000  25.407621
120936.000000  14.265381
121165.000000  10.888282
121467.000000  29.367628
121908.000000  33.854942
122244.000000  32.762959
122659.000000  37.185024
122880.000000  38.494823
123270.000000  42.725937
123671.000000  21.150354
123806.000000  18.214067
124119.000000  18.701767
124372.000000  20.244194
124930.000000  17.664074
125968.000000  26.320299
126548.000000  15.546940
127140.000000  15.536274
127803.000000  20.277082
128511.000000  36.950401
129465.000000  43.639954
130170.000000  29.529634
131011.000000  30.910826
131584.000000  30.510580
132363.000000  29.610315
133066.000000  30.251661
134133.000000  31.590288
135462.000000  37.737873
136544.000000  39.978130
137373.000000  23.503557
138039.000000  20.714472
138504.000000  41.740540
138940.000000  36.198505
139197.000000  43.799858
139936.000000  52.515972
140316.000000  63.264156
140691.000000  24.324646
140948.000000  4.341763
141593.000000  52.557297
141958.000000  50.963329
142635.000000  50.568993
143954.000000  52.726276
144945.000000  52.556015
146112.000000  48.036800
146818.000000  37.397671
148075.000000  26.100212
148578.000000  19.003462
149221.000000  27.752213
149627.000000  43.744762
150110.000000  38.195721
150371.000000  11.137114
150756.000000  10.434175
150954.000000  7.886778
151222.000000  47.476379
151590.000000  46.999508
151999.000000  44.532726
152346.000000  46.358555
152574.000000  46.134388
152752.000000  43.373726
153694.000000  46.453766
154522.000000  62.094437
156080.000000  24.225195
156639.000000  16.623163
157296.000000  22.969440
157725.000000  39.111744
158540.000000  39.030041
159111.000000  35.989395
159701.000000  55.268269
160031.000000  55.261135
160476.000000  33.186104
160556.000000  28.460577
