2285.000000  5.631908
2882.000000  7.858924
3331.000000  10.741770
3721.000000  8.876000
4590.000000  6.080492
5313.000000  5.643281
6193.000000  4.383163
6970.000000  4.570429
7782.000000  4.351576
8792.000000  4.452022
9653.000000  4.733639
10480.000000  5.338582
11122.000000  5.154432
11759.000000  5.465645
12313.000000  5.263724
12768.000000  5.098856
13082.000000  5.804371
13345.000000  6.466816
13701.000000  7.767901
14133.000000  4.936986
14533.000000  7.984582
14975.000000  5.205475
15232.000000  8.959008
15878.000000  7.448093
16315.000000  5.811938
16921.000000  9.784015
17603.000000  20.564692
18333.000000  49.404736
18778.000000  39.269020
19205.000000  37.343666
19718.000000  74.503212
20428.000000  78.486366
21112.000000  40.653290
21776.000000  46.327141
22210.000000  68.656189
22638.000000  50.877346
23185.000000  90.105095
24153.000000  66.665649
24549.000000  91.567940
25134.000000  81.748016
25464.000000  87.901489
25835.000000  56.360744
26411.000000  20.957924
26859.000000  6.838279
27156.000000  7.467229
27484.000000  7.328029
28161.000000  7.183048
28976.000000  7.013647
29752.000000  10.070227
30430.000000  5.732690
31019.000000  6.239345
31465.000000  10.532503
31989.000000  9.228813
32573.000000  8.036297
33114.000000  7.129884
33750.000000  5.691751
34532.000000  5.074946
34990.000000  6.339775
35461.000000  10.720561
35755.000000  8.922991
36047.000000  8.893329
36416.000000  6.766529
36846.000000  8.863271
37326.000000  8.275572
37686.000000  12.576196
38067.000000  10.392168
38650.000000  63.046921
39246.000000  55.804348
39691.000000  33.258595
40161.000000  14.326574
40793.000000  50.692238
41517.000000  21.220148
41879.000000  30.804550
42242.000000  35.384151
42594.000000  34.734638
43066.000000  34.474789
43533.000000  31.476006
44055.000000  29.657021
44582.000000  8.958605
45056.000000  10.541933
45339.000000  15.194395
45727.000000  51.603371
46275.000000  49.595470
46804.000000  47.723255
47303.000000  46.278233
47801.000000  45.822979
48251.000000  50.541954
48715.000000  40.846153
49269.000000  40.903648
50042.000000  44.909737
50887.000000  32.788921
51739.000000  30.748405
52498.000000  30.501724
53202.000000  28.115362
53939.000000  27.376520
54562.000000  25.631840
55310.000000  24.999327
55698.000000  44.752995
56123.000000  45.104607
56629.000000  43.430820
57137.000000  4.330947
57588.000000  4.356350
58012.000000  5.159133
58419.000000  4.091702
58729.000000  3.939526
59139.000000  9.127045
59659.000000  7.983769
60228.000000  4.706086
60622.000000  4.650041
61159.000000  5.410934
61686.000000  5.586164
62185.000000  7.373587
62593.000000  14.652162
63015.000000  14.065955
63485.000000  3.679584
64081.000000  3.873876
64776.000000  3.462541
65257.000000  3.855999
65695.000000  3.580161
65979.000000  3.119360
66329.000000  2.753567
66961.000000  2.152008
67670.000000  2.824996
68205.000000  1.670709
68486.000000  1.931948
68778.000000  2.159448
69087.000000  1.633397
69624.000000  3.219808
69852.000000  4.171940
70178.000000  1.753280
70524.000000  1.496618
70873.000000  1.462044
71282.000000  1.390876
71650.000000  3.123335
72164.000000  2.809196
72638.000000  2.798421
73064.000000  2.972597
73335.000000  3.498514
73651.000000  3.659833
73927.000000  2.453026
74339.000000  4.174461
74710.000000  3.291390
74949.000000  4.346766
75195.000000  3.057230
75486.000000  3.539091
75713.000000  3.514959
75951.000000  3.586431
76156.000000  3.178731
76640.000000  2.924381
77077.000000  3.739408
77364.000000  3.658796
77558.000000  3.538322
77796.000000  3.801951
77850.000000  4.348412
77876.000000  4.103121
77912.000000  4.459735
78100.000000  2.933320
78153.000000  2.643914
78519.000000  2.735531
78719.000000  2.485276
78975.000000  2.617674
79141.000000  2.639510
79426.000000  3.310701
79925.000000  2.456557
80434.000000  2.330874
80622.000000  2.300659
80884.000000  3.314302
81293.000000  2.898736
81784.000000  3.041907
82289.000000  3.575127
82621.000000  3.716593
82957.000000  3.041112
83323.000000  2.972370
83636.000000  2.324078
83876.000000  2.210244
84004.000000  1.809900
84203.000000  2.872553
84393.000000  2.159704
84632.000000  3.035503
84872.000000  3.898772
85278.000000  2.746355
85546.000000  3.100938
85797.000000  2.855955
86197.000000  3.370343
86504.000000  2.636604
86935.000000  2.372918
87379.000000  2.175335
87865.000000  2.535762
88106.000000  3.865193
88129.000000  3.233946
88327.000000  2.808597
88422.000000  2.991316
88663.000000  4.528123
89050.000000  2.221189
89229.000000  1.611019
89332.000000  3.036232
89344.000000  2.957689
89671.000000  2.272038
89935.000000  2.657428
90402.000000  2.471517
90736.000000  2.697056
91047.000000  2.491743
91164.000000  3.010277
91294.000000  2.671753
91424.000000  2.768848
91477.000000  2.812577
