399.000000  0.105026
512.000000  -0.015987
602.000000  -0.001848
671.000000  -0.014398
767.000000  0.010258
853.000000  0.004479
968.000000  0.012537
1076.000000  0.005640
1202.000000  0.014930
1348.000000  0.017644
1350.000000  -0.124284
1503.000000  0.113484
1641.000000  0.004474
1764.000000  -0.004038
1764.000000  -0.127812
1850.000000  0.115541
1930.000000  -0.026615
2010.000000  -0.000606
2072.000000  -0.000579
2156.000000  0.028786
2247.000000  0.026668
2342.000000  -0.017420
2425.000000  -0.001503
2473.000000  -0.015676
2540.000000  -0.046674
2608.000000  -0.002766
2678.000000  0.016216
2763.000000  0.007252
2849.000000  -0.022005
2914.000000  0.025198
2983.000000  -0.011476
3029.000000  -0.004334
3084.000000  0.023190
3169.000000  -0.005818
3243.000000  0.015880
3317.000000  0.009688
3406.000000  0.003346
3490.000000  -0.016379
3558.000000  0.052206
3649.000000  -0.002297
3776.000000  -0.013033
3907.000000  -0.006053
4032.000000  -0.002846
4110.000000  -0.016613
4211.000000  0.006955
4330.000000  -0.007466
4406.000000  0.005218
4484.000000  0.024983
4579.000000  -0.021867
4670.000000  0.011508
4802.000000  0.007369
4934.000000  -0.031656
5044.000000  0.003893
5144.000000  -0.002417
5278.000000  0.023057
5289.000000  -0.106656
5390.000000  0.110876
5450.000000  0.008901
5515.000000  -0.011087
5561.000000  0.002962
5597.000000  -0.031393
5799.000000  0.001174
5903.000000  -0.019414
6010.000000  0.019944
6150.000000  0.010812
6164.000000  -0.103249
6314.000000  0.121831
6469.000000  -0.007476
6604.000000  0.004388
6743.000000  0.003842
6871.000000  -0.016716
6980.000000  -0.014690
7080.000000  -0.008096
7161.000000  0.016271
7256.000000  0.006579
7342.000000  -0.012309
7449.000000  0.004029
7583.000000  0.001583
7732.000000  0.016092
7895.000000  0.014556
8026.000000  0.007588
8193.000000  0.017352
8336.000000  -0.003678
8495.000000  0.009361
8644.000000  -0.027021
8764.000000  -0.003083
8806.000000  -0.078831
8941.000000  0.086053
9066.000000  -0.000625
9094.000000  -0.077433
9212.000000  0.069909
9316.000000  -0.005383
9465.000000  0.012057
9587.000000  -0.055955
9607.000000  -0.077827
9681.000000  0.078667
9740.000000  0.004484
9822.000000  0.010812
9921.000000  0.023834
10036.000000  -0.020173
10158.000000  0.048247
10283.000000  -0.036444
10408.000000  -0.015003
10531.000000  0.013915
10653.000000  -0.003706
10727.000000  -0.016098
10814.000000  0.002371
10885.000000  -0.009354
10988.000000  0.030684
11117.000000  0.007950
11237.000000  -0.006812
11356.000000  -0.012911
11400.000000  -0.058935
11543.000000  0.056493
11684.000000  0.019639
11768.000000  -0.046705
11912.000000  0.069460
12046.000000  0.037931
12111.000000  -0.067056
12177.000000  0.047581
12219.000000  -0.053646
12268.000000  0.015853
12356.000000  0.079833
12457.000000  -0.004022
12598.000000  0.058960
12671.000000  0.030081
12747.000000  -0.229489
12810.000000  0.005297
12846.000000  -0.021929
12891.000000  0.017568
12951.000000  -0.003222
13051.000000  0.182555
13185.000000  0.014641
13269.000000  -0.011618
13362.000000  -0.027456
13419.000000  -0.057160
13462.000000  -0.032246
13517.000000  -0.000262
13578.000000  -0.024993
13695.000000  0.053758
13769.000000  -0.028958
13861.000000  0.031065
13953.000000  -0.082269
14040.000000  0.007853
14140.000000  0.011623
14219.000000  0.016367
14296.000000  0.012487
14380.000000  0.032848
14453.000000  -0.042366
14568.000000  0.039711
14627.000000  -0.044089
14697.000000  0.055107
14785.000000  -0.018097
14801.000000  -0.090088
14848.000000  0.050533
14887.000000  -0.017871
14946.000000  0.052083
15034.000000  -0.007102
15084.000000  -0.055832
15166.000000  0.072700
15225.000000  -0.061069
15274.000000  0.005373
15384.000000  0.024460
15445.000000  -0.010775
15508.000000  0.044574
15610.000000  0.010604
15713.000000  -0.031217
15767.000000  -0.006365
15860.000000  0.021586
15950.000000  0.029485
16028.000000  -0.020515
16154.000000  0.067061
16221.000000  -0.044621
16320.000000  0.011838
16402.000000  0.003121
16503.000000  0.037158
16601.000000  0.039079
16651.000000  -0.073744
16745.000000  0.065285
16818.000000  -0.012997
16868.000000  -0.019471
16951.000000  -0.000381
16992.000000  -0.087463
17076.000000  0.052447
17194.000000  -0.052273
17296.000000  0.101985
17405.000000  -0.108374
17495.000000  0.003774
17590.000000  -0.012773
17693.000000  -0.022343
17779.000000  0.065936
17841.000000  -0.039742
17922.000000  0.007767
18040.000000  0.012534
18153.000000  0.025558
18221.000000  -0.074795
18349.000000  0.062163
18423.000000  -0.036395
18514.000000  0.008027
18613.000000  -0.026187
18723.000000  0.016980
18834.000000  0.019451
18947.000000  0.011843
19059.000000  0.006431
19154.000000  0.022600
19222.000000  -0.057433
19299.000000  -0.004490
19400.000000  0.014376
19504.000000  0.010767
19612.000000  0.013283
19733.000000  -0.016572
19828.000000  -0.002743
19902.000000  0.070508
19945.000000  -0.038494
20003.000000  0.029468
20088.000000  0.034228
20205.000000  0.025531
20296.000000  -0.015205
20393.000000  -0.008236
20491.000000  0.010761
20608.000000  -0.004818
20714.000000  0.070613
20792.000000  0.119283
20842.000000  -0.163215
20891.000000  -0.017230
20973.000000  0.034441
21073.000000  0.096583
21138.000000  0.018643
21188.000000  -0.205694
21287.000000  0.274276
21393.000000  -0.016440
21429.000000  -0.003335
21492.000000  0.075610
21613.000000  0.072814
21692.000000  0.001523
21771.000000  0.091297
21866.000000  -0.595674
21916.000000  0.023502
21967.000000  -0.059476
22026.000000  0.022361
22086.000000  -0.015998
22144.000000  -0.003613
22214.000000  0.001780
22254.000000  -0.009071
22288.000000  -0.000621
22316.000000  0.005553
22340.000000  0.004729
22369.000000  0.020950
22405.000000  -0.008960
22441.000000  0.018233
22463.000000  -0.015354
22484.000000  0.011609
22513.000000  0.016454
22571.000000  0.023817
22611.000000  -0.061150
22611.000000  -0.087916
22726.000000  0.097547
22803.000000  -0.005019
22888.000000  0.027618
22997.000000  0.001088
23208.000000  0.061795
23369.000000  -0.043312
23487.000000  0.002715
23575.000000  -0.018624
23684.000000  0.003297
23814.000000  0.071236
23948.000000  -0.046155
24046.000000  0.057790
24117.000000  0.025860
24171.000000  -0.026715
24207.000000  -0.083462
24251.000000  -0.032377
24280.000000  -0.048556
24299.000000  0.051913
24330.000000  0.055790
24362.000000  0.007833
24379.000000  -0.035072
24394.000000  0.008271
24411.000000  -0.021735
24430.000000  0.012632
24446.000000  -0.039767
24466.000000  0.022782
24486.000000  -0.026173
24523.000000  0.014256
24573.000000  0.062065
24625.000000  -0.019799
24659.000000  -0.013959
24724.000000  -0.049467
24779.000000  0.001781
24837.000000  -0.001707
24893.000000  -0.004344
24936.000000  0.010723
24981.000000  -0.021871
25003.000000  -0.001198
25021.000000  -0.003839
25036.000000  -0.018663
25039.000000  -0.006591
25110.000000  0.048679
25159.000000  -0.020039
25214.000000  0.022155
25282.000000  0.010400
25354.000000  -0.020957
25398.000000  -0.022572
25419.000000  0.025745
25442.000000  0.004801
25453.000000  -0.027562
25490.000000  -0.004891
25510.000000  -0.030720
25576.000000  0.054718
25637.000000  0.018096
25680.000000  0.006704
25725.000000  -0.003840
25781.000000  0.002916
25818.000000  -0.021120
25860.000000  -0.007074
25868.000000  0.003643
25945.000000  -0.025235
26004.000000  0.009599
26085.000000  0.029213
26160.000000  0.013513
26243.000000  0.006268
26339.000000  0.009029
26367.000000  -0.036213
26388.000000  -0.030370
26454.000000  0.026315
26520.000000  -0.002512
26597.000000  0.009871
26682.000000  0.010187
26775.000000  -0.001351
26866.000000  0.016579
26894.000000  0.001319
26913.000000  -0.026272
26933.000000  -0.004933
26957.000000  -0.015496
27022.000000  -0.011181
27079.000000  0.020808
27131.000000  0.022773
27196.000000  -0.008164
27279.000000  0.016179
27362.000000  0.000547
27403.000000  -0.020745
27457.000000  0.015054
27519.000000  0.002663
27558.000000  -0.020502
27606.000000  0.011530
27661.000000  0.018869
27724.000000  -0.012799
27750.000000  0.026556
27757.000000  -0.027802
27801.000000  -0.057811
27872.000000  0.032442
27949.000000  0.004479
28024.000000  0.015426
28108.000000  -0.019775
28198.000000  0.046921
28270.000000  -0.009620
28385.000000  -0.001690
28472.000000  0.007780
28536.000000  0.002576
28641.000000  -0.021555
28709.000000  0.006943
28746.000000  -0.012378
28815.000000  0.007278
28862.000000  -0.029827
28900.000000  0.026493
28963.000000  0.000511
28979.000000  -0.004855
28980.000000  -0.019463
29051.000000  -0.025800
29091.000000  -0.000955
29138.000000  0.043380
29258.000000  0.027900
29391.000000  0.000555
29501.000000  0.006876
29582.000000  -0.003463
29683.000000  0.016128
29758.000000  -0.052043
29819.000000  0.011770
29875.000000  0.044995
29955.000000  -0.001190
30040.000000  0.007134
30131.000000  -0.041252
30220.000000  0.011917
30316.000000  -0.003622
30411.000000  0.020986
30504.000000  0.002449
30570.000000  -0.013909
30662.000000  0.008067
30739.000000  -0.009945
30822.000000  -0.013633
30904.000000  0.003573
30988.000000  0.035162
31120.000000  -0.006285
31272.000000  0.015376
31412.000000  0.005371
31557.000000  -0.033796
31713.000000  0.033829
31838.000000  -0.001791
31921.000000  0.045628
31981.000000  -0.017801
32046.000000  -0.043487
32088.000000  0.008937
32134.000000  -0.027000
32172.000000  0.023243
32186.000000  -0.013752
32229.000000  -0.102990
32235.000000  -0.019319
32272.000000  0.206858
32301.000000  -0.008167
32344.000000  -0.004610
32375.000000  -0.027879
32425.000000  -0.036863
32504.000000  0.027884
32614.000000  0.044691
32753.000000  0.039500
32832.000000  0.048496
32872.000000  -0.003671
32909.000000  -0.092065
32930.000000  -0.119990
32959.000000  0.027072
32993.000000  -0.002062
33038.000000  0.019397
33082.000000  -0.042038
33100.000000  -0.054000
33182.000000  0.073776
33308.000000  -0.000188
33420.000000  0.018961
33552.000000  0.004304
33647.000000  0.002690
33745.000000  -0.016530
33783.000000  -0.061754
33862.000000  0.060312
33926.000000  0.022621
34011.000000  -0.001262
34040.000000  -0.030775
34083.000000  -0.007506
34120.000000  -0.005779
34158.000000  -0.057181
34241.000000  0.022078
34321.000000  0.006338
34410.000000  0.037606
34489.000000  0.004606
34525.000000  -0.034408
34534.000000  -0.008698
34550.000000  0.012927
34580.000000  0.015218
34584.000000  -0.069477
34586.000000  -0.009534
34589.000000  0.090543
34618.000000  -0.061108
34672.000000  0.022376
34735.000000  0.007452
34800.000000  -0.012653
34846.000000  -0.008789
34882.000000  -0.013569
34967.000000  0.010567
35024.000000  0.004734
35078.000000  0.010355
35132.000000  -0.004280
35240.000000  0.125714
35381.000000  0.083126
35469.000000  -0.058879
35537.000000  -0.016587
35587.000000  -0.083941
35632.000000  0.077006
35680.000000  0.008984
35728.000000  0.007162
35848.000000  0.028168
35923.000000  -0.094633
35966.000000  -0.072664
36067.000000  0.042399
36099.000000  0.134773
36115.000000  -0.058420
36121.000000  0.002288
36173.000000  -0.117060
36207.000000  -0.032380
36284.000000  0.028244
36356.000000  -0.001490
36389.000000  -0.030868
36407.000000  -0.014499
36424.000000  0.006353
36535.000000  0.030884
36628.000000  0.006344
36646.000000  -0.011102
36706.000000  0.015749
36725.000000  -0.045106
36788.000000  0.057214
36827.000000  -0.033200
36863.000000  -0.011288
36887.000000  -0.008988
36948.000000  0.029065
37029.000000  0.035615
37123.000000  0.003235
37179.000000  0.005517
37221.000000  -0.022188
37269.000000  0.013891
37305.000000  -0.006331
37350.000000  0.007728
37375.000000  -0.054205
37386.000000  -0.016118
37539.000000  0.079690
37600.000000  -0.024433
37719.000000  0.029525
37833.000000  0.010077
37908.000000  0.014964
37944.000000  -0.058559
37991.000000  0.001795
38100.000000  0.050802
38155.000000  -0.036708
38211.000000  -0.005614
38267.000000  0.002869
38299.000000  0.010822
38330.000000  -0.024472
38370.000000  0.020702
38398.000000  -0.005276
38422.000000  -0.010065
38446.000000  0.013495
38455.000000  0.006889
38489.000000  -0.016294
38539.000000  -0.002375
38555.000000  -0.015965
38617.000000  0.011507
38655.000000  -0.005364
38765.000000  0.044042
38879.000000  0.011729
38995.000000  -0.012858
39095.000000  0.008122
39199.000000  0.019814
39336.000000  0.017849
39478.000000  0.052981
39565.000000  -0.064794
39641.000000  0.006115
39769.000000  -0.006090
39867.000000  0.021324
39952.000000  -0.058229
40026.000000  0.017277
40091.000000  0.014175
40129.000000  -0.034641
40136.000000  -0.055191
40142.000000  0.064844
40159.000000  0.016263
40197.000000  -0.043789
40258.000000  0.040021
40316.000000  0.036052
40376.000000  -0.003593
40436.000000  -0.009597
40495.000000  0.013133
40528.000000  0.000496
40541.000000  -0.021000
40569.000000  -0.031126
40594.000000  0.010083
40626.000000  0.009668
40665.000000  0.016920
40708.000000  -0.036328
40757.000000  0.048907
40801.000000  0.007493
40817.000000  -0.005161
40820.000000  -0.148716
