269.000000  0.055651
341.000000  -0.014331
384.000000  -0.023222
416.000000  0.005529
463.000000  0.011066
504.000000  -0.000332
560.000000  0.006305
580.000000  -0.025125
622.000000  0.030564
670.000000  -0.005140
711.000000  -0.002342
758.000000  0.007511
793.000000  -0.011700
849.000000  0.007389
895.000000  0.001558
910.000000  -0.032834
966.000000  0.039078
974.000000  -0.038823
1030.000000  0.047419
1086.000000  -0.007159
1131.000000  -0.003909
1151.000000  -0.023861
1182.000000  0.012764
1205.000000  -0.003398
1226.000000  0.002486
1267.000000  0.019444
1300.000000  -0.010589
1334.000000  0.007585
1376.000000  -0.005614
1406.000000  -0.001644
1420.000000  -0.016552
1456.000000  0.009513
1478.000000  -0.014250
1499.000000  0.002685
1518.000000  0.002739
1535.000000  -0.001414
1576.000000  0.017480
1596.000000  -0.008521
1622.000000  -0.000560
1648.000000  0.003847
1671.000000  -0.006929
1706.000000  -0.004373
1734.000000  0.005698
1776.000000  -0.005854
1806.000000  0.003693
1840.000000  -0.010279
1884.000000  0.000900
1933.000000  0.003058
1961.000000  -0.003682
2004.000000  0.012722
2045.000000  -0.010189
2076.000000  -0.002998
2140.000000  0.011309
2171.000000  -0.008403
2202.000000  -0.003843
2257.000000  0.001444
2257.000000  -0.021488
2283.000000  0.012589
2313.000000  0.004782
2346.000000  0.006836
2389.000000  0.020900
2441.000000  0.008132
2484.000000  -0.018874
2523.000000  -0.003748
2571.000000  0.006056
2602.000000  -0.009164
2634.000000  0.003516
2680.000000  0.014123
2690.000000  -0.030731
2740.000000  0.026507
2781.000000  -0.009055
2823.000000  -0.003314
2859.000000  -0.002274
2881.000000  -0.013882
2910.000000  0.014700
2921.000000  -0.016335
2957.000000  0.008347
2974.000000  -0.001968
3010.000000  0.007041
3047.000000  0.001155
3052.000000  -0.020175
3094.000000  0.029471
3139.000000  -0.000580
3202.000000  0.010015
3242.000000  0.004942
3298.000000  -0.006357
3324.000000  -0.010234
3374.000000  0.013973
3403.000000  -0.013130
3442.000000  0.002329
3473.000000  -0.003240
3498.000000  -0.002613
3528.000000  -0.001518
3569.000000  0.013144
3609.000000  -0.007223
3632.000000  -0.003903
3657.000000  0.001497
3687.000000  0.001400
3733.000000  0.000597
3773.000000  -0.001784
3806.000000  0.001451
3836.000000  -0.003038
3853.000000  -0.004065
3905.000000  0.010393
3955.000000  -0.003338
3995.000000  0.000481
4034.000000  -0.003824
4073.000000  0.004066
4116.000000  0.012504
4163.000000  0.006878
4205.000000  -0.002051
4231.000000  -0.006268
4256.000000  -0.011136
4282.000000  0.013128
4323.000000  0.006224
4342.000000  -0.015617
4368.000000  0.015356
4422.000000  0.015014
4458.000000  -0.004196
4496.000000  0.009977
4557.000000  0.027261
4625.000000  0.014742
4665.000000  -0.051250
4715.000000  0.011234
4749.000000  0.022282
4770.000000  -0.039328
4851.000000  0.055586
4879.000000  -0.027163
4907.000000  -0.017931
4928.000000  0.011309
4949.000000  -0.010326
4983.000000  0.031424
5003.000000  -0.064425
5028.000000  -0.002888
5054.000000  -0.012023
5094.000000  0.011645
5103.000000  -0.015530
5148.000000  0.029692
5183.000000  0.001458
5232.000000  -0.000268
5273.000000  -0.006592
5315.000000  0.017672
5377.000000  0.012007
5425.000000  0.014440
5464.000000  -0.056978
5522.000000  0.062460
5532.000000  -0.087383
5564.000000  0.061067
5603.000000  -0.002633
5643.000000  -0.037037
5674.000000  0.047817
5708.000000  -0.001104
5752.000000  0.044153
5799.000000  0.031071
5854.000000  -0.110071
5895.000000  -0.012040
5931.000000  0.015862
5952.000000  -0.005945
5986.000000  0.001736
6018.000000  0.002085
6073.000000  0.054893
6110.000000  0.018432
6150.000000  -0.023454
6232.000000  0.047458
6303.000000  -0.012121
6343.000000  -0.023833
6380.000000  -0.031252
6483.000000  0.045393
6519.000000  -0.013610
6579.000000  0.005001
6595.000000  -0.029332
6631.000000  0.000586
6691.000000  0.015885
6705.000000  -0.032817
6738.000000  -0.024233
6768.000000  0.003303
6806.000000  -0.009124
6820.000000  -0.011062
6884.000000  0.019516
6911.000000  -0.005260
6946.000000  0.062159
6991.000000  0.062615
7051.000000  0.028206
7088.000000  -0.156797
7113.000000  -0.008259
7162.000000  0.008306
7201.000000  -0.014946
7239.000000  0.017754
7260.000000  -0.006012
7299.000000  -0.000791
7349.000000  0.015029
7386.000000  -0.012743
7424.000000  0.014122
7450.000000  0.043821
7486.000000  0.074523
7529.000000  -0.009745
7569.000000  0.004362
7598.000000  -0.062880
7650.000000  0.089714
7683.000000  -0.013245
7692.000000  -0.151243
7720.000000  0.140074
7767.000000  -0.124279
7803.000000  -0.001820
7832.000000  -0.003415
7849.000000  -0.005529
7878.000000  0.012796
7913.000000  0.008163
7932.000000  -0.010335
7974.000000  0.000498
7982.000000  -0.019421
8023.000000  0.057746
8049.000000  -0.033031
8078.000000  0.009041
8110.000000  0.006692
8153.000000  0.004027
8198.000000  -0.005568
8233.000000  0.002331
8241.000000  -0.004988
8280.000000  0.022201
8307.000000  -0.004489
8345.000000  -0.001271
8388.000000  0.016513
8441.000000  0.007395
8474.000000  0.023158
8520.000000  0.001512
8555.000000  0.008942
8582.000000  0.008617
8618.000000  0.009178
8663.000000  -0.045952
8696.000000  -0.069776
8718.000000  -0.005573
8730.000000  -0.000811
8757.000000  -0.002104
8770.000000  -0.006852
8789.000000  0.032877
8805.000000  0.001696
8825.000000  0.000006
8847.000000  0.002933
8860.000000  -0.037494
8863.000000  0.019786
8874.000000  0.003235
8895.000000  -0.029352
8930.000000  0.010065
8969.000000  0.017850
9010.000000  -0.013719
9053.000000  0.002825
9096.000000  0.010152
9130.000000  -0.001918
9194.000000  -0.009486
9240.000000  0.016211
9277.000000  -0.012596
9306.000000  0.005343
9332.000000  -0.003569
9344.000000  -0.010865
9368.000000  0.016331
9404.000000  -0.002891
9427.000000  -0.000650
9460.000000  -0.000324
9480.000000  -0.006801
9501.000000  -0.003945
9519.000000  -0.008259
9549.000000  0.006147
9569.000000  -0.001065
9603.000000  0.017511
9632.000000  -0.004358
9653.000000  -0.014693
9682.000000  0.149518
9704.000000  -0.141041
9737.000000  0.009456
9760.000000  -0.020057
9774.000000  -0.005335
9796.000000  0.003281
9821.000000  0.000616
9837.000000  0.000599
9872.000000  0.005222
9887.000000  0.004182
9922.000000  -0.003992
9927.000000  -0.011252
9938.000000  0.002708
9956.000000  0.000938
9974.000000  -0.004494
9979.000000  0.000110
10002.000000  0.005826
10043.000000  0.018505
10053.000000  -0.016006
10087.000000  0.018360
10130.000000  0.000840
10182.000000  0.001882
10221.000000  -0.011369
10221.000000  -0.021461
10247.000000  0.015952
10251.000000  -0.003137
10275.000000  -0.000734
10293.000000  0.008669
10314.000000  -0.005470
10324.000000  -0.004477
10348.000000  0.002294
10369.000000  -0.003048
10375.000000  -0.001725
