269.000000  0.055651
341.000000  0.041320
384.000000  0.018098
416.000000  0.023627
463.000000  0.034692
504.000000  0.034360
560.000000  0.040665
580.000000  0.015539
622.000000  0.046104
670.000000  0.040963
711.000000  0.038622
758.000000  0.046132
793.000000  0.034432
849.000000  0.041822
895.000000  0.043380
910.000000  0.010546
966.000000  0.049624
974.000000  0.010801
1030.000000  0.058221
1086.000000  0.051062
1131.000000  0.047153
1151.000000  0.023292
1182.000000  0.036056
1205.000000  0.032658
1226.000000  0.035144
1267.000000  0.054588
1300.000000  0.044000
1334.000000  0.051584
1376.000000  0.045970
1406.000000  0.044326
1420.000000  0.027774
1456.000000  0.037287
1478.000000  0.023037
1499.000000  0.025723
1518.000000  0.028461
1535.000000  0.027047
1576.000000  0.044527
1596.000000  0.036006
1622.000000  0.035446
1648.000000  0.039293
1671.000000  0.032364
1706.000000  0.027991
1734.000000  0.033689
1776.000000  0.027834
1806.000000  0.031528
1840.000000  0.021249
1884.000000  0.022148
1933.000000  0.025207
1961.000000  0.021525
2004.000000  0.034247
2045.000000  0.024058
2076.000000  0.021060
2140.000000  0.032368
2171.000000  0.023966
2202.000000  0.020123
2257.000000  0.021567
2257.000000  0.000078
2283.000000  0.012668
2313.000000  0.017449
2346.000000  0.024285
2389.000000  0.045186
2441.000000  0.053317
2484.000000  0.034443
2523.000000  0.030696
2571.000000  0.036752
2602.000000  0.027588
2634.000000  0.031105
2680.000000  0.045228
2690.000000  0.014497
2740.000000  0.041004
2781.000000  0.031949
2823.000000  0.028635
2859.000000  0.026361
2881.000000  0.012479
2910.000000  0.027179
2921.000000  0.010844
2957.000000  0.019191
2974.000000  0.017223
3010.000000  0.024263
3047.000000  0.025418
3052.000000  0.005243
3094.000000  0.034714
3139.000000  0.034134
3202.000000  0.044150
3242.000000  0.049091
3298.000000  0.042734
3324.000000  0.032500
3374.000000  0.046473
3403.000000  0.033342
3442.000000  0.035672
3473.000000  0.032432
3498.000000  0.029819
3528.000000  0.028301
3569.000000  0.041445
3609.000000  0.034222
3632.000000  0.030319
3657.000000  0.031817
3687.000000  0.033217
3733.000000  0.033813
3773.000000  0.032029
3806.000000  0.033480
3836.000000  0.030441
3853.000000  0.026376
3905.000000  0.036769
3955.000000  0.033431
3995.000000  0.033912
4034.000000  0.030088
4073.000000  0.034154
4116.000000  0.046658
4163.000000  0.053536
4205.000000  0.051485
4231.000000  0.045217
4256.000000  0.034081
4282.000000  0.047209
4323.000000  0.053433
4342.000000  0.037816
4368.000000  0.053172
4422.000000  0.068186
4458.000000  0.063990
4496.000000  0.073966
4557.000000  0.101227
4625.000000  0.115969
4665.000000  0.064719
4715.000000  0.075953
4749.000000  0.098235
4770.000000  0.058907
4851.000000  0.114493
4879.000000  0.087330
4907.000000  0.069399
4928.000000  0.080708
4949.000000  0.070381
4983.000000  0.101805
5003.000000  0.037380
5028.000000  0.034492
5054.000000  0.022469
5094.000000  0.034114
5103.000000  0.018584
5148.000000  0.048275
5183.000000  0.049733
5232.000000  0.049464
5273.000000  0.042872
5315.000000  0.060544
5377.000000  0.072552
5425.000000  0.086992
5464.000000  0.030013
5522.000000  0.092473
5532.000000  0.005090
5564.000000  0.066157
5603.000000  0.063524
5643.000000  0.026487
5674.000000  0.074303
5708.000000  0.073199
5752.000000  0.117352
5799.000000  0.148423
5854.000000  0.038352
5895.000000  0.026312
5931.000000  0.042174
5952.000000  0.036229
5986.000000  0.037965
6018.000000  0.040049
6073.000000  0.094942
6110.000000  0.113374
6150.000000  0.089921
6232.000000  0.137378
6303.000000  0.125257
6343.000000  0.101424
6380.000000  0.070173
6483.000000  0.115566
6519.000000  0.101956
6579.000000  0.106957
6595.000000  0.077625
6631.000000  0.078211
6691.000000  0.094096
6705.000000  0.061279
6738.000000  0.037046
6768.000000  0.040349
6806.000000  0.031226
6820.000000  0.020163
6884.000000  0.039679
6911.000000  0.034419
6946.000000  0.096578
6991.000000  0.159193
7051.000000  0.187399
7088.000000  0.030602
7113.000000  0.022343
7162.000000  0.030649
7201.000000  0.015703
7239.000000  0.033456
7260.000000  0.027445
7299.000000  0.026654
7349.000000  0.041683
7386.000000  0.028941
7424.000000  0.043062
7450.000000  0.086883
7486.000000  0.161406
7529.000000  0.151661
7569.000000  0.156023
7598.000000  0.093143
7650.000000  0.182856
7683.000000  0.169612
7692.000000  0.018369
7720.000000  0.158443
7767.000000  0.034164
7803.000000  0.032344
7832.000000  0.028929
7849.000000  0.023400
7878.000000  0.036195
7913.000000  0.044358
7932.000000  0.034023
7974.000000  0.034521
7982.000000  0.015100
8023.000000  0.072846
8049.000000  0.039815
8078.000000  0.048856
8110.000000  0.055548
8153.000000  0.059575
8198.000000  0.054007
8233.000000  0.056337
8241.000000  0.051349
8280.000000  0.073550
8307.000000  0.069061
8345.000000  0.067790
8388.000000  0.084303
8441.000000  0.091699
8474.000000  0.114857
8520.000000  0.116369
8555.000000  0.125311
8582.000000  0.133928
8618.000000  0.143106
8663.000000  0.097154
8696.000000  0.027378
8718.000000  0.021805
8730.000000  0.020993
8757.000000  0.018889
8770.000000  0.012037
8789.000000  0.044914
8805.000000  0.046611
8825.000000  0.046616
8847.000000  0.049549
8860.000000  0.012055
8863.000000  0.031841
8874.000000  0.035076
8895.000000  0.005724
8930.000000  0.015788
8969.000000  0.033639
9010.000000  0.019919
9053.000000  0.022744
9096.000000  0.032897
9130.000000  0.030978
9194.000000  0.021492
9240.000000  0.037703
9277.000000  0.025107
9306.000000  0.030450
9332.000000  0.026881
9344.000000  0.016016
9368.000000  0.032347
9404.000000  0.029455
9427.000000  0.028806
9460.000000  0.028482
9480.000000  0.021681
9501.000000  0.017736
9519.000000  0.009477
9549.000000  0.015624
9569.000000  0.014559
9603.000000  0.032069
9632.000000  0.027711
9653.000000  0.013018
9682.000000  0.162536
9704.000000  0.021495
9737.000000  0.030951
9760.000000  0.010894
9774.000000  0.005559
9796.000000  0.008841
9821.000000  0.009457
9837.000000  0.010056
9872.000000  0.015278
9887.000000  0.019460
9922.000000  0.015467
9927.000000  0.004215
9938.000000  0.006923
9956.000000  0.007861
9974.000000  0.003367
9979.000000  0.003477
10002.000000  0.009302
10043.000000  0.027807
10053.000000  0.011802
10087.000000  0.030162
10130.000000  0.031002
10182.000000  0.032884
10221.000000  0.021514
10221.000000  0.000054
10247.000000  0.016006
10251.000000  0.012869
10275.000000  0.012136
10293.000000  0.020805
10314.000000  0.015334
10324.000000  0.010857
10348.000000  0.013151
10369.000000  0.010103
10375.000000  0.008378
