269.000000  0.019166
341.000000  -0.004324
384.000000  -0.002940
416.000000  0.003521
463.000000  -0.003578
504.000000  0.002473
560.000000  -0.000723
580.000000  0.002415
622.000000  -0.001089
670.000000  0.000968
711.000000  -0.000588
758.000000  0.001132
793.000000  0.001251
849.000000  -0.002053
895.000000  0.002914
910.000000  -0.002066
966.000000  0.001612
974.000000  0.000755
1030.000000  0.000768
1086.000000  -0.000726
1131.000000  -0.000708
1151.000000  0.008260
1182.000000  -0.008479
1205.000000  0.003349
1226.000000  -0.000472
1267.000000  0.005614
1300.000000  -0.005348
1334.000000  0.001345
1376.000000  -0.002487
1406.000000  -0.000456
1420.000000  -0.000915
1456.000000  -0.001866
1478.000000  -0.002088
1499.000000  0.000047
1518.000000  0.001012
1535.000000  0.001055
1576.000000  -0.000155
1596.000000  0.000164
1622.000000  0.006466
1648.000000  -0.007296
1671.000000  0.002259
1706.000000  0.005858
1734.000000  -0.003531
1776.000000  0.006598
1806.000000  -0.011802
1840.000000  0.001876
1884.000000  -0.001043
1933.000000  0.000826
1961.000000  -0.000088
2004.000000  0.001786
2045.000000  -0.000278
2076.000000  0.001778
2140.000000  -0.002629
2171.000000  0.000357
2202.000000  0.000752
2257.000000  -0.000476
2257.000000  0.002235
2283.000000  -0.002692
2313.000000  0.006018
2346.000000  -0.003740
2389.000000  0.000517
2441.000000  0.003606
2484.000000  0.008410
2523.000000  -0.007645
2571.000000  -0.003106
2602.000000  -0.000985
2634.000000  0.007629
2680.000000  -0.002649
2690.000000  -0.001063
2740.000000  0.001795
2781.000000  -0.003497
2823.000000  0.002647
2859.000000  -0.004097
2881.000000  0.001220
2910.000000  -0.001965
2921.000000  0.003743
2957.000000  -0.002648
2974.000000  0.001255
3010.000000  -0.000401
3047.000000  0.014247
3052.000000  -0.010353
3094.000000  -0.002749
3139.000000  0.002261
3202.000000  0.000886
3242.000000  0.002042
3298.000000  0.005373
3324.000000  -0.004794
3374.000000  0.001213
3403.000000  -0.003288
3442.000000  0.008683
3473.000000  -0.007569
3498.000000  -0.001051
3528.000000  0.000668
3569.000000  0.002292
3609.000000  0.001352
3632.000000  0.006730
3657.000000  -0.008615
3687.000000  0.002005
3733.000000  0.000504
3773.000000  -0.000211
3806.000000  0.011017
3836.000000  -0.001258
3853.000000  -0.005648
3905.000000  0.000216
3955.000000  -0.000353
3995.000000  0.006727
4034.000000  -0.004780
4073.000000  0.003112
4116.000000  -0.006979
4163.000000  0.001801
4205.000000  -0.001114
4231.000000  0.004127
4256.000000  -0.004748
4282.000000  0.000853
4323.000000  0.007188
4342.000000  -0.007880
4368.000000  0.011187
4422.000000  -0.001637
4458.000000  0.001347
4496.000000  -0.004577
4557.000000  -0.002087
4625.000000  0.008856
4665.000000  -0.004601
4715.000000  -0.004898
4749.000000  -0.003958
4770.000000  0.001154
4851.000000  0.004605
4879.000000  -0.001222
4907.000000  -0.008740
4928.000000  0.007889
4949.000000  -0.009468
4983.000000  0.001702
5003.000000  0.023124
5028.000000  -0.024081
5054.000000  0.002194
5094.000000  -0.000968
5103.000000  0.003260
5148.000000  -0.002928
5183.000000  -0.001117
5232.000000  0.001408
5273.000000  0.001301
5315.000000  -0.001732
5377.000000  -0.000898
5425.000000  -0.000939
5464.000000  0.013093
5522.000000  -0.004453
5532.000000  -0.004650
5564.000000  -0.002606
5603.000000  0.000152
5643.000000  0.005429
5674.000000  -0.005851
5708.000000  0.003078
5752.000000  0.005458
5799.000000  -0.009588
5854.000000  0.002630
5895.000000  0.002606
5931.000000  0.005964
5952.000000  -0.006447
5986.000000  -0.001342
6018.000000  0.008484
6073.000000  -0.004746
6110.000000  -0.002905
6150.000000  0.005459
6232.000000  0.004769
6303.000000  -0.007631
6343.000000  0.001364
6380.000000  -0.002027
6483.000000  0.008183
6519.000000  -0.003158
6579.000000  -0.000455
6595.000000  -0.001746
6631.000000  -0.002023
6691.000000  0.001247
6705.000000  -0.001317
6738.000000  0.000446
6768.000000  0.000571
6806.000000  0.005481
6820.000000  -0.005683
6884.000000  0.003848
6911.000000  -0.000884
6946.000000  0.008832
6991.000000  -0.000665
7051.000000  -0.001458
7088.000000  -0.007542
7113.000000  0.000641
7162.000000  -0.002544
7201.000000  0.008293
7239.000000  -0.008551
7260.000000  0.004623
7299.000000  0.002793
7349.000000  -0.007618
7386.000000  0.002968
7424.000000  -0.000552
7450.000000  -0.000720
7486.000000  0.007038
7529.000000  -0.009263
7569.000000  0.001041
7598.000000  0.002521
7650.000000  0.001620
7683.000000  0.004330
7692.000000  -0.007919
7720.000000  -0.000816
7767.000000  0.006631
7803.000000  -0.010219
7832.000000  0.000286
7849.000000  0.003629
7878.000000  -0.002438
7913.000000  0.003041
7932.000000  0.009254
7974.000000  -0.007636
7982.000000  -0.003678
8023.000000  -0.001571
8049.000000  0.003570
8078.000000  -0.002333
8110.000000  0.001025
8153.000000  0.002960
8198.000000  0.010099
8233.000000  -0.016471
8241.000000  0.000477
8280.000000  0.001318
8307.000000  -0.001046
8345.000000  -0.001647
8388.000000  0.000339
8441.000000  -0.002351
8474.000000  0.000697
8520.000000  0.003034
8555.000000  -0.004907
8582.000000  -0.000583
8618.000000  0.003049
8663.000000  -0.003843
8696.000000  -0.004747
8718.000000  0.001448
8730.000000  -0.000485
8757.000000  -0.001669
8770.000000  0.003927
8789.000000  -0.003097
8805.000000  -0.001519
8825.000000  0.002242
8847.000000  -0.005611
8860.000000  0.001079
8863.000000  -0.000421
8874.000000  -0.002330
8895.000000  0.018087
8930.000000  -0.014860
8969.000000  -0.001050
9010.000000  -0.000324
9053.000000  0.002410
9096.000000  0.000496
9130.000000  0.006057
9194.000000  -0.005759
9240.000000  0.000306
9277.000000  -0.002021
9306.000000  -0.001412
9332.000000  0.001142
9344.000000  0.007024
9368.000000  0.003322
9404.000000  -0.007073
9427.000000  -0.002882
9460.000000  -0.000695
9480.000000  0.001907
9501.000000  0.004492
9519.000000  -0.004339
9549.000000  -0.002508
9569.000000  0.003917
9603.000000  -0.003334
9632.000000  -0.000892
9653.000000  0.002590
9682.000000  -0.006473
9704.000000  0.001313
9737.000000  -0.000720
9760.000000  -0.002364
9774.000000  0.002136
9796.000000  -0.001891
9821.000000  0.001128
9837.000000  0.000996
9872.000000  -0.001983
9887.000000  -0.000339
9922.000000  -0.002172
9927.000000  -0.000211
9938.000000  0.001195
9956.000000  -0.000741
9974.000000  -0.002302
9979.000000  -0.000544
10002.000000  0.003352
10043.000000  -0.001224
10053.000000  -0.000761
10087.000000  0.008431
10130.000000  -0.007956
10182.000000  0.001051
10221.000000  -0.002870
10221.000000  0.001857
10247.000000  -0.004618
10251.000000  -0.000169
10275.000000  0.000198
10293.000000  0.000742
10314.000000  0.000364
10324.000000  -0.000770
10348.000000  -0.000227
10369.000000  0.000186
10375.000000  -0.001852
