216.000000  0.050771
289.000000  0.002716
416.000000  0.045967
483.000000  -0.051356
554.000000  -0.010463
612.000000  0.001859
654.000000  -0.007849
713.000000  0.024497
789.000000  -0.017533
856.000000  0.017941
921.000000  0.007740
1000.000000  -0.017628
1089.000000  0.033612
1195.000000  0.002700
1284.000000  -0.029249
1369.000000  0.024631
1453.000000  0.013443
1537.000000  0.013275
1621.000000  -0.001645
1705.000000  -0.017625
1789.000000  0.005811
1870.000000  0.018147
1989.000000  0.009159
2087.000000  -0.023365
2178.000000  -0.013013
2261.000000  0.016801
2334.000000  -0.011144
2422.000000  -0.000082
2505.000000  -0.013142
2602.000000  0.008447
2680.000000  -0.004849
2765.000000  -0.000255
2847.000000  0.004481
2931.000000  -0.005018
3016.000000  0.003817
3129.000000  0.003031
3198.000000  -0.008428
3281.000000  -0.016267
3358.000000  0.020144
3425.000000  -0.004960
3476.000000  0.005936
3553.000000  0.017777
3634.000000  0.018078
3733.000000  -0.021315
3820.000000  -0.004039
3909.000000  -0.020090
4002.000000  -0.003794
4105.000000  0.017575
4192.000000  -0.003275
4282.000000  -0.013872
4377.000000  0.014119
4472.000000  0.005166
4578.000000  -0.020273
4653.000000  0.023573
4744.000000  -0.020565
4862.000000  0.022981
4942.000000  0.000077
5036.000000  -0.005340
5118.000000  0.004249
5191.000000  -0.003775
5277.000000  -0.011971
5382.000000  0.016523
5481.000000  -0.013167
5545.000000  -0.023295
5637.000000  0.004477
5723.000000  0.003753
5807.000000  0.013175
5896.000000  -0.005166
6017.000000  -0.005070
6113.000000  0.002982
6213.000000  0.003147
6297.000000  0.010990
6410.000000  -0.010449
6500.000000  -0.002589
6613.000000  0.017061
6697.000000  0.027161
6783.000000  0.076095
6839.000000  -0.019156
6903.000000  -0.010160
6952.000000  -0.044204
7013.000000  0.013961
7095.000000  0.011331
7204.000000  -0.026117
7269.000000  0.010406
7384.000000  -0.002426
7465.000000  -0.013277
7555.000000  -0.028729
7635.000000  0.014970
7731.000000  0.009942
7848.000000  0.061198
7889.000000  0.072780
7926.000000  0.013957
7960.000000  0.028535
7963.000000  -0.003859
8011.000000  0.095070
8061.000000  -0.002303
8116.000000  0.110361
8118.000000  -0.248151
8142.000000  -0.021573
8226.000000  -0.080197
8295.000000  -0.002426
8359.000000  -0.012542
8411.000000  0.000160
8438.000000  -0.011852
8519.000000  0.217570
8521.000000  -0.220916
8577.000000  -0.040667
8647.000000  0.027089
8724.000000  0.017758
8798.000000  -0.035099
8874.000000  -0.003486
8977.000000  0.005169
9053.000000  -0.019102
9107.000000  0.014180
9157.000000  0.003310
9257.000000  0.006639
9322.000000  0.173631
9336.000000  0.154407
9384.000000  0.056535
9450.000000  -0.050960
9494.000000  -0.040239
9526.000000  -0.072907
9557.000000  0.007191
9568.000000  -0.028473
9570.000000  -0.271468
9608.000000  0.672891
9724.000000  -0.634608
9825.000000  0.008569
9905.000000  0.001710
9968.000000  0.006869
10132.000000  0.039284
10204.000000  -0.028079
10298.000000  0.038766
10380.000000  -0.043390
10460.000000  0.029654
10509.000000  -0.022375
10565.000000  -0.014382
10600.000000  -0.043210
10673.000000  0.040423
10740.000000  0.002885
10829.000000  -0.001248
10904.000000  -0.003718
10989.000000  -0.007007
11009.000000  -0.027783
11010.000000  -0.014990
11075.000000  0.040110
11163.000000  0.026219
11248.000000  -0.008318
11322.000000  -0.004479
11401.000000  0.001799
11428.000000  -0.015730
11429.000000  -0.041768
11431.000000  0.008893
11456.000000  0.022385
11515.000000  -0.009126
11628.000000  0.033181
11759.000000  -0.015782
11845.000000  0.017699
11924.000000  -0.008352
11995.000000  0.009584
12065.000000  0.002276
12149.000000  0.017329
12226.000000  0.013541
12311.000000  -0.010872
12385.000000  -0.039276
12460.000000  0.016709
12523.000000  0.044014
12616.000000  -0.033814
12646.000000  -0.030025
12733.000000  0.011561
12814.000000  0.033238
12909.000000  0.006420
12989.000000  -0.022890
13077.000000  0.022069
13171.000000  0.016235
13210.000000  -0.049304
13273.000000  0.007703
13311.000000  -0.000524
13381.000000  0.002941
13459.000000  0.012575
13533.000000  0.017802
13631.000000  0.034855
13689.000000  -0.005825
13729.000000  -0.065097
13730.000000  -0.062739
13749.000000  0.194848
13790.000000  -0.163385
13873.000000  0.024604
13936.000000  0.004838
13975.000000  -0.041305
14015.000000  -0.000281
14054.000000  0.004301
14100.000000  -0.006412
14202.000000  0.022200
14293.000000  0.019397
14354.000000  0.004846
14419.000000  -0.013482
14499.000000  -0.002218
14552.000000  -0.004370
14610.000000  -0.020930
14676.000000  0.004629
14772.000000  0.025927
14840.000000  0.010484
14905.000000  -0.027045
14962.000000  -0.007987
15018.000000  0.007152
15081.000000  -0.001339
15141.000000  0.014982
15201.000000  -0.007935
15263.000000  0.004053
15321.000000  -0.009979
15381.000000  0.021807
15441.000000  -0.030875
15501.000000  0.017989
15559.000000  -0.005336
15624.000000  0.018754
15714.000000  -0.024509
15777.000000  0.012755
15778.000000  -0.042967
15828.000000  0.030626
15883.000000  0.002277
15933.000000  0.004079
15990.000000  -0.002049
16077.000000  0.011213
16152.000000  -0.008538
16207.000000  0.007357
16257.000000  -0.021429
16309.000000  0.032176
16360.000000  -0.007625
16447.000000  0.004733
16521.000000  -0.021095
16564.000000  -0.018316
16617.000000  0.024434
16695.000000  -0.008830
16744.000000  0.011790
16866.000000  -0.009623
16978.000000  0.022418
17076.000000  0.023164
17161.000000  -0.020294
17208.000000  -0.004228
17293.000000  -0.011067
17316.000000  -0.017955
17343.000000  -0.003946
17362.000000  0.002902
17374.000000  0.007280
17433.000000  0.017808
17502.000000  -0.013993
17571.000000  0.007109
17615.000000  -0.016648
17675.000000  0.015019
17746.000000  -0.004489
17839.000000  -0.006189
17902.000000  0.040242
17932.000000  -0.051406
17948.000000  -0.009078
18009.000000  0.024909
18087.000000  0.012292
18160.000000  -0.000773
18265.000000  -0.001870
18346.000000  0.036362
18441.000000  -0.000982
18540.000000  0.044302
18614.000000  -0.062661
18692.000000  -0.006898
18796.000000  0.014199
18900.000000  -0.003164
18963.000000  -0.010474
19030.000000  0.009842
19101.000000  -0.033197
19207.000000  0.004566
19275.000000  -0.012456
19316.000000  -0.005813
19354.000000  0.002086
19376.000000  -0.017581
19457.000000  0.024447
19527.000000  0.004770
19639.000000  0.018286
19717.000000  -0.000153
19785.000000  -0.013498
19788.000000  -0.037402
19793.000000  0.002888
19874.000000  0.051968
19930.000000  -0.034385
19975.000000  0.000010
20055.000000  0.024422
20131.000000  -0.001439
20214.000000  0.003760
20301.000000  -0.005011
20378.000000  -0.006195
20472.000000  0.037057
20553.000000  -0.023261
20640.000000  -0.003380
20704.000000  0.003199
20726.000000  -0.040861
20753.000000  -0.000667
20754.000000  -0.007483
20830.000000  0.046148
20951.000000  0.011618
20957.000000  -0.042547
20960.000000  -0.010908
21071.000000  0.045217
21171.000000  0.083121
21230.000000  -0.064671
21265.000000  -0.021777
21345.000000  0.007173
21420.000000  0.021514
21498.000000  -0.025196
21574.000000  -0.000923
21653.000000  0.000987
21733.000000  0.023175
21814.000000  -0.016350
21880.000000  0.007712
21899.000000  -0.009408
21932.000000  -0.013350
22027.000000  -0.002624
22095.000000  -0.007427
22147.000000  -0.015731
22149.000000  -0.010914
22211.000000  0.067138
22292.000000  0.020876
22376.000000  0.014668
22462.000000  -0.030961
22566.000000  -0.010284
22661.000000  0.005818
22767.000000  0.012786
22834.000000  -0.009436
22908.000000  0.009327
22964.000000  0.003384
23047.000000  0.013867
23126.000000  -0.019359
23198.000000  -0.003969
23276.000000  -0.016349
23379.000000  0.021015
23457.000000  -0.013195
23524.000000  -0.011293
23591.000000  -0.000482
23681.000000  0.054603
23732.000000  -0.004217
23789.000000  -0.055501
23865.000000  0.007286
23961.000000  0.019917
24075.000000  -0.002384
24188.000000  0.089426
24233.000000  -0.007640
24279.000000  0.100759
24327.000000  -0.220966
24402.000000  0.018244
24478.000000  -0.017858
24581.000000  0.039726
24659.000000  -0.005166
24739.000000  -0.004166
24844.000000  0.021492
24943.000000  0.007717
25035.000000  -0.017484
25154.000000  0.006069
25242.000000  0.012355
25340.000000  -0.032746
25436.000000  0.009152
25527.000000  0.015177
25594.000000  -0.004623
25687.000000  0.103628
25751.000000  -0.000884
25829.000000  -0.084659
25959.000000  -0.001884
26017.000000  -0.057777
26054.000000  -0.026993
26096.000000  -0.012191
26136.000000  0.012922
26161.000000  -0.016881
26234.000000  0.081629
26331.000000  0.059799
26402.000000  0.028936
26446.000000  -0.044774
26505.000000  0.004219
26572.000000  0.013916
26657.000000  0.001268
26734.000000  0.022739
26806.000000  -0.102699
26912.000000  0.015792
26994.000000  -0.023099
27080.000000  0.010750
27165.000000  -0.014373
27249.000000  0.031151
27326.000000  -0.028034
27401.000000  -0.001704
27476.000000  0.010192
27577.000000  0.009447
27669.000000  -0.015559
27756.000000  0.035792
27853.000000  0.046983
27928.000000  -0.037173
27998.000000  0.030609
28032.000000  -0.084345
28103.000000  0.003809
28200.000000  0.000678
28314.000000  0.001462
28393.000000  0.027469
28452.000000  -0.054153
28526.000000  0.042919
28599.000000  -0.020734
28704.000000  0.005054
28788.000000  -0.013143
28861.000000  -0.012112
28934.000000  0.014374
28940.000000  -0.045353
28996.000000  0.022469
29081.000000  0.049814
29165.000000  -0.035953
29264.000000  0.013909
29294.000000  -0.003570
29355.000000  -0.008328
29368.000000  -0.009502
29427.000000  0.032301
29477.000000  -0.047973
29528.000000  0.008501
29561.000000  0.000969
29621.000000  -0.004916
29689.000000  0.034794
29762.000000  -0.020039
29838.000000  -0.013625
29930.000000  0.034292
30008.000000  -0.028251
30090.000000  0.021207
30204.000000  0.002948
30283.000000  0.004446
30328.000000  -0.012216
30329.000000  -0.045614
30366.000000  0.011565
30411.000000  0.012761
30460.000000  -0.002065
30492.000000  0.012005
30493.000000  -0.027146
30570.000000  0.037766
30668.000000  0.008626
30763.000000  0.001073
30817.000000  0.040207
30900.000000  -0.044372
30938.000000  -0.002157
31006.000000  -0.018705
31094.000000  -0.005208
31179.000000  0.024580
31283.000000  0.009775
31351.000000  -0.008257
31384.000000  -0.006202
31425.000000  0.010059
31434.000000  -0.023771
31492.000000  0.037628
31557.000000  -0.033419
31645.000000  0.003968
31732.000000  0.029223
31784.000000  -0.025793
31856.000000  -0.002061
31930.000000  -0.001164
32013.000000  0.000103
32059.000000  -0.020103
32098.000000  -0.006536
32140.000000  0.000548
32189.000000  0.004816
32233.000000  -0.004066
32277.000000  0.004899
32320.000000  0.010752
32365.000000  0.007497
32407.000000  -0.011777
32451.000000  0.016442
32511.000000  0.002011
32620.000000  -0.010073
32705.000000  0.028251
32814.000000  -0.000389
32909.000000  0.004224
32993.000000  -0.002394
33050.000000  -0.013964
33131.000000  0.011812
33224.000000  0.008921
33280.000000  -0.006305
33309.000000  -0.006166
33316.000000  -0.054375
33322.000000  0.007873
33403.000000  0.015012
33500.000000  0.014571
33599.000000  0.012196
33698.000000  0.044812
33765.000000  -0.040860
33836.000000  0.029866
33840.000000  -0.039160
33844.000000  -0.016364
33910.000000  -0.012683
34017.000000  0.023095
34095.000000  -0.001135
34175.000000  0.014743
34262.000000  0.021539
34304.000000  -0.033001
34347.000000  -0.012908
34377.000000  0.040769
34393.000000  -0.050013
34481.000000  0.012614
34574.000000  0.005664
34670.000000  0.015437
34742.000000  -0.006996
34811.000000  0.006546
34869.000000  -0.009789
34944.000000  0.005906
35026.000000  0.017812
35052.000000  -0.012645
35119.000000  0.014558
35174.000000  -0.010469
35181.000000  -0.042963
35186.000000  -0.010168
35267.000000  0.042719
35354.000000  0.021593
35424.000000  -0.033558
35499.000000  0.005567
35510.000000  -0.022243
35513.000000  -0.021344
35588.000000  0.100702
35700.000000  -0.014820
35778.000000  -0.017799
35856.000000  -0.003070
35934.000000  -0.011307
36017.000000  0.038796
36149.000000  -0.001443
36226.000000  -0.007844
36285.000000  -0.027640
36365.000000  0.036097
36386.000000  -0.046873
36423.000000  0.029361
36424.000000  -0.052537
36492.000000  0.051835
36532.000000  -0.027519
36534.000000  -0.043288
36641.000000  0.059152
36726.000000  -0.001265
36802.000000  0.005715
36888.000000  0.000002
36956.000000  -0.000667
37030.000000  0.033541
37093.000000  -0.026905
37190.000000  0.021097
37275.000000  0.009981
37303.000000  -0.045336
37379.000000  -0.002402
37453.000000  0.060957
37529.000000  0.007320
37638.000000  -0.040587
37707.000000  -0.022026
37786.000000  -0.003210
37887.000000  0.011877
37941.000000  0.013626
38010.000000  -0.020020
38070.000000  0.019745
38165.000000  -0.007794
38245.000000  0.024481
38285.000000  0.062925
38289.000000  0.005146
38290.000000  -0.010858
38300.000000  -0.126822
38303.000000  0.179404
38340.000000  -0.156254
38405.000000  -0.025030
38496.000000  0.054624
38604.000000  -0.027557
38663.000000  -0.007311
38761.000000  0.012693
38806.000000  -0.013535
38812.000000  -0.033320
38815.000000  -0.002150
38869.000000  0.065395
38876.000000  -0.063381
38927.000000  0.268325
38948.000000  -0.009279
39006.000000  -0.225042
39090.000000  0.006220
39134.000000  -0.021246
39188.000000  -0.010301
39209.000000  0.012155
39291.000000  0.034525
39369.000000  -0.008997
39439.000000  0.000639
39520.000000  0.039066
39615.000000  -0.006459
39623.000000  -0.058383
39654.000000  0.042851
39745.000000  -0.036884
39830.000000  0.027914
39937.000000  -0.015707
40046.000000  0.014943
40114.000000  0.007108
40160.000000  -0.030241
40219.000000  0.008287
40236.000000  -0.018188
40300.000000  0.018997
40402.000000  -0.006991
40496.000000  0.037881
40564.000000  -0.025572
40641.000000  0.024134
40722.000000  -0.024088
40769.000000  0.001642
40804.000000  -0.000920
40824.000000  -0.008877
