995.000000  8.540125
1474.000000  -6.869919
1802.000000  -0.519230
2087.000000  -0.000600
2364.000000  -0.053472
2574.000000  -0.061459
2752.000000  0.031482
2995.000000  -0.128444
3189.000000  -0.036900
3401.000000  0.031746
3694.000000  -0.185409
3879.000000  0.243439
4094.000000  -0.027082
4234.000000  0.101549
4407.000000  0.102961
4628.000000  -0.037127
4803.000000  -0.153065
4895.000000  -0.640772
4977.000000  0.520585
5062.000000  0.030092
5189.000000  0.115523
5260.000000  -0.545889
5286.000000  -0.199835
5410.000000  0.727400
5583.000000  -0.503640
5722.000000  0.161321
5838.000000  0.024507
5993.000000  -0.000707
6150.000000  -0.302073
6382.000000  0.632715
6604.000000  0.041466
6891.000000  -0.469033
7176.000000  0.532415
7452.000000  0.558609
7743.000000  -0.000309
7884.000000  -0.495492
8054.000000  0.514857
8242.000000  -0.753244
8489.000000  0.250416
8690.000000  -0.082324
8944.000000  0.441232
9268.000000  -0.599376
9552.000000  0.610752
9723.000000  -0.063995
9920.000000  0.158234
10128.000000  0.060548
10329.000000  -0.461939
10520.000000  -0.004788
10653.000000  -0.323161
10837.000000  0.913502
11001.000000  -0.373349
11120.000000  -0.085837
11345.000000  0.392611
11586.000000  -0.268267
11870.000000  0.163898
12091.000000  0.188808
12295.000000  -0.288162
12509.000000  -0.641848
12707.000000  0.768134
12912.000000  -0.382287
13065.000000  0.027173
13239.000000  0.138740
13491.000000  -0.172889
13736.000000  -0.004611
14011.000000  0.063028
14284.000000  -0.185493
14516.000000  -0.462101
14752.000000  -0.043713
15031.000000  0.382997
15315.000000  0.174211
15657.000000  -0.067244
15960.000000  -0.125809
16213.000000  -0.423693
16409.000000  0.370466
16606.000000  0.125517
16767.000000  0.039577
16927.000000  -0.011696
17103.000000  -0.135432
17240.000000  -0.311393
17427.000000  0.029516
17633.000000  0.021302
17841.000000  -0.165293
18042.000000  0.109967
18256.000000  -0.094937
18487.000000  0.057754
18679.000000  -0.166704
18828.000000  0.133607
18954.000000  -0.126724
19088.000000  -0.039582
19232.000000  -0.020959
19376.000000  0.038905
19564.000000  0.009507
19711.000000  -0.017490
19848.000000  -0.048033
19989.000000  -0.006783
20158.000000  0.086818
20348.000000  -0.053522
20530.000000  0.019512
20685.000000  0.017570
20818.000000  0.042991
20884.000000  -0.085527
20978.000000  -0.052312
21043.000000  0.205951
21164.000000  0.087121
21257.000000  0.009923
21357.000000  0.018233
21516.000000  -0.057773
21658.000000  -0.055910
21879.000000  -0.003878
22110.000000  0.077095
22270.000000  0.012065
22476.000000  -0.269546
22631.000000  0.004781
22762.000000  0.002298
22988.000000  0.003020
23187.000000  0.014327
23385.000000  0.010416
23531.000000  -0.028939
23714.000000  0.037135
23896.000000  0.020507
24062.000000  -0.021826
24233.000000  0.020437
24370.000000  0.249074
24543.000000  0.161282
24790.000000  0.104268
24981.000000  -0.026388
25306.000000  0.020586
25572.000000  0.013943
25927.000000  -0.025928
26207.000000  0.037356
26502.000000  -0.132997
26817.000000  0.117867
27019.000000  0.329565
27140.000000  -0.568778
27336.000000  0.212117
27474.000000  -0.387924
27702.000000  0.396278
27961.000000  -0.165522
28265.000000  0.274859
28399.000000  -0.151999
28558.000000  -0.074971
28705.000000  -0.129958
28854.000000  -0.093443
28914.000000  -0.109990
29004.000000  0.017816
29104.000000  0.201874
29303.000000  0.063427
29475.000000  0.017096
29656.000000  0.071941
29825.000000  -0.007215
29978.000000  -0.071470
30177.000000  0.039387
30329.000000  -0.055344
30438.000000  0.165319
30640.000000  -0.186952
30825.000000  -0.032534
31036.000000  0.081443
31279.000000  -0.078146
31599.000000  -0.026036
31913.000000  0.216380
32205.000000  0.000526
32469.000000  -0.057171
32626.000000  0.119063
32825.000000  -0.044709
33042.000000  0.088350
33195.000000  -0.059485
33359.000000  0.028452
33514.000000  -0.145310
33639.000000  -0.075480
33725.000000  -0.076110
33851.000000  0.094804
33958.000000  -0.089256
34009.000000  -0.174850
34123.000000  0.048444
34212.000000  -0.002496
34281.000000  -0.048393
34438.000000  0.084179
34587.000000  -0.013612
34727.000000  -0.137500
34746.000000  -0.073660
34895.000000  0.022232
35093.000000  0.075588
35260.000000  0.234590
35355.000000  -0.000146
35425.000000  -0.203016
35619.000000  0.137781
35942.000000  0.121161
36021.000000  -0.343739
36091.000000  -0.019662
36192.000000  0.019912
36272.000000  0.004747
36385.000000  0.003559
36569.000000  0.093075
36725.000000  0.156748
36742.000000  -0.272409
36849.000000  0.289816
36928.000000  -0.129631
37003.000000  -0.150778
37106.000000  0.215075
37251.000000  -0.046813
37429.000000  0.005536
37560.000000  -0.039109
37670.000000  0.000802
37760.000000  0.052585
37853.000000  -0.021206
37945.000000  -0.089027
38029.000000  -0.000574
38132.000000  -0.030501
38181.000000  0.064574
38235.000000  -0.075551
38317.000000  0.042003
38420.000000  -0.010917
38531.000000  0.014369
38591.000000  -0.042994
38657.000000  0.007869
38722.000000  -0.013567
38856.000000  0.044427
39010.000000  0.021885
39063.000000  -0.040373
39157.000000  0.072440
39289.000000  0.132204
39468.000000  -0.015081
39663.000000  -0.055103
39869.000000  -0.014656
40035.000000  -0.007333
40212.000000  0.054361
40353.000000  0.008186
40478.000000  0.553488
40522.000000  -0.720371
40549.000000  -0.075534
40569.000000  -0.014002
40608.000000  0.043175
40816.000000  -0.017740
