216.000000  0.205872
307.000000  0.138791
433.000000  0.153730
498.000000  0.145712
578.000000  0.126662
634.000000  0.113262
679.000000  0.126370
749.000000  0.137783
821.000000  0.149817
879.000000  0.150148
953.000000  0.155121
1054.000000  0.157777
1135.000000  0.182928
1242.000000  0.171885
1302.000000  0.159390
1367.000000  0.158025
1422.000000  0.159247
1478.000000  0.155538
1530.000000  0.155998
1574.000000  0.157995
1617.000000  0.149598
1672.000000  0.148861
1727.000000  0.150642
1793.000000  0.163259
1870.000000  0.176450
1964.000000  0.153573
2051.000000  0.183732
2120.000000  0.170752
2200.000000  0.189213
2279.000000  0.188435
2324.000000  0.187340
2369.000000  0.201703
2439.000000  0.202757
2549.000000  0.223819
2658.000000  0.227226
2752.000000  0.169859
2835.000000  0.193330
2907.000000  0.220745
2985.000000  0.209957
3070.000000  0.200862
3153.000000  0.205885
3167.000000  0.185541
3241.000000  0.197666
3312.000000  0.223906
3399.000000  0.192862
3502.000000  0.222786
3583.000000  0.222346
3610.000000  0.208506
3615.000000  0.178550
3663.000000  0.202547
3710.000000  0.168846
3760.000000  0.194930
3797.000000  0.193480
3858.000000  0.184196
3935.000000  0.210163
4001.000000  0.204590
4080.000000  0.198357
4134.000000  0.196559
4171.000000  0.150223
4230.000000  0.196054
4288.000000  0.204531
4338.000000  0.200342
4388.000000  0.176043
4453.000000  0.155335
4570.000000  0.207983
4673.000000  0.245361
4755.000000  0.221995
4878.000000  0.257573
4979.000000  0.279708
5057.000000  0.252079
5083.000000  0.194771
5179.000000  0.273008
5257.000000  0.249406
5342.000000  0.289181
5428.000000  0.286022
5509.000000  0.247189
5584.000000  0.214061
5672.000000  0.292002
5753.000000  0.237542
5800.000000  0.213090
5910.000000  0.298511
5988.000000  0.290319
6070.000000  0.270918
6153.000000  0.320561
6268.000000  0.267220
6324.000000  0.240655
6398.000000  0.293647
6469.000000  0.285493
6541.000000  0.289934
6612.000000  0.284759
6690.000000  0.322950
6775.000000  0.294502
6860.000000  0.293000
6937.000000  0.288420
7011.000000  0.294490
7132.000000  0.321993
7210.000000  0.313474
7246.000000  0.316368
7296.000000  0.307580
7335.000000  0.320499
7375.000000  0.492406
7376.000000  0.439925
7392.000000  0.211444
7477.000000  0.271321
7575.000000  0.229920
7662.000000  0.266872
7738.000000  0.273789
7840.000000  0.291381
7927.000000  0.292187
8012.000000  0.307096
8092.000000  0.280373
8178.000000  0.340015
8263.000000  0.296948
8348.000000  0.266744
8427.000000  0.270417
8483.000000  0.255920
8536.000000  0.243336
8542.000000  0.195993
8575.000000  0.268773
8641.000000  0.302636
8737.000000  0.293707
8827.000000  0.313731
8899.000000  0.304877
8980.000000  0.325985
9066.000000  0.284488
9153.000000  0.310537
9236.000000  0.286608
9309.000000  0.259494
9400.000000  0.286399
9483.000000  0.294110
9562.000000  0.337129
9642.000000  0.269836
9720.000000  0.261837
9807.000000  0.333651
9886.000000  0.261506
9980.000000  0.314499
10055.000000  0.280011
10140.000000  0.329400
10217.000000  0.311880
10289.000000  0.346391
10409.000000  0.381072
10496.000000  0.360919
10600.000000  0.333764
10691.000000  0.316861
10770.000000  0.360232
10849.000000  0.305421
10978.000000  0.401614
11055.000000  0.374288
11092.000000  0.398335
11159.000000  0.413021
11188.000000  0.467133
11253.000000  0.450354
11289.000000  0.349607
11312.000000  0.538459
11316.000000  0.309251
11413.000000  0.250489
11499.000000  0.291952
11576.000000  0.300264
11676.000000  0.320785
11724.000000  0.265823
11735.000000  0.286509
11737.000000  0.280409
11812.000000  0.270018
11858.000000  0.207095
11902.000000  0.259174
11951.000000  0.259078
11994.000000  0.270106
12006.000000  0.239919
12074.000000  0.257369
12194.000000  0.267290
12277.000000  0.238127
12406.000000  0.296189
12511.000000  0.307121
12581.000000  0.272008
12585.000000  0.250887
12603.000000  0.251309
12607.000000  0.249820
12665.000000  0.262738
12787.000000  0.253312
12876.000000  0.265137
12950.000000  0.289238
13027.000000  0.288076
13121.000000  0.322070
13179.000000  0.301076
13208.000000  0.282778
13279.000000  0.270867
13367.000000  0.285808
13445.000000  0.308724
13537.000000  0.306680
13622.000000  0.294999
13712.000000  0.313485
13741.000000  0.278265
13816.000000  0.304269
13910.000000  0.302862
13914.000000  0.275619
13970.000000  0.296711
14016.000000  0.248289
14040.000000  0.237855
14143.000000  0.248428
14246.000000  0.306737
14354.000000  0.341826
14430.000000  0.322331
14518.000000  0.302354
14594.000000  0.309267
14673.000000  0.294314
14753.000000  0.319810
14835.000000  0.320219
14934.000000  0.327401
15026.000000  0.340552
15096.000000  0.317263
15166.000000  0.335927
15242.000000  0.329553
15316.000000  0.344402
15425.000000  0.356005
15505.000000  0.342559
15589.000000  0.297487
15675.000000  0.310196
15753.000000  0.322692
15829.000000  0.293196
15900.000000  0.377018
15984.000000  0.292402
16065.000000  0.301648
16140.000000  0.353877
16221.000000  0.382415
16309.000000  0.368782
16392.000000  0.361183
16478.000000  0.318251
16549.000000  0.372635
16632.000000  0.347571
16732.000000  0.370908
16821.000000  0.370817
16906.000000  0.335285
16995.000000  0.330704
17079.000000  0.384496
17164.000000  0.364212
17247.000000  0.369492
17322.000000  0.368439
17433.000000  0.371740
17589.000000  0.440564
17684.000000  0.413095
17793.000000  0.442199
17910.000000  0.445911
18007.000000  0.448784
18091.000000  0.387567
18178.000000  0.481179
18268.000000  0.401907
18345.000000  0.489222
18385.000000  0.530660
18445.000000  0.475482
18523.000000  0.469923
18601.000000  0.527842
18678.000000  0.471364
18757.000000  0.441582
18813.000000  0.512292
18900.000000  0.524977
18947.000000  0.457997
19006.000000  0.459254
19080.000000  0.463134
19157.000000  0.418795
19236.000000  0.393975
19320.000000  0.374786
19405.000000  0.403980
19481.000000  0.381651
19561.000000  0.400324
19662.000000  0.411560
19754.000000  0.409257
19827.000000  0.359887
19911.000000  0.434160
19998.000000  0.449859
20091.000000  0.413339
20096.000000  0.362669
20179.000000  0.429470
20260.000000  0.446028
20305.000000  0.386581
20388.000000  0.477313
20414.000000  0.482397
20481.000000  0.490658
20568.000000  0.469069
20622.000000  0.427944
20676.000000  0.475444
20763.000000  0.521740
20858.000000  0.434179
20933.000000  0.451156
21052.000000  0.487492
21133.000000  0.502329
21229.000000  0.613946
21316.000000  0.693103
21328.000000  0.588654
21347.000000  0.680513
21370.000000  0.670138
21411.000000  0.674130
21470.000000  0.659760
21547.000000  0.569148
21599.000000  0.489028
21675.000000  0.605995
21763.000000  0.630305
21833.000000  0.464387
21865.000000  0.548047
21926.000000  0.558110
22015.000000  0.556440
22106.000000  0.803404
22181.000000  0.787579
22261.000000  0.790861
22291.000000  0.882570
22318.000000  0.373252
22392.000000  0.346668
22537.000000  0.360894
22633.000000  0.379936
22735.000000  0.411112
22795.000000  0.403556
22867.000000  0.400805
22936.000000  0.369851
22970.000000  0.357584
23096.000000  0.399365
23171.000000  0.385391
23215.000000  0.348817
23273.000000  0.343599
23353.000000  0.356131
23361.000000  0.347162
23415.000000  0.375552
23480.000000  0.314845
23544.000000  0.370996
23623.000000  0.386064
23721.000000  0.350834
23799.000000  0.384410
23879.000000  0.386495
23885.000000  0.330905
23887.000000  0.350826
24026.000000  0.359578
24114.000000  0.400828
24221.000000  0.382908
24307.000000  0.399557
24400.000000  0.359057
24509.000000  0.412174
24587.000000  0.441585
24665.000000  0.412028
24751.000000  0.380795
24844.000000  0.380542
24929.000000  0.425242
25016.000000  0.420394
25123.000000  0.428949
25201.000000  0.450477
25267.000000  0.412264
25338.000000  0.439968
25447.000000  0.504291
25528.000000  0.439400
25608.000000  0.429515
25638.000000  0.404016
25708.000000  0.423982
25777.000000  0.486219
25844.000000  0.498710
25897.000000  0.520520
25968.000000  0.493022
25995.000000  0.410088
25998.000000  0.342744
25999.000000  0.344738
26002.000000  0.372595
26033.000000  0.393613
26114.000000  0.331013
26222.000000  0.425853
26265.000000  0.425762
26307.000000  0.326210
26356.000000  0.385529
26402.000000  0.338896
26491.000000  0.347636
26641.000000  0.429715
26763.000000  0.437736
26840.000000  0.451422
26934.000000  0.446995
27031.000000  0.429919
27137.000000  0.432454
27291.000000  0.497103
27377.000000  0.501617
27451.000000  0.497098
27558.000000  0.453801
27627.000000  0.414601
27698.000000  0.453444
27779.000000  0.458494
27874.000000  0.423186
27938.000000  0.466244
27991.000000  0.411414
28043.000000  0.425450
28100.000000  0.424336
28168.000000  0.488818
28183.000000  0.545910
28234.000000  0.495431
28328.000000  0.544655
28375.000000  0.469495
28376.000000  0.407845
28376.000000  0.323248
28384.000000  0.398859
28386.000000  0.369903
28437.000000  0.402142
28511.000000  0.361915
28584.000000  0.409134
28643.000000  0.371574
28721.000000  0.433372
28826.000000  0.412664
28894.000000  0.430194
28952.000000  0.435932
29022.000000  0.443834
29104.000000  0.432380
29161.000000  0.439831
29231.000000  0.435769
29306.000000  0.378654
29380.000000  0.430625
29454.000000  0.381537
29516.000000  0.421807
29589.000000  0.430344
29670.000000  0.454805
29746.000000  0.418167
29808.000000  0.434493
29860.000000  0.418306
29925.000000  0.442253
29979.000000  0.403153
30036.000000  0.405907
30106.000000  0.443209
30177.000000  0.449285
30231.000000  0.381989
30283.000000  0.374235
30334.000000  0.377187
30398.000000  0.408861
30467.000000  0.482406
30505.000000  0.480270
30565.000000  0.432241
30629.000000  0.471383
30681.000000  0.439219
30763.000000  0.465735
30860.000000  0.434840
30917.000000  0.441106
31018.000000  0.455036
31102.000000  0.432420
31184.000000  0.459922
31282.000000  0.435791
31393.000000  0.490738
31422.000000  0.440186
31458.000000  0.431251
31569.000000  0.453536
31613.000000  0.438537
31620.000000  0.399394
31684.000000  0.431082
31734.000000  0.436309
31778.000000  0.421644
31844.000000  0.416912
31933.000000  0.426490
32004.000000  0.445783
32020.000000  0.410824
32075.000000  0.489666
32173.000000  0.474291
32272.000000  0.464677
32391.000000  0.487413
32459.000000  0.478435
32505.000000  0.431070
32527.000000  0.399009
32591.000000  0.465721
32684.000000  0.451729
32791.000000  0.461753
32880.000000  0.431510
32960.000000  0.463623
32975.000000  0.383592
32977.000000  0.429129
32980.000000  0.449956
33042.000000  0.415240
33135.000000  0.440524
33221.000000  0.456999
33317.000000  0.486583
33395.000000  0.429783
33459.000000  0.472431
33475.000000  0.386121
33526.000000  0.441979
33638.000000  0.461292
33700.000000  0.419663
33738.000000  0.440463
33824.000000  0.443057
33901.000000  0.468398
33984.000000  0.467177
34066.000000  0.440340
34150.000000  0.466136
34255.000000  0.460464
34341.000000  0.483035
34385.000000  0.466042
34448.000000  0.476598
34524.000000  0.480268
34528.000000  0.445265
34626.000000  0.461300
34627.000000  0.442207
34651.000000  0.440038
34688.000000  0.436364
34731.000000  0.451310
34765.000000  0.430650
34845.000000  0.451750
34922.000000  0.451875
34981.000000  0.434534
34984.000000  0.435017
35051.000000  0.422133
35128.000000  0.386722
35198.000000  0.458124
35242.000000  0.434800
35257.000000  0.415703
35350.000000  0.469301
35433.000000  0.463345
35519.000000  0.446149
35621.000000  0.452754
35630.000000  0.427593
35684.000000  0.448440
35823.000000  0.428902
35967.000000  0.485750
35974.000000  0.399900
36033.000000  0.464793
36115.000000  0.478003
36185.000000  0.446689
36263.000000  0.483290
36344.000000  0.492384
36444.000000  0.433503
36545.000000  0.471941
36621.000000  0.500020
36630.000000  0.451399
36647.000000  0.870511
36660.000000  1.042299
36756.000000  0.457797
36825.000000  0.417469
36935.000000  0.467618
37045.000000  0.490220
37147.000000  0.478540
37246.000000  0.506615
37335.000000  0.485748
37413.000000  0.499307
37483.000000  0.483232
37549.000000  0.497733
37583.000000  0.496708
37585.000000  0.409524
37638.000000  0.485514
37650.000000  0.481491
37652.000000  0.423721
37655.000000  0.452432
37712.000000  0.449981
37795.000000  0.479363
37894.000000  0.448906
38006.000000  0.486361
38021.000000  0.411321
38108.000000  0.477414
38143.000000  0.460047
38159.000000  0.455098
38162.000000  0.427187
38246.000000  0.462160
38335.000000  0.452117
38442.000000  0.475994
38524.000000  0.463879
38574.000000  0.462883
38576.000000  0.424016
38583.000000  0.448397
38686.000000  0.460453
38770.000000  0.472974
38834.000000  0.512458
38922.000000  0.468058
38948.000000  0.449668
38950.000000  0.433980
39018.000000  0.444084
39119.000000  0.427361
39219.000000  0.433230
39316.000000  0.462430
39399.000000  0.446676
39493.000000  0.489984
39504.000000  0.446932
39561.000000  0.478808
39644.000000  0.486447
39680.000000  0.490456
39720.000000  0.488996
39746.000000  0.451374
39800.000000  0.422170
39921.000000  0.452130
39990.000000  0.418214
40101.000000  0.471798
40127.000000  0.490062
40219.000000  0.477756
40289.000000  0.485956
40290.000000  0.434595
40294.000000  0.416614
40403.000000  0.455905
40474.000000  0.448330
40570.000000  0.451847
40645.000000  0.470879
40772.000000  0.521073
40811.000000  0.461076
40816.000000  0.437098
40819.000000  0.420931
