2285.000000  19.460892
3549.000000  -15.566839
4130.000000  -1.173412
4736.000000  0.695440
5344.000000  -0.882937
5856.000000  -0.063089
6795.000000  0.026044
7665.000000  0.438609
8472.000000  0.058823
9057.000000  -0.023409
9492.000000  -2.015990
9763.000000  -0.119428
10194.000000  -0.145730
10668.000000  0.246666
10979.000000  -0.281898
11147.000000  0.035664
11431.000000  -0.113233
11542.000000  -0.149943
11686.000000  -0.053491
11785.000000  -0.059303
11999.000000  -0.029187
12290.000000  0.766506
12531.000000  0.165166
12814.000000  0.885021
13084.000000  -0.196950
13358.000000  0.102331
13668.000000  0.320047
13890.000000  -1.916320
14120.000000  -0.098236
14401.000000  0.072681
14772.000000  1.470669
15363.000000  1.724358
15830.000000  -1.225854
16174.000000  1.490069
16716.000000  -0.016540
17124.000000  -0.479884
17552.000000  1.001500
18186.000000  -0.918658
18865.000000  0.475971
19504.000000  0.195631
20101.000000  -0.527457
20669.000000  -0.180892
21238.000000  0.219753
21793.000000  -0.579133
22461.000000  0.999444
22930.000000  -2.041936
23174.000000  -1.033674
23343.000000  -0.378478
23674.000000  0.090102
24114.000000  1.774670
24774.000000  0.343448
25408.000000  -0.202840
26350.000000  0.275913
27425.000000  0.998047
28392.000000  -0.022369
29275.000000  -1.581664
30156.000000  1.241339
30748.000000  -0.127168
31262.000000  -0.683015
31625.000000  -1.767159
32045.000000  1.827138
32373.000000  0.233377
32684.000000  0.025223
33111.000000  0.267445
33632.000000  -0.646695
34283.000000  -0.100419
34969.000000  1.020100
35791.000000  0.118870
36319.000000  -0.409048
37056.000000  -0.029340
37552.000000  -0.547192
38105.000000  -0.531159
38559.000000  0.699404
39509.000000  0.545631
40223.000000  0.197270
41047.000000  -0.827501
41746.000000  -0.490356
42525.000000  0.020320
43443.000000  0.256321
44281.000000  -0.108121
45039.000000  -0.242585
45469.000000  0.483359
45902.000000  -0.409458
46420.000000  0.648308
47559.000000  0.254161
48508.000000  -0.250831
49569.000000  -0.085602
50335.000000  -0.013833
51128.000000  -0.462994
51790.000000  0.248347
52579.000000  0.459008
53382.000000  -0.788544
54095.000000  0.081889
54943.000000  0.111342
56034.000000  0.189126
57054.000000  -0.021262
58055.000000  0.078713
58816.000000  -0.492244
59342.000000  0.066347
59804.000000  -0.585674
60456.000000  0.458681
61065.000000  -0.049772
61663.000000  -0.334579
62349.000000  -0.119210
63050.000000  -0.139709
63565.000000  -0.121082
64052.000000  0.115234
64639.000000  -0.101241
65225.000000  -0.108677
65730.000000  0.242576
66307.000000  -0.110282
67130.000000  0.016720
67837.000000  0.031248
68382.000000  -0.287853
68968.000000  0.003913
69443.000000  0.409009
69898.000000  -0.308290
70188.000000  -0.204648
70480.000000  0.397369
70805.000000  0.367328
71222.000000  0.199545
71844.000000  -0.350586
72262.000000  0.084959
72803.000000  -0.162146
73453.000000  -0.124357
73668.000000  -0.139665
73975.000000  0.081167
74219.000000  0.140186
74649.000000  0.117947
75300.000000  0.038003
75843.000000  -0.187961
76449.000000  0.178769
77005.000000  -0.230603
77246.000000  -0.172021
77356.000000  -0.142652
77641.000000  0.114032
78193.000000  -0.050726
78766.000000  0.123993
79579.000000  -0.052164
80226.000000  0.023480
80718.000000  0.474983
81002.000000  1.468737
82029.000000  -1.983844
82584.000000  -0.018400
82754.000000  -0.174677
83001.000000  0.008232
83067.000000  -0.031723
83097.000000  -0.050796
83107.000000  -0.031567
83143.000000  0.003307
83200.000000  -0.005181
83217.000000  0.035004
83269.000000  -0.048277
83284.000000  0.016010
83392.000000  0.059149
83465.000000  -0.099276
83588.000000  0.176058
83838.000000  0.076882
84109.000000  -0.216825
84397.000000  0.204089
84556.000000  -0.044373
84846.000000  -0.018178
85299.000000  0.106014
85595.000000  -0.030671
85931.000000  -0.187868
86199.000000  0.074993
86422.000000  0.020242
86660.000000  -0.109241
86903.000000  0.006721
87110.000000  -0.025833
87257.000000  0.350901
87779.000000  0.043687
88180.000000  0.030136
88474.000000  -0.117540
88754.000000  -0.088721
89039.000000  0.077571
89286.000000  -0.237705
89695.000000  0.035792
90182.000000  0.261906
90454.000000  -0.123414
90666.000000  -0.043681
90778.000000  0.068977
90847.000000  -0.221027
91053.000000  -0.072148
91207.000000  0.017077
91314.000000  -0.011256
91377.000000  -0.002566
91469.000000  -0.036233
91484.000000  0.035191
