269.000000  4.100427
326.000000  7.184830
351.000000  14.253131
379.000000  12.117667
419.000000  7.668274
482.000000  5.078293
550.000000  5.871440
592.000000  7.093219
645.000000  8.812275
701.000000  5.049392
745.000000  8.982474
796.000000  6.610779
821.000000  8.687913
864.000000  6.140987
923.000000  5.233011
973.000000  5.878530
1012.000000  8.600365
1061.000000  8.439435
1099.000000  8.112386
1146.000000  5.270905
1197.000000  6.315043
1255.000000  6.670681
1288.000000  7.543874
1317.000000  9.622746
1345.000000  9.617432
1378.000000  6.883608
1410.000000  6.854390
1431.000000  6.576069
1465.000000  8.699619
1498.000000  7.102705
1538.000000  14.248980
1559.000000  7.369139
1600.000000  7.162710
1634.000000  9.137039
1682.000000  7.397781
1744.000000  5.042527
1779.000000  7.265678
1823.000000  5.987274
1871.000000  7.853965
1914.000000  5.304586
1962.000000  8.435821
2000.000000  10.532082
2045.000000  8.439467
2045.000000  19.697569
2092.000000  7.612127
2125.000000  14.307319
2176.000000  10.971830
2196.000000  25.121838
2229.000000  22.490379
2244.000000  20.756134
2262.000000  21.987995
2300.000000  16.472839
2354.000000  18.936958
2378.000000  27.004614
2434.000000  19.225792
2484.000000  9.065687
2503.000000  11.581965
2530.000000  9.652490
2552.000000  12.125614
2586.000000  9.582829
2606.000000  10.112318
2640.000000  14.081020
2684.000000  7.658026
2750.000000  9.475726
2777.000000  8.927320
2798.000000  8.396217
2821.000000  9.344896
2846.000000  8.895144
2874.000000  7.961455
2926.000000  5.923449
2951.000000  5.636771
2984.000000  6.152225
3007.000000  4.153116
3051.000000  4.153298
3080.000000  5.017128
3116.000000  4.092902
3165.000000  5.647083
3196.000000  4.830723
3213.000000  5.154946
3237.000000  10.084658
3314.000000  6.216583
3368.000000  4.636917
3410.000000  5.508237
3457.000000  3.151614
3514.000000  3.073145
3580.000000  6.076006
3615.000000  4.300502
3647.000000  9.524920
3680.000000  7.908445
3718.000000  9.324852
3718.000000  17.462576
3750.000000  11.454072
3768.000000  10.610442
3797.000000  12.242742
3823.000000  11.485723
3863.000000  9.738898
3902.000000  19.139946
3923.000000  13.160685
3953.000000  9.553192
3970.000000  19.252769
3995.000000  25.744871
4011.000000  28.154150
4017.000000  26.087263
4036.000000  25.830538
4055.000000  45.893284
4092.000000  26.344755
4154.000000  35.013371
4209.000000  39.141644
4218.000000  44.771679
4257.000000  41.903297
4310.000000  25.657597
4312.000000  37.703930
4352.000000  35.562595
4420.000000  43.294029
4447.000000  43.558521
4482.000000  45.832123
4527.000000  44.828178
4553.000000  46.563770
4597.000000  46.902306
4631.000000  49.795326
4662.000000  52.216404
4714.000000  9.632656
4751.000000  9.035310
4778.000000  10.956045
4806.000000  9.124713
4838.000000  12.094623
4862.000000  9.123340
4897.000000  7.116789
4920.000000  10.139634
4952.000000  6.860869
4993.000000  6.686535
5051.000000  6.519185
5076.000000  4.536512
5134.000000  4.333683
5142.000000  13.148977
5191.000000  4.658907
5220.000000  8.312949
5267.000000  4.755986
5309.000000  5.165878
5367.000000  3.679147
5393.000000  4.192598
5413.000000  7.569388
5451.000000  3.204492
5477.000000  3.813952
5501.000000  4.145059
5530.000000  3.275959
5568.000000  4.178451
5590.000000  3.735225
5606.000000  11.026500
5649.000000  3.653865
5684.000000  2.801450
5705.000000  7.646815
5731.000000  9.312944
5755.000000  9.074282
5784.000000  11.028640
5812.000000  8.876451
5855.000000  5.877008
5889.000000  8.071917
5912.000000  7.601393
5965.000000  5.308389
6001.000000  6.330702
6036.000000  5.581645
6072.000000  0.441840
6211.000000  2.521423
6251.000000  4.465408
6265.000000  5.359421
6298.000000  4.161691
6319.000000  4.868115
6357.000000  4.389559
6389.000000  4.431634
6423.000000  4.984218
6433.000000  6.890149
6472.000000  7.156791
6502.000000  7.971486
6524.000000  6.994764
6543.000000  6.651340
6579.000000  6.371962
6600.000000  4.426722
6619.000000  5.524587
6655.000000  11.212252
6687.000000  5.734224
6755.000000  3.982639
6800.000000  4.833621
6806.000000  9.641540
6829.000000  4.823546
6890.000000  3.752908
6946.000000  4.292796
7007.000000  3.451394
7067.000000  3.896852
7118.000000  3.531653
7176.000000  2.344790
7227.000000  4.469712
7249.000000  5.642737
7292.000000  4.563510
7302.000000  7.098044
7339.000000  5.283670
7385.000000  4.967853
7428.000000  5.476477
7473.000000  5.225132
7539.000000  5.177486
7571.000000  5.901102
7596.000000  8.355125
7628.000000  5.415317
7675.000000  5.083550
7713.000000  5.703030
7756.000000  5.138724
7788.000000  5.034016
7829.000000  5.299259
7867.000000  5.786292
7888.000000  6.847034
7909.000000  4.004772
7917.000000  9.568622
7946.000000  3.591428
7953.000000  5.982325
8002.000000  3.500255
8045.000000  3.390100
8094.000000  2.379463
8120.000000  2.342359
8147.000000  3.411196
8193.000000  2.382557
8209.000000  3.238130
8242.000000  2.377085
8277.000000  2.310927
8311.000000  1.891455
8362.000000  2.190953
8409.000000  2.149974
8446.000000  2.548762
8474.000000  2.710620
8505.000000  2.387133
8525.000000  3.173454
8544.000000  3.836654
8567.000000  4.993661
8608.000000  4.226060
8644.000000  4.247597
8683.000000  3.921118
8711.000000  3.687110
8760.000000  2.975865
8792.000000  3.811048
8817.000000  3.900305
8842.000000  4.530275
8855.000000  3.580966
8875.000000  4.044456
8912.000000  3.046972
8969.000000  3.097920
9018.000000  2.804941
9069.000000  3.365239
9072.000000  3.892529
9098.000000  3.668172
9118.000000  3.505415
9125.000000  4.660467
9137.000000  3.456347
9139.000000  4.440690
9140.000000  4.100225
9157.000000  4.097644
9172.000000  4.177963
9202.000000  3.080552
9212.000000  4.719744
9234.000000  3.583897
9257.000000  4.454910
9298.000000  3.144261
9348.000000  4.178196
9384.000000  2.834470
9386.000000  4.172159
9416.000000  3.371989
9422.000000  4.457708
9430.000000  3.931592
9493.000000  3.469784
9510.000000  3.346806
9554.000000  3.845114
9576.000000  3.485658
9606.000000  3.540965
9629.000000  3.171073
9649.000000  3.146264
9668.000000  4.201808
9689.000000  3.841505
9699.000000  3.877161
9729.000000  3.828104
9750.000000  3.622878
9756.000000  5.665156
9758.000000  3.769890
9775.000000  3.188984
9784.000000  3.882835
9785.000000  3.782136
9800.000000  3.281321
9831.000000  2.816176
9840.000000  3.473298
9854.000000  3.396730
9872.000000  3.420682
9898.000000  3.196349
9921.000000  3.824209
9931.000000  3.586485
9957.000000  3.754457
9983.000000  3.090428
10011.000000  3.560662
10011.000000  5.219102
10043.000000  2.896276
10057.000000  5.052503
10096.000000  2.862146
10128.000000  3.163911
10135.000000  2.854373
10147.000000  3.260106
10168.000000  3.147076
10180.000000  3.226568
10194.000000  3.077270
10208.000000  3.054080
10236.000000  2.848454
10249.000000  3.050041
10275.000000  2.724452
10291.000000  3.616071
10303.000000  3.260598
10316.000000  3.087969
10350.000000  3.167339
10373.000000  3.267517
10381.000000  3.002301
