576.000000  58.476006
732.000000  81.010353
883.000000  82.984505
1103.000000  81.908592
1318.000000  82.843742
1509.000000  83.665054
1676.000000  81.736809
1830.000000  80.614975
1999.000000  82.216896
2152.000000  79.754623
2335.000000  77.094170
2361.000000  53.583336
2505.000000  77.049255
2644.000000  76.793602
2764.000000  76.434921
2915.000000  77.635399
3030.000000  75.659218
3056.000000  39.681522
3172.000000  60.614384
3263.000000  61.474220
3336.000000  55.433445
3419.000000  67.165359
3518.000000  69.982132
3518.000000  0.266762
3642.000000  69.873367
3774.000000  72.831131
3871.000000  69.536530
3922.000000  64.521126
4016.000000  72.837616
4103.000000  51.424282
4170.000000  62.615456
4239.000000  61.324509
4320.000000  63.504620
4423.000000  68.935013
4549.000000  70.457016
4723.000000  72.538452
4947.000000  74.613960
5142.000000  72.422577
5318.000000  72.603920
5472.000000  75.644714
5658.000000  73.599098
5735.000000  65.084274
5920.000000  75.062416
6114.000000  70.757629
6254.000000  69.159546
6433.000000  70.537224
6563.000000  69.342392
6656.000000  62.109489
6676.000000  44.235695
6733.000000  56.162117
6791.000000  55.846260
6859.000000  56.921989
6948.000000  57.934731
7074.000000  61.686020
7111.000000  47.258873
7198.000000  62.996586
7321.000000  62.860481
7490.000000  64.215164
7553.000000  59.395294
7775.000000  67.236412
7845.000000  58.480499
8005.000000  66.530243
8145.000000  66.310638
8298.000000  62.714840
8434.000000  61.950684
8494.000000  51.734180
8598.000000  60.565735
8748.000000  61.190392
8860.000000  65.380096
8943.000000  56.975452
9048.000000  58.400227
9155.000000  59.196602
9262.000000  57.290215
9307.000000  49.014572
9399.000000  52.165108
9489.000000  53.324436
9580.000000  50.411266
9624.000000  42.759235
9663.000000  28.149710
9738.000000  43.929008
9847.000000  45.594009
9903.000000  32.980846
10003.000000  48.301250
10115.000000  45.128666
10231.000000  48.001255
10379.000000  45.898941
10539.000000  57.498360
10715.000000  53.063835
10881.000000  55.386311
11071.000000  56.119442
11252.000000  57.638550
11446.000000  55.189491
11590.000000  55.816494
11730.000000  48.807793
11878.000000  52.927734
11980.000000  45.305641
12097.000000  54.369320
12203.000000  48.209808
12320.000000  48.349495
12459.000000  58.734875
12602.000000  61.059231
12730.000000  59.967785
12853.000000  65.872040
13050.000000  67.747269
13186.000000  63.295078
13340.000000  65.907822
13432.000000  63.258308
13586.000000  71.081665
13690.000000  67.054306
13795.000000  67.170563
13890.000000  66.743538
13960.000000  66.075043
14030.000000  69.066536
14107.000000  59.592049
14199.000000  61.358665
14331.000000  57.954414
14441.000000  58.947952
14544.000000  60.018627
14636.000000  57.049812
14735.000000  60.087158
14805.000000  60.805607
14921.000000  61.374657
15014.000000  64.302185
15068.000000  62.543816
15088.000000  6.890831
15118.000000  9.935122
15175.000000  49.969257
15239.000000  56.916828
15363.000000  63.450039
15468.000000  57.642197
15566.000000  63.335533
15681.000000  66.488106
15860.000000  64.305313
16000.000000  70.710548
16162.000000  75.920128
16286.000000  76.942513
16421.000000  37.919632
16481.000000  41.768639
16533.000000  25.433064
16568.000000  33.181789
16586.000000  31.513029
16684.000000  61.237789
16778.000000  62.548862
16903.000000  61.983925
17025.000000  48.263428
17238.000000  43.182472
17451.000000  45.712357
17638.000000  45.573170
17813.000000  40.064983
17950.000000  37.405041
18108.000000  39.965767
18315.000000  47.308002
18540.000000  44.688301
18705.000000  44.820881
18742.000000  25.579903
18849.000000  37.463726
18983.000000  48.125622
19089.000000  41.925041
19206.000000  40.968369
19272.000000  38.248772
19349.000000  30.735319
19403.000000  39.353191
19476.000000  54.839188
19532.000000  52.245552
19622.000000  67.552185
19679.000000  58.484192
19720.000000  56.071949
19751.000000  58.280460
19792.000000  56.930752
19899.000000  24.178608
19966.000000  25.245459
20002.000000  15.323202
20130.000000  37.476601
20260.000000  43.368427
20416.000000  36.294949
20570.000000  46.899620
20665.000000  35.755280
20762.000000  26.085907
20871.000000  34.783276
21035.000000  34.487976
21074.000000  10.668019
21221.000000  27.903044
21289.000000  20.431593
21358.000000  25.613850
21469.000000  30.958876
21620.000000  30.369329
21708.000000  33.193764
21779.000000  20.563549
21911.000000  32.764019
22018.000000  33.557125
22189.000000  36.784328
22275.000000  31.460423
22462.000000  45.000771
22607.000000  48.468212
22696.000000  38.130352
22756.000000  36.531399
22843.000000  36.667042
22913.000000  49.756779
22978.000000  52.872395
23064.000000  54.909168
23134.000000  53.717178
23219.000000  57.284840
23314.000000  58.620434
23370.000000  57.465260
23500.000000  62.929779
23609.000000  62.910938
23742.000000  68.654427
23840.000000  62.844311
23965.000000  62.954308
24056.000000  74.761688
24140.000000  72.349586
24218.000000  37.562191
24366.000000  43.868847
24458.000000  44.550804
24561.000000  45.663647
24674.000000  45.079350
24788.000000  40.759056
24859.000000  38.037525
24923.000000  35.911316
25003.000000  36.046490
25115.000000  38.768692
25236.000000  43.754795
25343.000000  40.341915
25428.000000  30.672762
25520.000000  35.273506
25579.000000  38.533298
25627.000000  50.300236
25685.000000  28.414881
25762.000000  35.938950
25860.000000  43.856232
25959.000000  46.039001
26057.000000  56.760944
26177.000000  62.694263
26309.000000  64.061478
26409.000000  55.927055
26483.000000  52.773212
26533.000000  47.908848
26592.000000  44.253338
26677.000000  46.298496
26727.000000  50.451523
26774.000000  58.377819
26801.000000  61.399849
26829.000000  14.443713
26888.000000  39.114628
26995.000000  42.022297
27183.000000  44.061489
27348.000000  40.672256
27460.000000  39.504162
27630.000000  44.611473
27813.000000  46.656471
28014.000000  47.394485
28183.000000  39.156521
28377.000000  40.883797
28580.000000  49.137333
28754.000000  53.604580
28886.000000  55.642349
29011.000000  39.992271
29162.000000  36.356533
29266.000000  24.886467
29310.000000  19.974045
29361.000000  22.588343
29402.000000  26.224609
29423.000000  23.864632
29438.000000  23.807980
29455.000000  21.232042
29471.000000  18.834663
29487.000000  21.420135
29505.000000  18.684792
29553.000000  19.002584
29570.000000  5.389932
29628.000000  24.858637
29656.000000  15.344398
29726.000000  28.118420
29800.000000  31.466579
29848.000000  37.823605
29906.000000  34.915237
29967.000000  37.270130
30081.000000  44.538681
30191.000000  55.624939
30318.000000  56.756889
30428.000000  57.308876
30594.000000  54.259418
30697.000000  38.925217
30753.000000  27.702978
30788.000000  27.072582
30792.000000  2.030840
30803.000000  32.664448
30911.000000  12.948014
30976.000000  16.179626
31056.000000  22.931374
31152.000000  22.165844
31215.000000  17.739500
31305.000000  16.580940
31364.000000  23.468056
31459.000000  26.370871
31603.000000  30.876890
31728.000000  28.290960
31832.000000  29.581869
31931.000000  29.762167
32055.000000  31.070284
32161.000000  37.934105
32251.000000  34.361530
32321.000000  37.459858
32404.000000  26.291573
32468.000000  27.043837
32553.000000  18.698196
32601.000000  20.745838
32644.000000  16.891176
32688.000000  22.425817
32720.000000  21.133974
32751.000000  22.678766
32783.000000  22.982306
32817.000000  25.659403
32863.000000  26.034657
32904.000000  23.457727
32944.000000  11.042980
32997.000000  10.342628
33052.000000  15.179261
33122.000000  12.107810
33216.000000  23.639090
33357.000000  35.590061
33506.000000  36.480953
33676.000000  39.665813
33856.000000  41.136166
34052.000000  38.252956
34207.000000  29.678181
34341.000000  29.198647
34440.000000  29.248629
34568.000000  28.649096
34663.000000  31.460726
34767.000000  32.297680
34889.000000  32.876076
34971.000000  30.813105
35028.000000  37.293114
35082.000000  18.437464
35140.000000  15.000995
35197.000000  14.483865
35253.000000  12.886368
35321.000000  25.465561
35425.000000  28.390783
35577.000000  30.091820
35694.000000  27.394051
35783.000000  33.981953
35920.000000  35.631256
35999.000000  20.570967
36087.000000  20.140821
36153.000000  21.245680
36199.000000  15.142046
36307.000000  22.966770
36415.000000  25.220173
36463.000000  18.061266
36501.000000  16.133154
36550.000000  16.144926
36627.000000  20.486828
36759.000000  24.977993
36886.000000  25.513489
37000.000000  21.852238
37094.000000  23.344753
37167.000000  25.524813
37267.000000  26.545044
37292.000000  26.119137
37312.000000  18.368719
37363.000000  24.190781
37428.000000  25.367760
37466.000000  21.340370
37507.000000  21.517178
37542.000000  22.135767
37570.000000  24.205235
37581.000000  18.346155
37646.000000  13.137156
37697.000000  12.073326
37734.000000  5.274358
37771.000000  4.315764
37794.000000  5.885488
37857.000000  5.164997
37943.000000  15.225668
37997.000000  12.867683
38074.000000  20.503162
38190.000000  21.279177
38269.000000  20.172676
38383.000000  24.860397
38507.000000  25.649786
38595.000000  22.836559
38620.000000  16.527725
38673.000000  16.772041
38696.000000  9.056576
38714.000000  9.917098
38729.000000  8.330318
38732.000000  5.928043
38746.000000  1.840784
38810.000000  11.309458
38899.000000  14.170986
38927.000000  5.512685
38976.000000  4.568133
39083.000000  19.163055
39204.000000  20.183195
39305.000000  16.542730
39371.000000  17.735909
39435.000000  11.846258
39438.000000  4.011191
39460.000000  6.589349
39468.000000  4.550245
39573.000000  17.626623
39751.000000  24.029125
39880.000000  28.680103
40028.000000  26.577187
40112.000000  24.585470
40239.000000  25.260878
40333.000000  25.724426
40452.000000  27.638054
40529.000000  27.799870
40575.000000  19.576902
40634.000000  15.939344
40672.000000  15.642911
40729.000000  21.571516
40781.000000  22.123074
40820.000000  17.861969
