4067.000000  5.933282
4754.000000  6.625580
5367.000000  18.426664
6207.000000  12.960516
7338.000000  6.734428
8811.000000  5.209967
10126.000000  5.962018
11527.000000  5.204741
12878.000000  6.257966
14459.000000  5.232429
15908.000000  5.038323
16760.000000  5.651252
17548.000000  6.842359
18056.000000  8.217700
18679.000000  8.203828
19064.000000  8.946959
19498.000000  6.196590
20309.000000  7.236428
21134.000000  5.532248
21775.000000  5.919419
22371.000000  6.416590
23144.000000  8.005126
23927.000000  5.275715
24980.000000  5.317059
26055.000000  7.113441
27333.000000  5.312621
28771.000000  5.390858
29786.000000  4.989924
30931.000000  6.290642
32162.000000  6.810791
33282.000000  6.398081
34415.000000  7.841246
35600.000000  6.491456
36113.000000  6.599821
36469.000000  7.030009
37090.000000  7.705354
38532.000000  5.432788
39588.000000  5.379675
40859.000000  5.356468
41812.000000  6.970456
42992.000000  6.909425
43848.000000  6.594062
44909.000000  7.696527
45699.000000  38.463268
46681.000000  10.621697
47859.000000  6.939746
48807.000000  9.784169
49555.000000  21.947935
50404.000000  9.298333
50898.000000  35.328278
51508.000000  25.918966
51808.000000  28.137106
52370.000000  32.446812
53278.000000  31.209299
54404.000000  27.638716
55455.000000  30.985630
56394.000000  30.268646
57104.000000  27.839664
57905.000000  34.299160
58665.000000  26.712078
59547.000000  27.319939
60640.000000  15.338545
61919.000000  13.844938
63130.000000  14.864447
64041.000000  15.881549
65457.000000  14.617167
66710.000000  17.224682
67946.000000  10.512888
69075.000000  18.853178
69930.000000  11.667277
70802.000000  11.797691
71927.000000  7.788546
73762.000000  2.918599
75182.000000  3.673878
77284.000000  3.237789
78637.000000  5.060088
79981.000000  4.714813
81367.000000  3.290010
82649.000000  3.166694
83270.000000  3.644022
84012.000000  3.632630
85115.000000  3.180810
85707.000000  4.377506
86693.000000  3.600009
87775.000000  4.144025
88821.000000  6.766087
89723.000000  6.136978
91041.000000  3.713748
91748.000000  3.572406
92410.000000  5.882728
93217.000000  4.593300
93955.000000  6.824712
94630.000000  6.565429
95407.000000  5.789761
95923.000000  7.086074
96124.000000  7.629750
96555.000000  7.457629
97313.000000  4.919729
98253.000000  3.505651
99391.000000  2.608292
100364.000000  5.246262
101434.000000  6.406930
102552.000000  7.004791
103367.000000  4.703213
104123.000000  3.506213
105189.000000  3.171178
106035.000000  2.912157
107137.000000  2.625695
108448.000000  2.545684
109456.000000  2.471860
110362.000000  2.819469
111339.000000  2.315289
111938.000000  2.378829
112342.000000  2.432539
112764.000000  1.860823
113318.000000  2.516093
114141.000000  3.513589
114967.000000  1.899444
115494.000000  2.027772
115875.000000  1.768372
116398.000000  1.927097
116857.000000  2.614626
117252.000000  1.760401
118238.000000  1.805529
118846.000000  2.925198
119185.000000  2.724081
119449.000000  5.104341
120312.000000  4.533649
121227.000000  3.136424
122680.000000  4.195127
124065.000000  2.868177
125142.000000  2.671056
126203.000000  4.385697
127219.000000  2.288600
128200.000000  3.037325
129428.000000  3.078196
130326.000000  3.386400
131453.000000  3.170438
131822.000000  3.865383
132089.000000  4.199061
132191.000000  3.382275
132560.000000  3.304494
132787.000000  3.596707
133178.000000  4.198404
133881.000000  3.178738
134689.000000  3.046904
135240.000000  3.176089
135847.000000  2.725441
136506.000000  2.668284
137175.000000  4.285837
137747.000000  3.177288
138106.000000  4.140401
138637.000000  2.826884
139461.000000  2.551497
139973.000000  4.225468
140355.000000  3.412606
140771.000000  3.210848
141697.000000  3.389790
142525.000000  3.432888
143084.000000  3.453083
143547.000000  3.959017
144222.000000  2.495352
145046.000000  3.313637
145794.000000  1.981131
146283.000000  2.602035
146847.000000  3.217154
147214.000000  4.283781
147809.000000  2.780952
148870.000000  1.400833
149737.000000  3.722798
150276.000000  2.653739
151053.000000  2.969911
151718.000000  2.486070
152162.000000  3.879653
152369.000000  3.147643
152732.000000  2.264688
152984.000000  3.249178
153010.000000  2.343924
153265.000000  2.175359
153579.000000  3.154025
153923.000000  3.206181
154211.000000  3.082307
154436.000000  2.665964
154683.000000  3.131974
154686.000000  3.897924
154784.000000  3.507801
154932.000000  4.073348
155191.000000  3.842737
155673.000000  3.445670
155967.000000  3.115053
156330.000000  3.741299
156598.000000  2.922131
156605.000000  3.724504
157039.000000  2.278338
157286.000000  2.951001
157740.000000  3.409784
158441.000000  2.732157
159179.000000  2.316129
159657.000000  3.379032
160033.000000  2.702344
160356.000000  4.439603
160574.000000  2.309973
160576.000000  2.915719
