4067.000000  0.054101
4754.000000  -0.002510
5367.000000  0.040287
6207.000000  -0.020158
7338.000000  -0.013313
8811.000000  -0.003512
10126.000000  0.005879
11527.000000  0.000269
12878.000000  0.014056
14459.000000  0.004291
15908.000000  -0.005561
16760.000000  -0.009866
17548.000000  -0.006266
18056.000000  -0.001642
18679.000000  0.035297
19064.000000  -0.005604
19498.000000  -0.033232
20309.000000  0.012025
21134.000000  -0.001559
21775.000000  0.015643
22371.000000  -0.013736
23144.000000  0.015788
23927.000000  -0.011466
24980.000000  -0.005909
26055.000000  0.005614
27333.000000  0.000935
28771.000000  0.003343
29786.000000  -0.001875
30931.000000  0.012571
32162.000000  -0.002679
33282.000000  -0.003143
34415.000000  0.024121
35600.000000  -0.022853
36113.000000  0.001808
36469.000000  -0.009999
37090.000000  0.019411
38532.000000  0.000527
39588.000000  -0.005376
40859.000000  0.010445
41812.000000  -0.003462
42992.000000  0.004549
43848.000000  -0.003849
44909.000000  0.005335
45699.000000  0.690550
46681.000000  -0.606739
47859.000000  -0.054146
48807.000000  0.055173
49555.000000  0.229071
50404.000000  -0.244166
50898.000000  0.489049
51508.000000  -0.144103
51808.000000  0.002795
52370.000000  0.017090
53278.000000  -0.027185
54404.000000  0.097606
55455.000000  0.044601
56394.000000  -0.104502
57104.000000  -0.063538
57905.000000  0.109033
58665.000000  -0.022182
59547.000000  0.120165
60640.000000  -0.352700
61919.000000  0.004061
63130.000000  -0.003586
64041.000000  0.044864
65457.000000  -0.052458
66710.000000  0.085070
67946.000000  -0.131668
69075.000000  0.153053
69930.000000  -0.205170
70802.000000  -0.022362
71927.000000  -0.065378
73762.000000  -0.062381
75182.000000  0.026930
77284.000000  -0.003656
78637.000000  0.033944
79981.000000  -0.013942
81367.000000  -0.028440
82649.000000  0.011411
83270.000000  -0.008501
84012.000000  0.005238
85115.000000  -0.022662
85707.000000  0.043792
86693.000000  -0.021396
87775.000000  -0.002031
88821.000000  0.030110
89723.000000  -0.003805
91041.000000  -0.040190
91748.000000  0.007709
92410.000000  0.002352
93217.000000  -0.005629
93955.000000  0.020704
94630.000000  0.000939
95407.000000  -0.018821
95923.000000  0.005113
96124.000000  -0.002760
96555.000000  0.000633
97313.000000  -0.004285
98253.000000  -0.017095
99391.000000  0.009016
100364.000000  0.016773
101434.000000  0.014981
102552.000000  0.006709
103367.000000  0.008710
104123.000000  -0.029814
105189.000000  -0.011678
106035.000000  -0.000314
107137.000000  -0.009174
108448.000000  0.000165
109456.000000  -0.000304
110362.000000  0.027119
111339.000000  -0.019731
111938.000000  0.003878
112342.000000  -0.002455
112764.000000  -0.013405
113318.000000  -0.000458
114141.000000  0.012347
114967.000000  -0.014300
115494.000000  0.010073
115875.000000  -0.021120
116398.000000  0.000651
116857.000000  0.009345
117252.000000  0.015388
118238.000000  -0.029173
118846.000000  0.012018
119185.000000  -0.014773
119449.000000  0.040210
120312.000000  -0.001318
121227.000000  -0.032788
122680.000000  0.022767
124065.000000  -0.018793
125142.000000  0.000499
126203.000000  0.036075
127219.000000  -0.039590
128200.000000  0.000095
129428.000000  0.007988
130326.000000  0.003862
131453.000000  -0.002941
131822.000000  0.005241
132089.000000  0.010005
132191.000000  -0.020109
132560.000000  0.000727
132787.000000  -0.000491
133178.000000  0.006330
133881.000000  0.000571
134689.000000  -0.009180
135240.000000  0.012502
135847.000000  -0.018026
136506.000000  -0.006200
137175.000000  0.026861
137747.000000  -0.014748
138106.000000  0.015222
138637.000000  -0.023229
139461.000000  0.001692
139973.000000  0.026957
140355.000000  -0.014683
140771.000000  -0.003666
141697.000000  0.008614
142525.000000  0.000724
143084.000000  -0.003838
143547.000000  0.010290
144222.000000  -0.022970
145046.000000  0.022914
145794.000000  -0.028015
146283.000000  0.007275
146847.000000  0.002964
147214.000000  0.027005
147809.000000  -0.009717
148870.000000  -0.024832
149737.000000  0.031451
150276.000000  -0.022333
151053.000000  0.005875
151718.000000  -0.015327
152162.000000  0.029919
152369.000000  -0.020281
152732.000000  -0.012339
152984.000000  0.015173
153010.000000  -0.013404
153265.000000  0.008519
153579.000000  0.015566
153923.000000  -0.012134
154211.000000  -0.002057
154436.000000  -0.010345
154683.000000  0.012011
154686.000000  0.028137
154784.000000  -0.017750
154932.000000  0.001052
155191.000000  -0.004156
155673.000000  -0.009225
155967.000000  -0.000950
156330.000000  0.012115
156598.000000  -0.020372
156605.000000  0.007138
157039.000000  -0.016925
157286.000000  0.011376
157740.000000  0.016275
158441.000000  -0.020228
159179.000000  -0.002462
159657.000000  0.021567
160033.000000  -0.017428
160356.000000  0.038200
160574.000000  -0.047498
160576.000000  0.008714
