4067.000000  2.606712
4708.000000  2.812045
5553.000000  2.762765
6387.000000  2.858169
7691.000000  3.072954
9429.000000  3.252810
11010.000000  3.535763
12297.000000  3.675771
13322.000000  3.721928
14643.000000  3.949818
16576.000000  4.258730
19222.000000  4.333426
20152.000000  4.531541
21292.000000  4.723507
22549.000000  4.864910
23481.000000  5.032971
25081.000000  5.157063
27159.000000  5.473917
29465.000000  5.755166
32140.000000  6.019338
35577.000000  6.328996
39102.000000  6.798928
41606.000000  6.944359
43047.000000  7.187553
44533.000000  7.541190
45651.000000  7.754317
47569.000000  7.782496
49961.000000  8.171494
52356.000000  8.377555
53823.000000  8.487417
56312.000000  8.762026
57823.000000  9.065528
60580.000000  9.278946
63203.000000  9.737969
65620.000000  9.959406
67226.000000  10.468389
69129.000000  10.612483
71349.000000  10.540768
73257.000000  10.789762
75362.000000  11.233902
76611.000000  11.642139
77972.000000  11.664640
79457.000000  11.610630
80100.000000  11.908985
80785.000000  11.804243
82457.000000  11.854056
83439.000000  12.074440
86026.000000  12.559916
88562.000000  12.645121
91616.000000  13.049733
93753.000000  13.099464
95853.000000  13.694580
97299.000000  13.787066
97873.000000  13.868055
99436.000000  13.918721
101524.000000  14.251481
103101.000000  14.498406
104374.000000  14.507318
104855.000000  14.678925
106310.000000  15.024334
107580.000000  15.384879
110477.000000  15.371367
112545.000000  15.725175
113353.000000  16.028873
115506.000000  16.062811
118794.000000  16.415594
120992.000000  16.879223
122522.000000  17.106052
125134.000000  17.425869
125991.000000  17.509209
127268.000000  17.455793
128551.000000  17.800049
130156.000000  18.044147
131899.000000  18.023191
132725.000000  17.981119
134124.000000  18.325878
135263.000000  18.658667
135949.000000  18.594591
136584.000000  18.781906
137076.000000  18.769600
138066.000000  18.740849
139086.000000  18.995539
140722.000000  19.346321
142526.000000  19.306175
144245.000000  19.285698
144996.000000  19.769621
146473.000000  19.673063
146525.000000  19.980362
147192.000000  20.242956
147997.000000  20.346148
149414.000000  20.429070
151180.000000  20.419905
152436.000000  20.609644
153563.000000  20.456242
153697.000000  20.767529
153988.000000  21.148186
154572.000000  21.085892
155104.000000  20.965540
156035.000000  21.210550
156886.000000  21.470177
157289.000000  21.585234
157487.000000  21.000120
158192.000000  21.553774
158426.000000  21.352364
159324.000000  21.376076
160138.000000  21.510576
160273.000000  21.616966
160506.000000  21.282942
