995.000000  0.184111
1203.000000  -0.054151
1418.000000  -0.000740
1618.000000  -0.011672
1813.000000  0.013831
2018.000000  0.013688
2250.000000  0.011346
2478.000000  0.012257
2768.000000  0.021788
3072.000000  0.022967
3149.000000  -0.058686
3467.000000  0.072612
3790.000000  0.014934
4036.000000  0.016918
4214.000000  -0.035475
4524.000000  -0.002448
4834.000000  -0.005818
5079.000000  -0.021685
5311.000000  -0.000255
5508.000000  0.001788
5610.000000  0.009227
5852.000000  0.040057
6020.000000  -0.059591
6170.000000  -0.057524
6305.000000  0.019516
6482.000000  -0.003429
6638.000000  -0.001199
6689.000000  0.019414
6825.000000  0.009257
6987.000000  -0.048583
7122.000000  0.030340
7224.000000  -0.067456
7321.000000  -0.008275
7441.000000  0.028462
7624.000000  0.013316
7879.000000  0.024010
8133.000000  0.027558
8433.000000  0.023886
8664.000000  -0.030250
8845.000000  -0.031912
8993.000000  -0.021852
9138.000000  0.020597
9239.000000  -0.028153
9350.000000  -0.024680
9485.000000  0.017187
9712.000000  0.026511
9948.000000  0.045324
10140.000000  0.020539
10375.000000  -0.002131
10473.000000  0.019897
10613.000000  -0.035537
10675.000000  -0.082231
10810.000000  0.013656
10907.000000  -0.020284
11003.000000  0.009682
11139.000000  0.032110
11268.000000  -0.013353
11404.000000  -0.005129
11484.000000  -0.034503
11599.000000  0.051098
11719.000000  -0.033488
11828.000000  -0.004808
11918.000000  -0.020431
11991.000000  -0.000510
12062.000000  0.011326
12152.000000  0.044795
12252.000000  -0.043584
12354.000000  -0.000671
12562.000000  0.029135
12668.000000  0.000920
12874.000000  0.022327
13108.000000  0.024471
13251.000000  0.000232
13421.000000  0.015329
13530.000000  -0.028952
13710.000000  0.018027
13912.000000  0.006329
14092.000000  0.031748
14292.000000  0.028618
14493.000000  -0.031768
14680.000000  0.006757
14810.000000  -0.029639
14893.000000  -0.058628
15004.000000  -0.000820
15146.000000  0.025202
15312.000000  0.004225
15477.000000  0.003422
15629.000000  -0.021931
15827.000000  0.035544
16094.000000  0.034639
16350.000000  0.036026
16592.000000  0.013896
16850.000000  0.003722
17105.000000  0.051459
17397.000000  -0.041894
17711.000000  0.050026
17921.000000  0.004356
18087.000000  -0.063335
18295.000000  0.019204
18469.000000  -0.024413
18644.000000  -0.011441
18772.000000  -0.018563
18907.000000  -0.016353
19067.000000  0.018857
19213.000000  0.023667
19324.000000  -0.003319
19477.000000  -0.021352
19655.000000  0.006576
19803.000000  0.039833
19925.000000  -0.037002
20076.000000  -0.037181
20226.000000  0.024616
20349.000000  0.063843
20432.000000  -0.020028
20535.000000  0.000604
20659.000000  0.037049
20737.000000  0.048083
20816.000000  0.018008
20985.000000  0.111723
21126.000000  0.065173
21312.000000  0.023183
21441.000000  0.096308
21574.000000  -0.262752
21755.000000  0.151928
21846.000000  -0.025499
21937.000000  -0.424202
22094.000000  0.152272
22296.000000  0.276368
22479.000000  -0.111403
22600.000000  -0.052578
22729.000000  -0.079212
22816.000000  0.137678
22866.000000  -0.227120
22895.000000  0.235917
22898.000000  -0.145119
22953.000000  0.004728
23122.000000  0.058685
23218.000000  0.094767
23333.000000  0.018311
23472.000000  -0.065269
23586.000000  -0.131138
23707.000000  0.050507
23843.000000  0.163648
23941.000000  -0.007654
24081.000000  -0.145820
24214.000000  -0.058524
24352.000000  0.130834
24428.000000  -0.045106
24551.000000  -0.071873
24629.000000  -0.022349
24710.000000  0.037097
24794.000000  0.010030
24905.000000  0.006298
24987.000000  0.068235
25063.000000  -0.012795
25144.000000  -0.016712
25198.000000  -0.026057
25321.000000  -0.013097
25465.000000  -0.157305
25593.000000  -0.066876
25713.000000  -0.009647
25829.000000  0.000732
25954.000000  0.071258
26152.000000  0.088771
26356.000000  0.184519
26503.000000  0.172997
26626.000000  -0.514960
26773.000000  -0.001903
26914.000000  -0.002044
27075.000000  0.022970
27262.000000  0.014190
27438.000000  0.017567
27515.000000  -0.020211
27696.000000  0.010554
27881.000000  0.001016
27988.000000  -0.011834
28104.000000  0.030964
28331.000000  0.746953
28620.000000  -0.712978
28915.000000  0.016517
29160.000000  0.017498
29386.000000  -0.005743
29528.000000  -0.042012
29721.000000  0.013754
29868.000000  -0.028601
30094.000000  0.262612
30295.000000  0.028829
30437.000000  -0.139293
30653.000000  0.094840
30887.000000  -0.079552
30979.000000  -0.056269
31048.000000  -0.122914
31134.000000  0.046088
31221.000000  0.030503
31293.000000  -0.072949
31343.000000  -0.048368
31418.000000  0.010770
31495.000000  0.038230
31551.000000  0.066078
31572.000000  -0.042552
31679.000000  0.206735
31824.000000  0.054261
31997.000000  -0.287754
32156.000000  0.014340
32354.000000  0.044425
32539.000000  -0.036529
32666.000000  -0.032880
32774.000000  -0.015168
32850.000000  -0.026887
32874.000000  -0.044167
32974.000000  0.035738
33152.000000  0.036541
33286.000000  -0.002903
33423.000000  0.009402
33527.000000  -0.008952
33642.000000  0.018409
33721.000000  0.016008
33844.000000  -0.045698
33966.000000  0.015188
34046.000000  0.063249
34080.000000  -0.135426
34156.000000  -0.000145
34230.000000  0.003125
34300.000000  -0.004228
34415.000000  0.095697
34636.000000  0.074923
34759.000000  -0.033215
34926.000000  -0.060964
35035.000000  -0.005816
35069.000000  -0.020787
35110.000000  -0.016758
35174.000000  0.015225
35205.000000  -0.005035
35418.000000  0.067262
35620.000000  0.069070
35782.000000  0.015856
35895.000000  -0.054510
36084.000000  -0.048975
36249.000000  0.018309
36360.000000  -0.049469
36458.000000  -0.026243
36524.000000  0.003416
36617.000000  0.092779
36738.000000  0.032558
36823.000000  -0.018235
36951.000000  -0.038452
37022.000000  -0.032373
37107.000000  -0.014463
37187.000000  -0.003110
37335.000000  0.027001
37430.000000  0.018590
37443.000000  -0.107700
37475.000000  0.046435
37511.000000  -0.001858
37627.000000  0.075913
37723.000000  0.010204
37810.000000  0.035673
37851.000000  -0.134967
37931.000000  -0.002790
38001.000000  -0.013849
38132.000000  0.093646
38225.000000  0.007680
38361.000000  0.057357
38382.000000  -0.096359
38474.000000  0.022253
38542.000000  -0.059630
38597.000000  -0.024679
38672.000000  0.009877
38753.000000  0.022389
38832.000000  0.003535
38902.000000  -0.008678
39014.000000  -0.003252
39087.000000  -0.012642
39123.000000  -0.018510
39170.000000  0.071551
39191.000000  -0.028151
39212.000000  0.022766
39231.000000  0.139819
39264.000000  -0.078669
39296.000000  0.029242
39328.000000  -0.027976
39363.000000  -0.004831
39399.000000  -0.088875
39400.000000  -0.041964
39502.000000  0.002207
39651.000000  0.024026
39719.000000  -0.003711
39848.000000  0.028861
40007.000000  0.030281
40140.000000  0.003963
40225.000000  -0.035170
40281.000000  -0.019177
40306.000000  -0.019835
40338.000000  0.006660
40367.000000  -0.002324
40450.000000  0.000680
40506.000000  0.006768
40561.000000  0.013848
40613.000000  -0.004702
40662.000000  -0.004569
40707.000000  -0.022086
40741.000000  -0.009265
40799.000000  0.063934
40819.000000  -0.024715
