4067.000000  33.093582
6259.000000  6.613468
8396.000000  5.993218
9522.000000  3.652463
11482.000000  5.603105
14235.000000  6.157367
17292.000000  7.123518
18847.000000  6.638472
20261.000000  3.917372
21587.000000  2.303152
21891.000000  1.153845
22664.000000  0.864430
23127.000000  0.678940
23505.000000  0.388725
23509.000000  0.003295
23875.000000  0.856286
24007.000000  0.302563
24251.000000  0.251568
24666.000000  0.297617
25089.000000  0.347527
25562.000000  0.248408
26591.000000  3.223527
27399.000000  3.579496
28962.000000  6.220821
30075.000000  0.966301
30601.000000  5.405574
32808.000000  5.883494
34400.000000  5.972237
37058.000000  1.712335
37653.000000  1.049271
38486.000000  1.004886
39027.000000  0.557119
39544.000000  0.002311
40407.000000  0.128820
40931.000000  0.748639
41268.000000  2.063363
41813.000000  0.421349
42302.000000  0.577926
42731.000000  0.573834
43409.000000  0.774132
44241.000000  2.519507
45914.000000  1.509106
46872.000000  2.403024
47821.000000  2.953971
48584.000000  3.663195
49495.000000  3.415187
50198.000000  3.123225
50755.000000  0.010649
51520.000000  2.728687
52146.000000  0.105031
52861.000000  0.054643
53728.000000  0.065873
54384.000000  3.197384
55990.000000  4.010669
57230.000000  5.365523
60887.000000  8.104290
63312.000000  6.561532
64527.000000  4.300016
66174.000000  4.317338
67154.000000  5.212083
69522.000000  5.478904
71898.000000  3.022453
73689.000000  2.764061
74563.000000  2.152728
75638.000000  2.787346
77912.000000  3.361394
79361.000000  5.274429
80638.000000  3.754184
83979.000000  4.408201
87548.000000  4.551938
90603.000000  3.727507
92733.000000  3.381914
93481.000000  1.846661
94390.000000  2.325327
94994.000000  1.714050
95677.000000  0.629198
96250.000000  0.373442
97005.000000  1.194339
97868.000000  1.629176
98444.000000  0.438098
99526.000000  0.459920
100754.000000  0.345508
101542.000000  1.924760
102535.000000  1.008045
103144.000000  0.471530
103673.000000  0.099134
104301.000000  0.084893
104748.000000  0.167160
104952.000000  0.102449
105641.000000  0.384488
105984.000000  0.097119
106718.000000  0.412263
107443.000000  0.577148
107958.000000  1.301823
108282.000000  1.324184
108748.000000  0.841618
109668.000000  0.953987
110061.000000  0.874752
110571.000000  1.458808
111241.000000  2.020865
111860.000000  2.149393
112505.000000  1.366937
112877.000000  1.194732
113708.000000  1.201762
114579.000000  1.809035
115399.000000  2.045927
116202.000000  2.036237
116920.000000  0.429586
117546.000000  1.554585
117900.000000  0.367378
118275.000000  0.120088
119186.000000  1.476269
119562.000000  1.319529
120027.000000  1.259073
120449.000000  1.155665
121075.000000  1.356068
121411.000000  0.876280
121769.000000  0.938760
122511.000000  1.160299
123105.000000  1.399353
123499.000000  0.808245
123978.000000  0.737568
124408.000000  1.626713
124731.000000  1.437851
125025.000000  1.004056
125615.000000  1.395954
125906.000000  0.998917
126257.000000  1.206732
127188.000000  1.282578
127787.000000  1.347588
128829.000000  1.543560
129437.000000  1.317070
129990.000000  0.827397
130677.000000  0.737113
131105.000000  0.671128
131430.000000  0.726152
131743.000000  0.620563
132475.000000  0.808415
133147.000000  0.710910
133839.000000  0.647323
134612.000000  0.582278
134961.000000  0.536677
135349.000000  0.391181
136206.000000  1.140396
136897.000000  0.847476
137882.000000  1.006197
139010.000000  0.728477
140515.000000  0.817273
141670.000000  0.486156
142373.000000  0.544771
142923.000000  0.411747
143465.000000  0.237314
143928.000000  0.180042
144548.000000  0.121783
145334.000000  0.199627
146255.000000  0.334073
147287.000000  0.654309
148236.000000  0.529195
148891.000000  0.335981
149706.000000  0.509284
150694.000000  0.363186
151341.000000  0.265586
151692.000000  0.359959
152089.000000  0.373404
152589.000000  0.056433
153015.000000  0.150974
153534.000000  0.298648
154244.000000  0.286165
154943.000000  0.307725
155882.000000  0.255133
156704.000000  0.180526
157176.000000  0.114591
157467.000000  0.266977
157609.000000  0.242990
157961.000000  0.245155
158322.000000  0.167166
158478.000000  0.095673
158876.000000  0.083009
159245.000000  0.136312
159796.000000  0.112084
159897.000000  0.080477
160287.000000  0.177514
160514.000000  0.063000
160515.000000  0.000909
