2285.000000  87.557129
2870.000000  88.032593
3329.000000  90.394341
3704.000000  89.807281
4442.000000  90.160088
4950.000000  88.227539
5415.000000  87.772720
6193.000000  89.248840
7036.000000  88.153473
8107.000000  88.227997
9142.000000  87.659630
9905.000000  87.824379
10380.000000  88.411545
10958.000000  86.807693
11481.000000  87.595787
12361.000000  86.799232
12943.000000  87.118927
13685.000000  87.815269
14635.000000  87.080856
15551.000000  87.181366
16244.000000  87.364487
16506.000000  86.979813
16748.000000  88.009735
16976.000000  88.258675
17259.000000  88.805161
17726.000000  88.226006
18181.000000  88.142632
18839.000000  88.380501
19510.000000  87.874260
20182.000000  87.888351
20657.000000  87.252762
21268.000000  88.447708
21769.000000  88.812637
22487.000000  88.340897
23690.000000  89.089905
24239.000000  89.286179
25164.000000  88.811996
26481.000000  88.766800
27959.000000  88.764969
28998.000000  89.512894
29882.000000  89.775787
30639.000000  89.690086
31330.000000  89.797005
32494.000000  89.727295
34476.000000  89.146065
36101.000000  88.932892
37530.000000  88.542709
38052.000000  88.745430
39461.000000  88.289330
40810.000000  88.131729
41969.000000  87.788841
42520.000000  88.110802
43957.000000  88.071236
44721.000000  88.026627
46036.000000  88.488701
47520.000000  87.741020
48031.000000  87.578178
49464.000000  87.586609
50856.000000  87.915077
52257.000000  87.527008
53381.000000  87.370483
54240.000000  87.221436
56136.000000  87.376976
57529.000000  87.677452
59077.000000  87.239769
59594.000000  87.632576
60824.000000  87.797600
61670.000000  87.754753
62172.000000  88.273087
63520.000000  87.817993
64517.000000  88.022163
65165.000000  88.172180
65733.000000  87.788353
66473.000000  88.250763
67168.000000  88.527031
67979.000000  88.597908
68812.000000  88.820053
69539.000000  88.855652
70583.000000  89.114746
71209.000000  89.003403
72397.000000  90.167778
72480.000000  89.922234
72792.000000  90.057304
72928.000000  89.883911
73392.000000  90.052864
73702.000000  90.086540
74932.000000  89.989830
75857.000000  90.611717
76550.000000  90.622787
77197.000000  90.908371
77797.000000  90.997208
79009.000000  90.783272
79885.000000  90.762466
81162.000000  90.950745
82519.000000  90.731880
83276.000000  90.820160
83394.000000  91.132919
84088.000000  91.491631
84498.000000  91.607216
85323.000000  91.660400
85682.000000  91.861023
85722.000000  91.151939
85999.000000  91.524246
86374.000000  91.752037
86764.000000  91.969490
87408.000000  92.090309
87959.000000  91.907768
88162.000000  91.972298
88920.000000  92.248032
89521.000000  91.955780
90063.000000  92.072845
90420.000000  92.211929
90551.000000  92.244438
90741.000000  92.364464
91159.000000  92.282036
91321.000000  92.152527
91483.000000  92.573227
