399.000000  0.182064
537.000000  0.148353
671.000000  0.158693
743.000000  0.123895
815.000000  0.144146
905.000000  0.165543
1040.000000  0.192552
1238.000000  0.186046
1395.000000  0.203128
1560.000000  0.201262
1712.000000  0.216303
1857.000000  0.170455
1947.000000  0.194318
2070.000000  0.212893
2188.000000  0.212709
2279.000000  0.202212
2353.000000  0.168965
2451.000000  0.200287
2510.000000  0.183240
2595.000000  0.162930
2681.000000  0.163535
2761.000000  0.144489
2821.000000  0.130015
2913.000000  0.179284
3005.000000  0.172667
3062.000000  0.176465
3106.000000  0.174585
3164.000000  0.171412
3241.000000  0.194902
3339.000000  0.199682
3435.000000  0.225491
3544.000000  0.198976
3640.000000  0.184204
3750.000000  0.229026
3839.000000  0.207240
3963.000000  0.227734
4080.000000  0.235107
4216.000000  0.245102
4371.000000  0.276926
4527.000000  0.275903
4661.000000  0.296515
4772.000000  0.226393
4918.000000  0.228346
5095.000000  0.327832
5233.000000  0.281729
5415.000000  0.354058
5503.000000  0.231259
5637.000000  0.287340
5758.000000  0.270372
5855.000000  0.242894
5940.000000  0.228007
6009.000000  0.223623
6017.000000  0.210322
6019.000000  0.209546
6078.000000  0.213374
6127.000000  0.203947
6196.000000  0.208314
6258.000000  0.210789
6437.000000  0.254155
6462.000000  0.187698
6593.000000  0.253165
6828.000000  0.323207
6969.000000  0.322416
7130.000000  0.327433
7277.000000  0.326419
7424.000000  0.331427
7596.000000  0.378787
7771.000000  0.368853
7904.000000  0.320422
8000.000000  0.283228
8090.000000  0.328440
8236.000000  0.376508
8385.000000  0.351134
8526.000000  0.369761
8634.000000  0.361775
8748.000000  0.380112
8861.000000  0.404147
9030.000000  0.389883
9184.000000  0.399425
9324.000000  0.356221
9447.000000  0.357621
9517.000000  0.336182
9673.000000  0.403105
9789.000000  0.409907
9907.000000  0.401834
10025.000000  0.414602
10061.000000  0.437703
10151.000000  0.413851
10260.000000  0.407186
10358.000000  0.374286
10459.000000  0.380745
10577.000000  0.350718
10648.000000  0.332653
10689.000000  0.299565
10792.000000  0.318895
10837.000000  0.319067
10918.000000  0.314899
10992.000000  0.304196
11097.000000  0.326904
11156.000000  0.325069
11303.000000  0.329769
11378.000000  0.323213
11445.000000  0.331752
11498.000000  0.306537
11622.000000  0.327901
11761.000000  0.338623
11923.000000  0.365364
12031.000000  0.371324
12130.000000  0.329660
12218.000000  0.335054
12348.000000  0.348628
12498.000000  0.374475
12682.000000  0.400127
12720.000000  0.300556
12860.000000  0.337660
13049.000000  0.356400
13219.000000  0.376513
13366.000000  0.422552
13503.000000  0.412891
13666.000000  0.424436
13816.000000  0.382679
13927.000000  0.407715
14026.000000  0.373152
14156.000000  0.401251
14299.000000  0.384597
14382.000000  0.429179
14503.000000  0.402933
14610.000000  0.435791
14758.000000  0.491947
14937.000000  0.488582
15081.000000  0.439980
15242.000000  0.463546
15337.000000  0.387498
15435.000000  0.495013
15562.000000  0.429977
15691.000000  0.480063
15822.000000  0.475767
15937.000000  0.470561
16057.000000  0.482908
16116.000000  0.440764
16129.000000  0.400093
16134.000000  0.503268
16182.000000  0.392102
16193.000000  0.388687
16202.000000  0.338043
16206.000000  0.362508
16234.000000  0.337041
16322.000000  0.353551
16466.000000  0.386640
16561.000000  0.395795
16662.000000  0.366929
16750.000000  0.396410
16860.000000  0.421827
16986.000000  0.432165
17171.000000  0.466934
17412.000000  0.501074
17562.000000  0.492422
17655.000000  0.427285
17741.000000  0.474997
17828.000000  0.432906
17919.000000  0.447541
18034.000000  0.485371
18193.000000  0.524093
18237.000000  0.440984
18375.000000  0.560603
18474.000000  0.512188
18556.000000  0.583574
18712.000000  0.592655
18805.000000  0.510278
18845.000000  0.482059
18876.000000  0.488319
18922.000000  0.574006
18989.000000  0.502686
19053.000000  0.467910
19120.000000  0.508168
19200.000000  0.473990
19286.000000  0.491120
19363.000000  0.454365
19442.000000  0.462174
19526.000000  0.441199
19629.000000  0.460608
19709.000000  0.456664
19789.000000  0.465680
19873.000000  0.464043
19967.000000  0.475049
20081.000000  0.469718
20237.000000  0.461702
20320.000000  0.477692
20430.000000  0.475108
20579.000000  0.503207
20689.000000  0.506578
20792.000000  0.510678
20953.000000  0.545298
21089.000000  0.550314
21229.000000  0.568546
21287.000000  0.488430
21430.000000  0.611176
21592.000000  0.567906
21750.000000  0.490950
21866.000000  0.555660
22029.000000  0.592396
22056.000000  0.460255
22154.000000  0.483565
22328.000000  0.563871
22505.000000  0.555265
22685.000000  0.550831
22862.000000  0.606190
23048.000000  0.600178
23074.000000  0.475224
23231.000000  0.586566
23365.000000  0.572220
23484.000000  0.560814
23567.000000  0.553557
23597.000000  0.550635
23622.000000  0.543501
23737.000000  0.546827
23818.000000  0.537056
23915.000000  0.554579
24041.000000  0.640766
24075.000000  0.611180
24170.000000  0.649851
24221.000000  0.597602
24248.000000  0.414133
24266.000000  0.440372
24343.000000  0.561112
24436.000000  0.582393
24525.000000  0.564282
24638.000000  0.577307
24720.000000  0.565959
24815.000000  0.663075
24879.000000  0.662971
24919.000000  0.624706
24988.000000  0.595796
25073.000000  0.596031
25161.000000  0.542581
25266.000000  0.571320
25343.000000  0.493423
25440.000000  0.505747
25542.000000  0.548952
25638.000000  0.479073
25744.000000  0.515196
25840.000000  0.505558
25913.000000  0.531540
25926.000000  0.423313
26002.000000  0.557553
26064.000000  0.532552
26168.000000  0.599361
26265.000000  0.549830
26383.000000  0.575770
26589.000000  0.638638
26745.000000  0.638102
26902.000000  0.649910
27020.000000  0.648651
27147.000000  0.590143
27231.000000  0.556531
27339.000000  0.604799
27508.000000  0.718123
27605.000000  0.870530
27695.000000  0.775745
27758.000000  0.855934
27769.000000  0.822521
27829.000000  0.473424
27859.000000  0.455577
27871.000000  0.816424
27893.000000  0.761544
27901.000000  0.734763
27904.000000  0.760672
27917.000000  1.093412
28005.000000  0.435927
28006.000000  0.404578
28015.000000  0.413182
28016.000000  0.404997
28059.000000  0.423306
28084.000000  0.358241
28182.000000  0.429722
28261.000000  0.422815
28284.000000  0.418073
28288.000000  0.388989
28338.000000  0.405104
28446.000000  0.429083
28545.000000  0.427567
28691.000000  0.482460
28848.000000  0.492821
28957.000000  0.451528
29034.000000  0.417609
29055.000000  0.396855
29089.000000  0.407629
29194.000000  0.420837
29297.000000  0.427094
29385.000000  0.438689
29465.000000  0.441485
29474.000000  0.373628
29521.000000  0.397462
29623.000000  0.377331
29691.000000  0.430047
29788.000000  0.456155
29927.000000  0.472718
30002.000000  0.436852
30065.000000  0.422019
30137.000000  0.468412
30235.000000  0.482947
30320.000000  0.473953
30404.000000  0.490691
30502.000000  0.435688
30586.000000  0.460130
30656.000000  0.450363
30735.000000  0.451420
30806.000000  0.509522
30887.000000  0.479325
30990.000000  0.511421
31070.000000  0.456305
31149.000000  0.462693
31250.000000  0.462378
31350.000000  0.473940
31362.000000  0.426895
31412.000000  0.435803
31493.000000  0.409193
31592.000000  0.433284
31692.000000  0.498333
31770.000000  0.509961
31856.000000  0.513728
31908.000000  0.536369
31989.000000  0.531574
32027.000000  0.503308
32140.000000  0.672063
32238.000000  0.688409
32317.000000  0.486643
32365.000000  0.461098
32368.000000  0.357138
32459.000000  0.429593
32588.000000  0.408970
32662.000000  0.437884
32780.000000  0.440074
32877.000000  0.467367
32963.000000  0.420231
33043.000000  0.456654
33147.000000  0.447478
33241.000000  0.509635
33357.000000  0.486154
33421.000000  0.401833
33461.000000  0.436684
33487.000000  0.438983
33574.000000  0.406953
33656.000000  0.458307
33756.000000  0.469698
33834.000000  0.431640
33907.000000  0.427841
33988.000000  0.476537
34083.000000  0.443632
34142.000000  0.482936
34151.000000  0.440779
34203.000000  0.495777
34276.000000  0.454890
34380.000000  0.556426
34467.000000  0.470605
34570.000000  0.510669
34654.000000  0.532983
34745.000000  0.459112
34814.000000  0.485308
34858.000000  0.522943
34898.000000  0.507390
34994.000000  0.495367
35131.000000  0.488835
35225.000000  0.458247
35310.000000  0.470094
35406.000000  0.510690
35495.000000  0.453992
35521.000000  0.488432
35589.000000  0.566322
35685.000000  0.539577
35777.000000  0.538015
35885.000000  0.482386
35979.000000  0.481223
36065.000000  0.492134
36179.000000  0.552763
36268.000000  0.552708
36369.000000  0.539683
36506.000000  0.526700
36580.000000  0.521888
36680.000000  0.586051
36770.000000  0.532988
36818.000000  0.565808
36949.000000  0.541532
37012.000000  0.578830
37060.000000  0.654901
37105.000000  0.466703
37154.000000  0.440403
37187.000000  0.472900
37254.000000  0.592873
37345.000000  0.590747
37430.000000  0.602634
37505.000000  0.593875
37546.000000  0.537233
37586.000000  0.564547
37731.000000  0.643095
37811.000000  0.481592
37882.000000  0.488313
37989.000000  0.510085
38055.000000  0.629056
38086.000000  0.526803
38171.000000  0.766252
38186.000000  0.525393
38279.000000  0.464286
38352.000000  0.431397
38442.000000  0.472228
38447.000000  0.427985
38526.000000  0.472891
38608.000000  0.431370
38753.000000  0.505841
38953.000000  0.552670
39085.000000  0.498506
39222.000000  0.487412
39282.000000  0.506281
39340.000000  0.483399
39357.000000  0.460382
39420.000000  0.450849
39532.000000  0.459143
39632.000000  0.512245
39715.000000  0.441322
39778.000000  0.467628
39832.000000  0.482767
39845.000000  0.394934
39882.000000  0.442059
39949.000000  0.500669
39998.000000  0.435572
40083.000000  0.500108
40167.000000  0.436958
40278.000000  0.491676
40358.000000  0.434936
40409.000000  0.455210
40411.000000  0.419660
40478.000000  0.470835
40559.000000  0.451267
40656.000000  0.465960
40733.000000  0.459858
40756.000000  0.447342
40758.000000  0.440489
40789.000000  0.422889
40805.000000  0.441585
40809.000000  0.412234
