2285.000000  0.353526
2854.000000  -0.046599
3326.000000  -0.095891
3765.000000  0.014937
4529.000000  0.097546
5500.000000  0.160656
6214.000000  -0.016291
6917.000000  -0.029521
7760.000000  0.058872
8729.000000  0.057462
9679.000000  0.062486
10543.000000  -0.027442
11075.000000  -0.200160
12047.000000  0.129498
12781.000000  0.031512
13118.000000  -0.065855
13746.000000  0.117007
14395.000000  -0.007077
15064.000000  -0.038019
15580.000000  -0.081816
16147.000000  -0.028932
16865.000000  0.084454
17623.000000  -0.076871
18243.000000  0.012988
19010.000000  0.027861
19701.000000  0.030527
20420.000000  -0.109122
21048.000000  -0.003426
21550.000000  -0.031706
21944.000000  -0.091343
22351.000000  0.054930
22742.000000  0.010005
23251.000000  0.115660
24016.000000  0.160824
24805.000000  0.035494
25483.000000  0.027257
26021.000000  -0.094359
26437.000000  -0.120249
27109.000000  0.156187
27553.000000  -0.010216
27984.000000  -0.101565
28455.000000  -0.155249
28905.000000  -0.054127
29158.000000  -0.130171
29449.000000  -0.023143
29658.000000  -0.005141
29894.000000  0.001609
29986.000000  -0.027126
30167.000000  -0.022269
30505.000000  0.084352
31076.000000  0.271141
31646.000000  -0.060173
32417.000000  -0.029661
33123.000000  -0.042225
33681.000000  0.081284
34599.000000  0.068017
35393.000000  0.040415
35953.000000  -0.010360
36659.000000  -0.025796
37402.000000  0.064462
38214.000000  0.012872
38615.000000  -0.333916
38883.000000  -0.020052
39312.000000  0.104432
39737.000000  0.035316
40192.000000  -0.014045
40422.000000  -0.098238
40644.000000  -0.039587
41060.000000  0.029829
41532.000000  0.344133
41745.000000  -0.148981
41991.000000  -0.078729
42118.000000  0.083073
42404.000000  0.188801
42782.000000  0.144185
43213.000000  0.081520
43819.000000  0.032650
44402.000000  0.052842
45010.000000  -0.156002
45564.000000  0.061310
46200.000000  -0.015902
46573.000000  -0.156995
47108.000000  -0.002771
47876.000000  0.468923
48647.000000  -0.069459
49304.000000  0.149684
49675.000000  -0.030202
50039.000000  -0.934416
50275.000000  -0.030401
50478.000000  -0.000737
50875.000000  0.612730
51422.000000  0.296118
52033.000000  0.104074
52637.000000  -0.881225
53161.000000  -0.037169
53642.000000  0.036496
54192.000000  0.415591
54731.000000  0.017460
55347.000000  -0.044849
56020.000000  -0.049443
56617.000000  -0.198565
57190.000000  -0.023546
57689.000000  0.000321
58164.000000  0.008143
58731.000000  -0.084005
59404.000000  0.256950
60047.000000  -0.305901
60735.000000  0.060731
61442.000000  -0.037784
61765.000000  -0.181252
62096.000000  0.081778
62347.000000  0.008754
62958.000000  0.095470
63659.000000  0.191725
64484.000000  0.188439
65134.000000  0.059106
65800.000000  0.322161
66443.000000  -0.387659
66779.000000  0.071599
67132.000000  -0.121168
67431.000000  0.093296
67601.000000  -0.184958
67988.000000  0.509157
68602.000000  0.747424
69245.000000  -1.434049
69707.000000  -0.028681
70285.000000  0.013239
70753.000000  -0.103677
71318.000000  1.249217
72035.000000  0.004229
72717.000000  -0.150998
73173.000000  -0.165854
73680.000000  -0.886793
74227.000000  -0.030025
74929.000000  0.081093
75492.000000  -0.080711
75829.000000  -0.130527
76222.000000  0.000894
76594.000000  0.128633
77040.000000  -0.061164
77493.000000  0.063744
77915.000000  -0.049890
78349.000000  -0.090739
78653.000000  0.097962
79047.000000  -0.006805
79561.000000  0.160102
80080.000000  -0.151585
80630.000000  0.052228
81225.000000  -0.042447
81630.000000  0.037125
82078.000000  -0.048580
82330.000000  -0.051367
82541.000000  -0.107056
82805.000000  0.038428
83200.000000  0.139176
83651.000000  -0.018322
83936.000000  -0.095200
84297.000000  -0.001477
84604.000000  0.025608
84972.000000  0.073244
85054.000000  -0.103815
85176.000000  0.067319
85435.000000  0.236487
85754.000000  0.032080
85927.000000  -0.023121
86010.000000  -0.049084
86083.000000  0.042809
86141.000000  0.016154
86179.000000  0.274242
86247.000000  -0.676382
86286.000000  0.247987
86491.000000  -0.236163
86664.000000  -0.025072
86771.000000  -0.053414
86813.000000  -0.000808
87023.000000  0.046157
87182.000000  -0.023049
87295.000000  -0.018769
87321.000000  0.001307
87427.000000  0.000273
87479.000000  0.074757
87479.000000  -0.106781
87704.000000  0.088528
87963.000000  0.101805
88443.000000  0.036718
88792.000000  -0.061049
89113.000000  -0.031439
89269.000000  -0.025101
89359.000000  0.055720
89431.000000  -0.076776
89451.000000  -0.049282
89482.000000  -0.007332
89744.000000  0.141170
89971.000000  -0.085016
90284.000000  0.054633
90310.000000  -0.094902
90463.000000  0.140269
90488.000000  -0.162641
90490.000000  -0.024984
90720.000000  0.098965
90926.000000  -0.031481
91129.000000  0.025476
91380.000000  0.023553
91461.000000  -0.029015
91477.000000  -0.074848
