2285.000000  0.027933
2854.000000  0.006502
3326.000000  -0.007364
3765.000000  0.003162
4529.000000  -0.003007
5500.000000  0.001598
6214.000000  -0.000772
6917.000000  0.003813
7760.000000  0.012369
8729.000000  -0.012088
9679.000000  0.000275
10543.000000  0.001533
11075.000000  0.006428
12047.000000  -0.007657
12781.000000  0.003850
13118.000000  0.009324
13746.000000  -0.010218
14395.000000  0.000455
15064.000000  0.000708
15580.000000  0.003171
16147.000000  0.016972
16865.000000  -0.010038
17623.000000  0.009686
18243.000000  0.000388
19010.000000  0.028798
19701.000000  -0.013956
20420.000000  -0.003627
21048.000000  0.112086
21550.000000  -0.135151
21944.000000  0.003000
22351.000000  -0.005715
22742.000000  0.011386
23251.000000  -0.003476
24016.000000  -0.002905
24805.000000  -0.001724
25483.000000  0.003903
26021.000000  -0.003593
26437.000000  0.000030
27109.000000  0.002958
27553.000000  -0.002171
27984.000000  0.057800
28455.000000  -0.043639
28905.000000  -0.001320
29158.000000  -0.002209
29449.000000  0.133345
29658.000000  -0.051114
29894.000000  -0.079538
29986.000000  -0.007701
30167.000000  -0.003204
30505.000000  -0.001324
31076.000000  0.005963
31646.000000  0.011047
32417.000000  -0.005382
33123.000000  1.242405
33681.000000  0.263806
34599.000000  -1.461143
35393.000000  0.176625
35953.000000  0.062477
36659.000000  -0.232164
37402.000000  0.051993
38214.000000  0.016968
38615.000000  -0.030756
38883.000000  0.033131
39312.000000  -0.021787
39737.000000  -0.022394
40192.000000  -0.012240
40422.000000  -0.058273
40644.000000  0.000492
41060.000000  -0.006632
41532.000000  -0.003236
41745.000000  0.011688
41991.000000  -0.020327
42118.000000  -0.004495
42404.000000  -0.000181
42782.000000  0.001628
43213.000000  -0.008557
43819.000000  0.007458
44402.000000  -0.007338
45010.000000  -0.001169
45564.000000  0.005042
46200.000000  -0.000885
46573.000000  -0.003723
47108.000000  -0.001040
47876.000000  0.009559
48647.000000  -0.011431
49304.000000  0.001803
49675.000000  0.005154
50039.000000  -0.000061
50275.000000  -0.007524
50478.000000  0.011146
50875.000000  -0.007493
51422.000000  -0.000422
52033.000000  0.000955
52637.000000  -0.003082
53161.000000  0.009232
53642.000000  -0.008555
54192.000000  -0.000663
54731.000000  0.000540
55347.000000  0.000139
56020.000000  0.001281
56617.000000  0.002285
57190.000000  0.007065
57689.000000  -0.007589
58164.000000  -0.001979
58731.000000  0.001619
59404.000000  -0.000056
60047.000000  0.000253
60735.000000  0.005704
61442.000000  -0.004652
61765.000000  -0.001276
62096.000000  0.001783
62347.000000  -0.000979
62958.000000  0.004934
63659.000000  0.007842
64484.000000  -0.019397
65134.000000  -0.000650
65800.000000  0.000931
66443.000000  0.002193
66779.000000  -0.002521
67132.000000  -0.000476
67431.000000  0.000146
67601.000000  0.008127
67988.000000  -0.006867
68602.000000  -0.003327
69245.000000  -0.000670
69707.000000  0.001783
70285.000000  0.000371
70753.000000  -0.001351
71318.000000  0.003347
72035.000000  -0.002706
72717.000000  0.008864
73173.000000  -0.009642
73680.000000  0.001310
74227.000000  0.001615
74929.000000  0.000872
75492.000000  0.006431
75829.000000  -0.006125
76222.000000  -0.000497
76594.000000  0.000460
77040.000000  0.000659
77493.000000  0.000231
77915.000000  0.001553
78349.000000  -0.004923
78653.000000  0.002316
79047.000000  -0.000930
79561.000000  -0.000727
80080.000000  0.000932
80630.000000  0.007595
81225.000000  0.002242
81630.000000  -0.008432
82078.000000  -0.002908
82330.000000  0.000021
82541.000000  -0.000688
82805.000000  -0.000820
83200.000000  0.003801
83651.000000  0.001859
83936.000000  -0.003746
84297.000000  0.008981
84604.000000  -0.006787
84972.000000  0.004388
85054.000000  -0.001209
85176.000000  -0.007591
85435.000000  0.013779
85754.000000  -0.013975
85927.000000  -0.002005
86010.000000  0.005431
86083.000000  -0.003021
86141.000000  -0.002539
86179.000000  0.000086
86247.000000  -0.001577
86286.000000  0.008546
86491.000000  -0.004705
86664.000000  0.002827
86771.000000  -0.004558
86813.000000  -0.001138
87023.000000  0.001618
87182.000000  0.006034
87295.000000  0.001905
87321.000000  -0.005576
87427.000000  -0.001386
87479.000000  -0.003186
87479.000000  0.001330
87704.000000  0.002890
87963.000000  -0.004373
88443.000000  0.000815
88792.000000  0.013337
89113.000000  -0.014498
89269.000000  0.000849
89359.000000  0.019058
89431.000000  -0.020241
89451.000000  0.000957
89482.000000  0.004985
89744.000000  -0.004326
89971.000000  0.009467
90284.000000  -0.001620
90310.000000  -0.007199
90463.000000  -0.002035
90488.000000  0.006195
90490.000000  0.001797
90720.000000  -0.009129
90926.000000  0.006964
91129.000000  -0.006838
91380.000000  0.001985
91461.000000  -0.002517
91477.000000  0.000479
