4067.000000  0.223275
4722.000000  0.212356
5391.000000  0.205701
6056.000000  0.226139
6855.000000  0.205278
7878.000000  0.259893
9133.000000  0.330945
10464.000000  0.292363
11541.000000  0.297993
12710.000000  0.275733
13318.000000  0.295391
14220.000000  0.283442
15352.000000  0.273224
16537.000000  0.308117
17288.000000  0.254408
17758.000000  0.287463
18359.000000  0.256937
18850.000000  0.241026
19154.000000  0.247147
19507.000000  0.282496
20030.000000  0.230435
20370.000000  0.260622
20868.000000  0.254960
21270.000000  0.277220
21616.000000  0.252295
22430.000000  0.286968
23109.000000  0.287087
23807.000000  0.283442
24647.000000  0.297468
25441.000000  0.290737
26242.000000  0.366655
26913.000000  0.352700
27621.000000  0.333078
28901.000000  0.357288
29110.000000  0.334808
29531.000000  0.330883
30432.000000  0.368605
31046.000000  0.358638
31987.000000  0.336425
32635.000000  0.301998
32991.000000  0.290599
33453.000000  0.330807
34264.000000  0.321437
35107.000000  0.349454
35740.000000  0.356784
36488.000000  0.342049
37256.000000  0.362486
38141.000000  0.391543
39287.000000  0.429889
40588.000000  0.405869
41596.000000  0.422251
42886.000000  0.410331
43857.000000  0.464614
44835.000000  0.403388
45480.000000  0.420707
46081.000000  0.435593
46693.000000  0.456107
47383.000000  0.457903
48328.000000  0.473579
49106.000000  0.467387
49969.000000  0.428170
50811.000000  0.487111
51440.000000  0.431035
52127.000000  0.497766
53011.000000  0.483117
54000.000000  0.563070
55194.000000  0.523728
56292.000000  0.555821
57539.000000  0.578083
58851.000000  0.631321
60058.000000  0.597887
61154.000000  0.622063
62434.000000  0.658594
63669.000000  0.629067
65326.000000  0.684129
66917.000000  0.712953
68440.000000  0.769476
69405.000000  0.762083
70264.000000  0.736630
70883.000000  0.793177
72140.000000  0.742611
73664.000000  0.758303
74649.000000  0.836053
76088.000000  0.833634
77632.000000  0.779774
78949.000000  0.860521
80249.000000  0.910874
81790.000000  0.913917
83098.000000  0.978903
84832.000000  0.866299
85710.000000  0.898896
86846.000000  0.868599
87865.000000  0.871338
89306.000000  0.816931
90204.000000  0.841109
90965.000000  0.910150
91816.000000  0.843282
93005.000000  0.846712
93737.000000  0.859523
94822.000000  0.772482
95603.000000  0.817487
97245.000000  0.839904
98225.000000  0.832716
99881.000000  0.793677
100266.000000  0.787957
101204.000000  0.741487
101594.000000  0.710779
102473.000000  0.742193
102953.000000  0.746594
103640.000000  0.749871
104048.000000  0.713408
104885.000000  0.745588
105769.000000  0.704701
106412.000000  0.710784
107863.000000  0.737111
108396.000000  0.706438
109014.000000  0.682416
109352.000000  0.657350
109882.000000  0.640336
110922.000000  0.629746
111640.000000  0.652721
112811.000000  0.665923
113617.000000  0.714020
114857.000000  0.712919
115699.000000  0.677717
116137.000000  0.740610
116371.000000  0.694091
116743.000000  0.591871
117048.000000  0.608603
117533.000000  0.669828
118181.000000  0.615693
118723.000000  0.603628
119292.000000  0.572631
119960.000000  0.601723
120428.000000  0.570374
121421.000000  0.656590
122354.000000  0.623923
123243.000000  0.662437
123817.000000  0.644460
124706.000000  0.678685
125676.000000  0.656389
126555.000000  0.663863
127282.000000  0.571019
128208.000000  0.603478
128782.000000  0.564761
130247.000000  0.605660
131279.000000  0.643430
132660.000000  0.649890
133597.000000  0.614769
134214.000000  0.666692
135509.000000  0.609928
136155.000000  0.560926
136844.000000  0.613089
137586.000000  0.602541
138557.000000  0.553118
139157.000000  0.581137
139574.000000  0.616591
140635.000000  0.567078
141080.000000  0.559780
141646.000000  0.546376
142243.000000  0.534679
142435.000000  0.476175
142517.000000  0.436046
143090.000000  0.448012
143395.000000  0.400720
144158.000000  0.434558
145044.000000  0.453712
145572.000000  0.433038
146148.000000  0.407039
147069.000000  0.403411
148034.000000  0.460044
149311.000000  0.518263
150431.000000  0.452095
151247.000000  0.458756
152086.000000  0.480149
152570.000000  0.484891
153332.000000  0.414743
154213.000000  0.386263
154964.000000  0.366596
155887.000000  0.364259
157062.000000  0.371806
157387.000000  0.283815
158126.000000  0.258935
158742.000000  0.227126
159028.000000  0.216454
159477.000000  0.202947
159913.000000  0.178181
160056.000000  0.146824
160110.000000  0.111582
160134.000000  0.088989
160286.000000  0.095415
160480.000000  0.079761
160504.000000  0.049362
