4067.000000  0.223275
4722.000000  -0.010919
5391.000000  -0.006655
6056.000000  0.020438
6855.000000  -0.020861
7878.000000  0.054616
9133.000000  0.071052
10464.000000  -0.038582
11541.000000  0.005631
12710.000000  -0.022261
13318.000000  0.019658
14220.000000  -0.011949
15352.000000  -0.010218
16537.000000  0.034894
17288.000000  -0.053709
17758.000000  0.033054
18359.000000  -0.030525
18850.000000  -0.015912
19154.000000  0.006121
19507.000000  0.035349
20030.000000  -0.052061
20370.000000  0.030186
20868.000000  -0.005662
21270.000000  0.022260
21616.000000  -0.024925
22430.000000  0.034673
23109.000000  0.000119
23807.000000  -0.003646
24647.000000  0.014026
25441.000000  -0.006730
26242.000000  0.075918
26913.000000  -0.013955
27621.000000  -0.019621
28901.000000  0.024209
29110.000000  -0.022480
29531.000000  -0.003925
30432.000000  0.037722
31046.000000  -0.009967
31987.000000  -0.022213
32635.000000  -0.034427
32991.000000  -0.011399
33453.000000  0.040208
34264.000000  -0.009370
35107.000000  0.028016
35740.000000  0.007331
36488.000000  -0.014735
37256.000000  0.020437
38141.000000  0.029057
39287.000000  0.038346
40588.000000  -0.024021
41596.000000  0.016382
42886.000000  -0.011920
43857.000000  0.054283
44835.000000  -0.061226
45480.000000  0.017319
46081.000000  0.014886
46693.000000  0.020514
47383.000000  0.001796
48328.000000  0.015676
49106.000000  -0.006192
49969.000000  -0.039217
50811.000000  0.058941
51440.000000  -0.056076
52127.000000  0.066731
53011.000000  -0.014649
54000.000000  0.079953
55194.000000  -0.039342
56292.000000  0.032093
57539.000000  0.022262
58851.000000  0.053238
60058.000000  -0.033434
61154.000000  0.024177
62434.000000  0.036531
63669.000000  -0.029527
65326.000000  0.055063
66917.000000  0.028824
68440.000000  0.056523
69405.000000  -0.007393
70264.000000  -0.025453
70883.000000  0.056547
72140.000000  -0.050566
73664.000000  0.015692
74649.000000  0.077751
76088.000000  -0.002419
77632.000000  -0.053860
78949.000000  0.080747
80249.000000  0.050353
81790.000000  0.003044
83098.000000  0.064986
84832.000000  -0.112605
85710.000000  0.032597
86846.000000  -0.030297
87865.000000  0.002740
89306.000000  -0.054407
90204.000000  0.024177
90965.000000  0.069042
91816.000000  -0.066868
93005.000000  0.003430
93737.000000  0.012811
94822.000000  -0.087041
95603.000000  0.045005
97245.000000  0.022416
98225.000000  -0.007188
99881.000000  -0.039039
100266.000000  -0.005719
101204.000000  -0.046471
101594.000000  -0.030708
102473.000000  0.031413
102953.000000  0.004401
103640.000000  0.003277
104048.000000  -0.036463
104885.000000  0.032180
105769.000000  -0.040887
106412.000000  0.006083
107863.000000  0.026326
108396.000000  -0.030673
109014.000000  -0.024022
109352.000000  -0.025067
109882.000000  -0.017014
110922.000000  -0.010590
111640.000000  0.022975
112811.000000  0.013203
113617.000000  0.048097
114857.000000  -0.001101
115699.000000  -0.035202
116137.000000  0.062893
116371.000000  -0.046519
116743.000000  -0.102220
117048.000000  0.016732
117533.000000  0.061225
118181.000000  -0.054135
118723.000000  -0.012065
119292.000000  -0.030997
119960.000000  0.029093
120428.000000  -0.031349
121421.000000  0.086217
122354.000000  -0.032668
123243.000000  0.038515
123817.000000  -0.017977
124706.000000  0.034224
125676.000000  -0.022296
126555.000000  0.007474
127282.000000  -0.092844
128208.000000  0.032458
128782.000000  -0.038716
130247.000000  0.040898
131279.000000  0.037770
132660.000000  0.006461
133597.000000  -0.035122
134214.000000  0.051923
135509.000000  -0.056764
136155.000000  -0.049002
136844.000000  0.052163
137586.000000  -0.010549
138557.000000  -0.049423
139157.000000  0.028020
139574.000000  0.035454
140635.000000  -0.049513
141080.000000  -0.007297
141646.000000  -0.013405
142243.000000  -0.011696
142435.000000  -0.058505
142517.000000  -0.040129
143090.000000  0.011966
143395.000000  -0.047292
144158.000000  0.033838
145044.000000  0.019155
145572.000000  -0.020675
146148.000000  -0.025999
147069.000000  -0.003628
148034.000000  0.056633
149311.000000  0.058220
150431.000000  -0.066168
151247.000000  0.006661
152086.000000  0.021392
152570.000000  0.004742
153332.000000  -0.070148
154213.000000  -0.028480
154964.000000  -0.019667
155887.000000  -0.002337
157062.000000  0.007547
157387.000000  -0.087991
158126.000000  -0.024880
158742.000000  -0.031809
159028.000000  -0.010672
159477.000000  -0.013506
159913.000000  -0.024767
160056.000000  -0.031357
160110.000000  -0.035242
160134.000000  -0.022592
160286.000000  0.006426
160480.000000  -0.015654
160504.000000  -0.030399
