576.000000  0.205738
730.000000  0.139230
918.000000  0.148161
1142.000000  0.172296
1388.000000  0.219696
1554.000000  0.186606
1687.000000  0.176001
1855.000000  0.206516
2018.000000  0.178611
2188.000000  0.194773
2372.000000  0.208874
2553.000000  0.210007
2686.000000  0.163510
2858.000000  0.231427
3021.000000  0.212930
3123.000000  0.211365
3234.000000  0.180007
3445.000000  0.191452
3591.000000  0.179285
3654.000000  0.137470
3738.000000  0.156724
3824.000000  0.159673
3910.000000  0.179027
3990.000000  0.155853
4092.000000  0.155652
4173.000000  0.155395
4252.000000  0.159339
4334.000000  0.155718
4410.000000  0.163675
4511.000000  0.183960
4621.000000  0.220557
4830.000000  0.279924
5095.000000  0.269124
5305.000000  0.247023
5509.000000  0.243639
5672.000000  0.217585
5793.000000  0.180260
5838.000000  0.138565
5882.000000  0.135718
5932.000000  0.145898
6092.000000  0.225876
6196.000000  0.216934
6309.000000  0.190594
6417.000000  0.275536
6537.000000  0.281902
6677.000000  0.288213
6796.000000  0.277042
6929.000000  0.263656
7020.000000  0.215915
7115.000000  0.157559
7266.000000  0.193166
7388.000000  0.200498
7500.000000  0.209967
7530.000000  0.136873
7676.000000  0.227093
7828.000000  0.235745
7964.000000  0.245339
8022.000000  0.182006
8170.000000  0.245810
8311.000000  0.241679
8479.000000  0.244118
8545.000000  0.191875
8675.000000  0.238706
8807.000000  0.254239
8947.000000  0.272236
8967.000000  0.173221
9130.000000  0.259596
9287.000000  0.236506
9458.000000  0.239896
9641.000000  0.259290
9778.000000  0.227193
9889.000000  0.223412
9999.000000  0.235054
10172.000000  0.242899
10191.000000  0.153575
10372.000000  0.256329
10532.000000  0.255738
10712.000000  0.276400
10945.000000  0.285322
11175.000000  0.331922
11447.000000  0.357728
11629.000000  0.314982
11834.000000  0.307661
11929.000000  0.262983
12073.000000  0.303056
12256.000000  0.347818
12425.000000  0.333889
12597.000000  0.312546
12713.000000  0.292013
12796.000000  0.257034
12876.000000  0.250836
13052.000000  0.301051
13198.000000  0.364887
13355.000000  0.578071
13563.000000  0.576128
13808.000000  0.401052
13967.000000  0.368701
14181.000000  0.421457
14388.000000  0.599203
14577.000000  0.593477
14786.000000  0.509378
14957.000000  0.365015
15107.000000  0.355814
15204.000000  0.286233
15302.000000  0.249832
15314.000000  0.175216
15401.000000  0.283520
15467.000000  0.338145
15517.000000  0.388990
15651.000000  0.457940
15833.000000  0.380124
16046.000000  0.338744
16193.000000  0.346093
16262.000000  0.264272
16363.000000  0.279142
16520.000000  0.335411
16715.000000  0.514340
16991.000000  0.504546
17177.000000  0.414700
17322.000000  0.340726
17513.000000  0.372542
17654.000000  0.389166
17786.000000  0.387439
17912.000000  0.378139
17946.000000  0.282914
18080.000000  0.363711
18254.000000  0.463330
18467.000000  0.511442
18696.000000  0.452050
18912.000000  0.514439
19111.000000  0.547858
19284.000000  0.582253
19464.000000  0.528335
19541.000000  0.537855
19694.000000  0.630467
19871.000000  0.457927
19896.000000  0.312015
20059.000000  0.424257
20244.000000  0.455334
20384.000000  0.430574
20550.000000  0.337379
20698.000000  0.375983
20822.000000  0.381543
20926.000000  0.295462
21021.000000  0.325551
21118.000000  0.325443
21266.000000  0.419032
21455.000000  0.457369
21652.000000  0.440951
21846.000000  0.554771
22058.000000  0.481291
22181.000000  0.539284
22319.000000  0.529214
22393.000000  0.434358
22470.000000  0.409966
22564.000000  0.416215
22631.000000  0.523600
22788.000000  0.417544
23018.000000  0.447032
23139.000000  0.431477
23249.000000  0.453467
23492.000000  0.415923
23528.000000  0.328389
23746.000000  0.453878
23878.000000  0.401618
23974.000000  0.408774
24081.000000  0.409714
24142.000000  0.381585
24216.000000  0.398880
24290.000000  0.390393
24439.000000  0.418022
24521.000000  0.420843
24626.000000  0.519774
24739.000000  0.524792
24829.000000  0.407783
24922.000000  0.671757
25003.000000  0.454123
25119.000000  0.488342
25239.000000  0.676605
25366.000000  0.422221
25458.000000  0.481678
25551.000000  0.462364
25655.000000  0.445491
25744.000000  0.492760
25824.000000  0.461144
25917.000000  0.502090
26029.000000  0.565111
26173.000000  0.536641
26286.000000  0.634640
26364.000000  0.690208
26485.000000  0.372512
26562.000000  0.342337
26643.000000  0.352028
26741.000000  0.685844
26851.000000  0.691391
26959.000000  0.710608
27073.000000  0.744646
27183.000000  0.721164
27238.000000  0.872168
27314.000000  0.716697
27461.000000  0.731349
27575.000000  0.722769
27668.000000  0.839828
27770.000000  0.819858
27895.000000  0.785662
28040.000000  0.812863
28251.000000  0.839354
28413.000000  1.062118
28508.000000  0.395438
28596.000000  0.390498
28730.000000  0.409899
28909.000000  0.403313
29098.000000  0.598966
29188.000000  0.395022
29337.000000  0.417080
29513.000000  0.456406
29672.000000  0.441919
29828.000000  0.431697
29981.000000  0.426691
30088.000000  0.412158
30218.000000  0.429485
30375.000000  0.444935
30488.000000  0.395340
30567.000000  0.400599
30611.000000  0.340982
30733.000000  0.381073
30883.000000  0.440137
31022.000000  0.466977
31150.000000  0.442705
31268.000000  0.442012
31355.000000  0.396894
31441.000000  0.389431
31525.000000  0.376790
31609.000000  0.420658
31684.000000  0.391015
31828.000000  0.471397
31977.000000  0.449070
32158.000000  0.739968
32371.000000  0.673314
32516.000000  0.881264
32571.000000  0.498034
32622.000000  0.443193
32702.000000  0.465553
32786.000000  0.439901
32841.000000  0.451141
32933.000000  0.464076
33025.000000  0.463854
33051.000000  0.340004
33124.000000  0.422764
33229.000000  0.409283
33303.000000  0.409814
33393.000000  0.403187
33504.000000  0.415499
33572.000000  0.421629
33648.000000  0.532228
33724.000000  0.537719
33841.000000  0.601862
33987.000000  0.672534
34060.000000  0.666347
34085.000000  0.629374
34096.000000  0.415750
34137.000000  0.385771
34164.000000  0.357505
34188.000000  0.364965
34263.000000  0.369250
34449.000000  0.436795
34570.000000  0.444906
34705.000000  0.454464
34778.000000  0.422152
34916.000000  0.465896
35105.000000  0.507333
35142.000000  0.397371
35171.000000  0.402068
35226.000000  0.454403
35318.000000  0.414720
35326.000000  0.341174
35332.000000  0.366915
35509.000000  0.417250
35623.000000  0.423793
35747.000000  0.427540
35875.000000  0.443316
35921.000000  0.419812
35994.000000  0.426670
36087.000000  0.424634
36100.000000  0.384584
36119.000000  0.378719
36122.000000  0.379700
36244.000000  0.408890
36282.000000  0.368348
36460.000000  0.436220
36662.000000  0.522008
36811.000000  0.471821
36881.000000  0.464099
37013.000000  0.480215
37067.000000  0.445520
37119.000000  0.416857
37120.000000  0.373215
37173.000000  0.390666
37251.000000  0.403257
37346.000000  0.424064
37446.000000  0.433735
37527.000000  0.416939
37575.000000  0.427689
37657.000000  0.413322
37736.000000  0.426375
37829.000000  0.458147
38009.000000  0.486020
38115.000000  0.469080
38132.000000  0.373769
38203.000000  0.436497
38329.000000  0.457151
38423.000000  0.454706
38539.000000  0.490810
38664.000000  0.519641
38690.000000  0.425273
38775.000000  0.507832
38862.000000  0.468473
38882.000000  0.418218
38954.000000  0.481083
39005.000000  0.441114
39074.000000  0.465071
39094.000000  0.448646
39174.000000  0.418692
39214.000000  0.429613
39251.000000  0.395526
39292.000000  0.400042
39326.000000  0.393571
39330.000000  0.399777
39408.000000  0.421456
39511.000000  0.441294
39570.000000  0.428160
39639.000000  0.440763
39725.000000  0.443510
39746.000000  0.409061
39804.000000  0.421525
39809.000000  0.401052
39813.000000  0.404885
39844.000000  0.463334
39909.000000  0.449888
39995.000000  0.467808
40020.000000  0.445571
40083.000000  0.411083
40153.000000  0.432165
40225.000000  0.460665
40330.000000  0.481751
40411.000000  0.437347
40434.000000  0.430798
40435.000000  0.416684
40492.000000  0.500450
40569.000000  0.444565
40654.000000  0.462016
40738.000000  0.457217
40809.000000  0.464994
40822.000000  0.421494
