576.000000  51.864285
730.000000  69.162735
918.000000  68.899384
1142.000000  72.815796
1388.000000  76.518723
1554.000000  70.038170
1687.000000  66.871284
1855.000000  72.860916
2018.000000  68.964355
2188.000000  66.368095
2372.000000  69.960197
2553.000000  68.620964
2686.000000  61.931335
2858.000000  63.516777
3021.000000  66.382538
3123.000000  65.877815
3234.000000  56.038208
3445.000000  62.190636
3591.000000  61.037804
3654.000000  50.532742
3738.000000  46.321983
3824.000000  50.977730
3910.000000  55.164124
3990.000000  52.616692
4092.000000  48.932560
4173.000000  47.342297
4252.000000  50.240093
4334.000000  52.618385
4410.000000  42.798950
4511.000000  50.393085
4621.000000  54.592018
4830.000000  60.950977
5095.000000  64.598534
5305.000000  64.188896
5509.000000  63.694412
5672.000000  58.613903
5793.000000  45.582565
5838.000000  25.539070
5882.000000  24.078669
5932.000000  34.895302
6092.000000  59.384190
6196.000000  55.551647
6309.000000  51.766594
6417.000000  63.828407
6537.000000  64.559280
6677.000000  66.028084
6796.000000  62.104752
6929.000000  62.134254
7020.000000  54.884666
7115.000000  40.871586
7266.000000  46.906651
7388.000000  51.854801
7500.000000  47.912285
7530.000000  36.998596
7676.000000  52.320244
7828.000000  56.515778
7964.000000  51.892429
8022.000000  48.454102
8170.000000  53.222496
8311.000000  52.478432
8479.000000  53.509609
8545.000000  42.548954
8675.000000  48.506069
8807.000000  48.382462
8947.000000  54.063385
8967.000000  38.512459
9130.000000  55.468029
9287.000000  46.914642
9458.000000  47.295971
9641.000000  47.728542
9778.000000  45.041454
9889.000000  35.343704
9999.000000  46.904160
10172.000000  45.733650
10191.000000  27.537001
10372.000000  48.896046
10532.000000  44.624126
10712.000000  50.275074
10945.000000  45.864288
11175.000000  56.222797
11447.000000  55.950760
11629.000000  51.156975
11834.000000  40.678070
11929.000000  41.972275
12073.000000  49.673943
12256.000000  52.342701
12425.000000  51.319088
12597.000000  44.442783
12713.000000  45.412331
12796.000000  32.722916
12876.000000  34.387943
13052.000000  42.564957
13198.000000  51.654671
13355.000000  32.187225
13563.000000  39.398911
13808.000000  35.030956
13967.000000  29.854980
14181.000000  32.054497
14388.000000  22.290295
14577.000000  22.091715
14786.000000  28.610712
14957.000000  46.342537
15107.000000  46.008842
15204.000000  34.543751
15302.000000  23.511255
15314.000000  6.402604
15401.000000  34.085461
15467.000000  37.927460
15517.000000  48.682030
15651.000000  53.802418
15833.000000  28.183428
16046.000000  39.461349
16193.000000  43.683685
16262.000000  18.147135
16363.000000  21.788845
16520.000000  38.108795
16715.000000  23.360346
16991.000000  43.985081
17177.000000  31.625092
17322.000000  30.708145
17513.000000  34.790249
17654.000000  37.671032
17786.000000  43.135925
17912.000000  38.466557
17946.000000  30.236860
18080.000000  32.362755
18254.000000  32.132122
18467.000000  29.903460
18696.000000  35.266819
18912.000000  28.070883
19111.000000  22.708399
19284.000000  27.162695
19464.000000  32.173454
19541.000000  24.947201
19694.000000  26.939816
19871.000000  45.724564
19896.000000  29.846996
20059.000000  40.319107
20244.000000  45.164871
20384.000000  41.075344
20550.000000  29.349146
20698.000000  35.116161
20822.000000  35.194805
20926.000000  13.498156
21021.000000  20.085115
21118.000000  22.460705
21266.000000  33.267273
21455.000000  37.934475
21652.000000  39.242340
21846.000000  32.893204
22058.000000  40.373634
22181.000000  25.431505
22319.000000  24.336597
22393.000000  6.285138
22470.000000  5.438305
22564.000000  5.818467
22631.000000  22.073906
22788.000000  37.032501
23018.000000  40.953423
23139.000000  35.676079
23249.000000  33.644970
23492.000000  37.750225
23528.000000  26.899048
23746.000000  41.001930
23878.000000  36.157677
23974.000000  32.480640
24081.000000  37.909206
24142.000000  27.349876
24216.000000  29.686964
24290.000000  28.872944
24439.000000  30.453030
24521.000000  33.181183
24626.000000  29.095224
24739.000000  18.038889
24829.000000  20.611937
24922.000000  10.623501
25003.000000  16.787430
25119.000000  17.572493
25239.000000  11.968188
25366.000000  34.617661
25458.000000  37.903069
25551.000000  36.926884
25655.000000  36.264194
25744.000000  41.380074
25824.000000  34.446739
25917.000000  44.273289
26029.000000  51.359253
26173.000000  47.183437
26286.000000  53.483265
26364.000000  57.709133
26485.000000  23.138214
26562.000000  18.132050
26643.000000  16.125742
26741.000000  58.210800
26851.000000  56.842869
26959.000000  59.895283
27073.000000  58.687908
27183.000000  59.725338
27238.000000  63.590359
27314.000000  60.142689
27461.000000  61.392178
27575.000000  59.054993
27668.000000  64.649445
27770.000000  65.445900
27895.000000  63.772076
28040.000000  62.566696
28251.000000  63.258320
28413.000000  70.955750
28508.000000  23.248568
28596.000000  24.769045
28730.000000  26.178806
28909.000000  28.398979
29098.000000  50.099575
29188.000000  24.322117
29337.000000  29.826397
29513.000000  33.191479
29672.000000  30.633366
29828.000000  29.710001
29981.000000  28.825394
30088.000000  26.488949
30218.000000  27.484385
30375.000000  30.669748
30488.000000  22.639891
30567.000000  20.157164
30611.000000  9.998707
30733.000000  17.873646
30883.000000  29.024210
31022.000000  31.824148
31150.000000  28.182659
31268.000000  28.259840
31355.000000  21.899271
31441.000000  20.317585
31525.000000  19.262796
31609.000000  16.938772
31684.000000  17.236286
31828.000000  29.850090
31977.000000  27.241608
32158.000000  53.362160
32371.000000  48.742661
32516.000000  60.965645
32571.000000  33.530548
32622.000000  27.812206
32702.000000  28.431297
32786.000000  26.964224
32841.000000  28.094336
32933.000000  26.961369
33025.000000  27.986380
33051.000000  8.425982
33124.000000  14.178352
33229.000000  19.267473
33303.000000  17.914478
33393.000000  17.780422
33504.000000  17.365248
33572.000000  19.865498
33648.000000  35.933010
33724.000000  38.662159
33841.000000  40.472248
33987.000000  49.633698
34060.000000  49.488392
34085.000000  46.817192
34096.000000  18.465591
34137.000000  9.803712
34164.000000  3.938435
34188.000000  3.251430
34263.000000  9.212677
34449.000000  22.430986
34570.000000  24.564226
34705.000000  25.468761
34778.000000  21.586245
34916.000000  27.268341
35105.000000  30.680042
35142.000000  14.383718
35171.000000  16.127573
35226.000000  25.746828
35318.000000  19.497343
35326.000000  2.518782
35332.000000  6.007769
35509.000000  15.369615
35623.000000  17.826586
35747.000000  20.908672
35875.000000  22.771601
35921.000000  15.310637
35994.000000  17.554913
36087.000000  19.136127
36100.000000  8.056961
36119.000000  6.857122
36122.000000  0.980942
36244.000000  15.454289
36282.000000  7.770525
36460.000000  20.048265
36662.000000  31.486755
36811.000000  25.288784
36881.000000  23.346115
37013.000000  21.673449
37067.000000  18.701826
37119.000000  15.054044
37120.000000  1.192528
37173.000000  6.608775
37251.000000  10.857965
37346.000000  15.336821
37446.000000  17.563892
37527.000000  15.341908
37575.000000  14.348939
37657.000000  13.168946
37736.000000  15.153578
37829.000000  20.823565
38009.000000  23.503319
38115.000000  21.118814
38132.000000  7.917341
38203.000000  17.566114
38329.000000  18.485651
38423.000000  19.176592
38539.000000  24.165844
38664.000000  27.796946
38690.000000  16.914133
38775.000000  26.268179
38862.000000  18.870142
38882.000000  14.414660
38954.000000  23.226696
39005.000000  14.382998
39074.000000  20.727835
39094.000000  16.613905
39174.000000  11.284181
39214.000000  10.089099
39251.000000  4.976019
39292.000000  4.652057
39326.000000  3.847548
39330.000000  1.272296
39408.000000  10.541424
39511.000000  16.393427
39570.000000  12.984642
39639.000000  14.306505
39725.000000  14.439535
39746.000000  6.696962
39804.000000  11.877738
39809.000000  2.006334
39813.000000  0.982359
39844.000000  19.857164
39909.000000  15.966513
39995.000000  19.024054
40020.000000  11.858626
40083.000000  8.075903
40153.000000  11.590407
40225.000000  16.713097
40330.000000  19.565735
40411.000000  13.076760
40434.000000  7.288726
40435.000000  3.454597
40492.000000  23.866907
40569.000000  14.834995
40654.000000  18.697756
40738.000000  17.316982
40809.000000  16.830807
40822.000000  7.853516
