4067.000000  35.086578
6275.000000  7.177925
8915.000000  6.792411
12342.000000  6.303195
14728.000000  8.197614
16771.000000  7.354252
17884.000000  7.418766
20007.000000  8.520519
21242.000000  5.043132
22923.000000  4.836517
23876.000000  2.149008
24829.000000  5.588902
26350.000000  5.021455
26972.000000  1.010907
27391.000000  4.560564
27850.000000  2.048654
28548.000000  1.864478
29386.000000  4.195311
29921.000000  2.550893
30745.000000  4.745171
31945.000000  7.242127
32741.000000  3.775303
33373.000000  1.919212
33953.000000  3.923779
35912.000000  4.363822
39003.000000  5.653009
40286.000000  4.596293
41053.000000  3.711928
41624.000000  3.136240
42127.000000  3.463885
42502.000000  4.596366
43550.000000  6.285073
44787.000000  6.925666
47868.000000  7.658163
50496.000000  6.182596
53219.000000  7.205431
55992.000000  6.961059
58330.000000  8.253494
59569.000000  5.518426
61435.000000  5.344445
63583.000000  5.214694
65893.000000  7.131851
68092.000000  6.230350
70710.000000  7.359289
71725.000000  5.692690
74381.000000  7.720922
75618.000000  6.960389
78348.000000  7.391961
80706.000000  6.316376
82446.000000  5.295913
85038.000000  5.869573
87886.000000  5.917007
89333.000000  4.883493
92370.000000  5.679973
94834.000000  5.468011
97699.000000  5.002165
99312.000000  3.315246
100116.000000  2.491288
101161.000000  2.615352
102115.000000  3.873725
103460.000000  3.455733
104307.000000  3.104045
104819.000000  2.618427
105702.000000  3.083020
107071.000000  2.468778
108038.000000  2.711920
109138.000000  2.644973
110080.000000  2.510254
110851.000000  2.330733
111938.000000  2.535255
112368.000000  2.040722
112766.000000  2.029420
113477.000000  1.949058
114275.000000  1.960185
115402.000000  2.007252
116625.000000  2.059953
117396.000000  1.835210
118122.000000  2.384960
118933.000000  2.489935
119933.000000  2.392261
120690.000000  2.792103
121743.000000  2.701304
122648.000000  2.783838
124024.000000  2.641625
125180.000000  3.567408
126240.000000  3.133137
127142.000000  2.260963
128340.000000  2.603175
129733.000000  3.071226
130568.000000  2.925301
131562.000000  3.208411
132073.000000  3.071699
132675.000000  2.771043
133110.000000  2.892169
133488.000000  2.437613
133785.000000  2.075321
133921.000000  1.923853
134548.000000  2.015748
135041.000000  2.543297
135319.000000  2.378792
135687.000000  2.329574
136094.000000  2.478219
136817.000000  2.201393
137330.000000  2.079655
137912.000000  2.104270
138762.000000  3.675288
138950.000000  2.289370
139270.000000  2.382008
140193.000000  3.223108
140884.000000  2.849108
141771.000000  2.908555
142393.000000  2.907742
143527.000000  2.822406
144422.000000  2.750184
145530.000000  2.667792
146567.000000  2.704801
147070.000000  2.788537
147864.000000  2.975945
148686.000000  2.780472
149177.000000  2.785641
149591.000000  2.076320
149931.000000  1.907404
150375.000000  2.168651
150844.000000  2.008628
151437.000000  2.094882
151856.000000  2.406380
152145.000000  1.868538
152169.000000  1.789340
152628.000000  2.228333
152791.000000  1.988973
152820.000000  1.816511
152863.000000  1.756269
153654.000000  1.923398
153716.000000  1.732628
154264.000000  1.820128
154809.000000  1.901863
155295.000000  1.841370
155927.000000  2.425285
156512.000000  2.030498
156867.000000  1.769438
157325.000000  1.838444
157720.000000  1.945521
158102.000000  1.775917
158549.000000  1.944254
158729.000000  1.908635
159109.000000  2.103716
159466.000000  2.041847
159896.000000  1.912374
160370.000000  2.003036
160467.000000  1.847349
