816.000000  0.147058
1048.000000  0.117686
1249.000000  0.109812
1480.000000  0.087026
1703.000000  0.118002
1899.000000  0.124907
2113.000000  0.149078
2365.000000  0.147682
2658.000000  0.180657
2893.000000  0.159115
3150.000000  0.181054
3435.000000  0.204446
3667.000000  0.179843
3861.000000  0.130594
4024.000000  0.098566
4129.000000  0.046605
4233.000000  0.051288
4370.000000  0.108683
4539.000000  0.092427
4634.000000  0.081591
4699.000000  0.051850
4753.000000  0.045053
4849.000000  0.062457
4932.000000  0.061621
5005.000000  0.064568
5102.000000  0.066881
5210.000000  0.056467
5356.000000  0.085350
5552.000000  0.095422
5593.000000  0.057017
5730.000000  0.093179
5907.000000  0.086804
6061.000000  0.079110
6223.000000  0.072121
6263.000000  0.054984
6416.000000  0.081842
6614.000000  0.101324
6799.000000  0.120492
6970.000000  0.128726
7133.000000  0.126167
7305.000000  0.114297
7463.000000  0.122751
7634.000000  0.106662
7774.000000  0.121190
7849.000000  0.098148
7958.000000  0.117273
8055.000000  0.066784
8200.000000  0.096601
8431.000000  0.122057
8586.000000  0.117590
8726.000000  0.154128
8877.000000  0.177090
9046.000000  0.195937
9167.000000  0.182272
9269.000000  0.161861
9401.000000  0.123100
9542.000000  0.108459
9692.000000  0.168064
9798.000000  0.226154
9885.000000  0.066514
10007.000000  0.110102
10154.000000  0.138714
10339.000000  0.130338
10530.000000  0.157947
10736.000000  0.164671
10893.000000  0.119230
11064.000000  0.115485
11238.000000  0.146068
11458.000000  0.144770
11609.000000  0.108678
11767.000000  0.125553
11944.000000  0.153903
12097.000000  0.145018
12284.000000  0.148846
12424.000000  0.079340
12469.000000  0.062685
12678.000000  0.113322
12949.000000  0.143361
13162.000000  0.115603
13291.000000  0.072577
13444.000000  0.065273
13618.000000  0.099374
13763.000000  0.112824
13938.000000  0.116892
14113.000000  0.132074
14287.000000  0.125279
14442.000000  0.116418
14494.000000  0.096721
14633.000000  0.117478
14807.000000  0.117911
14955.000000  0.111582
15130.000000  0.139712
15306.000000  0.126338
15506.000000  0.139212
15725.000000  0.164348
15927.000000  0.153530
16141.000000  0.185817
16400.000000  0.192550
16577.000000  0.150810
16787.000000  0.182133
17052.000000  0.219056
17337.000000  0.225701
17474.000000  0.164799
17644.000000  0.122650
17768.000000  0.108961
17895.000000  0.155080
18047.000000  0.135075
18190.000000  0.166107
18343.000000  0.152605
18509.000000  0.130449
18640.000000  0.124720
18818.000000  0.129848
19001.000000  0.120965
19232.000000  0.157869
19425.000000  0.134046
19604.000000  0.156056
19803.000000  0.170358
19970.000000  0.169702
20198.000000  0.202232
20373.000000  0.222697
20556.000000  0.318781
20693.000000  0.355490
20810.000000  0.341934
20873.000000  0.369294
20993.000000  0.161432
21102.000000  0.169834
21151.000000  0.136841
21196.000000  0.140469
21296.000000  0.156718
21417.000000  0.147913
21551.000000  0.153401
21741.000000  0.160990
21873.000000  0.124715
22001.000000  0.163906
22110.000000  0.106429
22302.000000  0.139566
22461.000000  0.147052
22642.000000  0.182309
22859.000000  0.189933
23142.000000  0.250476
23441.000000  0.265351
23680.000000  0.170712
23871.000000  0.191756
23938.000000  0.143532
24065.000000  0.177483
24157.000000  0.162839
24232.000000  0.289741
24325.000000  0.043433
24405.000000  0.224571
24580.000000  0.335170
24704.000000  0.357316
24808.000000  0.056947
24906.000000  0.074796
25098.000000  0.105096
25279.000000  0.222349
25460.000000  0.292292
25645.000000  0.253997
25864.000000  0.213359
26082.000000  0.215706
26299.000000  0.333673
26461.000000  0.303029
26621.000000  0.325791
26762.000000  0.237952
26942.000000  0.255222
27081.000000  0.222624
27248.000000  0.271814
27378.000000  0.367772
27530.000000  0.308757
27703.000000  0.341798
27889.000000  0.414331
28029.000000  0.359199
28188.000000  0.379523
28378.000000  0.433778
28495.000000  0.492072
28602.000000  0.045694
28700.000000  0.042039
28772.000000  0.032779
28838.000000  0.023402
28971.000000  0.347876
29068.000000  0.412657
29164.000000  0.512226
29214.000000  0.023783
29269.000000  0.021739
29318.000000  0.020778
29403.000000  0.036371
29542.000000  0.038054
29679.000000  0.053420
29829.000000  0.067556
29969.000000  0.108834
30132.000000  0.121218
30292.000000  0.104225
30442.000000  0.094324
30613.000000  0.087191
30742.000000  0.093473
30766.000000  0.052492
30861.000000  0.071620
30994.000000  0.061270
31121.000000  0.053559
31264.000000  0.050364
31341.000000  0.037633
31426.000000  0.039831
31520.000000  0.069443
31651.000000  0.080129
31798.000000  0.306423
31974.000000  0.396684
32125.000000  0.318744
32264.000000  0.274109
32416.000000  0.367668
32575.000000  0.295576
32734.000000  0.820209
32856.000000  0.086449
32974.000000  0.123476
33056.000000  0.104758
33141.000000  0.107875
33232.000000  0.212728
33259.000000  0.156878
33321.000000  0.199693
33361.000000  0.241816
33419.000000  0.258000
33531.000000  0.293394
33588.000000  0.294959
33623.000000  0.034753
33741.000000  0.036611
33836.000000  0.050526
33940.000000  0.057623
34025.000000  0.065015
34112.000000  0.068385
34194.000000  0.058500
34266.000000  0.063249
34360.000000  0.247984
34466.000000  0.227623
34578.000000  0.244402
34662.000000  0.216099
34702.000000  0.052784
34791.000000  0.074259
34919.000000  0.086911
35018.000000  0.094339
35183.000000  0.069040
35316.000000  0.097022
35486.000000  0.123070
35593.000000  0.117279
35685.000000  0.087468
35716.000000  0.069531
35785.000000  0.102629
35898.000000  0.060359
36135.000000  0.127434
36309.000000  0.183007
36484.000000  0.211348
36635.000000  0.221576
36734.000000  0.155102
36775.000000  0.089732
36864.000000  0.056260
36905.000000  0.042439
36963.000000  0.032114
37056.000000  0.069198
37171.000000  0.068107
37308.000000  0.078174
37394.000000  0.087988
37508.000000  0.050789
37533.000000  0.023269
37635.000000  0.048172
37822.000000  0.075130
37974.000000  0.107795
38096.000000  0.085149
38253.000000  0.101169
38402.000000  0.104613
38494.000000  0.079430
38580.000000  0.061295
38659.000000  0.066799
38737.000000  0.064333
38794.000000  0.093640
38816.000000  0.067951
38866.000000  0.072214
38879.000000  0.056175
38962.000000  0.032998
39051.000000  0.037490
39127.000000  0.050705
39233.000000  0.065458
39265.000000  0.052216
39333.000000  0.051190
39367.000000  0.034852
39438.000000  0.041933
39512.000000  0.046774
39628.000000  0.068061
39686.000000  0.062759
39842.000000  0.099243
40058.000000  0.123130
40191.000000  0.100994
40199.000000  0.029431
40219.000000  0.018823
40276.000000  0.049005
40368.000000  0.064970
40494.000000  0.070163
40605.000000  0.080209
40703.000000  0.062207
40732.000000  0.037602
40789.000000  0.048193
40813.000000  0.026708
40815.000000  0.002582
