216.000000  0.175371
296.000000  0.129590
410.000000  0.148000
478.000000  0.120790
545.000000  0.128184
602.000000  0.151000
648.000000  0.114311
707.000000  0.104678
785.000000  0.119502
850.000000  0.135879
915.000000  0.111793
991.000000  0.136238
1084.000000  0.116983
1184.000000  0.177937
1243.000000  0.136288
1315.000000  0.136778
1364.000000  0.130762
1408.000000  0.131802
1453.000000  0.101564
1497.000000  0.120210
1536.000000  0.124035
1584.000000  0.125329
1635.000000  0.112780
1682.000000  0.107914
1724.000000  0.126308
1794.000000  0.137199
1857.000000  0.167464
1933.000000  0.141383
2019.000000  0.142376
2082.000000  0.142922
2173.000000  0.152164
2250.000000  0.147612
2306.000000  0.152070
2354.000000  0.142283
2424.000000  0.165417
2519.000000  0.163691
2598.000000  0.168289
2709.000000  0.178286
2774.000000  0.161012
2840.000000  0.162331
2921.000000  0.177935
3016.000000  0.156259
3089.000000  0.152771
3169.000000  0.160665
3184.000000  0.134245
3226.000000  0.140834
3324.000000  0.157227
3407.000000  0.164356
3495.000000  0.181569
3599.000000  0.182901
3616.000000  0.132385
3623.000000  0.129671
3668.000000  0.154050
3719.000000  0.139412
3770.000000  0.143109
3806.000000  0.125514
3868.000000  0.148073
3931.000000  0.149161
3993.000000  0.152596
4066.000000  0.127488
4156.000000  0.178918
4235.000000  0.151450
4319.000000  0.214541
4401.000000  0.174381
4472.000000  0.187317
4487.000000  0.166042
4538.000000  0.177137
4556.000000  0.155335
4609.000000  0.149883
4665.000000  0.150458
4715.000000  0.149940
4763.000000  0.155233
4816.000000  0.142437
4850.000000  0.151845
4923.000000  0.136712
4996.000000  0.171702
5090.000000  0.145485
5169.000000  0.195443
5273.000000  0.204446
5358.000000  0.177804
5461.000000  0.207437
5519.000000  0.177574
5544.000000  0.167914
5662.000000  0.211169
5744.000000  0.205087
5839.000000  0.240759
5921.000000  0.216158
6009.000000  0.212514
6090.000000  0.236245
6214.000000  0.257484
6305.000000  0.231766
6398.000000  0.259279
6490.000000  0.203989
6558.000000  0.184301
6647.000000  0.231713
6714.000000  0.211486
6779.000000  0.236442
6834.000000  0.281921
6893.000000  0.272760
6961.000000  0.281904
7042.000000  0.262075
7123.000000  0.256047
7191.000000  0.196840
7296.000000  0.227160
7370.000000  0.225274
7410.000000  0.275528
7433.000000  0.367194
7500.000000  0.287003
7560.000000  0.266788
7610.000000  0.241020
7696.000000  0.327014
7750.000000  0.333922
7785.000000  0.239019
7835.000000  0.161788
7897.000000  0.179045
7984.000000  0.185075
8052.000000  0.197723
8099.000000  0.187099
8131.000000  0.173597
8205.000000  0.186954
8283.000000  0.169937
8356.000000  0.199492
8445.000000  0.189322
8562.000000  0.167723
8650.000000  0.205249
8731.000000  0.201671
8818.000000  0.201711
8821.000000  0.176277
8889.000000  0.183532
8994.000000  0.207900
9038.000000  0.199384
9104.000000  0.196532
9229.000000  0.211817
9297.000000  0.223662
9349.000000  0.169193
9400.000000  0.197676
9455.000000  0.189143
9520.000000  0.201185
9600.000000  0.202178
9680.000000  0.224433
9738.000000  0.182086
9795.000000  0.204453
9861.000000  0.203756
9916.000000  0.200677
9977.000000  0.184706
10037.000000  0.169271
10098.000000  0.198377
10158.000000  0.200856
10218.000000  0.212519
10278.000000  0.198159
10338.000000  0.198773
10398.000000  0.206025
10456.000000  0.193555
10517.000000  0.211993
10589.000000  0.220038
10616.000000  0.179803
10677.000000  0.163167
10755.000000  0.207142
10825.000000  0.212455
10898.000000  0.136674
10970.000000  0.218716
11076.000000  0.229839
11183.000000  0.230624
11271.000000  0.242207
11354.000000  0.228856
11444.000000  0.222962
11532.000000  0.261080
11612.000000  0.237035
11693.000000  0.259335
11778.000000  0.257868
11855.000000  0.257572
11874.000000  0.199446
11965.000000  0.253087
12045.000000  0.276533
12127.000000  0.305596
12216.000000  0.250208
12295.000000  0.247436
12373.000000  0.223196
12461.000000  0.247596
12569.000000  0.265756
12644.000000  0.232665
12722.000000  0.290989
12791.000000  0.230867
12845.000000  0.288319
12904.000000  0.319944
12905.000000  0.322251
12938.000000  0.211975
13088.000000  0.231918
13174.000000  0.237761
13296.000000  0.269838
13368.000000  0.260684
13446.000000  0.263611
13527.000000  0.243497
13613.000000  0.268476
13700.000000  0.260513
13783.000000  0.256951
13907.000000  0.283008
13974.000000  0.255715
14089.000000  0.267966
14165.000000  0.198593
14225.000000  0.239100
14296.000000  0.242213
14349.000000  0.252054
14447.000000  0.244891
14557.000000  0.258222
14661.000000  0.258776
14763.000000  0.236285
14842.000000  0.244404
14923.000000  0.267551
15003.000000  0.218893
15080.000000  0.275396
15162.000000  0.246995
15241.000000  0.279911
15265.000000  0.265809
15268.000000  0.226748
15332.000000  0.254125
15335.000000  0.245518
15405.000000  0.251842
15440.000000  0.227634
15489.000000  0.244585
15555.000000  0.229861
15614.000000  0.251206
15651.000000  0.242263
15725.000000  0.235508
15816.000000  0.253382
15905.000000  0.276395
15976.000000  0.265705
16052.000000  0.253220
16113.000000  0.238042
16179.000000  0.243515
16299.000000  0.258496
16335.000000  0.243942
16366.000000  0.243680
16411.000000  0.247494
16479.000000  0.244078
16518.000000  0.248896
16583.000000  0.256943
16659.000000  0.229921
16712.000000  0.244241
16747.000000  0.243822
16767.000000  0.241778
16808.000000  0.240975
16832.000000  0.239702
16925.000000  0.248282
17011.000000  0.258734
17089.000000  0.257537
17174.000000  0.301574
17261.000000  0.280184
17336.000000  0.276028
17422.000000  0.299491
17505.000000  0.244260
17627.000000  0.344480
17702.000000  0.297998
17844.000000  0.298392
17935.000000  0.277587
17999.000000  0.264300
18081.000000  0.305711
18152.000000  0.317718
18232.000000  0.326027
18316.000000  0.304676
18392.000000  0.254542
18483.000000  0.261201
18568.000000  0.315499
18639.000000  0.291191
18707.000000  0.310779
18799.000000  0.297276
18885.000000  0.283001
18974.000000  0.301604
19064.000000  0.314562
19110.000000  0.266390
19206.000000  0.304825
19291.000000  0.312201
19379.000000  0.290039
19456.000000  0.305380
19540.000000  0.326242
19619.000000  0.334020
19698.000000  0.323577
19785.000000  0.310187
19854.000000  0.303239
19938.000000  0.351313
20032.000000  0.329898
20117.000000  0.322042
20192.000000  0.260922
20289.000000  0.358830
20389.000000  0.378143
20447.000000  0.322972
20504.000000  0.554008
20509.000000  0.484118
20518.000000  0.399316
20558.000000  0.545040
20561.000000  0.260717
20639.000000  0.267742
20665.000000  0.223218
20702.000000  0.271861
20739.000000  0.279669
20752.000000  0.258089
20801.000000  0.299195
20897.000000  0.302629
20992.000000  0.317386
21090.000000  0.331480
21156.000000  0.260518
21168.000000  0.287050
21230.000000  0.323040
21265.000000  0.292213
21266.000000  0.266142
21328.000000  0.275191
21407.000000  0.251568
21478.000000  0.301558
21585.000000  0.290649
21625.000000  0.308254
21708.000000  0.317372
21759.000000  0.331299
21762.000000  0.270745
21853.000000  0.332161
21929.000000  0.321701
22003.000000  0.326244
22065.000000  0.336456
22161.000000  0.359211
22174.000000  0.305922
22199.000000  0.322203
22238.000000  0.307548
22294.000000  0.282675
22336.000000  0.287834
22381.000000  0.296657
22418.000000  0.291035
22438.000000  0.280069
22538.000000  0.311569
22619.000000  0.329671
22733.000000  0.273855
22806.000000  0.331472
22910.000000  0.341844
22979.000000  0.304423
22991.000000  0.316892
22994.000000  0.271421
23020.000000  0.328709
23029.000000  0.275361
23099.000000  0.288930
23185.000000  0.316594
23272.000000  0.307052
23378.000000  0.320485
23396.000000  0.251847
23486.000000  0.343611
23594.000000  0.347323
23602.000000  0.267154
23620.000000  0.306147
23700.000000  0.269120
23784.000000  0.320672
23872.000000  0.328076
23981.000000  0.346992
24055.000000  0.334769
24140.000000  0.359771
24201.000000  0.330430
24263.000000  0.348758
24309.000000  0.353080
24383.000000  0.352168
24433.000000  0.338908
24436.000000  0.277853
24505.000000  0.347892
24601.000000  0.342669
24681.000000  0.370235
24773.000000  0.357878
24870.000000  0.369003
24949.000000  0.341212
25028.000000  0.363001
25110.000000  0.316533
25195.000000  0.306119
25306.000000  0.360739
25409.000000  0.398787
25480.000000  0.381543
25563.000000  0.401487
25649.000000  0.402968
25719.000000  0.313456
25830.000000  0.373167
25884.000000  0.312028
25968.000000  0.385408
26058.000000  0.368716
26141.000000  0.381447
26245.000000  0.368738
26315.000000  0.345322
26406.000000  0.321345
26491.000000  0.367662
26576.000000  0.372553
26657.000000  0.402475
26733.000000  0.416741
26795.000000  0.374694
26845.000000  0.388999
26852.000000  0.326454
26905.000000  0.401512
26985.000000  0.486971
27088.000000  0.833698
27186.000000  0.801598
27357.000000  0.661361
27406.000000  0.696608
27458.000000  0.699057
27521.000000  0.612790
27585.000000  0.616033
27627.000000  0.590486
27704.000000  0.635141
27805.000000  0.731833
27923.000000  0.806317
28016.000000  0.774215
28119.000000  0.565214
28219.000000  0.707731
28335.000000  0.741184
28462.000000  0.923401
28571.000000  1.041417
28649.000000  1.252428
28746.000000  0.564689
28831.000000  0.559393
28905.000000  0.566744
28999.000000  0.622851
29087.000000  0.429473
29178.000000  0.420377
29246.000000  0.419707
29313.000000  0.467802
29405.000000  0.374497
29493.000000  0.396605
29632.000000  0.469152
29697.000000  0.424486
29764.000000  0.379157
29850.000000  0.400689
29920.000000  0.343064
29965.000000  0.411192
30018.000000  0.445389
30061.000000  0.416567
30120.000000  0.455911
30189.000000  0.493924
30251.000000  0.464464
30396.000000  0.509976
30457.000000  0.525376
30508.000000  0.521572
30589.000000  0.631226
30675.000000  0.681266
30718.000000  0.835907
30732.000000  0.790657
30769.000000  0.845612
30777.000000  0.974841
30828.000000  0.838360
30842.000000  0.813523
30896.000000  0.748928
30970.000000  0.597729
31030.000000  0.602429
31112.000000  0.475978
31191.000000  0.491173
31274.000000  0.457749
31342.000000  0.428907
31400.000000  0.530168
31450.000000  0.694901
31506.000000  0.751647
31508.000000  0.567328
31549.000000  0.386677
31598.000000  0.507934
31662.000000  0.517137
31699.000000  0.445466
31789.000000  0.412760
31913.000000  0.406553
31984.000000  0.382603
32064.000000  0.399789
32151.000000  0.415340
32206.000000  0.407086
32287.000000  0.398359
32429.000000  0.409982
32502.000000  0.414367
32577.000000  0.387726
32651.000000  0.377566
32731.000000  0.421368
32807.000000  0.359640
32889.000000  0.422437
32981.000000  0.411447
33047.000000  0.412505
33141.000000  0.428840
33223.000000  0.431563
33362.000000  0.479190
33442.000000  0.465963
33502.000000  0.453469
33572.000000  0.608171
33664.000000  0.486901
33759.000000  0.485647
33829.000000  0.426624
33931.000000  0.428794
33969.000000  0.422991
34045.000000  0.436083
34099.000000  0.494781
34119.000000  0.498927
34169.000000  0.401074
34238.000000  0.431581
34301.000000  0.529273
34358.000000  0.519010
34437.000000  0.494099
34480.000000  0.473546
34481.000000  0.390408
34548.000000  0.408587
34621.000000  0.373350
34721.000000  0.401981
34793.000000  0.362198
34870.000000  0.359922
34880.000000  0.402154
34882.000000  0.380508
34982.000000  0.430145
35057.000000  0.433578
35139.000000  0.430128
35207.000000  0.410963
35280.000000  0.447874
35354.000000  0.446805
35399.000000  0.365195
35433.000000  0.393454
35501.000000  0.391241
35567.000000  0.415371
35664.000000  0.448344
35736.000000  0.453594
35819.000000  0.421292
35838.000000  0.376652
35843.000000  0.379846
35908.000000  0.423907
36000.000000  0.432446
36088.000000  0.416016
36170.000000  0.443967
36247.000000  0.445321
36261.000000  0.415514
36264.000000  0.382082
36321.000000  0.421268
36401.000000  0.384802
36477.000000  0.372803
36591.000000  0.468281
36665.000000  0.444367
36744.000000  0.396414
36803.000000  0.436665
36881.000000  0.423641
36933.000000  0.441848
36998.000000  0.457147
37045.000000  0.395783
37057.000000  0.377757
37117.000000  0.372294
37212.000000  0.432864
37293.000000  0.444754
37389.000000  0.449904
37470.000000  0.427460
37517.000000  0.441065
37560.000000  0.435255
37586.000000  0.466053
37605.000000  0.350888
37704.000000  0.416815
37796.000000  0.390569
37884.000000  0.434799
37970.000000  0.482206
38067.000000  0.459183
38120.000000  0.438056
38126.000000  0.420039
38127.000000  0.403029
38216.000000  0.449666
38244.000000  0.433862
38338.000000  0.472813
38420.000000  0.452389
38525.000000  0.455936
38598.000000  0.454861
38690.000000  0.451911
38796.000000  0.750972
38868.000000  0.431998
38943.000000  0.475654
38987.000000  0.476019
39038.000000  0.467614
39088.000000  0.414530
39129.000000  0.470072
39170.000000  0.458038
39234.000000  0.482899
39262.000000  0.466546
39294.000000  0.439408
39364.000000  0.436509
39474.000000  0.458591
39580.000000  0.480001
39621.000000  0.488037
39665.000000  0.451327
39731.000000  0.454662
39762.000000  0.468936
39763.000000  0.415662
39766.000000  0.421509
39773.000000  0.421553
39871.000000  0.448100
39872.000000  0.386531
39892.000000  0.428580
39898.000000  0.421402
39940.000000  0.445636
39972.000000  0.446778
40045.000000  0.441228
40117.000000  0.398821
40172.000000  0.437556
40189.000000  0.424846
40261.000000  0.443868
40337.000000  0.409294
40373.000000  0.388395
40415.000000  0.379786
40422.000000  0.424035
40486.000000  0.448456
40554.000000  0.397341
40622.000000  0.415466
40709.000000  0.446011
40791.000000  0.446906
40814.000000  0.439877
40819.000000  0.423188
40820.000000  0.423477
