216.000000  0.056514
296.000000  0.066775
410.000000  0.067661
478.000000  0.062492
545.000000  0.062562
602.000000  0.060858
648.000000  0.034263
707.000000  0.033408
785.000000  0.041278
850.000000  0.059563
915.000000  0.037404
991.000000  0.067566
1084.000000  0.049356
1184.000000  0.102547
1243.000000  0.053114
1315.000000  0.062737
1364.000000  0.039345
1408.000000  0.045883
1453.000000  0.024374
1497.000000  0.026495
1536.000000  0.042335
1584.000000  0.025464
1635.000000  0.026408
1682.000000  0.035880
1724.000000  0.030637
1794.000000  0.057686
1857.000000  0.081271
1933.000000  0.045480
2019.000000  0.056073
2082.000000  0.050795
2173.000000  0.068240
2250.000000  0.078965
2306.000000  0.068191
2354.000000  0.046772
2424.000000  0.060138
2519.000000  0.067197
2598.000000  0.069426
2709.000000  0.078668
2774.000000  0.066767
2840.000000  0.061844
2921.000000  0.069218
3016.000000  0.052275
3089.000000  0.048601
3169.000000  0.049115
3184.000000  0.024504
3226.000000  0.029874
3324.000000  0.051966
3407.000000  0.064050
3495.000000  0.089667
3599.000000  0.081871
3616.000000  0.035343
3623.000000  0.013421
3668.000000  0.057849
3719.000000  0.028265
3770.000000  0.043749
3806.000000  0.022373
3868.000000  0.049888
3931.000000  0.035480
3993.000000  0.045379
4066.000000  0.044029
4156.000000  0.056302
4235.000000  0.039438
4319.000000  0.077924
4401.000000  0.065209
4472.000000  0.087373
4487.000000  0.044413
4538.000000  0.060458
4556.000000  0.042828
4609.000000  0.046680
4665.000000  0.029838
4715.000000  0.033914
4763.000000  0.046032
4816.000000  0.027314
4850.000000  0.041206
4923.000000  0.030608
4996.000000  0.070418
5090.000000  0.048149
5169.000000  0.067495
5273.000000  0.080893
5358.000000  0.083532
5461.000000  0.098851
5519.000000  0.055282
5544.000000  0.052635
5662.000000  0.088569
5744.000000  0.076940
5839.000000  0.132060
5921.000000  0.110159
6009.000000  0.093765
6090.000000  0.097555
6214.000000  0.109658
6305.000000  0.121923
6398.000000  0.137350
6490.000000  0.087685
6558.000000  0.078413
6647.000000  0.091060
6714.000000  0.073509
6779.000000  0.103500
6834.000000  0.145852
6893.000000  0.131562
6961.000000  0.154536
7042.000000  0.137141
7123.000000  0.115546
7191.000000  0.052139
7296.000000  0.087141
7370.000000  0.081649
7410.000000  0.130470
7433.000000  0.224873
7500.000000  0.141627
7560.000000  0.139253
7610.000000  0.113516
7696.000000  0.206908
7750.000000  0.193349
7785.000000  0.102229
7835.000000  0.032192
7897.000000  0.040232
7984.000000  0.056796
8052.000000  0.068167
8099.000000  0.043149
8131.000000  0.028847
8205.000000  0.053916
8283.000000  0.038923
8356.000000  0.064517
8445.000000  0.055862
8562.000000  0.058287
8650.000000  0.052227
8731.000000  0.053139
8818.000000  0.064574
8821.000000  0.024871
8889.000000  0.035590
8994.000000  0.072121
9038.000000  0.046874
9104.000000  0.051463
9229.000000  0.072798
9297.000000  0.053019
9349.000000  0.039589
9400.000000  0.040616
9455.000000  0.041785
9520.000000  0.035672
9600.000000  0.045643
9680.000000  0.078563
9738.000000  0.033145
9795.000000  0.045182
9861.000000  0.039055
9916.000000  0.050812
9977.000000  0.031134
10037.000000  0.038412
10098.000000  0.042283
10158.000000  0.053157
10218.000000  0.049935
10278.000000  0.036108
10338.000000  0.034999
10398.000000  0.055102
10456.000000  0.034547
10517.000000  0.049114
10589.000000  0.052124
10616.000000  0.022414
10677.000000  0.029218
10755.000000  0.036904
10825.000000  0.053468
10898.000000  0.026275
10970.000000  0.048132
11076.000000  0.074215
11183.000000  0.060701
11271.000000  0.061471
11354.000000  0.068229
11444.000000  0.064854
11532.000000  0.090571
11612.000000  0.079534
11693.000000  0.092601
11778.000000  0.092762
11855.000000  0.094352
11874.000000  0.051121
11965.000000  0.079752
12045.000000  0.097932
12127.000000  0.138531
12216.000000  0.077915
12295.000000  0.067209
12373.000000  0.069482
12461.000000  0.068339
12569.000000  0.092233
12644.000000  0.067717
12722.000000  0.112357
12791.000000  0.044959
12845.000000  0.112785
12904.000000  0.141283
12905.000000  0.142332
12938.000000  0.020813
13088.000000  0.048578
13174.000000  0.052840
13296.000000  0.081879
13368.000000  0.070471
13446.000000  0.086007
13527.000000  0.063087
13613.000000  0.093555
13700.000000  0.076251
13783.000000  0.068886
13907.000000  0.085680
13974.000000  0.061411
14089.000000  0.070529
14165.000000  0.038449
14225.000000  0.048243
14296.000000  0.044934
14349.000000  0.060726
14447.000000  0.048599
14557.000000  0.056348
14661.000000  0.064422
14763.000000  0.063921
14842.000000  0.061405
14923.000000  0.071955
15003.000000  0.047856
15080.000000  0.053967
15162.000000  0.065770
15241.000000  0.065053
15265.000000  0.066081
15268.000000  0.010765
15332.000000  0.047790
15335.000000  0.045093
15405.000000  0.044214
15440.000000  0.027997
15489.000000  0.023017
15555.000000  0.024393
15614.000000  0.042801
15651.000000  0.036200
15725.000000  0.027170
15816.000000  0.042119
15905.000000  0.052611
15976.000000  0.060222
16052.000000  0.041147
16113.000000  0.036241
16179.000000  0.031514
16299.000000  0.047814
16335.000000  0.021976
16366.000000  0.014041
16411.000000  0.032504
16479.000000  0.032358
16518.000000  0.031230
16583.000000  0.027118
16659.000000  0.040357
16712.000000  0.028291
16747.000000  0.030005
16767.000000  0.013916
16808.000000  0.030942
16832.000000  0.015061
16925.000000  0.036881
17011.000000  0.037025
17089.000000  0.050272
17174.000000  0.050196
17261.000000  0.068236
17336.000000  0.059003
17422.000000  0.066549
17505.000000  0.057728
17627.000000  0.144851
17702.000000  0.069284
17844.000000  0.081923
17935.000000  0.079474
17999.000000  0.071346
18081.000000  0.084326
18152.000000  0.090915
18232.000000  0.089498
18316.000000  0.081144
18392.000000  0.054862
18483.000000  0.066330
18568.000000  0.068938
18639.000000  0.062919
18707.000000  0.072657
18799.000000  0.059653
18885.000000  0.070293
18974.000000  0.062176
19064.000000  0.078088
19110.000000  0.040020
19206.000000  0.070991
19291.000000  0.072275
19379.000000  0.076078
19456.000000  0.075616
19540.000000  0.084740
19619.000000  0.093858
19698.000000  0.085208
19785.000000  0.096980
19854.000000  0.067105
19938.000000  0.093160
20032.000000  0.082243
20117.000000  0.065312
20192.000000  0.050422
20289.000000  0.108670
20389.000000  0.150434
20447.000000  0.119946
20504.000000  0.305945
20509.000000  0.228967
20518.000000  0.129739
20558.000000  0.296829
20561.000000  0.006836
20639.000000  0.033644
20665.000000  0.009052
20702.000000  0.027157
20739.000000  0.029066
20752.000000  0.008773
20801.000000  0.047376
20897.000000  0.048962
20992.000000  0.072455
21090.000000  0.086947
21156.000000  0.045726
21168.000000  0.043250
21230.000000  0.053600
21265.000000  0.042153
21266.000000  0.006560
21328.000000  0.027372
21407.000000  0.032185
21478.000000  0.044622
21585.000000  0.054972
21625.000000  0.064837
21708.000000  0.065320
21759.000000  0.055426
21762.000000  0.006697
21853.000000  0.069198
21929.000000  0.063700
22003.000000  0.077094
22065.000000  0.070022
22161.000000  0.102924
22174.000000  0.048298
22199.000000  0.074757
22238.000000  0.040196
22294.000000  0.025367
22336.000000  0.022249
22381.000000  0.025691
22418.000000  0.026234
22438.000000  0.015347
22538.000000  0.040139
22619.000000  0.067714
22733.000000  0.050944
22806.000000  0.077764
22910.000000  0.083654
22979.000000  0.051729
22991.000000  0.043004
22994.000000  0.005801
23020.000000  0.073334
23029.000000  0.017641
23099.000000  0.033214
23185.000000  0.062724
23272.000000  0.069842
23378.000000  0.086948
23396.000000  0.020567
23486.000000  0.064593
23594.000000  0.088429
23602.000000  0.015549
23620.000000  0.038956
23700.000000  0.027021
23784.000000  0.061685
23872.000000  0.055163
23981.000000  0.073734
24055.000000  0.075356
24140.000000  0.075850
24201.000000  0.054757
24263.000000  0.087634
24309.000000  0.065632
24383.000000  0.072614
24433.000000  0.060765
24436.000000  0.007734
24505.000000  0.048413
24601.000000  0.063058
24681.000000  0.080589
24773.000000  0.098250
24870.000000  0.108235
24949.000000  0.062474
25028.000000  0.074781
25110.000000  0.063858
25195.000000  0.058444
25306.000000  0.083338
25409.000000  0.103825
25480.000000  0.086629
25563.000000  0.104663
25649.000000  0.102239
25719.000000  0.078739
25830.000000  0.087469
25884.000000  0.058111
25968.000000  0.089685
26058.000000  0.083833
26141.000000  0.071852
26245.000000  0.070904
26315.000000  0.047693
26406.000000  0.055858
26491.000000  0.054213
26576.000000  0.063076
26657.000000  0.081239
26733.000000  0.085037
26795.000000  0.058797
26845.000000  0.057055
26852.000000  0.005847
26905.000000  0.094392
26985.000000  0.113209
27088.000000  0.148158
27186.000000  0.128067
27357.000000  0.103298
27406.000000  0.146820
27458.000000  0.125918
27521.000000  0.130064
27585.000000  0.154594
27627.000000  0.135133
27704.000000  0.132401
27805.000000  0.156411
27923.000000  0.179029
28016.000000  0.104061
28119.000000  0.064176
28219.000000  0.074049
28335.000000  0.088904
28462.000000  0.108813
28571.000000  0.093335
28649.000000  0.110003
28746.000000  0.071548
28831.000000  0.069093
28905.000000  0.070323
28999.000000  0.067278
29087.000000  0.074818
29178.000000  0.088769
29246.000000  0.061374
29313.000000  0.088382
29405.000000  0.063519
29493.000000  0.066151
29632.000000  0.103891
29697.000000  0.080088
29764.000000  0.060760
29850.000000  0.069152
29920.000000  0.055272
29965.000000  0.074397
30018.000000  0.121519
30061.000000  0.114967
30120.000000  0.125676
30189.000000  0.157216
30251.000000  0.131589
30396.000000  0.169537
30457.000000  0.174337
30508.000000  0.198514
30589.000000  0.275261
30675.000000  0.329889
30718.000000  0.489261
30732.000000  0.440353
30769.000000  0.503603
30777.000000  0.621001
30828.000000  0.504076
30842.000000  0.480189
30896.000000  0.418863
30970.000000  0.295761
31030.000000  0.292978
31112.000000  0.174299
31191.000000  0.181489
31274.000000  0.120892
31342.000000  0.096662
31400.000000  0.205168
31450.000000  0.345720
31506.000000  0.421790
31508.000000  0.229947
31549.000000  0.065153
31598.000000  0.196726
31662.000000  0.177873
31699.000000  0.100122
31789.000000  0.079198
31913.000000  0.079030
31984.000000  0.043642
32064.000000  0.075441
32151.000000  0.091272
32206.000000  0.080015
32287.000000  0.046159
32429.000000  0.061377
32502.000000  0.060697
32577.000000  0.069973
32651.000000  0.048243
32731.000000  0.086038
32807.000000  0.061486
32889.000000  0.074403
32981.000000  0.067777
33047.000000  0.075364
33141.000000  0.082766
33223.000000  0.067474
33362.000000  0.111389
33442.000000  0.118452
33502.000000  0.106750
33572.000000  0.106402
33664.000000  0.112458
33759.000000  0.113988
33829.000000  0.100343
33931.000000  0.105443
33969.000000  0.069147
34045.000000  0.077512
34099.000000  0.147423
34119.000000  0.138825
34169.000000  0.050942
34238.000000  0.045106
34301.000000  0.180772
34358.000000  0.167661
34437.000000  0.133369
34480.000000  0.119806
34481.000000  0.007535
34548.000000  0.060572
34621.000000  0.050800
34721.000000  0.067676
34793.000000  0.036385
34870.000000  0.034651
34880.000000  0.021577
34882.000000  0.006544
34982.000000  0.066641
35057.000000  0.067442
35139.000000  0.066900
35207.000000  0.077943
35280.000000  0.094010
35354.000000  0.089139
35399.000000  0.037499
35433.000000  0.021135
35501.000000  0.049122
35567.000000  0.042156
35664.000000  0.090993
35736.000000  0.068404
35819.000000  0.049850
35838.000000  0.034250
35843.000000  0.006754
35908.000000  0.055541
36000.000000  0.059757
36088.000000  0.055747
36170.000000  0.081148
36247.000000  0.087676
36261.000000  0.041823
36264.000000  0.006275
36321.000000  0.038853
36401.000000  0.040637
36477.000000  0.038521
36591.000000  0.070309
36665.000000  0.073718
36744.000000  0.054153
36803.000000  0.049179
36881.000000  0.071176
36933.000000  0.089938
36998.000000  0.083926
37045.000000  0.055622
37057.000000  0.014290
37117.000000  0.019960
37212.000000  0.054088
37293.000000  0.074194
37389.000000  0.063973
37470.000000  0.071328
37517.000000  0.055990
37560.000000  0.043002
37586.000000  0.072206
37605.000000  0.018486
37704.000000  0.036502
37796.000000  0.037708
37884.000000  0.071037
37970.000000  0.118420
38067.000000  0.070100
38120.000000  0.076070
38126.000000  0.014290
38127.000000  0.005989
38216.000000  0.067747
38244.000000  0.057648
38338.000000  0.093407
38420.000000  0.060033
38525.000000  0.063880
38598.000000  0.062778
38690.000000  0.086183
38796.000000  0.137631
38868.000000  0.051908
38943.000000  0.088067
38987.000000  0.078945
39038.000000  0.070516
39088.000000  0.050245
39129.000000  0.072065
39170.000000  0.077536
39234.000000  0.092042
39262.000000  0.075892
39294.000000  0.055518
39364.000000  0.063790
39474.000000  0.061308
39580.000000  0.075795
39621.000000  0.068943
39665.000000  0.058282
39731.000000  0.057506
39762.000000  0.061932
39763.000000  0.008109
39766.000000  0.017404
39773.000000  0.011484
39871.000000  0.042435
39872.000000  0.005051
39892.000000  0.020013
39898.000000  0.007595
39940.000000  0.046458
39972.000000  0.041805
40045.000000  0.045501
40117.000000  0.029505
40172.000000  0.044391
40189.000000  0.014941
40261.000000  0.049510
40337.000000  0.040390
40373.000000  0.015118
40415.000000  0.012537
40422.000000  0.009534
40486.000000  0.049270
40554.000000  0.031376
40622.000000  0.043025
40709.000000  0.068742
40791.000000  0.069185
40814.000000  0.048069
40819.000000  0.008342
40820.000000  0.009570
