2285.000000  20.634195
2871.000000  26.618624
3311.000000  31.138048
3669.000000  26.643789
4168.000000  23.720955
4595.000000  29.867035
5294.000000  26.285568
6182.000000  23.684753
7202.000000  21.248039
8309.000000  19.597097
9240.000000  23.510698
9558.000000  28.778938
10022.000000  29.109148
10625.000000  36.156048
11146.000000  34.510574
11561.000000  27.709791
11759.000000  27.619368
12295.000000  23.978666
12662.000000  25.911240
13046.000000  28.577461
13335.000000  26.728418
13865.000000  26.889503
14268.000000  30.772045
14399.000000  36.841866
14812.000000  35.511242
15312.000000  36.201336
15681.000000  31.381485
16120.000000  29.864437
16653.000000  29.991987
17189.000000  30.143156
17598.000000  30.470800
18125.000000  28.987736
18609.000000  29.524755
18789.000000  32.272758
19402.000000  27.086296
20013.000000  29.361740
20627.000000  27.430305
21137.000000  26.024956
21269.000000  32.140629
21605.000000  32.197590
21875.000000  30.282789
22177.000000  29.460278
22439.000000  31.019407
22841.000000  31.993219
23267.000000  29.692892
23408.000000  31.745451
23863.000000  25.268490
24403.000000  26.288944
24911.000000  30.735476
25234.000000  32.380901
25579.000000  32.695793
26026.000000  31.905111
26325.000000  28.026482
26822.000000  35.354809
27428.000000  31.749048
28086.000000  25.342682
28688.000000  30.383104
29405.000000  24.235752
30215.000000  25.098753
30939.000000  28.114244
31672.000000  30.998960
32446.000000  29.111990
33211.000000  29.100088
33890.000000  25.069794
34457.000000  25.734386
34898.000000  30.635229
35239.000000  28.780577
35730.000000  25.638220
36244.000000  26.789867
36987.000000  28.807858
37599.000000  30.467215
38367.000000  27.794638
39266.000000  28.167578
40218.000000  27.057510
41012.000000  30.977345
41939.000000  31.875566
42687.000000  31.668457
43223.000000  33.750866
43735.000000  30.644009
44389.000000  29.091232
45118.000000  26.383404
45793.000000  27.050356
46398.000000  29.549191
46928.000000  32.961269
47454.000000  30.797491
47844.000000  28.991816
48103.000000  26.170033
48471.000000  35.368462
48787.000000  34.321346
49256.000000  31.825171
49953.000000  29.220930
50402.000000  30.931421
50953.000000  32.683678
51535.000000  32.152069
51990.000000  31.254351
52531.000000  33.073315
53370.000000  35.065662
54017.000000  32.063862
54491.000000  31.059669
55045.000000  33.641319
55627.000000  31.238865
56172.000000  31.163677
56753.000000  29.551199
57208.000000  31.620609
57933.000000  28.783607
58684.000000  27.087732
59290.000000  24.557274
60074.000000  22.823952
60844.000000  21.044783
61633.000000  23.350834
62428.000000  23.243254
63149.000000  25.887001
63925.000000  25.267267
64660.000000  24.472063
65266.000000  23.739761
65789.000000  23.540735
66339.000000  24.982161
66705.000000  26.763927
67216.000000  19.274982
67622.000000  17.988413
67921.000000  20.320450
68095.000000  23.926306
68410.000000  22.408882
68865.000000  19.398058
69289.000000  21.458910
69848.000000  18.907526
70541.000000  17.780136
71258.000000  22.437561
72248.000000  18.110775
72841.000000  19.329449
73196.000000  17.549900
74183.000000  17.835024
74662.000000  20.564268
74978.000000  20.453972
75236.000000  20.079990
75551.000000  15.635888
75756.000000  13.771941
75950.000000  27.038660
76171.000000  28.330364
76404.000000  19.518784
76523.000000  17.601349
76620.000000  20.498306
77120.000000  15.503986
77356.000000  15.947035
77672.000000  13.905650
77956.000000  11.326254
78317.000000  21.245640
78651.000000  23.623318
79027.000000  9.586922
79251.000000  10.324800
79431.000000  16.821251
79622.000000  18.027882
79754.000000  15.753789
79988.000000  13.914505
80291.000000  17.649567
80596.000000  14.272436
80921.000000  17.059027
81310.000000  15.997611
81441.000000  14.467770
81619.000000  10.683127
82074.000000  9.321119
82432.000000  7.893039
82847.000000  13.152380
83223.000000  13.275809
83722.000000  13.953275
84143.000000  13.976702
84783.000000  10.473898
85111.000000  10.803532
85338.000000  12.156175
85471.000000  10.868996
85582.000000  10.463942
85838.000000  9.286760
86096.000000  7.817071
86347.000000  9.702685
86691.000000  10.611025
86837.000000  8.317781
87093.000000  7.389575
87281.000000  7.717766
87504.000000  7.648293
87641.000000  7.489406
87850.000000  4.621312
88038.000000  3.456457
88378.000000  7.557583
88951.000000  7.063810
89062.000000  9.342508
89234.000000  6.100027
89435.000000  7.356399
89733.000000  6.472434
90006.000000  6.028263
90109.000000  7.310174
90273.000000  6.919123
90385.000000  7.290585
90880.000000  6.265247
91078.000000  5.915146
91330.000000  6.385568
91430.000000  4.562899
91490.000000  3.392106
91494.000000  3.203434
