269.000000  0.152235
342.000000  -0.000018
379.000000  0.004372
424.000000  0.008981
477.000000  0.012074
521.000000  -0.008558
586.000000  0.020607
633.000000  -0.003041
680.000000  0.004134
734.000000  0.003884
796.000000  0.001105
842.000000  0.004041
879.000000  0.018236
937.000000  -0.004133
986.000000  0.005246
1046.000000  0.024930
1057.000000  0.022130
1113.000000  -0.009554
1174.000000  -0.015806
1203.000000  0.010863
1256.000000  0.001021
1276.000000  0.003051
1304.000000  0.008247
1365.000000  0.018423
1398.000000  -0.021375
1433.000000  0.017521
1472.000000  -0.003469
1511.000000  0.005104
1545.000000  -0.008194
1566.000000  0.026461
1593.000000  -0.002182
1627.000000  -0.002586
1680.000000  0.000347
1698.000000  -0.001808
1728.000000  -0.004258
1767.000000  0.026959
1805.000000  0.008296
1868.000000  0.006587
1909.000000  -0.015058
1947.000000  0.018679
1982.000000  -0.004062
1989.000000  0.006200
2033.000000  0.010805
2082.000000  0.025220
2109.000000  -0.038280
2137.000000  0.002240
2170.000000  0.037065
2186.000000  -0.026432
2223.000000  0.004182
2286.000000  0.032249
2337.000000  -0.014849
2376.000000  -0.012475
2426.000000  0.038784
2456.000000  -0.014460
2509.000000  0.019214
2573.000000  -0.001578
2605.000000  0.003226
2658.000000  -0.011850
2678.000000  0.037150
2710.000000  -0.022279
2748.000000  -0.004252
2790.000000  0.008768
2825.000000  0.002855
2861.000000  0.037474
2910.000000  -0.027438
2964.000000  0.018964
3008.000000  0.011573
3054.000000  -0.029421
3105.000000  0.026173
3141.000000  -0.013336
3177.000000  0.021297
3207.000000  0.020953
3238.000000  0.003134
3261.000000  -0.012228
3314.000000  -0.017334
3363.000000  0.022908
3404.000000  0.001534
3454.000000  0.002240
3495.000000  -0.003697
3518.000000  0.006662
3554.000000  0.039752
3590.000000  -0.001541
3614.000000  -0.028652
3651.000000  0.029750
3692.000000  -0.031467
3709.000000  0.061182
3731.000000  -0.007396
3761.000000  -0.013963
3808.000000  -0.013637
3833.000000  0.040141
3847.000000  -0.036128
3882.000000  0.020474
3915.000000  0.020355
3948.000000  -0.012039
3962.000000  -0.018846
3977.000000  0.000756
3999.000000  0.001745
4009.000000  0.033545
4030.000000  -0.025475
4066.000000  0.008786
4097.000000  0.038310
4129.000000  -0.032002
4168.000000  -0.007107
4207.000000  0.041008
4260.000000  0.008561
4300.000000  -0.009116
4337.000000  0.005939
4362.000000  -0.002406
4401.000000  0.056519
4450.000000  -0.053916
4494.000000  0.007123
4542.000000  0.027555
4602.000000  -0.019627
4645.000000  0.012461
4674.000000  0.008196
4715.000000  -0.004653
4764.000000  0.022775
4797.000000  -0.005758
4831.000000  -0.010381
4885.000000  -0.005257
4919.000000  -0.001630
4954.000000  0.020408
4981.000000  -0.003206
5018.000000  0.006714
5037.000000  0.005673
5076.000000  0.036453
5105.000000  0.008719
5121.000000  0.017834
5142.000000  -0.051174
5161.000000  0.003329
5180.000000  0.064058
5231.000000  -0.059537
5274.000000  0.030090
5308.000000  -0.038711
5346.000000  0.030583
5388.000000  0.034148
5415.000000  -0.012854
5435.000000  0.010406
5474.000000  -0.010408
5495.000000  -0.011576
5514.000000  -0.006786
5530.000000  -0.002872
5549.000000  0.000071
5562.000000  0.020044
5595.000000  -0.009591
5640.000000  0.003296
5680.000000  0.025470
5718.000000  -0.007364
5754.000000  0.035037
5793.000000  -0.045399
5820.000000  0.042980
5848.000000  0.021544
5878.000000  -0.003660
5907.000000  0.002071
5960.000000  0.030956
6000.000000  -0.038670
6055.000000  -0.006252
6093.000000  0.029474
6141.000000  0.011306
6196.000000  -0.037011
6228.000000  -0.007710
6283.000000  0.057907
6316.000000  -0.030553
6381.000000  0.073295
6430.000000  -0.067480
6464.000000  0.001215
6495.000000  0.029464
6511.000000  -0.017549
6535.000000  -0.001671
6555.000000  0.006934
6577.000000  -0.002606
6602.000000  0.056071
6629.000000  -0.057271
6666.000000  0.050108
6690.000000  -0.022132
6701.000000  0.007440
6724.000000  -0.022843
6751.000000  0.058063
6773.000000  -0.056251
6793.000000  0.062119
6819.000000  -0.058079
6840.000000  0.005228
6882.000000  0.017443
6904.000000  0.018844
6948.000000  -0.007812
6999.000000  -0.013186
7045.000000  0.043360
7097.000000  0.007897
7138.000000  -0.012797
7164.000000  -0.000341
7190.000000  0.028240
7213.000000  -0.014592
7234.000000  0.050933
7287.000000  -0.072393
7309.000000  0.010549
7352.000000  0.009917
7383.000000  0.045565
7428.000000  -0.043151
7459.000000  -0.000798
7501.000000  0.082091
7519.000000  -0.066831
7549.000000  0.024178
7583.000000  0.006862
7623.000000  -0.010132
7662.000000  -0.009345
7705.000000  -0.001350
7742.000000  0.059422
7790.000000  0.021986
7826.000000  -0.027167
7868.000000  -0.036845
7905.000000  0.013406
7948.000000  0.009335
7990.000000  0.002271
8026.000000  0.024665
8078.000000  -0.003197
8119.000000  -0.003867
8141.000000  -0.000905
8197.000000  -0.004755
8238.000000  0.048538
8257.000000  -0.038236
8301.000000  0.022991
8333.000000  -0.025719
8372.000000  0.006197
8426.000000  0.053953
8460.000000  -0.032842
8511.000000  0.034022
8543.000000  -0.021377
8594.000000  0.017321
8644.000000  -0.012267
8684.000000  -0.014942
8740.000000  0.023438
8788.000000  0.004144
8829.000000  0.015029
8873.000000  -0.013831
8915.000000  0.017177
8951.000000  0.013137
8983.000000  -0.037217
9015.000000  0.052573
9037.000000  0.017536
9059.000000  -0.001686
9099.000000  0.009215
9133.000000  -0.038732
9159.000000  -0.005834
9197.000000  0.006158
9213.000000  0.022969
9231.000000  0.019490
9285.000000  -0.004782
9307.000000  -0.024040
9346.000000  0.010393
9384.000000  -0.013901
9429.000000  -0.000235
9471.000000  0.014610
9502.000000  0.014794
9528.000000  -0.018085
9551.000000  0.031304
9563.000000  -0.009102
9592.000000  -0.006699
9625.000000  -0.012704
9651.000000  0.007370
9669.000000  0.013596
9685.000000  -0.006132
9706.000000  0.012718
9723.000000  0.029801
9743.000000  0.027729
9757.000000  -0.051553
9798.000000  0.042838
9835.000000  -0.002770
9877.000000  -0.001864
9917.000000  0.001983
9953.000000  -0.029989
9978.000000  0.000311
10023.000000  0.007167
10049.000000  -0.001251
10063.000000  0.001382
10090.000000  0.020437
10109.000000  0.011817
10136.000000  0.011355
10154.000000  -0.007710
10174.000000  0.000793
10222.000000  0.000209
10247.000000  -0.018731
10268.000000  0.006229
10288.000000  0.038803
10313.000000  -0.043013
10345.000000  0.047673
10349.000000  -0.013503
10360.000000  -0.022372
10370.000000  0.022921
10375.000000  -0.047508
