816.000000  53.564548
1078.000000  61.400616
1316.000000  55.390541
1567.000000  55.366154
1845.000000  60.729301
2094.000000  57.177818
2388.000000  59.539116
2650.000000  57.000732
2910.000000  58.886890
3106.000000  56.394226
3149.000000  39.276058
3368.000000  52.824234
3588.000000  56.948608
3727.000000  45.922153
3818.000000  28.536364
3929.000000  33.006432
4130.000000  51.480251
4300.000000  51.227570
4412.000000  31.741941
4550.000000  31.979078
4650.000000  19.902859
4727.000000  24.596649
4778.000000  18.461285
4850.000000  21.300007
4984.000000  31.970390
5129.000000  27.761183
5344.000000  35.366341
5504.000000  42.637287
5560.000000  33.243397
5760.000000  43.915886
6001.000000  42.695778
6236.000000  43.909904
6280.000000  29.473682
6441.000000  35.402691
6558.000000  34.848518
6639.000000  30.529177
6731.000000  33.684319
6823.000000  30.105078
6903.000000  26.260815
7004.000000  30.079222
7147.000000  36.765038
7298.000000  36.928253
7450.000000  34.888359
7634.000000  38.409691
7770.000000  32.064949
7876.000000  29.383308
8027.000000  41.335510
8182.000000  37.778084
8284.000000  28.881678
8401.000000  27.194881
8568.000000  35.771832
8740.000000  37.007748
8894.000000  36.601940
8934.000000  29.458061
9109.000000  37.249855
9346.000000  36.435421
9587.000000  41.254730
9788.000000  41.237431
10060.000000  44.879860
10353.000000  48.236801
10643.000000  45.434509
10877.000000  37.448837
11108.000000  34.664768
11363.000000  35.713665
11634.000000  34.929829
11903.000000  36.281502
12085.000000  30.093632
12232.000000  23.812107
12419.000000  27.836790
12632.000000  33.618225
12895.000000  36.271648
13116.000000  32.631405
13288.000000  23.890812
13511.000000  24.843832
13733.000000  29.068926
13929.000000  26.936865
14140.000000  29.276884
14343.000000  32.028610
14540.000000  34.879677
14692.000000  34.458237
14896.000000  36.531715
15033.000000  27.646446
15182.000000  28.679678
15316.000000  27.959133
15501.000000  31.589758
15700.000000  28.134008
15910.000000  28.916328
16092.000000  29.024271
16153.000000  19.148849
16333.000000  24.961004
16527.000000  26.623238
16759.000000  25.434870
16987.000000  31.311502
17210.000000  38.239143
17434.000000  39.664642
17523.000000  27.871708
17803.000000  41.419369
18028.000000  43.330395
18187.000000  21.183643
18272.000000  31.504246
18425.000000  48.067078
18626.000000  21.031052
18877.000000  25.524033
18928.000000  17.632814
19130.000000  23.610373
19257.000000  21.098629
19380.000000  43.418083
19503.000000  39.839001
19591.000000  39.356377
19631.000000  29.801008
19689.000000  22.516541
19770.000000  38.389114
19946.000000  36.401459
20182.000000  32.461849
20465.000000  35.871361
20684.000000  31.256844
20891.000000  30.298637
21041.000000  31.985086
21197.000000  31.132504
21327.000000  29.843102
21508.000000  40.715702
21756.000000  42.996971
22044.000000  39.661533
22253.000000  32.824059
22502.000000  33.455544
22743.000000  29.250113
22953.000000  35.090679
23164.000000  35.776974
23336.000000  42.303520
23394.000000  39.137505
23468.000000  21.704193
23537.000000  43.258976
23644.000000  57.208138
23712.000000  46.439259
23791.000000  36.632736
23894.000000  25.701097
23982.000000  27.523014
24141.000000  24.791159
24253.000000  29.043669
24330.000000  21.151314
24419.000000  22.678747
24525.000000  29.832109
24743.000000  46.678345
25032.000000  43.282742
25219.000000  51.377625
25426.000000  53.923016
25655.000000  21.561527
25779.000000  16.658518
25844.000000  5.368994
25925.000000  47.087875
26051.000000  46.664284
26268.000000  26.381821
26517.000000  29.447464
26756.000000  30.848515
26969.000000  34.069313
27220.000000  40.231110
27513.000000  42.281197
27740.000000  50.103207
27901.000000  46.731495
28021.000000  57.241566
28137.000000  19.578665
28308.000000  23.164555
28473.000000  24.594179
28632.000000  23.589455
28783.000000  35.977116
28965.000000  52.275528
29101.000000  58.178722
29266.000000  14.239857
29337.000000  13.333483
29425.000000  16.522791
29549.000000  16.018620
29634.000000  12.322957
29717.000000  14.001616
29792.000000  10.726772
29854.000000  11.280772
29904.000000  6.976715
29942.000000  5.639840
30107.000000  20.132484
30204.000000  21.332361
30442.000000  26.183500
30703.000000  30.019825
30951.000000  27.910364
31145.000000  23.168821
31347.000000  27.098019
31530.000000  25.508863
31683.000000  27.775013
31779.000000  27.893383
31887.000000  23.671610
31927.000000  19.252428
32064.000000  25.712183
32120.000000  24.720230
32302.000000  31.344799
32459.000000  38.695881
32614.000000  30.746286
32781.000000  29.376503
32903.000000  26.410532
33048.000000  28.147358
33139.000000  24.083603
33204.000000  12.634076
33270.000000  13.295798
33328.000000  8.603314
33447.000000  13.813347
33586.000000  43.907219
33723.000000  46.882309
33914.000000  37.209938
34101.000000  39.303699
34218.000000  39.661091
34336.000000  41.327808
34435.000000  44.350147
34559.000000  30.008537
34602.000000  26.544930
34705.000000  28.347895
34867.000000  26.043802
35007.000000  22.333366
35145.000000  24.538328
35294.000000  29.585630
35387.000000  24.433226
35540.000000  26.669384
35737.000000  29.714033
35972.000000  30.282616
36102.000000  31.781519
36218.000000  40.144077
36228.000000  2.713039
36236.000000  1.573707
36276.000000  24.733374
36332.000000  33.231373
36393.000000  34.092201
36451.000000  25.495672
36528.000000  29.368547
36651.000000  33.133160
36808.000000  29.081234
36826.000000  6.067912
36835.000000  9.411912
36977.000000  24.985481
37038.000000  17.835850
37223.000000  19.961895
37375.000000  18.236877
37498.000000  13.911663
37571.000000  9.330248
37636.000000  6.819540
37639.000000  4.500019
37719.000000  10.559671
37818.000000  7.460643
37913.000000  10.020761
38065.000000  16.150043
38208.000000  18.004885
38282.000000  10.766891
38358.000000  12.774220
38435.000000  15.393760
38489.000000  14.837801
38502.000000  9.321806
38578.000000  9.498904
38681.000000  11.381532
38772.000000  9.993455
38858.000000  12.152359
38890.000000  4.036439
38899.000000  1.863658
38901.000000  1.374159
38933.000000  3.736212
38995.000000  4.837739
39112.000000  8.541545
39192.000000  11.126060
39314.000000  13.691948
39342.000000  6.311292
39414.000000  12.134995
39444.000000  7.635697
39451.000000  1.244108
39480.000000  1.505502
39508.000000  5.297600
39588.000000  8.677499
39679.000000  7.040405
39771.000000  9.684258
39851.000000  13.566091
39956.000000  14.130597
39992.000000  8.061294
40034.000000  4.792083
40072.000000  4.160704
40077.000000  2.230506
40142.000000  5.622877
40246.000000  7.740314
40299.000000  7.430416
40306.000000  1.266863
40392.000000  13.041358
40481.000000  12.526115
40573.000000  14.183036
40666.000000  14.376408
40732.000000  12.832247
40786.000000  13.359594
40813.000000  10.448473
40817.000000  4.769835
