576.000000  0.113373
732.000000  0.102382
895.000000  0.087432
1103.000000  0.119685
1353.000000  0.151902
1534.000000  0.131994
1705.000000  0.141534
1898.000000  0.168130
2025.000000  0.126652
2179.000000  0.123030
2353.000000  0.135036
2555.000000  0.161782
2727.000000  0.161699
2894.000000  0.156264
3078.000000  0.209599
3180.000000  0.159445
3263.000000  0.114101
3320.000000  0.075968
3347.000000  0.073510
3393.000000  0.062288
3455.000000  0.102686
3561.000000  0.065665
3662.000000  0.078350
3767.000000  0.085076
3957.000000  0.098551
4108.000000  0.114954
4273.000000  0.128914
4438.000000  0.130101
4649.000000  0.166293
4888.000000  0.171089
5048.000000  0.136984
5234.000000  0.146182
5374.000000  0.118837
5498.000000  0.108002
5620.000000  0.085230
5743.000000  0.099926
5903.000000  0.111581
5975.000000  0.059769
6026.000000  0.040386
6073.000000  0.037779
6117.000000  0.027986
6252.000000  0.133264
6454.000000  0.142774
6642.000000  0.154505
6863.000000  0.171546
7084.000000  0.164574
7361.000000  0.178377
7602.000000  0.153384
7843.000000  0.188641
8014.000000  0.149711
8231.000000  0.161881
8432.000000  0.154109
8654.000000  0.201453
8828.000000  0.174603
9065.000000  0.200969
9286.000000  0.179008
9541.000000  0.183451
9767.000000  0.185433
10031.000000  0.204367
10239.000000  0.174271
10432.000000  0.150636
10670.000000  0.176295
10830.000000  0.156364
10921.000000  0.151502
11041.000000  0.171458
11162.000000  0.143167
11328.000000  0.167054
11505.000000  0.195825
11674.000000  0.196472
11871.000000  0.161687
12015.000000  0.113544
12132.000000  0.169071
12268.000000  0.216562
12416.000000  0.279010
12480.000000  0.277021
12492.000000  0.250813
12520.000000  0.112367
12570.000000  0.127723
12647.000000  0.178493
12718.000000  0.193169
12802.000000  0.138735
12897.000000  0.186530
13022.000000  0.258068
13147.000000  0.136230
13265.000000  0.201730
13423.000000  0.163490
13572.000000  0.239611
13713.000000  0.253398
13848.000000  0.242933
14021.000000  0.271008
14204.000000  0.200367
14382.000000  0.189750
14547.000000  0.182189
14693.000000  0.154362
14853.000000  0.140602
15051.000000  0.304991
15166.000000  0.301821
15342.000000  0.354323
15541.000000  0.395854
15736.000000  0.300443
15866.000000  0.246374
15993.000000  0.234429
16122.000000  0.240106
16224.000000  0.385970
16282.000000  0.087176
16373.000000  0.090374
16471.000000  0.107030
16592.000000  0.302311
16718.000000  0.429866
16826.000000  0.429985
16972.000000  0.426836
17064.000000  0.607763
17195.000000  0.088791
17269.000000  0.102402
17353.000000  0.119170
17457.000000  0.124083
17513.000000  0.101025
17637.000000  0.108070
17762.000000  0.113384
17879.000000  0.175015
17922.000000  0.145559
18076.000000  0.188242
18265.000000  0.214296
18464.000000  0.142955
18668.000000  0.142846
18902.000000  0.159717
19068.000000  0.140333
19211.000000  0.255019
19324.000000  0.198647
19422.000000  0.111643
19548.000000  0.091787
19606.000000  0.085576
19680.000000  0.144632
19801.000000  0.199710
19954.000000  0.217835
20066.000000  0.200922
20165.000000  0.185568
20269.000000  0.128285
20408.000000  0.110689
20453.000000  0.112668
20601.000000  0.180323
20747.000000  0.131781
20915.000000  0.165924
21049.000000  0.275111
21199.000000  0.283758
21419.000000  0.287991
21538.000000  0.211722
21646.000000  0.144475
21806.000000  0.103963
21930.000000  0.089585
22037.000000  0.097189
22115.000000  0.068307
22183.000000  0.072646
22240.000000  0.047882
22297.000000  0.052026
22365.000000  0.043746
22423.000000  0.041548
22482.000000  0.043478
22543.000000  0.038842
22602.000000  0.057994
22687.000000  0.055075
22784.000000  0.065342
22920.000000  0.064856
23070.000000  0.084731
23236.000000  0.092834
23372.000000  0.079765
23413.000000  0.038708
23533.000000  0.069364
23639.000000  0.061159
23804.000000  0.054811
24016.000000  0.086792
24162.000000  0.076131
24346.000000  0.097854
24541.000000  0.123443
24756.000000  0.116890
24964.000000  0.123167
25162.000000  0.111039
25329.000000  0.118268
25388.000000  0.073289
25567.000000  0.231932
25711.000000  0.124793
25868.000000  0.113277
25960.000000  0.089579
26086.000000  0.106999
26192.000000  0.078325
26274.000000  0.072576
26373.000000  0.096212
26583.000000  0.119737
26750.000000  0.112771
26895.000000  0.128470
26989.000000  0.092028
27125.000000  0.109508
27177.000000  0.083564
27344.000000  0.147061
27499.000000  0.113227
27657.000000  0.127587
27812.000000  0.143530
27983.000000  0.127816
28121.000000  0.139848
28218.000000  0.084498
28310.000000  0.090900
28348.000000  0.050565
28426.000000  0.063998
28490.000000  0.084731
28589.000000  0.113265
28702.000000  0.136199
28825.000000  0.120108
28919.000000  0.098360
29017.000000  0.087159
29102.000000  0.075139
29194.000000  0.064448
29292.000000  0.077067
29439.000000  0.084496
29596.000000  0.097072
29734.000000  0.122531
29811.000000  0.098242
29881.000000  0.104536
29907.000000  0.106019
29927.000000  0.128303
29963.000000  0.235798
30038.000000  0.382821
30077.000000  0.209406
30121.000000  0.217327
30173.000000  0.281844
30207.000000  0.333441
30266.000000  0.053487
30342.000000  0.057355
30425.000000  0.062920
30519.000000  0.105306
30596.000000  0.071800
30609.000000  0.033207
30697.000000  0.451706
30752.000000  0.738753
30847.000000  0.066482
30922.000000  0.063642
31013.000000  0.395969
31152.000000  0.360253
31309.000000  0.327857
31438.000000  0.293447
31545.000000  0.331502
31642.000000  0.158607
31648.000000  0.116360
31699.000000  0.025480
31775.000000  0.040294
31864.000000  0.093265
32004.000000  0.322606
32087.000000  0.381417
32139.000000  0.065599
32156.000000  0.031245
32210.000000  0.027065
32298.000000  0.045979
32382.000000  0.053162
32476.000000  0.080164
32563.000000  0.074927
32570.000000  0.015852
32633.000000  0.060586
32654.000000  0.036783
32658.000000  0.187784
32721.000000  0.054318
32810.000000  0.052973
32871.000000  0.033582
32909.000000  0.036820
32949.000000  0.016714
33023.000000  0.039587
33092.000000  0.052457
33190.000000  0.062403
33298.000000  0.079300
33452.000000  0.089433
33496.000000  0.029412
33549.000000  0.046558
33684.000000  0.052207
33698.000000  0.019139
33773.000000  0.057837
33917.000000  0.081065
34063.000000  0.085582
34173.000000  0.095876
34310.000000  0.086768
34320.000000  0.027278
34448.000000  0.077644
34575.000000  0.087829
34649.000000  0.085756
34751.000000  0.040565
34797.000000  0.044809
34822.000000  0.021082
34897.000000  0.067894
34947.000000  0.025485
34984.000000  0.023279
35010.000000  0.014583
35013.000000  0.005902
35066.000000  0.035521
35198.000000  0.055707
35294.000000  0.069947
35386.000000  0.064056
35430.000000  0.063761
35515.000000  0.080945
35599.000000  0.092651
35707.000000  0.082661
35803.000000  0.081666
35901.000000  0.073625
35966.000000  0.060720
36029.000000  0.075884
36103.000000  0.068809
36222.000000  0.093572
36293.000000  0.063645
36375.000000  0.080810
36447.000000  0.086453
36521.000000  0.055214
36566.000000  0.024089
36645.000000  0.054860
36723.000000  0.091379
36827.000000  0.099612
36919.000000  0.068178
37041.000000  0.112254
37153.000000  0.123262
37284.000000  0.132664
37386.000000  0.123926
37415.000000  0.079266
37528.000000  0.153975
37614.000000  0.102024
37693.000000  0.121469
37764.000000  0.090672
37850.000000  0.090712
37948.000000  0.089361
38057.000000  0.100458
38143.000000  0.071706
38222.000000  0.075905
38249.000000  0.053632
38293.000000  0.083965
38364.000000  0.078270
38448.000000  0.135379
38536.000000  0.151041
38692.000000  0.149028
38804.000000  0.180901
38934.000000  0.212203
39001.000000  0.132725
39084.000000  0.073139
39172.000000  0.274496
39243.000000  0.197795
39301.000000  0.198535
39403.000000  0.207293
39442.000000  0.114201
39512.000000  0.135356
39628.000000  0.135227
39734.000000  0.106418
39821.000000  0.068782
39897.000000  0.054587
39941.000000  0.052113
39943.000000  0.004159
39945.000000  0.016066
39966.000000  0.054210
40003.000000  0.039921
40055.000000  0.030405
40120.000000  0.051530
40204.000000  0.075304
40315.000000  0.102112
40434.000000  0.103296
40606.000000  0.119028
40731.000000  0.104305
40749.000000  0.037574
40810.000000  0.062514
40820.000000  0.013205
40823.000000  0.013125
