4067.000000  86.727425
4755.000000  89.934677
5551.000000  89.803986
6044.000000  91.061653
7383.000000  89.310104
8385.000000  88.373711
10018.000000  88.464394
11585.000000  88.838760
12869.000000  89.515533
14133.000000  87.729347
16661.000000  87.836464
19088.000000  87.356247
20104.000000  89.258385
20211.000000  89.212959
21249.000000  89.975922
22546.000000  89.731949
23458.000000  89.574371
26293.000000  89.211861
29223.000000  88.503387
31861.000000  88.301270
34841.000000  87.632553
38005.000000  88.376579
40526.000000  88.429825
43471.000000  88.382309
43865.000000  88.290123
46063.000000  87.541016
48394.000000  87.868340
50525.000000  87.809471
51628.000000  87.440056
53285.000000  87.844604
55322.000000  87.976585
57423.000000  87.708481
60359.000000  87.395531
62821.000000  87.036453
63597.000000  87.226547
66650.000000  87.398186
69450.000000  87.422455
71892.000000  87.807396
74505.000000  87.697701
77369.000000  87.628082
78931.000000  87.327782
81658.000000  86.961121
83302.000000  87.573799
83695.000000  88.293823
84229.000000  88.749496
86063.000000  88.503555
87455.000000  88.738129
89297.000000  88.615242
90766.000000  88.489746
91741.000000  88.759094
94022.000000  88.702820
95379.000000  88.720535
97453.000000  88.583054
98000.000000  88.185791
100182.000000  88.644501
101326.000000  88.696663
104267.000000  88.930893
106011.000000  88.980698
106619.000000  89.108345
107654.000000  89.095467
108783.000000  89.528748
110254.000000  89.642578
111930.000000  89.115494
113351.000000  89.625023
115726.000000  89.999870
116788.000000  90.090172
117012.000000  89.925110
117525.000000  90.127419
118499.000000  90.000198
119390.000000  90.684914
121083.000000  89.916122
123939.000000  89.823502
125222.000000  90.399467
126491.000000  90.704277
127642.000000  90.234314
130772.000000  89.392784
132859.000000  89.407890
134550.000000  89.435165
135417.000000  89.838722
136404.000000  89.653343
137451.000000  90.201462
139002.000000  89.887711
139599.000000  90.485344
141477.000000  91.016891
142552.000000  90.698540
143589.000000  90.919418
144529.000000  90.725128
146142.000000  91.041473
147685.000000  90.827766
149604.000000  90.977409
150034.000000  91.196678
150895.000000  91.509315
150947.000000  91.819824
151038.000000  91.534035
151928.000000  91.989548
152142.000000  91.786102
153398.000000  92.133057
154206.000000  91.928467
155023.000000  92.059471
155463.000000  92.337433
156462.000000  91.825462
157604.000000  92.392479
158492.000000  92.244942
159815.000000  92.560951
160334.000000  92.725906
160478.000000  92.654266
