4067.000000  0.811493
4274.000000  0.498666
4899.000000  0.381187
5617.000000  0.507707
6096.000000  0.527893
7240.000000  0.632158
8525.000000  0.834444
9837.000000  0.912795
10953.000000  0.910322
12148.000000  0.897991
13359.000000  0.935795
14443.000000  1.048651
15705.000000  1.252765
17230.000000  1.374267
18422.000000  1.241606
19403.000000  1.109937
20296.000000  1.125585
21244.000000  1.125988
21956.000000  0.745137
22538.000000  0.810018
23201.000000  0.775070
24171.000000  0.860767
25232.000000  1.028826
26317.000000  1.236585
27429.000000  1.117325
27975.000000  0.958435
28704.000000  1.043494
29908.000000  0.927436
30773.000000  0.850053
31855.000000  0.908689
32613.000000  0.807268
33850.000000  1.078525
35355.000000  1.152761
36459.000000  1.298685
37538.000000  1.384898
38747.000000  1.450273
39414.000000  1.175804
40343.000000  1.083142
41307.000000  1.040426
42346.000000  1.065246
43160.000000  1.068263
44081.000000  1.049721
44677.000000  1.119162
45122.000000  0.793908
45915.000000  0.984436
46885.000000  1.007866
47854.000000  1.130038
48951.000000  1.164511
50047.000000  1.258564
51124.000000  1.330440
52190.000000  1.234231
52984.000000  1.125649
53656.000000  1.073740
54750.000000  1.041122
55501.000000  1.077467
56790.000000  1.291875
57628.000000  1.419447
58519.000000  1.276922
59530.000000  1.621346
60738.000000  1.713695
61999.000000  1.839545
62796.000000  1.689984
64079.000000  2.064278
65016.000000  2.228753
66707.000000  2.342814
67980.000000  2.485503
69333.000000  2.235852
70036.000000  2.035088
71253.000000  1.846345
71740.000000  1.744511
72937.000000  1.859533
73481.000000  2.310420
74989.000000  1.782483
75955.000000  1.643970
77724.000000  2.403809
78405.000000  2.056419
79585.000000  1.897963
80767.000000  1.935933
81382.000000  1.995786
82481.000000  2.161438
82711.000000  1.680125
84787.000000  2.171378
85184.000000  1.709991
87445.000000  2.670242
88160.000000  1.956606
89867.000000  2.475638
90602.000000  1.952148
92175.000000  2.634837
92991.000000  1.598107
93863.000000  1.816113
94969.000000  2.424761
95683.000000  2.539099
96809.000000  3.114599
97214.000000  1.587057
98282.000000  2.216373
99004.000000  2.370574
100453.000000  3.026406
101320.000000  2.792813
102991.000000  2.913162
103644.000000  1.870529
105378.000000  2.522726
105983.000000  2.377099
107260.000000  2.396617
108294.000000  1.928183
108977.000000  2.235705
109814.000000  2.175908
110292.000000  2.773211
111367.000000  1.887665
111684.000000  1.546205
113556.000000  2.106715
114184.000000  2.198719
115349.000000  2.166357
115945.000000  1.866902
116993.000000  1.841130
117626.000000  1.714539
118879.000000  2.216466
119629.000000  1.982313
120023.000000  2.277915
120846.000000  2.438685
121033.000000  2.401597
122144.000000  2.231888
122358.000000  2.061144
123539.000000  3.003538
123833.000000  2.541276
124946.000000  2.688673
125232.000000  2.410775
126283.000000  2.606889
126415.000000  2.762065
127227.000000  1.700421
127681.000000  1.526145
128944.000000  3.191505
129841.000000  2.969553
130550.000000  2.733383
131173.000000  1.809309
132015.000000  1.969318
132555.000000  2.729078
133905.000000  2.851213
134358.000000  2.192474
134729.000000  2.924917
134836.000000  3.094775
135135.000000  2.311109
135257.000000  2.233825
135370.000000  2.161922
135507.000000  2.806544
135548.000000  1.582339
135564.000000  3.438209
135619.000000  3.551581
136059.000000  3.765766
136507.000000  3.805356
137007.000000  4.053756
137338.000000  5.322516
138888.000000  2.174515
139690.000000  1.861846
140459.000000  1.884470
140985.000000  1.809015
141501.000000  1.824726
142121.000000  2.040438
142843.000000  2.227830
143299.000000  1.810845
143921.000000  1.893868
144692.000000  1.945476
145677.000000  2.146816
146251.000000  1.858860
147242.000000  2.160095
147885.000000  2.063179
148348.000000  1.784505
149277.000000  2.035681
150091.000000  2.018128
150606.000000  1.872716
151006.000000  1.838532
151084.000000  1.690256
151284.000000  1.766098
151400.000000  1.866328
151528.000000  1.790330
151780.000000  1.751207
152209.000000  1.759526
152711.000000  1.885091
153334.000000  1.901888
154035.000000  2.056383
154415.000000  2.042453
154765.000000  1.832091
154981.000000  1.940424
155084.000000  1.886484
155193.000000  1.618401
155219.000000  1.622614
155611.000000  1.693927
156175.000000  1.885355
156487.000000  1.802623
156842.000000  1.825639
157193.000000  1.851828
157463.000000  1.741740
157585.000000  1.790318
157658.000000  1.726336
157734.000000  1.719529
158277.000000  1.797361
158477.000000  1.776031
158710.000000  1.808734
158942.000000  1.829091
159133.000000  1.723561
159387.000000  1.817338
159515.000000  1.743740
159629.000000  1.751308
160000.000000  1.626778
160257.000000  1.648054
160481.000000  1.709470
160519.000000  1.734194
