4067.000000  0.609675
4274.000000  -0.224093
4899.000000  -0.113978
5617.000000  0.121658
6096.000000  0.015907
7240.000000  0.095012
8525.000000  0.178291
9837.000000  0.073099
10953.000000  -0.014823
12148.000000  -0.042436
13359.000000  0.050276
14443.000000  0.085469
15705.000000  0.185869
17230.000000  0.112582
18422.000000  -0.153245
19403.000000  -0.115980
20296.000000  -0.011094
21244.000000  -0.016259
21956.000000  -0.361361
22538.000000  0.046390
23201.000000  -0.020580
24171.000000  0.077622
25232.000000  0.141290
26317.000000  0.176087
27429.000000  -0.124750
27975.000000  -0.143905
28704.000000  0.078772
29908.000000  -0.148159
30773.000000  -0.060630
31855.000000  0.033195
32613.000000  -0.083903
33850.000000  0.244055
35355.000000  0.065528
36459.000000  0.112073
37538.000000  0.084745
38747.000000  0.015749
39414.000000  -0.233968
40343.000000  -0.177613
41307.000000  0.035771
42346.000000  0.025074
43160.000000  -0.016201
44081.000000  -0.022829
44677.000000  0.071710
45122.000000  -0.332894
45915.000000  0.136444
46885.000000  0.020499
47854.000000  0.141619
48951.000000  0.023338
50047.000000  0.083639
51124.000000  0.005343
52190.000000  -0.050582
52984.000000  -0.108493
53656.000000  -0.063734
54750.000000  -0.063130
55501.000000  0.059608
56790.000000  0.194270
57628.000000  0.063971
58519.000000  -0.196134
59530.000000  0.395819
60738.000000  0.054662
61999.000000  0.169733
62796.000000  -0.178668
64079.000000  0.326928
65016.000000  0.161933
66707.000000  0.114621
67980.000000  0.086514
69333.000000  -0.199585
70036.000000  -0.215582
71253.000000  -0.179379
71740.000000  -0.095068
72937.000000  0.063610
73481.000000  0.438157
74989.000000  -0.519823
75955.000000  -0.134710
77724.000000  0.719259
78405.000000  -0.382558
79585.000000  -0.133772
80767.000000  0.035760
81382.000000  0.051045
82481.000000  0.155398
82711.000000  -0.530382
84787.000000  0.521888
85184.000000  -0.499376
87445.000000  0.965239
88160.000000  -0.749704
89867.000000  0.522557
90602.000000  -0.562500
92175.000000  0.701417
92991.000000  -1.036283
93863.000000  0.222064
94969.000000  0.558764
95683.000000  0.098458
96809.000000  0.572912
97214.000000  -1.481760
98282.000000  0.561210
99004.000000  0.151101
100453.000000  0.598531
101320.000000  -0.191282
102991.000000  0.063846
103644.000000  -0.981531
105378.000000  0.638515
105983.000000  -0.166008
107260.000000  0.007174
108294.000000  -0.498327
108977.000000  0.338084
109814.000000  -0.130353
110292.000000  0.611681
111367.000000  -0.842408
111684.000000  -0.385143
113556.000000  0.507816
114184.000000  0.057543
115349.000000  0.056005
115945.000000  -0.330619
116993.000000  0.010362
117626.000000  -0.161716
118879.000000  0.456259
119629.000000  -0.252844
120023.000000  0.317995
120846.000000  0.115734
121033.000000  0.011729
122144.000000  -0.165265
122358.000000  -0.206515
123539.000000  0.914565
123833.000000  -0.521257
124946.000000  0.167902
125232.000000  -0.307315
126283.000000  0.268764
126415.000000  0.135452
127227.000000  -1.044669
127681.000000  -0.149635
128944.000000  1.496027
129841.000000  -0.193371
130550.000000  -0.182529
131173.000000  -0.939831
132015.000000  0.199877
132555.000000  0.671858
133905.000000  0.116355
134358.000000  -0.634268
134729.000000  0.686982
134836.000000  0.232397
135135.000000  -0.832819
135257.000000  -0.093118
135370.000000  -0.043188
135507.000000  0.656359
135548.000000  -1.215851
135564.000000  1.798901
135619.000000  0.104263
136059.000000  0.244474
136507.000000  0.044235
137007.000000  0.249233
137338.000000  1.262467
138888.000000  -3.115157
139690.000000  -0.307616
140459.000000  -0.029873
140985.000000  -0.094813
141501.000000  0.058517
142121.000000  0.199474
142843.000000  0.147362
143299.000000  -0.452132
143921.000000  0.168939
144692.000000  -0.001706
145677.000000  0.177932
146251.000000  -0.267078
147242.000000  0.246539
147885.000000  -0.131458
148348.000000  -0.200550
149277.000000  0.197204
150091.000000  -0.036654
150606.000000  -0.105726
151006.000000  -0.031317
151084.000000  -0.130210
151284.000000  0.079486
151400.000000  -0.028706
151528.000000  0.054362
151780.000000  -0.092450
152209.000000  -0.054262
152711.000000  0.164925
153334.000000  0.061053
154035.000000  0.168518
154415.000000  -0.065610
154765.000000  -0.184847
154981.000000  0.070552
155084.000000  -0.132186
155193.000000  -0.161704
155219.000000  -0.004627
155611.000000  0.057345
156175.000000  0.120910
156487.000000  -0.040900
156842.000000  0.052677
157193.000000  0.016939
157463.000000  -0.092618
157585.000000  -0.000778
157658.000000  -0.033013
157734.000000  -0.030912
158277.000000  0.094149
158477.000000  -0.040996
158710.000000  -0.008838
158942.000000  0.011816
159133.000000  -0.032844
159387.000000  0.060786
159515.000000  -0.035527
159629.000000  -0.046910
160000.000000  -0.031073
160257.000000  0.014164
160481.000000  0.003510
160519.000000  -0.071383
