2285.000000  1.455182
2835.000000  0.028641
3301.000000  0.081666
3731.000000  0.090253
4098.000000  0.024349
4895.000000  0.089718
5408.000000  0.036722
6253.000000  0.150346
7225.000000  0.123061
8195.000000  0.093276
9086.000000  0.173702
10036.000000  0.061658
10461.000000  0.019328
10887.000000  0.029289
11373.000000  0.179982
11927.000000  -0.117515
12226.000000  0.119058
12611.000000  0.185913
12950.000000  -0.167684
13414.000000  0.089427
14186.000000  0.077520
14968.000000  0.059860
15652.000000  0.100831
16373.000000  0.143488
16942.000000  0.013819
17802.000000  0.223403
18262.000000  -0.018669
18704.000000  0.095298
19192.000000  0.236515
19913.000000  -0.070873
20518.000000  0.066646
21052.000000  0.095129
21848.000000  -0.002747
22246.000000  0.035526
23385.000000  0.144142
24265.000000  0.003799
25185.000000  0.196725
26408.000000  0.077418
26928.000000  0.065280
27845.000000  0.185184
29555.000000  0.135354
29953.000000  0.143319
30803.000000  0.034560
31626.000000  0.116263
32369.000000  0.227827
33569.000000  0.094656
34893.000000  -0.032357
36121.000000  0.312403
37620.000000  0.036166
39148.000000  0.265126
40396.000000  0.052680
41057.000000  0.075069
42446.000000  0.249655
44171.000000  0.096492
45786.000000  0.180000
46371.000000  0.060580
47676.000000  0.397891
49393.000000  0.204784
50916.000000  0.169687
52491.000000  0.065499
54014.000000  0.152069
55692.000000  0.279137
57026.000000  0.095406
57854.000000  0.256716
59428.000000  0.177151
60371.000000  -0.095891
62204.000000  0.287834
63484.000000  0.245208
64107.000000  0.020965
64861.000000  0.185262
65478.000000  0.083447
66368.000000  -0.093352
67291.000000  0.174334
67675.000000  0.203375
68751.000000  -0.145362
69305.000000  0.070666
70217.000000  0.158031
70938.000000  0.124673
71844.000000  0.073608
72959.000000  0.060642
73806.000000  0.187274
75081.000000  0.115108
76628.000000  0.225910
77983.000000  0.235261
79119.000000  -0.083270
79288.000000  0.020798
79819.000000  0.146463
80617.000000  0.133816
81819.000000  0.194721
82879.000000  0.295962
83187.000000  -0.220301
83804.000000  0.161493
84424.000000  0.246376
84922.000000  -0.370958
85038.000000  0.331135
85192.000000  -0.258315
85244.000000  0.293805
85349.000000  -0.040224
86302.000000  -0.115355
86639.000000  0.103056
87351.000000  -0.010036
87703.000000  0.051424
88089.000000  0.095551
88224.000000  0.362329
89208.000000  -0.054389
89797.000000  0.133266
90115.000000  0.187494
90159.000000  -0.169957
90183.000000  -0.051418
90285.000000  0.009524
90357.000000  0.287580
90368.000000  -0.097987
90399.000000  -0.287870
90637.000000  0.086091
91112.000000  -0.131551
91471.000000  0.190235
91482.000000  0.046929
