576.000000  0.125810
723.000000  0.106054
905.000000  0.109735
937.000000  0.041232
1157.000000  0.130352
1382.000000  0.144711
1397.000000  0.026821
1551.000000  0.158036
1726.000000  0.155873
1944.000000  0.167175
2171.000000  0.153567
2327.000000  0.133342
2364.000000  0.058079
2502.000000  0.107471
2633.000000  0.144928
2746.000000  0.117521
2783.000000  0.054803
2939.000000  0.142921
3106.000000  0.146167
3227.000000  0.152063
3338.000000  0.081496
3427.000000  0.092146
3489.000000  0.058680
3600.000000  0.095851
3759.000000  0.155476
3866.000000  0.115972
3980.000000  0.120494
4093.000000  0.126612
4110.000000  0.055723
4187.000000  0.115122
4197.000000  0.061544
4245.000000  0.113731
4294.000000  0.063060
4383.000000  0.078839
4452.000000  0.088027
4529.000000  0.130929
4666.000000  0.117181
4795.000000  0.132562
4956.000000  0.151289
4997.000000  0.088553
5138.000000  0.130093
5322.000000  0.145204
5358.000000  0.047193
5509.000000  0.123270
5649.000000  0.116375
5844.000000  0.143461
5954.000000  0.112673
6002.000000  0.067832
6056.000000  0.057135
6095.000000  0.080603
6142.000000  0.068517
6149.000000  0.063212
6226.000000  0.068539
6285.000000  0.063000
6343.000000  0.068100
6384.000000  0.062699
6423.000000  0.065325
6476.000000  0.060979
6520.000000  0.086514
6567.000000  0.074293
6628.000000  0.085390
6667.000000  0.048458
6773.000000  0.089713
6885.000000  0.113314
6918.000000  0.051197
7037.000000  0.120057
7168.000000  0.100079
7257.000000  0.100209
7312.000000  0.074962
7360.000000  0.092602
7468.000000  0.090175
7538.000000  0.088055
7622.000000  0.093026
7696.000000  0.090707
7782.000000  0.092951
7844.000000  0.056319
7920.000000  0.068010
7975.000000  0.038376
8035.000000  0.031783
8086.000000  0.036389
8133.000000  0.029054
8197.000000  0.051300
8339.000000  0.104341
8520.000000  0.125789
8667.000000  0.124364
8867.000000  0.187045
9049.000000  0.152382
9224.000000  0.161842
9358.000000  0.169704
9570.000000  0.219934
9806.000000  0.236412
10065.000000  0.249335
10302.000000  0.238782
10520.000000  0.224658
10773.000000  0.246590
11020.000000  0.244626
11276.000000  0.279389
11519.000000  0.237663
11721.000000  0.226114
11898.000000  0.220549
12099.000000  0.245793
12284.000000  0.296155
12403.000000  0.263702
12544.000000  0.227463
12726.000000  0.231559
12884.000000  0.208837
13010.000000  0.230106
13137.000000  0.214218
13231.000000  0.175344
13354.000000  0.178920
13491.000000  0.177021
13673.000000  0.185502
13803.000000  0.169677
14017.000000  0.212888
14153.000000  0.275827
14249.000000  0.268022
14270.000000  0.129574
14318.000000  0.172868
14372.000000  0.150589
14440.000000  0.307843
14498.000000  0.259012
14541.000000  0.303850
14573.000000  0.315134
14609.000000  0.310068
14666.000000  0.327901
14804.000000  0.368959
14949.000000  0.220024
15087.000000  0.225311
15245.000000  0.227120
15466.000000  0.184607
15697.000000  0.170489
15915.000000  0.175816
16072.000000  0.177665
16181.000000  0.106291
16308.000000  0.123921
16469.000000  0.138542
16621.000000  0.135357
16710.000000  0.108796
16795.000000  0.065652
16854.000000  0.075820
16894.000000  0.064490
16935.000000  0.043978
16989.000000  0.069008
17046.000000  0.068899
17121.000000  0.073719
17264.000000  0.115425
17413.000000  0.157203
17584.000000  0.141362
17716.000000  0.139648
17816.000000  0.243929
17938.000000  0.297068
18089.000000  0.354904
18279.000000  0.291810
18439.000000  0.327926
18588.000000  0.303892
18733.000000  0.278252
18927.000000  0.425771
19116.000000  0.399660
19272.000000  0.456080
19413.000000  0.401227
19533.000000  0.087211
19581.000000  0.067198
19692.000000  0.118367
19804.000000  0.137426
19948.000000  0.176266
20105.000000  0.127531
20210.000000  0.120997
20340.000000  0.141230
20450.000000  0.137372
20590.000000  0.201838
20783.000000  0.195924
20953.000000  0.336511
21093.000000  0.241321
21229.000000  0.206609
21386.000000  0.215850
21568.000000  0.234720
21745.000000  0.211505
21905.000000  0.174026
21970.000000  0.106395
21998.000000  0.029853
22061.000000  0.034517
22140.000000  0.063701
22222.000000  0.178364
22278.000000  0.178879
22327.000000  0.024904
22370.000000  0.020220
22430.000000  0.106707
22523.000000  0.137806
22583.000000  0.140836
22638.000000  0.127989
22714.000000  0.210410
22794.000000  0.211216
22850.000000  0.425815
22870.000000  0.416537
22918.000000  0.368553
22965.000000  0.122919
22997.000000  0.356675
23021.000000  0.577856
23057.000000  0.065556
23090.000000  0.042887
23184.000000  0.095367
23240.000000  0.083847
23326.000000  0.084551
23398.000000  0.083047
23489.000000  0.559273
23540.000000  0.571753
23589.000000  0.103466
23659.000000  0.083606
23715.000000  0.073923
23770.000000  0.063971
23876.000000  0.227061
24003.000000  0.280076
24116.000000  0.357444
24225.000000  0.240382
24287.000000  0.129623
24359.000000  0.096801
24439.000000  0.120266
24532.000000  0.126998
24623.000000  0.172803
24682.000000  0.121131
24736.000000  0.051083
24778.000000  0.091189
24867.000000  0.110992
24962.000000  0.142591
25014.000000  0.114928
25075.000000  0.116066
25151.000000  0.170392
25201.000000  0.344046
25312.000000  0.126318
25362.000000  0.123332
25401.000000  0.404257
25450.000000  0.512871
25505.000000  0.103469
25535.000000  0.081891
25578.000000  0.106966
25639.000000  0.228215
25731.000000  0.252690
25837.000000  0.286277
25974.000000  0.262384
26184.000000  0.228856
26351.000000  0.185229
26522.000000  0.170109
26610.000000  0.116058
26756.000000  0.159374
26855.000000  0.127236
26950.000000  0.215448
27048.000000  0.218110
27144.000000  0.483820
27205.000000  0.063453
27264.000000  0.079144
27294.000000  0.074744
27327.000000  0.065216
27364.000000  0.085060
27381.000000  0.063335
27416.000000  0.122244
27464.000000  0.164810
27485.000000  0.219385
27508.000000  0.103896
27532.000000  0.075327
27602.000000  0.039485
27681.000000  0.068576
27744.000000  0.056550
27802.000000  0.054274
27832.000000  0.070303
27833.000000  0.025138
27879.000000  0.018787
27998.000000  0.073590
28098.000000  0.086772
28189.000000  0.088945
28254.000000  0.101188
28302.000000  0.079244
28374.000000  0.093628
28487.000000  0.106604
28551.000000  0.083514
28615.000000  0.075944
28681.000000  0.090299
28743.000000  0.090031
28766.000000  0.066314
28806.000000  0.053156
28835.000000  0.069637
28860.000000  0.080867
28877.000000  0.047773
28892.000000  0.071921
28908.000000  0.063216
28931.000000  0.015253
29002.000000  0.063313
29114.000000  0.092360
29183.000000  0.061814
29270.000000  0.057108
29302.000000  0.042914
29336.000000  0.022171
29386.000000  0.027526
29454.000000  0.052002
29535.000000  0.074856
29639.000000  0.072664
29670.000000  0.027295
29730.000000  0.053852
29837.000000  0.092987
29961.000000  0.085907
30050.000000  0.086205
30110.000000  0.048695
30163.000000  0.037366
30247.000000  0.048602
30367.000000  0.079814
30481.000000  0.086140
30559.000000  0.085879
30636.000000  0.074637
30664.000000  0.040993
30697.000000  0.090034
30748.000000  0.119021
30777.000000  0.121038
30837.000000  0.117464
30859.000000  0.069579
30952.000000  0.146603
31016.000000  0.146116
31095.000000  0.128555
31187.000000  0.120291
31265.000000  0.129091
31313.000000  0.084095
31352.000000  0.024327
31436.000000  0.081663
31493.000000  0.077889
31541.000000  0.096057
31613.000000  0.101071
31673.000000  0.121292
31733.000000  0.096696
31801.000000  0.045255
31839.000000  0.051485
31888.000000  0.047642
31943.000000  0.064978
32036.000000  0.105049
32184.000000  0.119401
32271.000000  0.087435
32380.000000  0.097999
32511.000000  0.105335
32632.000000  0.112379
32752.000000  0.122258
32866.000000  0.136637
32985.000000  0.139537
33116.000000  0.134672
33233.000000  0.131955
33350.000000  0.142028
33436.000000  0.160843
33564.000000  0.203684
33649.000000  0.190155
33751.000000  0.217369
33876.000000  0.266400
34000.000000  0.256645
34120.000000  0.256519
34218.000000  0.307765
34298.000000  0.096842
34413.000000  0.110084
34471.000000  0.097842
34510.000000  0.064505
34578.000000  0.074472
34635.000000  0.088196
34688.000000  0.123502
34783.000000  0.113759
34895.000000  0.139924
34995.000000  0.150361
35103.000000  0.150616
35255.000000  0.194388
35369.000000  0.227278
35474.000000  0.208382
35549.000000  0.208386
35638.000000  0.230508
35723.000000  0.236044
35796.000000  0.219875
35841.000000  0.195183
35875.000000  0.144400
35902.000000  0.132790
35919.000000  0.108012
35928.000000  0.095061
36008.000000  0.122522
36050.000000  0.089609
36181.000000  0.171135
36307.000000  0.147137
36459.000000  0.207858
36604.000000  0.160525
36727.000000  0.130273
36774.000000  0.081156
36851.000000  0.103694
36884.000000  0.085836
36928.000000  0.115873
36994.000000  0.109223
37100.000000  0.117259
37188.000000  0.058133
37291.000000  0.063138
37361.000000  0.067295
37417.000000  0.054829
37472.000000  0.057356
37502.000000  0.036297
37547.000000  0.063193
37632.000000  0.074572
37656.000000  0.050011
37722.000000  0.089385
37764.000000  0.077231
37775.000000  0.074140
37822.000000  0.187294
37868.000000  0.213524
37905.000000  0.225053
37946.000000  0.252968
37988.000000  0.216519
38066.000000  0.241728
38178.000000  0.266588
38252.000000  0.203806
38309.000000  0.196425
38383.000000  0.098755
38480.000000  0.100280
38582.000000  0.121114
38639.000000  0.116709
38703.000000  0.167511
38763.000000  0.205809
38786.000000  0.026402
38813.000000  0.026705
38823.000000  0.022545
38826.000000  0.116572
38902.000000  0.041099
38964.000000  0.063381
39021.000000  0.065607
39078.000000  0.061638
39174.000000  0.052858
39218.000000  0.046980
39311.000000  0.086523
39411.000000  0.100380
39524.000000  0.097157
39619.000000  0.106056
39698.000000  0.093252
39746.000000  0.094301
39817.000000  0.105013
39900.000000  0.101287
39925.000000  0.088055
39953.000000  0.062214
39982.000000  0.075058
40018.000000  0.056879
40025.000000  0.032404
40111.000000  0.062487
40156.000000  0.063131
40208.000000  0.075225
40260.000000  0.079652
40329.000000  0.079069
40415.000000  0.098967
40498.000000  0.092950
40593.000000  0.110358
40688.000000  0.149318
40757.000000  0.106308
40819.000000  0.107854
40820.000000  0.057853
