216.000000  0.058201
277.000000  0.015473
333.000000  0.006553
383.000000  0.013450
439.000000  -0.020958
487.000000  0.021912
562.000000  0.018810
613.000000  -0.020382
683.000000  0.044988
779.000000  -0.019194
848.000000  -0.005298
908.000000  -0.018151
967.000000  -0.007364
1027.000000  -0.003409
1089.000000  0.003810
1156.000000  -0.010791
1232.000000  0.014464
1284.000000  -0.003036
1396.000000  0.011874
1481.000000  -0.001694
1565.000000  0.018549
1648.000000  0.001719
1712.000000  0.014361
1796.000000  0.002274
1880.000000  0.000148
1963.000000  -0.023519
2048.000000  0.016896
2132.000000  -0.025491
2216.000000  0.042800
2286.000000  -0.006094
2339.000000  -0.034359
2360.000000  -0.016564
2372.000000  -0.004710
2385.000000  -0.007032
2397.000000  0.018686
2408.000000  -0.014363
2421.000000  0.010349
2433.000000  0.010184
2445.000000  -0.007584
2457.000000  0.001206
2466.000000  -0.058743
2521.000000  0.047667
2588.000000  0.000046
2665.000000  0.053609
2716.000000  -0.062863
2754.000000  0.033556
2805.000000  0.021261
2861.000000  0.036718
2928.000000  -0.043814
3027.000000  0.073253
3109.000000  -0.031227
3191.000000  0.074940
3289.000000  -0.034281
3343.000000  -0.011731
3360.000000  -0.071242
3378.000000  0.002080
3381.000000  -0.106758
3388.000000  0.154776
3390.000000  -0.056910
3455.000000  -0.070760
3710.000000  0.088908
3769.000000  -0.039283
3841.000000  0.021800
3931.000000  0.011347
3989.000000  -0.042358
4040.000000  -0.008910
4093.000000  0.006253
4154.000000  0.018905
4216.000000  -0.019728
4280.000000  0.006206
4353.000000  0.019330
4389.000000  0.000234
4423.000000  -0.028074
4473.000000  0.018406
4521.000000  0.004567
4593.000000  -0.003896
4624.000000  0.017689
4657.000000  -0.026436
4679.000000  0.028479
4688.000000  0.006862
4704.000000  -0.070231
4742.000000  -0.017650
4784.000000  0.014613
4822.000000  -0.004658
4868.000000  0.008083
4936.000000  0.015842
4997.000000  0.010750
5071.000000  0.005106
5159.000000  -0.013868
5248.000000  0.033611
5336.000000  -0.004037
5426.000000  0.009728
5518.000000  0.018223
5613.000000  0.030763
5709.000000  -0.079490
5753.000000  0.001617
5782.000000  0.013302
5823.000000  0.023351
5873.000000  -0.003624
5925.000000  0.008414
5982.000000  -0.033262
6038.000000  -0.007894
6093.000000  0.029499
6152.000000  -0.019310
6211.000000  -0.041822
6263.000000  0.052684
6314.000000  -0.009187
6366.000000  -0.005482
6418.000000  -0.017089
6474.000000  0.000635
6528.000000  -0.018718
6560.000000  0.012764
6608.000000  0.026683
6648.000000  0.019424
6677.000000  0.010410
6711.000000  -0.024782
6746.000000  0.062561
6762.000000  0.004609
6763.000000  0.025171
6798.000000  -0.042956
6874.000000  0.026997
6893.000000  -0.041107
6901.000000  0.004315
6922.000000  -0.095074
6963.000000  0.015739
7019.000000  0.018000
7072.000000  -0.014237
7140.000000  0.013050
7198.000000  0.004381
7230.000000  0.003237
7292.000000  0.009590
7348.000000  0.008636
7418.000000  0.011763
7474.000000  -0.007603
7531.000000  -0.004762
7586.000000  -0.013252
7633.000000  -0.012108
7690.000000  0.027565
7748.000000  -0.002510
7808.000000  0.008036
7869.000000  -0.018318
7928.000000  0.008980
7987.000000  -0.013722
8048.000000  0.004668
8108.000000  -0.040199
8148.000000  0.034985
8187.000000  -0.017088
8236.000000  0.004162
8285.000000  0.000233
8335.000000  0.004722
8387.000000  -0.010252
8455.000000  0.010135
8541.000000  0.000388
8612.000000  0.004462
8665.000000  -0.000542
8717.000000  -0.013898
8768.000000  -0.026199
8819.000000  0.029823
8894.000000  -0.019508
8968.000000  0.023285
9045.000000  0.025389
9202.000000  0.023167
9271.000000  -0.021152
9359.000000  -0.006796
9438.000000  0.015502
9519.000000  0.008960
9594.000000  0.003391
9660.000000  -0.034014
9751.000000  0.030144
9830.000000  -0.018747
9924.000000  0.021630
10012.000000  -0.025421
10104.000000  0.025720
10194.000000  -0.005830
10276.000000  -0.022049
10380.000000  0.039637
10474.000000  -0.014953
10567.000000  -0.014063
10660.000000  0.018809
10738.000000  -0.016546
10780.000000  0.000215
10842.000000  -0.036286
10933.000000  0.055699
11008.000000  -0.020065
11056.000000  -0.017589
11112.000000  -0.022783
11168.000000  0.012780
11215.000000  -0.008282
11252.000000  -0.017065
11303.000000  0.019405
11359.000000  0.009772
11420.000000  -0.011013
11479.000000  0.027818
11539.000000  -0.039581
11599.000000  0.005627
11660.000000  -0.032378
11719.000000  0.060069
11795.000000  0.000487
11890.000000  -0.007812
11976.000000  0.010882
12046.000000  -0.010241
12108.000000  0.000247
12166.000000  0.000133
12228.000000  -0.009732
12287.000000  -0.001629
12345.000000  0.008087
12406.000000  -0.012355
12438.000000  -0.002173
12486.000000  0.011658
12535.000000  0.012878
12589.000000  -0.017834
12645.000000  -0.002202
12701.000000  0.016738
12758.000000  -0.037507
12814.000000  0.021138
12869.000000  -0.026241
12912.000000  0.031080
12968.000000  -0.014576
13024.000000  0.026385
13080.000000  -0.003845
13136.000000  -0.002419
13191.000000  -0.019080
13248.000000  0.020374
13304.000000  -0.007063
13359.000000  0.008779
13416.000000  -0.029197
13471.000000  0.030061
13526.000000  -0.001279
13558.000000  -0.027483
13606.000000  -0.000840
13662.000000  0.028701
13691.000000  -0.001845
13722.000000  0.017079
13769.000000  0.000811
13808.000000  0.036761
13851.000000  -0.012605
13892.000000  0.041297
13935.000000  -0.021730
13974.000000  -0.031379
14032.000000  0.053207
14084.000000  -0.039855
14138.000000  0.036234
14183.000000  -0.006147
14232.000000  0.034671
14276.000000  -0.042246
14335.000000  -0.013765
14395.000000  0.018800
14447.000000  0.007882
14506.000000  -0.006967
14586.000000  -0.019799
14662.000000  0.047722
14761.000000  0.020337
14825.000000  0.044870
14857.000000  -0.015031
14858.000000  -0.015829
14869.000000  -0.002565
14892.000000  -0.011914
14929.000000  0.017902
14971.000000  -0.004322
15017.000000  0.056812
15053.000000  -0.116106
15101.000000  -0.057081
15148.000000  0.019316
15197.000000  -0.024852
15245.000000  0.012406
15278.000000  0.042775
15297.000000  -0.040664
15333.000000  -0.002527
15377.000000  0.027891
15425.000000  0.026994
15472.000000  -0.043040
15509.000000  -0.008666
15557.000000  -0.027117
15605.000000  0.021529
15652.000000  0.002985
15701.000000  -0.003632
15748.000000  0.016057
15795.000000  0.027854
15834.000000  0.055818
15857.000000  -0.016152
15862.000000  -0.002398
15869.000000  0.050535
15881.000000  0.003834
15896.000000  0.017394
15919.000000  0.017440
15956.000000  0.050476
15998.000000  0.034256
16039.000000  -0.015595
16077.000000  0.007834
16132.000000  -0.001409
16187.000000  -0.043954
16194.000000  0.068706
16215.000000  -0.027996
16225.000000  0.164988
16312.000000  -0.403669
16397.000000  -0.002119
16443.000000  -0.024714
16507.000000  -0.029786
16574.000000  0.017957
16642.000000  -0.035296
16705.000000  0.031700
16777.000000  -0.000990
16836.000000  -0.009339
16862.000000  -0.005150
16898.000000  0.002115
16937.000000  -0.030282
17023.000000  0.053005
17082.000000  0.027527
17142.000000  -0.010210
17202.000000  0.005131
17270.000000  0.001641
17308.000000  -0.040108
17356.000000  0.024025
17413.000000  0.003563
17479.000000  0.021662
17509.000000  -0.042754
17554.000000  -0.020683
17608.000000  0.033040
17670.000000  0.017539
17701.000000  0.040497
17731.000000  -0.033031
17759.000000  -0.021224
17780.000000  0.019489
17807.000000  -0.045404
17821.000000  0.037307
17825.000000  -0.049739
17830.000000  0.057019
17853.000000  -0.019105
17883.000000  -0.014093
17921.000000  0.017801
17984.000000  -0.019303
18006.000000  -0.028057
18073.000000  0.042429
18129.000000  0.021642
18177.000000  -0.030621
18225.000000  -0.015278
18261.000000  0.021071
18297.000000  -0.027671
18312.000000  -0.012796
18325.000000  0.021296
18334.000000  -0.010273
18397.000000  0.016846
18473.000000  0.019823
18533.000000  -0.011396
18573.000000  0.002114
18624.000000  0.011885
18682.000000  0.002176
18713.000000  -0.012173
18750.000000  -0.000186
18754.000000  -0.008835
18844.000000  0.021639
18898.000000  0.014282
18937.000000  -0.026288
18982.000000  0.023814
19039.000000  -0.017838
19085.000000  -0.051017
19123.000000  0.021532
19169.000000  -0.018876
19236.000000  -0.001558
19292.000000  0.013004
19348.000000  -0.006874
19404.000000  0.054882
19450.000000  -0.045921
19486.000000  -0.006054
19543.000000  0.017104
19575.000000  0.034618
19610.000000  -0.050569
19642.000000  0.055324
19671.000000  -0.050950
19777.000000  0.031883
19873.000000  0.004681
19930.000000  -0.002244
19992.000000  -0.041548
20055.000000  0.004927
20087.000000  -0.010154
20144.000000  0.039837
20173.000000  0.001757
20195.000000  -0.028993
20216.000000  0.019695
20219.000000  -0.047492
20259.000000  0.037904
20326.000000  0.012593
20372.000000  -0.012659
20415.000000  -0.007354
20459.000000  0.008195
20505.000000  -0.039296
20545.000000  0.030241
20589.000000  0.001300
20633.000000  -0.041231
20675.000000  0.008887
20720.000000  0.016027
20770.000000  0.024951
20825.000000  -0.032699
20887.000000  0.049486
20972.000000  0.001750
21056.000000  0.012352
21138.000000  0.008550
21221.000000  -0.013967
21281.000000  -0.006487
21325.000000  -0.008079
21404.000000  -0.008197
21502.000000  0.030677
21583.000000  0.021149
21673.000000  0.007084
21773.000000  -0.023014
21845.000000  0.013468
21907.000000  -0.021418
21992.000000  -0.030126
22066.000000  0.015777
22135.000000  0.012379
22183.000000  -0.009537
22197.000000  -0.038374
22261.000000  0.066536
22264.000000  -0.025532
22307.000000  -0.021780
22352.000000  -0.012247
22400.000000  -0.009282
22460.000000  0.027868
22519.000000  0.003009
22568.000000  0.001398
22674.000000  0.013300
22747.000000  -0.015068
22812.000000  0.017159
22873.000000  0.003903
22942.000000  -0.011512
22968.000000  -0.034066
23020.000000  0.029716
23055.000000  0.027574
23078.000000  -0.013536
23104.000000  -0.009049
23150.000000  -0.036607
23197.000000  -0.012328
23245.000000  0.028242
23292.000000  -0.026239
23338.000000  0.000920
23386.000000  0.024163
23436.000000  -0.002379
23520.000000  0.026552
23607.000000  0.024279
23692.000000  -0.001729
23775.000000  0.003220
23860.000000  -0.017570
23944.000000  0.024423
24027.000000  -0.009028
24112.000000  0.028936
24196.000000  -0.024403
24279.000000  0.012408
24364.000000  0.010755
24448.000000  -0.036594
24532.000000  0.034214
24597.000000  -0.016986
24640.000000  -0.050648
24694.000000  0.031496
24747.000000  -0.032290
24844.000000  0.053407
24880.000000  -0.005102
24916.000000  -0.015385
24951.000000  0.028095
24987.000000  -0.023212
25024.000000  -0.005803
25066.000000  0.032268
25108.000000  -0.015255
25172.000000  0.007618
25210.000000  0.002496
25272.000000  0.009390
25335.000000  -0.047565
25401.000000  -0.002399
25470.000000  -0.007026
25549.000000  0.015870
25578.000000  -0.010514
25622.000000  -0.043445
25678.000000  0.049155
25737.000000  -0.026958
25797.000000  0.038851
25856.000000  -0.021408
25916.000000  -0.004326
25977.000000  -0.024990
26038.000000  0.039288
26093.000000  0.001225
26130.000000  -0.052428
26177.000000  0.038563
26229.000000  0.044358
26248.000000  0.003906
26272.000000  0.003311
26296.000000  0.044199
26319.000000  -0.005021
26343.000000  -0.021871
26367.000000  0.084591
26379.000000  0.012797
26457.000000  -0.161164
26547.000000  -0.001912
26612.000000  -0.009551
26696.000000  0.017305
26769.000000  -0.029055
26850.000000  0.025633
26929.000000  0.031151
27013.000000  -0.010108
27099.000000  -0.002413
27185.000000  0.025554
27266.000000  -0.060893
27352.000000  0.018327
27455.000000  0.008018
27551.000000  0.027632
27643.000000  0.006983
27720.000000  -0.051160
27799.000000  0.017728
27856.000000  -0.000427
27942.000000  0.021739
28045.000000  0.014022
28085.000000  -0.026420
28135.000000  0.013213
28193.000000  -0.030866
28275.000000  -0.009209
28343.000000  0.013596
28396.000000  0.002562
28444.000000  0.003261
28499.000000  0.017925
28555.000000  -0.040881
28611.000000  -0.001092
28667.000000  -0.003925
28723.000000  0.015411
28779.000000  -0.033493
28835.000000  -0.008284
28891.000000  0.027402
28947.000000  0.021668
29003.000000  -0.003628
29059.000000  -0.028812
29118.000000  0.023199
29162.000000  -0.011410
29209.000000  0.005643
29287.000000  -0.000093
29356.000000  0.039617
29446.000000  0.013865
29491.000000  0.002083
29520.000000  0.034148
29559.000000  -0.040364
29600.000000  0.028246
29642.000000  0.031391
29682.000000  -0.004978
29715.000000  -0.026408
29751.000000  -0.003611
29794.000000  0.047577
29817.000000  -0.029400
29824.000000  0.012494
29827.000000  0.019689
29834.000000  0.059039
29843.000000  -0.026210
29851.000000  0.016373
29858.000000  -0.031092
29859.000000  -0.009010
29872.000000  -0.021521
29957.000000  -0.070289
30011.000000  -0.079384
30055.000000  0.033569
30092.000000  -0.046083
30115.000000  0.008124
30151.000000  0.006991
30173.000000  -0.011466
30185.000000  0.084468
30192.000000  -0.043680
30207.000000  0.046403
30229.000000  0.026394
30253.000000  -0.033549
30274.000000  0.023030
30288.000000  0.044660
30302.000000  0.015370
30368.000000  -0.083235
30436.000000  -0.038008
30495.000000  0.006423
30545.000000  0.004353
30581.000000  -0.006899
30643.000000  0.007162
30671.000000  -0.013653
30698.000000  0.001690
30721.000000  0.016361
30759.000000  -0.022816
30822.000000  -0.000393
30878.000000  -0.020009
30935.000000  0.008931
30998.000000  0.026434
31027.000000  0.006924
31070.000000  -0.025673
31123.000000  0.018082
31157.000000  0.028624
31197.000000  -0.012383
31229.000000  -0.029846
31277.000000  0.031688
31340.000000  -0.006001
31392.000000  -0.038050
31444.000000  0.002033
31498.000000  0.041046
31528.000000  -0.030749
31572.000000  -0.019320
31626.000000  0.045547
31672.000000  0.010603
31707.000000  -0.010621
31745.000000  -0.009632
31767.000000  -0.042747
31859.000000  0.033198
31939.000000  0.003206
31988.000000  -0.012288
32024.000000  -0.024666
32094.000000  0.021422
32181.000000  0.020038
32291.000000  0.019021
32356.000000  -0.016943
32411.000000  -0.024472
32494.000000  0.017473
32568.000000  0.013202
32644.000000  -0.016990
32684.000000  -0.018240
32749.000000  0.014242
32778.000000  0.006993
32821.000000  0.011744
32828.000000  -0.027628
32852.000000  -0.015824
32893.000000  0.009746
32929.000000  -0.003499
32933.000000  -0.030664
32977.000000  0.034591
33056.000000  0.007693
33115.000000  0.004868
33177.000000  0.000933
33195.000000  -0.028854
33243.000000  0.028570
33339.000000  0.016629
33416.000000  -0.012695
33457.000000  -0.002223
33492.000000  -0.040564
33554.000000  0.041206
33611.000000  0.004567
33662.000000  -0.010594
33811.000000  0.035466
33837.000000  -0.066647
33926.000000  0.067749
34025.000000  -0.002701
34119.000000  0.006402
34201.000000  -0.027600
34266.000000  0.015886
34268.000000  -0.078601
34314.000000  0.078426
34347.000000  -0.048829
34349.000000  -0.022253
34426.000000  0.062329
34451.000000  -0.024121
34452.000000  -0.056536
34466.000000  0.018072
34485.000000  0.008396
34563.000000  0.042358
34620.000000  -0.028671
34648.000000  -0.017599
34666.000000  -0.000026
34685.000000  -0.005696
34747.000000  0.040027
34809.000000  0.023115
34845.000000  -0.013138
34884.000000  -0.043169
34896.000000  -0.010764
34959.000000  0.060677
35035.000000  0.012595
35099.000000  0.000634
35162.000000  0.003233
35217.000000  0.011452
35252.000000  -0.051355
35281.000000  0.042846
35295.000000  -0.046311
35309.000000  -0.019392
35312.000000  -0.004436
35378.000000  0.016760
35482.000000  0.049489
35576.000000  0.007848
35664.000000  -0.033411
35737.000000  0.006126
35772.000000  0.027419
35775.000000  -0.084685
35817.000000  0.080603
35889.000000  -0.038420
35962.000000  0.068861
36040.000000  -0.047748
36123.000000  0.027221
36207.000000  0.017427
36289.000000  -0.012839
36316.000000  -0.018070
36331.000000  0.006480
36332.000000  -0.024920
36367.000000  0.032629
36417.000000  -0.020869
36472.000000  0.033935
36528.000000  0.085199
36615.000000  -0.012331
36687.000000  0.052933
36769.000000  -0.015075
36860.000000  -0.072808
36936.000000  -0.075330
37017.000000  0.004366
37096.000000  -0.016294
37155.000000  0.022991
37215.000000  -0.054679
37281.000000  0.052457
37318.000000  0.114578
37341.000000  0.081181
37368.000000  -0.032825
37394.000000  0.102515
37420.000000  0.043975
37439.000000  0.045471
37444.000000  0.223923
37487.000000  -0.430853
37534.000000  -0.063138
37566.000000  -0.116496
37613.000000  0.043213
37622.000000  0.033070
37623.000000  -0.092787
37655.000000  0.019305
37709.000000  0.031340
37802.000000  0.005125
37878.000000  0.002136
37952.000000  0.006566
38052.000000  -0.024875
38074.000000  -0.009856
38092.000000  0.027784
38117.000000  -0.028437
38135.000000  0.023249
38136.000000  -0.088171
38181.000000  0.065458
38262.000000  0.036099
38336.000000  -0.028198
38408.000000  -0.014036
38492.000000  0.019945
38567.000000  -0.008896
38650.000000  -0.006360
38697.000000  0.024345
38738.000000  -0.062664
38768.000000  0.046030
38804.000000  0.042032
38844.000000  -0.036334
38891.000000  -0.010476
38896.000000  0.028140
38916.000000  0.005477
38932.000000  -0.042449
38986.000000  -0.013979
39051.000000  -0.008437
39126.000000  0.049202
39237.000000  -0.024574
39297.000000  0.045075
39334.000000  -0.017928
39388.000000  -0.030402
39427.000000  0.016717
39472.000000  0.016674
39526.000000  -0.027098
39539.000000  -0.018111
39540.000000  -0.003097
39616.000000  0.007603
39684.000000  0.032584
39745.000000  0.003102
39818.000000  -0.006064
39862.000000  -0.000874
39914.000000  0.004956
39962.000000  -0.040232
40008.000000  0.028577
40047.000000  0.004082
40108.000000  0.019466
40143.000000  0.018299
40148.000000  -0.029986
40189.000000  -0.048417
40235.000000  -0.009862
40284.000000  0.022792
40332.000000  0.018464
40350.000000  -0.027995
40382.000000  -0.007519
40484.000000  0.051846
40532.000000  0.021701
40588.000000  -0.056455
40639.000000  0.052036
40707.000000  -0.036932
40744.000000  0.018354
40787.000000  -0.038468
40810.000000  0.036017
40816.000000  0.011013
