4067.000000  35.130486
6308.000000  7.254869
8754.000000  6.672493
12162.000000  6.533536
14577.000000  8.065687
17015.000000  7.998994
18783.000000  7.751021
19964.000000  6.196752
20186.000000  2.472088
20741.000000  3.510904
21279.000000  3.485312
21968.000000  5.125845
22938.000000  3.193319
23895.000000  5.037931
25679.000000  5.134840
27100.000000  5.396868
28960.000000  5.592403
31190.000000  4.525651
33664.000000  6.333625
35191.000000  8.423315
35960.000000  3.867136
37062.000000  7.223534
38922.000000  8.169550
40249.000000  7.545982
41132.000000  4.257050
41680.000000  4.708461
42310.000000  6.155251
43516.000000  8.154805
45809.000000  7.208393
47835.000000  7.127890
49579.000000  5.859991
51580.000000  6.338727
52750.000000  4.541234
54043.000000  5.270972
55304.000000  4.731749
56551.000000  2.619503
57067.000000  1.466303
57899.000000  3.702278
58951.000000  2.410784
59857.000000  3.365718
60905.000000  3.760257
61620.000000  4.562480
64202.000000  7.086759
65870.000000  3.756666
67568.000000  4.576466
70244.000000  4.427576
72287.000000  4.680175
73925.000000  4.418304
75500.000000  4.295910
76491.000000  4.459944
78796.000000  6.796320
80987.000000  6.548191
82760.000000  4.973094
85003.000000  5.198482
86592.000000  4.491286
87312.000000  2.946024
88366.000000  4.275753
88843.000000  4.435025
89907.000000  4.260600
90662.000000  3.373719
91633.000000  5.290864
93546.000000  4.379249
94927.000000  3.215782
96280.000000  3.475904
98026.000000  4.783469
100168.000000  3.981835
100665.000000  3.436623
102669.000000  3.742464
103643.000000  4.143135
105273.000000  4.408332
106560.000000  3.712685
108151.000000  3.518151
108546.000000  3.425726
109537.000000  3.222793
110078.000000  3.099346
110891.000000  3.047331
111606.000000  3.275618
112450.000000  4.046410
113726.000000  3.363180
114811.000000  3.622478
116089.000000  3.782966
117562.000000  4.621539
120091.000000  4.432076
121066.000000  3.132397
122365.000000  3.354632
123006.000000  3.603969
124493.000000  3.560464
125275.000000  3.341038
127011.000000  3.657865
128469.000000  3.470155
130164.000000  2.522250
131222.000000  2.848598
132983.000000  2.756300
133751.000000  2.470449
134520.000000  2.458624
135813.000000  2.869140
135955.000000  2.025120
136286.000000  1.993918
137021.000000  2.002308
137409.000000  2.118941
138082.000000  2.129052
138726.000000  2.259094
139218.000000  1.842725
139875.000000  2.523960
140724.000000  2.871129
140911.000000  2.776394
141204.000000  2.661599
141693.000000  2.766513
141934.000000  2.272283
142218.000000  2.255473
142985.000000  2.692213
143759.000000  2.470738
144645.000000  2.748154
145196.000000  2.632525
145580.000000  2.614165
146361.000000  2.579935
146674.000000  2.132335
147019.000000  2.100494
148003.000000  2.340688
148821.000000  2.769034
149499.000000  2.467964
149522.000000  1.919638
149788.000000  1.973034
149862.000000  1.903431
149865.000000  1.906100
150273.000000  1.880112
151175.000000  2.600012
151918.000000  2.515300
152640.000000  2.406646
152879.000000  1.956278
153142.000000  1.912287
153719.000000  2.242046
154433.000000  2.074942
154814.000000  1.896759
155515.000000  2.248425
155889.000000  2.007783
156855.000000  2.123005
157446.000000  2.045328
157845.000000  1.977027
158349.000000  2.064200
158861.000000  1.947899
159567.000000  1.936041
160021.000000  1.900745
160473.000000  1.973000
160510.000000  1.756299
160512.000000  1.711794
