4067.000000  33.557663
6308.000000  6.602330
8754.000000  5.971374
12162.000000  5.735104
14577.000000  7.189641
17015.000000  7.116055
18783.000000  6.874165
19964.000000  5.353255
20186.000000  1.796053
20741.000000  2.743129
21279.000000  2.705630
21968.000000  4.310864
22938.000000  2.457439
23895.000000  4.129543
25679.000000  4.140366
27100.000000  4.303763
28960.000000  4.486084
31190.000000  3.392103
33664.000000  5.150295
35191.000000  7.059077
35960.000000  2.796544
37062.000000  5.878323
38922.000000  6.775495
40249.000000  6.192433
41132.000000  3.030461
41680.000000  3.498354
42310.000000  4.858602
43516.000000  6.839719
45809.000000  5.748973
47835.000000  5.813272
49579.000000  4.527859
51580.000000  4.991566
52750.000000  3.270849
54043.000000  3.942593
55304.000000  3.336506
56551.000000  1.430162
57067.000000  0.253772
57899.000000  2.321628
58951.000000  1.180121
59857.000000  2.115977
60905.000000  2.408624
61620.000000  3.174588
64202.000000  5.606060
65870.000000  2.351422
67568.000000  2.989666
70244.000000  2.841995
72287.000000  3.114666
73925.000000  2.890786
75500.000000  2.817313
76491.000000  2.914885
78796.000000  5.154546
80987.000000  4.950613
82760.000000  3.408672
85003.000000  3.630569
86592.000000  2.953907
87312.000000  1.400382
88366.000000  2.426487
88843.000000  2.686480
89907.000000  2.613580
90662.000000  1.762392
91633.000000  3.556904
93546.000000  2.639725
94927.000000  1.517005
96280.000000  1.604753
98026.000000  2.952141
100168.000000  2.179178
100665.000000  1.523197
102669.000000  1.784472
103643.000000  2.217106
105273.000000  2.535211
106560.000000  1.745333
108151.000000  1.568960
108546.000000  1.422963
109537.000000  1.251973
110078.000000  1.087410
110891.000000  1.011945
111606.000000  1.091567
112450.000000  1.927279
113726.000000  1.320522
114811.000000  1.512794
116089.000000  1.759867
117562.000000  2.604422
120091.000000  2.425813
121066.000000  1.132819
122365.000000  1.315800
123006.000000  1.533155
124493.000000  1.564237
125275.000000  1.286504
127011.000000  1.512246
128469.000000  1.299775
130164.000000  0.398515
131222.000000  0.716998
132983.000000  0.757542
133751.000000  0.379726
134520.000000  0.437924
135813.000000  0.815237
135955.000000  0.090025
136286.000000  0.063018
137021.000000  0.098864
137409.000000  0.216037
138082.000000  0.193511
138726.000000  0.214789
139218.000000  0.001448
139875.000000  0.631058
140724.000000  0.923655
140911.000000  0.785151
141204.000000  0.777176
141693.000000  0.829390
141934.000000  0.415317
142218.000000  0.380458
142985.000000  0.760862
143759.000000  0.518720
144645.000000  0.762049
145196.000000  0.645981
145580.000000  0.598504
146361.000000  0.598415
146674.000000  0.116011
147019.000000  0.028961
148003.000000  0.340557
148821.000000  0.740799
149499.000000  0.565831
149522.000000  0.058544
149788.000000  0.097922
149862.000000  0.020168
149865.000000  0.000821
150273.000000  0.000160
151175.000000  0.679892
151918.000000  0.678701
152640.000000  0.598683
152879.000000  0.142597
153142.000000  0.044331
153719.000000  0.445313
154433.000000  0.207164
154814.000000  0.086984
155515.000000  0.433275
155889.000000  0.211973
156855.000000  0.294212
157446.000000  0.265982
157845.000000  0.207376
158349.000000  0.241734
158861.000000  0.116266
159567.000000  0.116940
160021.000000  0.138418
160473.000000  0.242049
160510.000000  0.031064
160512.000000  0.007871
