576.000000  0.198824
725.000000  -0.075085
861.000000  0.009812
998.000000  0.004226
1142.000000  0.008943
1247.000000  -0.002920
1382.000000  -0.001446
1549.000000  0.039156
1743.000000  0.007947
1952.000000  0.003826
2129.000000  -0.000471
2260.000000  -0.001381
2455.000000  0.002656
2586.000000  -0.017224
2701.000000  -0.036275
2835.000000  0.012706
2968.000000  0.032733
3085.000000  -0.002076
3230.000000  0.044917
3330.000000  -0.044397
3434.000000  -0.037803
3445.000000  -0.093814
3517.000000  0.104711
3591.000000  -0.024516
3682.000000  0.063665
3803.000000  -0.032471
3884.000000  -0.030868
3958.000000  -0.007404
4071.000000  0.007983
4224.000000  0.017565
4322.000000  -0.017221
4416.000000  0.010802
4513.000000  -0.010341
4605.000000  0.007273
4728.000000  0.007106
4734.000000  -0.080068
4789.000000  0.066025
4888.000000  0.010381
5006.000000  0.046088
5116.000000  -0.051642
5219.000000  0.026390
5354.000000  0.005507
5369.000000  -0.086095
5526.000000  0.106759
5683.000000  0.009014
5805.000000  -0.028641
5876.000000  -0.016367
5959.000000  0.007817
6050.000000  0.022003
6147.000000  -0.037674
6220.000000  0.025168
6360.000000  0.021698
6479.000000  -0.016736
6498.000000  -0.063018
6649.000000  0.105674
6779.000000  -0.037843
6861.000000  -0.014555
6928.000000  -0.020452
6965.000000  -0.014965
7022.000000  -0.031884
7109.000000  0.074831
7196.000000  0.006251
7279.000000  -0.013537
7377.000000  0.021595
7511.000000  -0.008750
7653.000000  0.008399
7792.000000  0.010128
7925.000000  -0.000210
7995.000000  -0.043198
8047.000000  0.020306
8141.000000  0.014393
8231.000000  0.000414
8301.000000  -0.009152
8386.000000  0.020481
8536.000000  0.038691
8618.000000  -0.031719
8679.000000  -0.029342
8814.000000  0.030729
8939.000000  -0.005301
9079.000000  0.017246
9225.000000  0.000211
9277.000000  -0.050507
9442.000000  0.096620
9587.000000  -0.014017
9768.000000  0.021809
9974.000000  0.021535
10026.000000  -0.090601
10227.000000  0.091036
10418.000000  0.079122
10474.000000  -0.082061
10568.000000  -0.038531
10647.000000  -0.066370
10727.000000  0.072795
10805.000000  0.038857
10959.000000  0.042526
11140.000000  0.035208
11331.000000  0.042248
11507.000000  -0.029046
11644.000000  -0.028297
11777.000000  -0.028772
11914.000000  -0.004687
12050.000000  -0.001657
12206.000000  -0.017198
12305.000000  0.022663
12397.000000  -0.032774
12532.000000  0.037323
12710.000000  0.044288
12783.000000  -0.089372
12949.000000  0.113298
13152.000000  0.016072
13329.000000  0.013341
13476.000000  0.003994
13660.000000  0.030029
13826.000000  0.023254
13965.000000  0.026864
14043.000000  -0.256613
14125.000000  -0.004206
14207.000000  0.000760
14290.000000  0.001131
14404.000000  0.011736
14547.000000  0.061592
14726.000000  -0.046273
14913.000000  0.000722
15030.000000  -0.006595
15128.000000  -0.021114
15183.000000  -0.071581
15292.000000  0.098987
15428.000000  0.019452
15567.000000  0.008857
15694.000000  -0.049401
15806.000000  -0.022538
15891.000000  0.001520
15955.000000  -0.052773
16033.000000  0.044700
16063.000000  -0.057855
16124.000000  0.040470
16183.000000  -0.003849
16243.000000  0.017036
16296.000000  0.006937
16339.000000  0.040506
16368.000000  -0.043176
16435.000000  0.066932
16497.000000  -0.016501
16563.000000  0.002893
16621.000000  -0.001002
16700.000000  -0.010317
16779.000000  0.052504
16886.000000  0.044363
17040.000000  0.017929
17160.000000  -0.064852
17212.000000  -0.009810
17339.000000  0.048367
17477.000000  0.000476
17638.000000  0.054011
17781.000000  0.040560
17925.000000  -0.073085
18050.000000  0.004762
18172.000000  0.007797
18245.000000  -0.055967
18362.000000  0.021969
18497.000000  -0.020606
18548.000000  -0.022406
18635.000000  0.052300
18707.000000  -0.041746
18762.000000  -0.038828
18869.000000  0.063644
18958.000000  -0.044140
19096.000000  0.093256
19134.000000  -0.063260
19165.000000  -0.051214
19228.000000  0.055849
19323.000000  0.026592
19457.000000  -0.009037
19568.000000  -0.049255
19706.000000  0.004285
19834.000000  0.028137
19952.000000  0.020880
20035.000000  -0.029691
20092.000000  -0.006283
20153.000000  0.006162
20201.000000  0.007267
20253.000000  -0.016341
20311.000000  -0.007539
20371.000000  0.023566
20414.000000  0.002170
20451.000000  -0.011071
20497.000000  0.015647
20585.000000  0.054733
20648.000000  -0.042490
20711.000000  -0.009639
20773.000000  0.189677
20823.000000  -0.028724
20884.000000  0.011733
20960.000000  0.038359
21047.000000  0.018772
21191.000000  0.006939
21362.000000  0.066759
21497.000000  -0.032468
21596.000000  -0.056774
21702.000000  -0.080882
21808.000000  0.114171
21900.000000  0.000488
22050.000000  0.030771
22172.000000  0.101860
22251.000000  0.217573
22368.000000  -0.642013
22501.000000  0.041056
22633.000000  0.009207
22779.000000  0.005795
22865.000000  -0.043454
22924.000000  -0.040937
23005.000000  0.032113
23076.000000  0.039990
23170.000000  -0.026762
23222.000000  0.015531
23305.000000  0.188127
23429.000000  0.041618
23530.000000  0.031185
23598.000000  -0.086549
23676.000000  0.035452
23756.000000  -0.001005
23828.000000  0.002827
23927.000000  0.024086
24006.000000  -0.056645
24087.000000  -0.033340
24162.000000  -0.036465
24290.000000  -0.066590
24408.000000  -0.031388
24475.000000  -0.053419
24552.000000  -0.016357
24592.000000  -0.025947
24764.000000  0.069257
24949.000000  0.017546
25029.000000  -0.033774
25095.000000  -0.012867
25150.000000  0.007540
25213.000000  0.007543
25297.000000  -0.032674
25440.000000  0.324628
25489.000000  -0.023026
25536.000000  0.028430
25593.000000  -0.060509
25649.000000  -0.025787
25729.000000  -0.079109
25803.000000  0.120821
25860.000000  -0.196548
25916.000000  -0.065094
25971.000000  -0.000311
26012.000000  -0.024462
26059.000000  0.012356
26180.000000  0.110379
26241.000000  -0.007163
26249.000000  -0.110956
26289.000000  0.150459
26375.000000  0.249803
26502.000000  -0.360833
26594.000000  -0.010918
26702.000000  0.016790
26894.000000  0.018298
26934.000000  -0.052169
26935.000000  -0.028258
26975.000000  0.040078
27027.000000  0.014356
27085.000000  -0.023781
27185.000000  0.032120
27226.000000  -0.037880
27287.000000  0.016179
27337.000000  -0.010070
27391.000000  -0.002215
27443.000000  0.000950
27492.000000  0.003217
27549.000000  0.001022
27605.000000  -0.006974
27657.000000  0.002056
27709.000000  0.015019
27827.000000  0.028267
27868.000000  -0.054163
28000.000000  0.047991
28152.000000  0.034651
28263.000000  -0.006770
28285.000000  -0.066523
28415.000000  0.073068
28509.000000  -0.014206
28632.000000  0.011558
28769.000000  0.002818
28879.000000  -0.014963
29010.000000  0.007517
29168.000000  0.024261
29351.000000  0.009299
29560.000000  0.051195
29783.000000  -0.011962
29972.000000  0.008565
30106.000000  -0.048002
30241.000000  0.012061
30384.000000  0.002562
30476.000000  -0.040715
30550.000000  -0.011267
30629.000000  0.002132
30678.000000  -0.040628
30812.000000  0.085985
30939.000000  -0.016798
31046.000000  -0.005110
31114.000000  -0.005744
31165.000000  -0.030831
31228.000000  -0.002391
31311.000000  0.017091
31404.000000  -0.015443
31502.000000  0.008875
31596.000000  0.011441
31675.000000  0.044562
31782.000000  0.014221
31916.000000  0.011355
32056.000000  0.062064
32277.000000  0.065361
32513.000000  -0.017574
32655.000000  -0.002968
32729.000000  -0.062699
32870.000000  0.089655
32982.000000  -0.143999
33127.000000  0.023063
33284.000000  -0.010265
33429.000000  0.000192
33559.000000  -0.014478
33683.000000  0.006786
33800.000000  -0.004197
33901.000000  0.879925
34078.000000  -0.870381
34177.000000  -0.025379
34223.000000  -0.018316
34280.000000  0.007701
34335.000000  0.012048
34429.000000  0.092009
34492.000000  0.005848
34568.000000  0.037117
34653.000000  0.039923
34779.000000  0.089793
34920.000000  -0.202364
35053.000000  0.021116
35202.000000  0.021185
35364.000000  0.017692
35434.000000  -0.067261
35487.000000  -0.023173
35525.000000  -0.036802
35585.000000  0.018035
35627.000000  -0.011287
35673.000000  -0.011878
35696.000000  0.023427
35706.000000  -0.028039
35773.000000  0.092308
35867.000000  0.027443
35916.000000  -0.027597
35961.000000  -0.056366
35996.000000  -0.010907
36049.000000  -0.025908
36071.000000  -0.068190
36128.000000  0.052717
36236.000000  0.011009
36357.000000  0.007624
36462.000000  -0.000426
36591.000000  0.020015
36711.000000  0.093471
36815.000000  -0.019494
36909.000000  -0.011585
36946.000000  -0.059580
37062.000000  0.072318
37147.000000  -0.017569
37170.000000  -0.108225
37221.000000  0.034644
37291.000000  0.007180
37331.000000  -0.030465
37398.000000  0.021985
37470.000000  -0.000422
37520.000000  -0.020502
37615.000000  0.041906
37753.000000  0.017860
37846.000000  -0.013168
37972.000000  0.024375
38046.000000  -0.024431
38067.000000  -0.026836
38095.000000  -0.002199
38128.000000  0.008471
38156.000000  -0.016373
38271.000000  0.010313
38326.000000  -0.000295
38338.000000  -0.006624
38346.000000  -0.037702
38420.000000  0.021327
38428.000000  -0.003040
38520.000000  0.020309
38618.000000  0.034519
38697.000000  -0.027507
38781.000000  0.015435
38836.000000  -0.002505
38875.000000  -0.011301
38920.000000  0.007972
38972.000000  -0.011553
39027.000000  0.029799
39083.000000  -0.019111
39139.000000  -0.002810
39194.000000  0.001555
39248.000000  0.004777
39279.000000  -0.039012
39380.000000  0.040151
39483.000000  0.006029
39552.000000  0.012823
39595.000000  -0.025211
39623.000000  -0.006281
39635.000000  0.006873
39649.000000  -0.056652
39655.000000  0.033289
39728.000000  0.018481
39756.000000  -0.044799
39825.000000  0.208640
39863.000000  -0.184123
39905.000000  0.007305
39993.000000  0.013774
40127.000000  -0.008718
40281.000000  0.043463
40394.000000  0.000029
40490.000000  0.001193
40532.000000  -0.014262
40537.000000  -0.035495
40557.000000  0.014754
40565.000000  -0.016967
40569.000000  -0.008344
40667.000000  0.042631
40697.000000  -0.040532
40732.000000  -0.001037
40765.000000  0.020855
40801.000000  -0.017464
40816.000000  0.011179
