995.000000  95.958694
1489.000000  91.526886
1807.000000  88.774223
2077.000000  88.502617
2370.000000  86.986053
2562.000000  86.152023
2757.000000  87.410690
3036.000000  87.253616
3251.000000  83.078987
3521.000000  82.566200
3817.000000  84.701836
4110.000000  86.392632
4232.000000  83.242050
4330.000000  84.431816
4557.000000  86.600700
4680.000000  81.866371
4777.000000  77.210510
4867.000000  79.484024
4980.000000  75.739166
5047.000000  83.314720
5167.000000  83.569344
5427.000000  88.721481
5541.000000  86.495621
5733.000000  88.325958
5924.000000  18.204489
6203.000000  86.993370
6515.000000  85.245865
6862.000000  84.147629
7194.000000  83.869240
7530.000000  84.247971
7769.000000  24.281437
8059.000000  85.280235
8279.000000  84.619446
8504.000000  78.575287
8721.000000  87.827240
8919.000000  86.242912
9159.000000  85.942657
9417.000000  80.215820
9674.000000  81.726151
9891.000000  82.758949
10171.000000  85.558319
10439.000000  86.015472
10684.000000  84.214897
10896.000000  83.468681
11151.000000  83.190727
11359.000000  82.622261
11652.000000  83.287529
11936.000000  82.030502
12163.000000  77.969147
12330.000000  77.442757
12484.000000  76.951523
12655.000000  72.542900
12826.000000  70.740196
13017.000000  70.204895
13277.000000  68.179176
13533.000000  70.297462
13823.000000  53.481113
14159.000000  64.397522
14439.000000  64.822830
14682.000000  59.566246
14913.000000  47.846767
15207.000000  52.186245
15530.000000  53.895523
15774.000000  52.045238
16069.000000  50.380219
16404.000000  56.095184
16754.000000  55.026489
17029.000000  30.728176
17309.000000  33.090282
17504.000000  31.501822
17609.000000  6.213863
17810.000000  18.688721
17982.000000  48.919811
18163.000000  49.615883
18370.000000  44.160015
18574.000000  56.841133
18773.000000  12.946444
18978.000000  6.115218
19177.000000  41.787323
19345.000000  48.065956
19552.000000  47.060333
19722.000000  38.810646
19855.000000  53.558819
19988.000000  31.535494
20118.000000  2.524423
20363.000000  52.236683
20648.000000  60.703354
20970.000000  7.106780
21333.000000  44.148590
21655.000000  54.122482
21968.000000  63.865578
22199.000000  68.541992
22364.000000  49.137142
22448.000000  45.694366
22518.000000  37.727486
22658.000000  27.410517
22795.000000  52.678066
22922.000000  37.517303
23057.000000  56.247700
23160.000000  53.639614
23292.000000  47.755135
23397.000000  44.187424
23535.000000  51.537872
23609.000000  8.769923
23684.000000  25.470383
23721.000000  11.211889
23725.000000  4.138883
23807.000000  33.064140
23857.000000  34.125553
23928.000000  0.234496
24063.000000  56.433533
24231.000000  44.393818
24446.000000  56.063778
24530.000000  47.612072
24625.000000  20.933746
24813.000000  63.898640
25005.000000  52.680897
25208.000000  45.254349
25409.000000  47.755234
25573.000000  41.926296
25750.000000  41.962372
25971.000000  43.930302
26231.000000  45.023842
26443.000000  44.303802
26667.000000  55.759590
26867.000000  55.365330
27083.000000  39.631989
27196.000000  30.768425
27233.000000  29.002380
27401.000000  48.073734
27577.000000  47.308083
27794.000000  48.498569
27944.000000  42.843304
28023.000000  39.257309
28176.000000  45.750839
28407.000000  48.872490
28657.000000  45.279987
28960.000000  55.379135
29237.000000  52.495289
29495.000000  52.746834
29719.000000  63.025387
29920.000000  61.367512
30123.000000  56.298965
30292.000000  54.762547
30472.000000  56.291676
30667.000000  58.253979
30978.000000  59.823662
31171.000000  58.762012
31443.000000  55.770515
31681.000000  22.434702
31912.000000  31.055456
32135.000000  46.620823
32327.000000  35.607441
32461.000000  35.732059
32597.000000  35.982658
32748.000000  29.127710
32933.000000  37.177883
33049.000000  18.223356
33157.000000  30.213985
33273.000000  29.572624
33402.000000  25.329119
33477.000000  16.980042
33541.000000  13.564425
33708.000000  30.742868
33805.000000  24.724585
33887.000000  23.670536
33942.000000  35.389839
34061.000000  36.340401
34159.000000  36.718239
34252.000000  33.606129
34290.000000  3.791300
34400.000000  11.527521
34452.000000  26.729811
34575.000000  30.116299
34645.000000  32.581699
34821.000000  32.820835
35060.000000  40.436733
35318.000000  41.499996
35464.000000  29.149675
35596.000000  21.788441
35765.000000  23.985641
35939.000000  24.355558
36037.000000  25.812201
36195.000000  25.790030
36307.000000  18.209747
36459.000000  23.446705
36576.000000  7.586971
36712.000000  7.886137
36894.000000  25.258614
37064.000000  23.163130
37217.000000  16.565313
37323.000000  5.016756
37439.000000  3.405352
37502.000000  6.457447
37569.000000  4.375893
37645.000000  4.971358
37668.000000  2.080617
37741.000000  18.964417
37806.000000  26.439411
37853.000000  25.084946
37923.000000  23.032244
38018.000000  12.043846
38086.000000  9.155983
38188.000000  20.295559
38316.000000  18.215807
38351.000000  12.886140
38423.000000  19.663090
38432.000000  13.519661
38502.000000  3.838697
38588.000000  3.856592
38627.000000  1.644575
38647.000000  0.456689
38715.000000  18.217875
38830.000000  23.960283
38966.000000  21.454489
39108.000000  21.576355
39269.000000  27.104151
39408.000000  23.363663
39564.000000  34.476112
39571.000000  1.052002
39672.000000  30.026081
39764.000000  32.784935
39886.000000  28.756475
39971.000000  21.260954
40059.000000  19.988594
40158.000000  26.513042
40279.000000  29.373745
40385.000000  28.101513
40494.000000  16.515228
40507.000000  8.620637
40562.000000  9.057134
40633.000000  12.025459
40738.000000  13.955241
40813.000000  14.191864
40813.000000  0.111617
40814.000000  0.001770
40822.000000  3.197675
