995.000000  0.219917
1198.000000  0.147777
1394.000000  0.122751
1601.000000  0.146377
1833.000000  0.166462
2037.000000  0.206348
2307.000000  0.211845
2587.000000  0.219053
2650.000000  0.167439
2946.000000  0.250152
3246.000000  0.301492
3570.000000  0.314738
3667.000000  0.232329
3997.000000  0.302540
4284.000000  0.283239
4551.000000  0.268938
4747.000000  0.237701
4976.000000  0.235464
5202.000000  0.266720
5392.000000  0.241639
5604.000000  0.234552
5870.000000  0.285296
5918.000000  0.216740
6068.000000  0.244975
6202.000000  0.245509
6243.000000  0.157444
6384.000000  0.211789
6520.000000  0.234593
6656.000000  0.237178
6798.000000  0.183566
6906.000000  0.184027
7044.000000  0.185978
7171.000000  0.178394
7316.000000  0.164780
7516.000000  0.190199
7720.000000  0.188113
8018.000000  0.225091
8274.000000  0.263525
8492.000000  0.249642
8726.000000  0.229968
8883.000000  0.207562
9024.000000  0.201208
9197.000000  0.232027
9353.000000  0.213429
9494.000000  0.194957
9660.000000  0.207841
9850.000000  0.217963
10045.000000  0.206925
10214.000000  0.220488
10303.000000  0.221422
10480.000000  0.254687
10640.000000  0.243053
10798.000000  0.243235
10940.000000  0.235439
11127.000000  0.315400
11367.000000  0.333709
11539.000000  0.305861
11706.000000  0.299101
11784.000000  0.262869
11927.000000  0.267449
12118.000000  0.289080
12272.000000  0.273113
12432.000000  0.303771
12557.000000  0.246450
12746.000000  0.292735
12884.000000  0.264899
13023.000000  0.263067
13173.000000  0.296580
13325.000000  0.259117
13441.000000  0.287691
13560.000000  0.268370
13666.000000  0.269858
13853.000000  0.336768
14093.000000  0.318947
14339.000000  0.323674
14475.000000  0.305919
14656.000000  0.348689
14954.000000  0.378859
15190.000000  0.348397
15421.000000  0.358936
15607.000000  0.337523
15808.000000  0.377313
16074.000000  0.345547
16278.000000  0.372467
16490.000000  0.353141
16671.000000  0.383364
16818.000000  0.340315
16984.000000  0.341889
17095.000000  0.326304
17224.000000  0.322990
17371.000000  0.382591
17485.000000  0.397261
17578.000000  0.323399
17662.000000  0.348779
17770.000000  0.332890
17858.000000  0.378675
18012.000000  0.407430
18103.000000  0.380116
18217.000000  0.389320
18388.000000  0.439068
18520.000000  0.406436
18641.000000  0.420762
18764.000000  0.443964
18932.000000  0.416827
19154.000000  0.432010
19313.000000  0.441760
19451.000000  0.369084
19602.000000  0.428038
19721.000000  0.398098
19902.000000  0.440495
20041.000000  0.377102
20159.000000  0.472864
20298.000000  0.511303
20379.000000  0.296314
20496.000000  0.300595
20585.000000  0.298005
20700.000000  0.330286
20872.000000  0.393077
21043.000000  0.422303
21184.000000  0.392094
21327.000000  0.381850
21505.000000  0.364978
21599.000000  0.336327
21712.000000  0.293182
21781.000000  0.299755
21854.000000  0.314535
21946.000000  0.346453
22063.000000  0.370977
22175.000000  0.378731
22284.000000  0.404419
22370.000000  0.418887
22431.000000  0.440572
22517.000000  0.438943
22615.000000  0.407760
22721.000000  0.522552
22807.000000  0.502407
22944.000000  0.498324
23071.000000  0.540744
23209.000000  0.542005
23347.000000  0.540801
23480.000000  0.586415
23569.000000  0.592837
23719.000000  0.647101
23818.000000  0.764570
23861.000000  0.301250
23895.000000  0.254753
24014.000000  0.275329
24121.000000  0.292936
24220.000000  0.461944
24392.000000  0.490645
24598.000000  0.557296
24768.000000  0.505713
24952.000000  0.552021
25162.000000  0.537791
25348.000000  0.534943
25522.000000  0.489349
25713.000000  0.449881
25902.000000  0.434282
26130.000000  0.483504
26322.000000  0.521526
26467.000000  0.398912
26602.000000  0.460512
26722.000000  0.776331
26879.000000  0.741858
26986.000000  0.797302
27085.000000  0.799851
27272.000000  1.104957
27451.000000  0.437054
27626.000000  0.509368
27807.000000  0.514941
28023.000000  0.501671
28173.000000  0.492179
28430.000000  0.522393
28662.000000  0.520663
28863.000000  0.479761
29024.000000  0.506232
29176.000000  0.493071
29339.000000  0.470614
29551.000000  1.088279
29850.000000  1.098800
30034.000000  0.983423
30269.000000  0.852459
30489.000000  0.457941
30705.000000  0.533009
30839.000000  0.560598
30943.000000  0.555630
31041.000000  0.370301
31219.000000  0.403252
31364.000000  0.429781
31459.000000  0.403635
31612.000000  0.466680
31855.000000  0.525173
32135.000000  0.616227
32363.000000  0.589539
32491.000000  0.510694
32600.000000  0.458588
32748.000000  0.520817
32868.000000  0.503497
32983.000000  0.473139
33079.000000  0.415660
33200.000000  0.463703
33353.000000  0.519908
33486.000000  0.633201
33580.000000  0.605808
33664.000000  0.611698
33738.000000  0.658437
33826.000000  0.671444
33866.000000  0.351335
33951.000000  0.384418
34048.000000  0.378116
34120.000000  0.418048
34194.000000  0.446580
34254.000000  0.797198
34276.000000  0.756706
34362.000000  0.460875
34449.000000  0.480869
34548.000000  0.516835
34599.000000  0.497883
34634.000000  0.517020
34681.000000  0.537081
34806.000000  0.569775
34942.000000  0.558942
35090.000000  0.632809
35260.000000  0.666826
35399.000000  0.435898
35477.000000  0.395825
35556.000000  0.414955
35636.000000  0.426595
35707.000000  0.402241
35829.000000  0.536948
35981.000000  0.553529
36069.000000  0.565165
36151.000000  0.530537
36236.000000  0.481788
36259.000000  0.407219
36302.000000  0.413479
36385.000000  0.449847
36487.000000  0.482247
36571.000000  0.492584
36677.000000  0.502721
36731.000000  0.525865
36796.000000  0.507698
36879.000000  0.574913
36982.000000  0.568498
37153.000000  0.717983
37342.000000  0.697702
37415.000000  0.612455
37468.000000  0.513445
37512.000000  0.485338
37559.000000  0.477698
37608.000000  0.489375
37651.000000  0.415372
37690.000000  0.435662
37737.000000  0.450772
37765.000000  0.463807
37786.000000  0.462421
37799.000000  0.449783
37803.000000  0.449117
37807.000000  0.402393
37815.000000  0.598560
37848.000000  0.401379
37886.000000  0.398770
37959.000000  0.409782
38042.000000  0.435120
38107.000000  0.444660
38171.000000  0.429246
38215.000000  0.413047
38282.000000  0.414143
38357.000000  0.460963
38448.000000  0.424856
38495.000000  0.428786
38565.000000  0.414228
38594.000000  0.385042
38639.000000  0.382369
38724.000000  0.437678
38781.000000  0.469014
38866.000000  0.477202
38977.000000  0.460960
39049.000000  0.410364
39093.000000  0.427064
39130.000000  0.408043
39223.000000  0.422899
39276.000000  0.426200
39339.000000  0.382083
39419.000000  0.393212
39529.000000  0.420553
39593.000000  0.405734
39653.000000  0.421315
39710.000000  0.418358
39748.000000  0.402211
39797.000000  0.409151
39817.000000  0.413942
39847.000000  0.424882
39916.000000  0.415309
39985.000000  0.395356
40051.000000  0.399818
40111.000000  0.457026
40180.000000  0.441199
40207.000000  0.405092
40253.000000  0.403131
40321.000000  0.430878
40471.000000  0.493840
40551.000000  0.498269
40590.000000  0.428206
40648.000000  0.436896
40717.000000  0.428630
40761.000000  0.435750
40808.000000  0.429594
40826.000000  0.452796
