995.000000  5.782095
1211.000000  6.889257
1392.000000  10.287280
1608.000000  8.586164
1846.000000  6.993816
2076.000000  6.611288
2323.000000  9.324536
2657.000000  6.280056
2903.000000  7.774656
2946.000000  12.780078
3286.000000  5.428845
3607.000000  5.941873
3924.000000  4.811342
4220.000000  4.673192
4481.000000  6.362669
4751.000000  6.470842
4958.000000  4.842781
5222.000000  4.720932
5446.000000  8.315449
5634.000000  6.126978
5833.000000  7.878342
6040.000000  6.049305
6189.000000  7.895291
6205.000000  15.173550
6466.000000  7.060383
6682.000000  5.569789
6962.000000  7.262647
7282.000000  5.783632
7322.000000  10.018003
7542.000000  6.895414
7786.000000  5.876602
8036.000000  5.286891
8306.000000  6.010775
8589.000000  5.755977
8820.000000  6.387170
8999.000000  10.455865
9179.000000  7.188598
9382.000000  10.252613
9500.000000  10.078897
9552.000000  13.361650
9663.000000  12.279029
9818.000000  7.145000
9963.000000  12.553751
10184.000000  7.106930
10389.000000  7.468607
10621.000000  7.485848
10861.000000  5.980598
11104.000000  6.554016
11310.000000  14.672732
11467.000000  19.285217
11617.000000  19.604816
11829.000000  9.431497
12002.000000  22.108477
12193.000000  17.515465
12420.000000  22.314720
12657.000000  10.650105
12871.000000  19.409895
13100.000000  23.023842
13323.000000  49.328365
13550.000000  35.245152
13644.000000  43.569546
13751.000000  45.512154
13876.000000  41.145741
14048.000000  34.707024
14172.000000  5.657267
14316.000000  6.877633
14477.000000  5.254058
14656.000000  5.809482
14832.000000  5.764638
15021.000000  5.410313
15214.000000  6.359200
15408.000000  7.604219
15547.000000  8.652613
15709.000000  10.559871
15883.000000  7.939991
16097.000000  8.279581
16291.000000  9.953541
16450.000000  9.049853
16629.000000  7.028966
16854.000000  6.021489
17077.000000  6.711295
17364.000000  5.845673
17612.000000  7.819256
17830.000000  7.363123
18065.000000  16.955050
18390.000000  7.986926
18646.000000  13.578601
18874.000000  6.553082
19110.000000  13.879137
19384.000000  36.241810
19678.000000  18.384214
19907.000000  41.151085
20108.000000  34.301174
20307.000000  12.553631
20486.000000  9.524493
20707.000000  14.156807
21002.000000  12.844265
21208.000000  5.383642
21364.000000  6.933215
21517.000000  6.435635
21668.000000  6.690134
21731.000000  10.262932
21860.000000  5.848964
21891.000000  6.568352
22038.000000  12.743690
22264.000000  16.120821
22498.000000  13.873911
22727.000000  6.491137
22952.000000  10.319022
23089.000000  10.050732
23178.000000  10.030244
23322.000000  10.330878
23491.000000  10.640958
23660.000000  12.962079
23841.000000  9.985493
24051.000000  10.001334
24189.000000  9.547320
24339.000000  10.347123
24452.000000  10.005836
24622.000000  9.746673
24822.000000  8.248640
25051.000000  7.877224
25331.000000  7.438163
25592.000000  6.914462
25820.000000  5.873810
26034.000000  7.665107
26203.000000  6.756020
26330.000000  5.596045
26441.000000  9.297235
26580.000000  10.025251
26733.000000  6.714132
26907.000000  6.806337
27060.000000  6.130672
27214.000000  5.697539
27343.000000  4.784764
27506.000000  4.537213
27681.000000  3.678132
27866.000000  5.434497
28117.000000  4.463005
28364.000000  4.627578
28595.000000  4.238648
28835.000000  7.111721
29080.000000  6.891718
29299.000000  6.715230
29495.000000  8.654302
29719.000000  6.732998
29965.000000  7.460753
30263.000000  2.959145
30564.000000  3.243744
30839.000000  3.045197
31042.000000  4.140748
31140.000000  4.682061
31219.000000  3.456932
31333.000000  3.458097
31466.000000  2.591840
31699.000000  2.149912
31931.000000  3.190528
32148.000000  3.478891
32350.000000  2.820307
32430.000000  3.170047
32508.000000  4.948427
32613.000000  4.115169
32796.000000  3.159026
32866.000000  2.855094
32920.000000  3.550561
32981.000000  3.182579
33064.000000  3.333365
33171.000000  2.047016
33282.000000  1.765450
33410.000000  2.248661
33510.000000  4.583283
33582.000000  8.263043
33700.000000  4.807005
33880.000000  3.871582
33945.000000  4.678305
34011.000000  4.719011
34162.000000  3.730304
34300.000000  6.238013
34487.000000  3.839247
34603.000000  3.847452
34625.000000  4.823397
34761.000000  4.612864
34889.000000  4.422829
35113.000000  4.142377
35210.000000  3.914740
35324.000000  3.757027
35406.000000  3.551168
35624.000000  2.718125
35767.000000  4.473860
35990.000000  3.052773
36118.000000  2.788170
36232.000000  2.911534
36360.000000  3.399092
36489.000000  2.613191
36588.000000  2.584592
36695.000000  3.779189
36790.000000  4.336316
36877.000000  4.178936
36929.000000  3.772954
36941.000000  6.397523
37025.000000  3.948973
37097.000000  4.856293
37183.000000  5.334447
37260.000000  1.715728
37309.000000  2.781448
37364.000000  3.173731
37397.000000  3.873379
37482.000000  3.051751
37561.000000  2.931721
37637.000000  2.798644
37748.000000  5.179151
37862.000000  3.026074
37963.000000  2.784617
38064.000000  3.100363
38175.000000  3.499195
38253.000000  2.986205
38384.000000  3.704711
38492.000000  3.547624
38530.000000  2.716850
38612.000000  2.845351
38667.000000  2.156895
38719.000000  2.685757
38766.000000  3.229355
38831.000000  2.596586
38885.000000  3.365448
38916.000000  2.683064
38976.000000  3.951181
39013.000000  2.809510
39079.000000  3.262440
39162.000000  2.849510
39286.000000  2.748961
39311.000000  2.946234
39383.000000  3.482449
39416.000000  3.004881
39422.000000  3.278557
39485.000000  5.606666
39575.000000  3.525756
39663.000000  3.539601
39759.000000  2.890414
39803.000000  3.086953
39889.000000  2.919038
39921.000000  3.223958
40010.000000  2.863911
40093.000000  4.309325
40222.000000  2.781185
40289.000000  2.421033
40341.000000  2.995513
40379.000000  2.678988
40462.000000  3.042550
40546.000000  3.158555
40620.000000  3.307789
40699.000000  4.181794
40785.000000  2.446500
40801.000000  2.971767
40815.000000  3.434395
