399.000000  0.200339
555.000000  -0.044102
672.000000  0.007147
755.000000  -0.030020
833.000000  0.026187
962.000000  0.003760
1118.000000  -0.010978
1305.000000  0.069228
1485.000000  -0.003688
1642.000000  0.021394
1763.000000  -0.024314
1867.000000  -0.012234
1968.000000  0.024020
2107.000000  -0.017643
2230.000000  0.003585
2328.000000  -0.002084
2404.000000  -0.018413
2449.000000  -0.039378
2514.000000  0.043514
2571.000000  -0.037861
2649.000000  -0.000061
2745.000000  0.011333
2833.000000  0.013846
2896.000000  -0.013050
2962.000000  0.008419
3047.000000  0.010492
3117.000000  -0.002427
3169.000000  -0.001460
3243.000000  -0.001960
3351.000000  0.026095
3455.000000  -0.003536
3554.000000  0.010615
3639.000000  0.015243
3725.000000  -0.014115
3857.000000  0.027446
3945.000000  -0.020634
4014.000000  0.024717
4138.000000  0.030170
4294.000000  -0.020232
4431.000000  0.011533
4584.000000  -0.001741
4689.000000  -0.017137
4773.000000  -0.039171
4861.000000  0.024353
4937.000000  -0.009197
5006.000000  -0.019801
5133.000000  0.027366
5262.000000  0.025287
5398.000000  0.011539
5583.000000  0.027065
5737.000000  -0.032150
5865.000000  0.003050
5887.000000  -0.043667
5889.000000  -0.032381
5942.000000  0.040459
6006.000000  -0.033417
6042.000000  0.027789
6098.000000  -0.018838
6202.000000  0.015840
6404.000000  0.037739
6563.000000  0.018038
6708.000000  0.012617
6841.000000  0.005214
6968.000000  -0.009257
7111.000000  0.001493
7187.000000  -0.010907
7281.000000  0.022887
7434.000000  0.017180
7610.000000  0.032558
7826.000000  -0.002537
8002.000000  0.017001
8232.000000  0.010990
8408.000000  0.020128
8535.000000  -0.032792
8596.000000  -0.056358
8702.000000  0.027371
8770.000000  0.000446
8929.000000  0.066788
9081.000000  0.000706
9220.000000  0.015911
9380.000000  -0.045677
9490.000000  0.013518
9605.000000  0.002904
9733.000000  0.033640
9769.000000  -0.079619
9913.000000  0.108463
10047.000000  -0.023921
10182.000000  0.060751
10270.000000  -0.032924
10427.000000  0.014263
10440.000000  -0.177500
10565.000000  0.102171
10627.000000  -0.053693
10715.000000  -0.007296
10786.000000  -0.003416
10867.000000  0.025370
10945.000000  0.009915
11045.000000  0.007611
11148.000000  -0.007958
11163.000000  -0.120475
11240.000000  0.084318
11325.000000  0.003329
11442.000000  -0.010647
11473.000000  -0.014241
11537.000000  0.058386
11646.000000  0.030629
11752.000000  0.068542
11833.000000  -0.015368
11897.000000  0.034857
11950.000000  -0.000538
11999.000000  -0.203175
12068.000000  -0.006116
12210.000000  0.047118
12320.000000  0.006647
12446.000000  -0.019167
12571.000000  -0.022111
12701.000000  0.038185
12851.000000  0.044512
12993.000000  -0.033348
13056.000000  -0.027185
13144.000000  0.015101
13276.000000  0.013729
13413.000000  0.006388
13565.000000  0.023060
13720.000000  0.004898
13886.000000  -0.011473
13904.000000  -0.076032
14047.000000  0.103305
14158.000000  -0.026256
14235.000000  -0.004335
14331.000000  0.001579
14417.000000  -0.021120
14478.000000  0.020023
14560.000000  -0.018774
14660.000000  0.004237
14739.000000  0.012549
14873.000000  0.025401
14956.000000  -0.032215
15124.000000  0.006266
15271.000000  -0.023966
15337.000000  0.008710
15392.000000  0.001084
15444.000000  0.006950
15529.000000  -0.010097
15673.000000  0.005663
15740.000000  0.020473
15828.000000  -0.017035
15922.000000  0.015217
16015.000000  -0.004361
16123.000000  0.036697
16218.000000  -0.007823
16302.000000  0.008853
16389.000000  0.010854
16486.000000  -0.006310
16574.000000  -0.006265
16654.000000  0.033965
16768.000000  -0.029309
16891.000000  0.035807
16997.000000  -0.035266
17083.000000  -0.007988
17166.000000  0.022841
17258.000000  0.007347
17343.000000  0.030913
17422.000000  -0.034835
17507.000000  0.006499
17675.000000  0.002851
17725.000000  -0.057388
17879.000000  0.076300
17989.000000  -0.009265
18091.000000  -0.043168
18174.000000  0.016526
18261.000000  -0.009462
18369.000000  0.066375
18481.000000  -0.027937
18560.000000  -0.029920
18646.000000  0.034627
18732.000000  -0.002848
18821.000000  -0.011688
18910.000000  0.014448
19005.000000  0.017881
19152.000000  0.019742
19285.000000  -0.025840
19429.000000  -0.006869
19496.000000  0.015340
19587.000000  -0.001055
19695.000000  -0.026340
19834.000000  0.047018
20007.000000  0.008389
20181.000000  0.029518
20361.000000  0.011776
20477.000000  -0.002750
20638.000000  0.050051
20760.000000  -0.007532
20867.000000  -0.063157
20959.000000  -0.026846
21068.000000  -0.003953
21163.000000  0.011008
21244.000000  0.015455
21361.000000  0.006079
21413.000000  -0.040001
21465.000000  0.113830
21487.000000  0.060169
21626.000000  -0.131111
21768.000000  0.045135
21942.000000  -0.053282
22071.000000  0.012470
22212.000000  0.052604
22373.000000  -0.000430
22541.000000  -0.027978
22727.000000  0.032140
22893.000000  -0.011265
23015.000000  -0.025983
23155.000000  0.035721
23295.000000  -0.016808
23448.000000  0.002926
23553.000000  -0.058960
23639.000000  0.012338
23745.000000  0.020280
23812.000000  -0.028156
23864.000000  -0.038636
23968.000000  0.075932
24068.000000  0.001807
24186.000000  0.050405
24293.000000  0.018912
24412.000000  0.006750
24570.000000  0.034613
24709.000000  0.034205
24871.000000  0.027814
25012.000000  -0.041691
25056.000000  -0.118037
25214.000000  0.135332
25399.000000  -0.020147
25564.000000  -0.068105
25739.000000  0.031281
25929.000000  -0.017056
26092.000000  0.105315
26267.000000  0.098211
26360.000000  -0.038119
26460.000000  -0.043808
26590.000000  0.041250
26701.000000  -0.024682
26877.000000  0.063277
27042.000000  -0.015793
27230.000000  0.007057
27383.000000  0.041205
27497.000000  -0.156628
27644.000000  0.068922
27769.000000  0.050012
27933.000000  0.045015
28083.000000  -0.064069
28161.000000  0.127962
28192.000000  0.076117
28207.000000  0.075015
28241.000000  -0.366992
28308.000000  -0.124528
28345.000000  -0.158152
28465.000000  0.072943
28554.000000  -0.004881
28668.000000  0.213402
28779.000000  0.040957
28871.000000  -0.035784
28950.000000  -0.195635
29003.000000  0.003407
29049.000000  -0.000352
29123.000000  0.016498
29258.000000  0.046995
29458.000000  0.036746
29595.000000  -0.056560
29722.000000  -0.000658
29824.000000  -0.017866
29939.000000  0.011771
30007.000000  0.002462
30096.000000  0.013883
30158.000000  0.050598
30287.000000  -0.054441
30367.000000  -0.084859
30460.000000  0.029510
30551.000000  0.009395
30608.000000  -0.003705
30674.000000  0.072687
30703.000000  -0.048244
30705.000000  -0.115900
30793.000000  0.034042
30907.000000  0.022586
30991.000000  0.006771
31108.000000  0.008167
31137.000000  -0.004661
31250.000000  0.005601
31423.000000  0.029302
31541.000000  0.016634
31640.000000  -0.034435
31688.000000  -0.064899
31776.000000  0.069303
31872.000000  -0.023463
31965.000000  0.018324
32048.000000  -0.003615
32144.000000  0.016560
32222.000000  0.005925
32262.000000  -0.006138
32287.000000  -0.013440
32325.000000  0.014768
32349.000000  -0.018075
32418.000000  -0.054950
32512.000000  0.016417
32602.000000  0.016050
32698.000000  0.026183
32744.000000  -0.017399
32820.000000  0.007386
32904.000000  -0.033312
32944.000000  0.022705
32946.000000  -0.053791
33014.000000  0.037104
33095.000000  0.000103
33193.000000  0.027860
33311.000000  0.019063
33426.000000  -0.020135
33561.000000  0.001264
33756.000000  0.044882
33930.000000  0.028018
34048.000000  -0.017843
34156.000000  0.037202
34234.000000  -0.040713
34271.000000  -0.073271
34284.000000  -0.006539
34365.000000  -0.001331
34461.000000  0.015014
34561.000000  0.014014
34664.000000  0.025359
34759.000000  -0.005588
34802.000000  -0.000527
34812.000000  -0.077140
34814.000000  0.001893
34880.000000  0.052034
34942.000000  0.013722
35032.000000  -0.024869
35126.000000  -0.013237
35230.000000  0.023865
35378.000000  0.030475
35549.000000  0.009813
35687.000000  -0.001387
35803.000000  -0.032914
35890.000000  -0.020106
35919.000000  -0.011121
35923.000000  -0.027213
35926.000000  0.005895
35932.000000  -0.006965
35984.000000  -0.001369
36089.000000  0.034381
36175.000000  0.035403
36244.000000  -0.043413
36314.000000  -0.020693
36325.000000  -0.003770
36368.000000  0.131628
36419.000000  0.205230
36471.000000  0.008949
36493.000000  0.082311
36519.000000  0.029146
36520.000000  -0.475449
36538.000000  0.462713
36544.000000  -0.077539
36562.000000  0.156400
36576.000000  0.009589
36578.000000  -0.004041
36632.000000  -0.530793
36711.000000  -0.004750
36773.000000  0.173463
36868.000000  0.004363
36932.000000  -0.096809
37037.000000  -0.028479
37069.000000  -0.090755
37174.000000  0.067088
37240.000000  0.005379
37326.000000  -0.015813
37418.000000  -0.007337
37512.000000  0.008374
37654.000000  0.018438
37706.000000  -0.042012
37766.000000  0.007384
37823.000000  0.003740
37867.000000  -0.007198
37914.000000  0.001243
38017.000000  0.006121
38070.000000  0.011258
38099.000000  -0.019782
38216.000000  0.019726
38342.000000  0.012447
38426.000000  0.006201
38564.000000  0.014138
38647.000000  -0.011749
38747.000000  -0.010741
38847.000000  0.018639
38947.000000  -0.000875
38989.000000  -0.001608
38995.000000  -0.004845
39040.000000  0.001738
39106.000000  -0.021141
39143.000000  -0.014896
39144.000000  -0.018929
39185.000000  0.004440
39270.000000  0.031734
39366.000000  0.010337
39470.000000  0.003769
39564.000000  0.007778
39623.000000  -0.019563
39653.000000  -0.007719
39688.000000  -0.019133
39694.000000  -0.004650
39763.000000  0.009037
39848.000000  0.014263
39934.000000  0.005494
40044.000000  0.017304
40123.000000  0.012846
40142.000000  -0.053551
40198.000000  -0.003298
40295.000000  0.011887
40377.000000  -0.025160
40496.000000  0.029846
40586.000000  0.012315
40624.000000  -0.032205
40636.000000  -0.027449
40638.000000  0.036325
40705.000000  -0.001397
40733.000000  -0.005366
40791.000000  -0.004994
40815.000000  0.009710
