399.000000  0.074635
542.000000  -0.017325
658.000000  0.002322
742.000000  -0.018025
846.000000  0.013658
958.000000  0.021050
1127.000000  0.006824
1257.000000  0.006882
1408.000000  0.010498
1586.000000  0.007038
1742.000000  -0.004871
1909.000000  0.010394
2083.000000  -0.000257
2121.000000  -0.025685
2288.000000  0.026069
2450.000000  0.018695
2579.000000  -0.028174
2721.000000  -0.015051
2799.000000  -0.033666
2893.000000  0.007266
3036.000000  0.012855
3058.000000  -0.025576
3204.000000  0.027451
3407.000000  0.019872
3574.000000  0.004520
3744.000000  0.016690
3904.000000  0.012124
4036.000000  -0.001973
4180.000000  0.010396
4327.000000  -0.029434
4512.000000  0.034217
4533.000000  -0.109306
4695.000000  0.080928
4887.000000  0.004921
5060.000000  0.000188
5231.000000  -0.002794
5399.000000  -0.005964
5546.000000  0.022576
5650.000000  -0.024479
5726.000000  -0.064070
5805.000000  0.032837
5923.000000  0.031016
6041.000000  0.003866
6179.000000  0.009846
6279.000000  -0.018862
6369.000000  -0.025364
6464.000000  -0.003867
6611.000000  0.021445
6721.000000  0.015287
6864.000000  0.034613
7002.000000  0.016699
7154.000000  0.015811
7296.000000  0.034566
7395.000000  -0.037482
7513.000000  -0.005868
7598.000000  -0.030385
7708.000000  -0.013089
7816.000000  -0.024757
7894.000000  -0.030673
7989.000000  -0.030660
8074.000000  -0.009510
8145.000000  -0.006167
8234.000000  0.011277
8362.000000  0.009477
8494.000000  0.010655
8660.000000  0.013892
8789.000000  -0.006839
8925.000000  -0.006384
9002.000000  -0.022435
9056.000000  -0.015043
9110.000000  0.000146
9171.000000  0.003825
9270.000000  0.015638
9332.000000  -0.007438
9402.000000  -0.006873
9463.000000  -0.001362
9538.000000  0.001914
9614.000000  0.000086
9686.000000  -0.000705
9748.000000  -0.000857
9829.000000  0.023634
9900.000000  0.007262
9979.000000  0.005632
10053.000000  -0.035405
10127.000000  -0.000429
10230.000000  0.017676
10380.000000  0.015509
10488.000000  -0.006214
10648.000000  0.018528
10782.000000  -0.005189
10814.000000  -0.020879
10950.000000  0.017688
11027.000000  -0.024904
11132.000000  -0.002679
11351.000000  0.038616
11397.000000  -0.056322
11446.000000  -0.003395
11503.000000  0.003827
11555.000000  0.018972
11580.000000  -0.023843
11697.000000  0.030333
11852.000000  0.055089
11996.000000  0.009990
12030.000000  -0.038920
12206.000000  0.024223
12314.000000  -0.008203
12363.000000  -0.033780
12429.000000  -0.007936
12506.000000  0.018692
12608.000000  0.014019
12697.000000  -0.014062
12776.000000  0.000438
12854.000000  -0.013695
12929.000000  0.009523
12963.000000  -0.004935
13004.000000  0.005108
13056.000000  0.008336
13125.000000  -0.048840
13215.000000  0.012418
13304.000000  0.013293
13399.000000  0.011773
13483.000000  -0.001889
13568.000000  -0.000165
13636.000000  -0.001027
13755.000000  0.027255
13974.000000  0.040347
14128.000000  0.003399
14234.000000  -0.007242
14273.000000  -0.033663
14286.000000  -0.018814
14332.000000  -0.010208
14362.000000  -0.026758
14481.000000  0.024604
14659.000000  0.017717
14814.000000  0.031678
14945.000000  -0.006958
15085.000000  0.007583
15283.000000  0.016063
15405.000000  -0.020392
15479.000000  -0.039438
15589.000000  0.032252
15680.000000  -0.021680
15768.000000  -0.007276
15843.000000  -0.001278
15922.000000  -0.006887
16006.000000  0.023321
16106.000000  -0.018136
16184.000000  0.006841
16273.000000  -0.009438
16373.000000  0.015481
16460.000000  -0.001394
16533.000000  -0.017705
16638.000000  -0.024236
16745.000000  0.035816
16887.000000  0.077864
16977.000000  0.029542
17068.000000  -0.001614
17119.000000  0.014530
17121.000000  -0.178989
17131.000000  0.002734
17137.000000  0.007220
17138.000000  -0.011764
17230.000000  0.091640
17318.000000  -0.013683
17397.000000  0.019485
17514.000000  0.024841
17679.000000  0.019122
17832.000000  -0.050752
17974.000000  0.000131
18123.000000  -0.008810
18135.000000  -0.051042
18260.000000  0.049931
18315.000000  -0.002745
18414.000000  -0.003239
18496.000000  -0.000561
18642.000000  0.005525
18743.000000  -0.016942
18887.000000  0.013267
19021.000000  0.025176
19179.000000  -0.012219
19347.000000  0.004194
19465.000000  -0.020417
19626.000000  0.015093
19804.000000  0.005115
19934.000000  -0.003890
20056.000000  -0.008909
20193.000000  0.013672
20334.000000  0.005019
20386.000000  -0.017591
20562.000000  0.035951
20711.000000  -0.020188
20816.000000  -0.046012
20891.000000  -0.003393
20981.000000  0.000160
21120.000000  0.048798
21252.000000  0.019238
21332.000000  -0.054964
21390.000000  0.036315
21438.000000  0.029119
21545.000000  0.024757
21595.000000  -0.044274
21747.000000  0.022139
21886.000000  0.017275
22079.000000  0.007295
22211.000000  0.005043
22299.000000  -0.062682
22452.000000  0.035037
22576.000000  -0.010948
22713.000000  0.013693
22785.000000  0.064390
22812.000000  0.048012
22842.000000  -0.003742
22904.000000  -0.002807
22942.000000  -0.025718
23015.000000  0.076310
23056.000000  -0.055653
23125.000000  0.048247
23157.000000  -0.006048
23236.000000  -0.004919
23339.000000  0.001180
23416.000000  -0.068153
23503.000000  0.074590
23676.000000  0.032848
23804.000000  -0.134278
23942.000000  0.023653
24128.000000  0.036963
24221.000000  0.057404
24252.000000  -0.117019
24337.000000  0.055778
24398.000000  -0.054434
24485.000000  0.105372
24519.000000  -0.127543
24551.000000  0.020212
24622.000000  0.193537
24627.000000  -0.044288
24668.000000  0.232685
24728.000000  -0.544678
24787.000000  -0.000844
24848.000000  0.000064
24907.000000  -0.000685
24943.000000  -0.002474
25042.000000  0.012505
25170.000000  0.431274
25283.000000  -0.398654
25373.000000  -0.000807
25489.000000  0.012016
25574.000000  -0.008269
25644.000000  0.299267
25700.000000  0.072850
25784.000000  0.098828
25905.000000  -0.086074
26022.000000  -0.155496
26135.000000  -0.046068
26285.000000  -0.007358
26403.000000  -0.049634
26546.000000  -0.078995
26712.000000  0.009400
26828.000000  0.011901
26962.000000  0.076979
27043.000000  0.215146
27128.000000  -0.355396
27211.000000  -0.007457
27310.000000  0.004810
27374.000000  0.003125
27503.000000  0.012592
27593.000000  -0.003683
27678.000000  0.002134
27787.000000  0.006506
27920.000000  0.016280
28019.000000  0.005490
28125.000000  -0.047482
28239.000000  0.008805
28372.000000  0.008095
28541.000000  0.010757
28592.000000  -0.023441
28751.000000  0.019146
28863.000000  -0.006933
28970.000000  -0.035100
29028.000000  -0.013886
29108.000000  -0.001051
29238.000000  0.063857
29291.000000  0.001733
29325.000000  0.003404
29365.000000  0.021934
29412.000000  0.078069
29432.000000  0.025675
29502.000000  0.010261
29548.000000  -0.212133
29579.000000  -0.001390
29655.000000  0.000066
29768.000000  0.022345
29836.000000  -0.007408
29952.000000  0.013829
29972.000000  -0.025946
30059.000000  0.022150
30124.000000  -0.010015
30179.000000  -0.013380
30218.000000  -0.008762
30310.000000  0.010394
30388.000000  0.006754
30460.000000  0.002025
30551.000000  0.006352
30646.000000  0.003503
30851.000000  0.034002
30886.000000  -0.059242
30935.000000  0.022706
30954.000000  -0.016001
31014.000000  0.006911
31016.000000  -0.018828
31078.000000  0.016138
31268.000000  0.043529
31320.000000  -0.026595
31489.000000  0.024805
31555.000000  -0.033078
31640.000000  0.010058
31757.000000  0.008491
31847.000000  0.023567
31939.000000  -0.028126
32044.000000  0.003624
32097.000000  0.006550
32112.000000  -0.035373
32192.000000  0.037188
32253.000000  -0.016183
32339.000000  0.000667
32348.000000  -0.021987
32433.000000  0.003854
32506.000000  -0.004181
32561.000000  -0.007563
32568.000000  -0.010692
32631.000000  0.020961
32700.000000  -0.003438
32738.000000  -0.006678
32778.000000  -0.004482
32877.000000  0.016570
32984.000000  0.009608
33061.000000  0.003729
33134.000000  -0.000804
33185.000000  -0.002180
33312.000000  -0.001223
33388.000000  -0.009104
33455.000000  0.004066
33567.000000  0.010943
33664.000000  0.015155
33752.000000  0.000879
33833.000000  -0.001673
33915.000000  0.004999
34023.000000  0.006886
34159.000000  0.019468
34301.000000  -0.001980
34393.000000  -0.020490
34548.000000  0.029898
34750.000000  0.015597
34822.000000  -0.039509
34871.000000  -0.009506
34947.000000  0.017751
35053.000000  0.041101
35170.000000  -0.011191
35265.000000  -0.029432
35372.000000  0.035683
35456.000000  -0.057863
35551.000000  0.005128
35632.000000  -0.006168
35721.000000  0.021482
35825.000000  -0.013544
35905.000000  -0.006428
35989.000000  -0.002878
36058.000000  -0.010183
36152.000000  0.024352
36223.000000  -0.009177
36315.000000  0.021328
36392.000000  -0.016572
36558.000000  0.029815
36722.000000  0.046853
36893.000000  -0.019106
37048.000000  0.011232
37186.000000  -0.002330
37313.000000  -0.018477
37396.000000  -0.022926
37485.000000  -0.023165
37651.000000  0.053882
37758.000000  0.037356
37769.000000  -0.024346
37825.000000  0.064824
37865.000000  0.019699
37897.000000  0.006029
37926.000000  -0.034993
37952.000000  -0.013598
37967.000000  0.125109
38012.000000  -0.285713
38065.000000  0.001007
38119.000000  0.000312
38151.000000  0.003659
38186.000000  -0.000352
38295.000000  0.029927
38411.000000  0.008580
38492.000000  0.008979
38574.000000  0.003142
38706.000000  0.017458
38835.000000  0.030334
38921.000000  -0.060364
39005.000000  -0.007184
39091.000000  -0.000716
39186.000000  0.005411
39222.000000  -0.010911
39286.000000  -0.017091
39390.000000  0.014103
39491.000000  0.010089
39571.000000  -0.003382
39643.000000  0.014297
39738.000000  0.017261
39794.000000  -0.031818
39823.000000  0.009350
39885.000000  -0.012772
39962.000000  0.000632
40056.000000  0.007967
40173.000000  0.019488
40272.000000  -0.019670
40345.000000  -0.001861
40417.000000  0.015825
40495.000000  -0.012331
40569.000000  0.031742
40621.000000  0.013264
40628.000000  -0.062095
40680.000000  -0.003352
40708.000000  -0.016985
40714.000000  0.005963
40760.000000  -0.007284
40802.000000  0.005131
40807.000000  -0.013198
40812.000000  0.052132
40820.000000  0.022573
