995.000000  0.160183
1274.000000  0.142451
1493.000000  0.112044
1806.000000  0.133554
2148.000000  0.174491
2496.000000  0.203256
2860.000000  0.257784
3172.000000  0.212961
3449.000000  0.210097
3818.000000  0.275966
4141.000000  0.244684
4391.000000  0.219688
4665.000000  0.182442
4960.000000  0.192748
5167.000000  0.166043
5354.000000  0.131271
5531.000000  0.147298
5713.000000  0.134770
5909.000000  0.142257
6019.000000  0.098261
6142.000000  0.137375
6292.000000  0.096850
6464.000000  0.108775
6634.000000  0.141355
6855.000000  0.163626
7060.000000  0.128329
7336.000000  0.188305
7633.000000  0.195360
7932.000000  0.184984
8253.000000  0.175611
8479.000000  0.151257
8699.000000  0.142633
8907.000000  0.156563
9058.000000  0.099156
9215.000000  0.100411
9316.000000  0.067657
9408.000000  0.078274
9525.000000  0.080603
9659.000000  0.097203
9781.000000  0.093029
9908.000000  0.085197
10042.000000  0.067073
10167.000000  0.086159
10358.000000  0.108851
10566.000000  0.121230
10622.000000  0.107145
10858.000000  0.143618
11129.000000  0.168561
11347.000000  0.231393
11624.000000  0.221726
11935.000000  0.230246
12198.000000  0.214396
12413.000000  0.166607
12675.000000  0.200941
12873.000000  0.175044
13041.000000  0.171686
13241.000000  0.230052
13370.000000  0.202034
13511.000000  0.190007
13712.000000  0.213077
13858.000000  0.124492
13995.000000  0.183073
14111.000000  0.199380
14221.000000  0.184652
14405.000000  0.144981
14596.000000  0.151730
14653.000000  0.142689
14878.000000  0.205389
15070.000000  0.164411
15275.000000  0.151036
15533.000000  0.151656
15741.000000  0.131573
15971.000000  0.126020
16151.000000  0.135489
16361.000000  0.155380
16543.000000  0.158728
16766.000000  0.175657
16982.000000  0.209108
17142.000000  0.211476
17365.000000  0.207996
17627.000000  0.219297
17858.000000  0.208839
18210.000000  0.275643
18490.000000  0.273713
18697.000000  0.215743
18918.000000  0.189124
19125.000000  0.212547
19248.000000  0.172268
19377.000000  0.220765
19522.000000  0.276256
19729.000000  0.369854
19946.000000  0.402895
20162.000000  0.160607
20311.000000  0.090908
20561.000000  0.122155
20873.000000  0.187085
21156.000000  0.253325
21469.000000  0.361072
21752.000000  0.317061
21989.000000  0.283889
22239.000000  0.332171
22413.000000  0.171031
22617.000000  0.196167
22793.000000  0.091278
22951.000000  0.064935
23092.000000  0.089555
23269.000000  0.072673
23456.000000  0.169101
23698.000000  0.198288
23932.000000  0.185014
24174.000000  0.214805
24409.000000  0.239333
24643.000000  0.185146
24862.000000  0.161998
25079.000000  0.184164
25334.000000  0.182331
25563.000000  0.229096
25912.000000  0.344362
26169.000000  0.300164
26346.000000  0.283930
26534.000000  0.243522
26726.000000  0.413373
26870.000000  0.403697
26983.000000  0.427346
27061.000000  0.126478
27136.000000  0.075232
27222.000000  0.062677
27303.000000  0.061075
27383.000000  0.199770
27553.000000  0.314522
27753.000000  0.324287
28009.000000  0.437167
28231.000000  0.543067
28448.000000  0.469492
28570.000000  0.326877
28737.000000  0.429021
28841.000000  0.470756
28989.000000  0.326680
29143.000000  0.243981
29353.000000  0.249532
29552.000000  0.340457
29702.000000  0.275682
29842.000000  0.214297
29977.000000  0.207613
30002.000000  0.190662
30090.000000  0.194927
30203.000000  0.233213
30364.000000  0.283079
30560.000000  0.400682
30691.000000  0.346771
30890.000000  0.349330
31080.000000  0.627623
31164.000000  0.059473
31232.000000  0.023658
31309.000000  0.024210
31352.000000  0.025443
31476.000000  0.412506
31645.000000  0.486789
31719.000000  0.443136
31867.000000  0.496049
32013.000000  0.448730
32076.000000  0.209332
32141.000000  0.226609
32240.000000  0.286584
32324.000000  0.267327
32504.000000  0.320619
32656.000000  0.602921
32790.000000  0.100275
32877.000000  0.084585
32944.000000  0.076615
33051.000000  0.103744
33138.000000  0.063534
33258.000000  0.488751
33426.000000  0.732411
33566.000000  0.093323
33713.000000  0.108950
33833.000000  0.091465
33986.000000  0.093257
34112.000000  0.101991
34193.000000  0.078950
34210.000000  0.019649
34237.000000  0.013577
34374.000000  0.077319
34447.000000  0.098758
34600.000000  0.112334
34781.000000  0.139558
34940.000000  0.126113
35111.000000  0.119219
35299.000000  0.150046
35492.000000  0.136362
35605.000000  0.073057
35724.000000  0.061591
35850.000000  0.062557
36014.000000  0.072502
36114.000000  0.067300
36223.000000  0.123804
36323.000000  0.096633
36474.000000  0.130956
36545.000000  0.071905
36744.000000  0.096356
36899.000000  0.099177
37029.000000  0.085970
37189.000000  0.131750
37301.000000  0.088877
37411.000000  0.096910
37569.000000  0.242453
37639.000000  0.180846
37669.000000  0.189328
37733.000000  0.223488
37838.000000  0.246789
38000.000000  0.234328
38177.000000  0.257031
38293.000000  0.082026
38404.000000  0.144957
38452.000000  0.093182
38590.000000  0.069187
38668.000000  0.057733
38677.000000  0.031597
38772.000000  0.263606
38914.000000  0.321525
39004.000000  0.369702
39100.000000  0.049354
39119.000000  0.016758
39171.000000  0.040818
39253.000000  0.054393
39312.000000  0.031711
39429.000000  0.039657
39546.000000  0.051321
39646.000000  0.057869
39787.000000  0.068816
39935.000000  0.069789
40074.000000  0.088302
40103.000000  0.057943
40250.000000  0.061068
40316.000000  0.051184
40324.000000  0.007028
40378.000000  0.028084
40466.000000  0.035945
40544.000000  0.038581
40657.000000  0.057974
40749.000000  0.053155
40789.000000  0.040672
40818.000000  0.039273
40821.000000  0.002177
