399.000000  0.177896
538.000000  0.129549
646.000000  0.136419
766.000000  0.127795
888.000000  0.147584
1031.000000  0.125623
1173.000000  0.142736
1335.000000  0.172412
1490.000000  0.181163
1636.000000  0.173237
1755.000000  0.142179
1864.000000  0.138927
1971.000000  0.133724
2072.000000  0.130675
2177.000000  0.139601
2269.000000  0.140345
2379.000000  0.132663
2492.000000  0.159457
2584.000000  0.135008
2667.000000  0.161933
2737.000000  0.169903
2819.000000  0.157445
2870.000000  0.155380
2938.000000  0.121496
3021.000000  0.126617
3081.000000  0.127535
3174.000000  0.134364
3299.000000  0.155679
3445.000000  0.171953
3563.000000  0.168376
3701.000000  0.187532
3842.000000  0.177516
3957.000000  0.172827
4023.000000  0.169170
4121.000000  0.194439
4190.000000  0.152150
4262.000000  0.134545
4311.000000  0.121004
4363.000000  0.102021
4407.000000  0.125463
4459.000000  0.109153
4521.000000  0.122359
4580.000000  0.123719
4641.000000  0.131083
4696.000000  0.129246
4748.000000  0.117001
4817.000000  0.116718
4903.000000  0.128428
4913.000000  0.061671
4934.000000  0.063572
5020.000000  0.140698
5044.000000  0.105043
5089.000000  0.124175
5163.000000  0.149295
5255.000000  0.145778
5301.000000  0.136898
5388.000000  0.156184
5471.000000  0.169877
5595.000000  0.162119
5630.000000  0.135536
5796.000000  0.225955
5952.000000  0.241070
6107.000000  0.220071
6196.000000  0.204800
6280.000000  0.189694
6386.000000  0.187600
6470.000000  0.196003
6572.000000  0.218244
6624.000000  0.198239
6674.000000  0.172603
6746.000000  0.178388
6818.000000  0.195391
6901.000000  0.197571
6941.000000  0.202770
6981.000000  0.201388
7021.000000  0.189877
7063.000000  0.217105
7109.000000  0.199475
7187.000000  0.234438
7317.000000  0.204859
7439.000000  0.237442
7537.000000  0.228601
7663.000000  0.224461
7784.000000  0.213130
7930.000000  0.214475
8072.000000  0.210960
8172.000000  0.219756
8229.000000  0.181516
8330.000000  0.212447
8418.000000  0.218473
8499.000000  0.163130
8575.000000  0.163544
8628.000000  0.165354
8709.000000  0.161326
8900.000000  0.224135
8923.000000  0.164751
8963.000000  0.167185
8967.000000  0.150032
9024.000000  0.192266
9128.000000  0.164850
9192.000000  0.172889
9267.000000  0.153907
9326.000000  0.176465
9426.000000  0.196403
9525.000000  0.190530
9613.000000  0.195751
9711.000000  0.186821
9793.000000  0.187638
9868.000000  0.201420
9947.000000  0.203922
9973.000000  0.119784
10032.000000  0.168220
10079.000000  0.181220
10192.000000  0.142553
10279.000000  0.205594
10360.000000  0.171197
10463.000000  0.182433
10484.000000  0.115561
10598.000000  0.208141
10641.000000  0.131043
10762.000000  0.205247
10842.000000  0.193924
10958.000000  0.204459
11055.000000  0.207914
11132.000000  0.195912
11225.000000  0.211147
11348.000000  0.223311
11444.000000  0.225974
11562.000000  0.232155
11655.000000  0.247525
11705.000000  0.161875
11764.000000  0.197096
11814.000000  0.205915
11888.000000  0.188166
11948.000000  0.195568
12009.000000  0.212375
12070.000000  0.213286
12154.000000  0.235543
12301.000000  0.254660
12438.000000  0.249366
12576.000000  0.261837
12713.000000  0.260074
12850.000000  0.282823
12884.000000  0.190102
13018.000000  0.282044
13160.000000  0.268017
13246.000000  0.251591
13360.000000  0.258710
13480.000000  0.257800
13628.000000  0.227568
13780.000000  0.265822
13927.000000  0.275581
14066.000000  0.278014
14217.000000  0.235796
14345.000000  0.283489
14479.000000  0.257066
14623.000000  0.294349
14799.000000  0.251219
14964.000000  0.291678
15112.000000  0.339805
15271.000000  0.360779
15413.000000  0.353584
15510.000000  0.309035
15642.000000  0.271837
15764.000000  0.301859
15855.000000  0.236008
15916.000000  0.210278
16021.000000  0.275304
16128.000000  0.334011
16183.000000  0.290519
16270.000000  0.359626
16367.000000  0.361342
16467.000000  0.389019
16567.000000  0.382174
16669.000000  0.376043
16732.000000  0.372861
16771.000000  0.283279
16835.000000  0.316816
16888.000000  0.298245
16952.000000  0.296696
17010.000000  0.309799
17090.000000  0.337203
17187.000000  0.341117
17303.000000  0.378176
17392.000000  0.328594
17487.000000  0.367209
17554.000000  0.309095
17633.000000  0.363911
17730.000000  0.317184
17759.000000  0.250552
17799.000000  0.196326
17835.000000  0.230924
17919.000000  0.280472
18020.000000  0.320204
18127.000000  0.368583
18193.000000  0.324233
18232.000000  0.334644
18247.000000  0.291425
18262.000000  0.336915
18266.000000  0.330260
18299.000000  0.332113
18366.000000  0.364428
18443.000000  0.350917
18586.000000  0.360699
18731.000000  0.307552
18902.000000  0.372934
19058.000000  0.345483
19230.000000  0.361650
19417.000000  0.362918
19546.000000  0.352416
19666.000000  0.333547
19825.000000  0.348855
19918.000000  0.334129
20030.000000  0.316350
20103.000000  0.297463
20188.000000  0.315728
20239.000000  0.303701
20266.000000  0.285909
20323.000000  0.310160
20366.000000  0.328721
20414.000000  0.338494
20476.000000  0.341632
20543.000000  0.335695
20606.000000  0.323791
20645.000000  0.284590
20696.000000  0.356489
20761.000000  0.335555
20806.000000  0.435690
20855.000000  0.453018
20970.000000  0.411300
21085.000000  0.437664
21209.000000  0.484189
21355.000000  0.474417
21488.000000  0.494100
21620.000000  0.452249
21751.000000  0.469105
21883.000000  0.433989
21999.000000  0.479363
22095.000000  0.332069
22218.000000  0.365522
22329.000000  0.327721
22421.000000  0.343777
22505.000000  0.295709
22551.000000  0.266268
22567.000000  0.260830
22599.000000  0.279353
22646.000000  0.308166
22713.000000  0.339201
22791.000000  0.348655
22862.000000  0.354951
22931.000000  0.368798
22967.000000  0.346790
23021.000000  0.372346
23047.000000  0.348490
23098.000000  0.399250
23134.000000  0.354558
23160.000000  0.346358
23181.000000  0.405845
23240.000000  0.474715
23330.000000  0.529290
23441.000000  0.550274
23538.000000  0.632566
23605.000000  0.601830
23659.000000  0.580094
23713.000000  0.677925
23771.000000  0.313555
23847.000000  0.384853
23928.000000  0.353719
24023.000000  0.691787
24083.000000  0.943646
24162.000000  0.355036
24201.000000  0.323097
24225.000000  0.346650
24239.000000  0.310755
24252.000000  0.288473
24258.000000  0.231797
24300.000000  0.613659
24343.000000  0.659652
24381.000000  0.675992
24414.000000  0.451119
24453.000000  0.382344
24499.000000  0.311990
24560.000000  0.298613
24680.000000  0.345277
24725.000000  0.294955
24826.000000  0.358902
24944.000000  0.332776
25023.000000  0.304735
25098.000000  0.298378
25148.000000  0.324135
25217.000000  0.362897
25267.000000  0.313266
25367.000000  0.378071
25468.000000  0.414325
25579.000000  0.457775
25673.000000  0.491768
25718.000000  0.482835
25778.000000  0.829795
25846.000000  0.342819
25902.000000  0.320590
25968.000000  0.325771
26046.000000  0.325105
26086.000000  0.315586
26125.000000  0.318412
26161.000000  0.330922
26209.000000  0.338961
26244.000000  0.335249
26283.000000  0.348809
26309.000000  0.365595
26329.000000  0.327221
26366.000000  0.316389
26465.000000  0.327787
26597.000000  0.353429
26821.000000  0.339502
26997.000000  0.385690
27104.000000  0.382505
27155.000000  0.341108
27256.000000  0.350644
27360.000000  0.370499
27440.000000  0.379566
27520.000000  0.367278
27573.000000  0.348980
27606.000000  0.333243
27658.000000  0.332428
27684.000000  0.330545
27709.000000  0.335238
27734.000000  0.343460
27735.000000  0.312506
27782.000000  0.335086
27829.000000  0.335489
27839.000000  0.311922
27840.000000  0.334147
27855.000000  0.294164
27940.000000  0.348925
28042.000000  0.330880
28086.000000  0.326704
28162.000000  0.335056
28306.000000  0.367771
28448.000000  0.399180
28554.000000  0.363017
28601.000000  0.352265
28677.000000  0.344420
28724.000000  0.325916
28775.000000  0.329308
28834.000000  0.328144
28866.000000  0.327210
28956.000000  0.337854
28990.000000  0.329869
29016.000000  0.310184
29068.000000  0.317286
29108.000000  0.328652
29141.000000  0.337576
29206.000000  0.321139
29276.000000  0.326650
29336.000000  0.319658
29369.000000  0.331279
29449.000000  0.291425
29535.000000  0.340736
29572.000000  0.321381
29616.000000  0.313607
29645.000000  0.321538
29736.000000  0.364850
29786.000000  0.342294
29833.000000  0.343288
29894.000000  0.349063
29960.000000  0.339343
29999.000000  0.342710
30029.000000  0.347890
30091.000000  0.351792
30154.000000  0.357322
30202.000000  0.352662
30264.000000  0.350578
30321.000000  0.339598
30365.000000  0.359824
30415.000000  0.357410
30471.000000  0.347557
30532.000000  0.368021
30592.000000  0.344522
30652.000000  0.350484
30712.000000  0.360702
30772.000000  0.358878
30844.000000  0.415738
30924.000000  0.397280
30983.000000  0.361830
31017.000000  0.402170
31061.000000  0.407188
31089.000000  0.350202
31170.000000  0.445670
31244.000000  0.499098
31310.000000  0.508436
31377.000000  0.504438
31408.000000  0.502321
31438.000000  0.568382
31486.000000  0.326341
31538.000000  0.338324
31577.000000  0.337217
31619.000000  0.368593
31646.000000  0.358544
31718.000000  0.344938
31811.000000  0.344547
31865.000000  0.352027
31936.000000  0.349680
32014.000000  0.383216
32103.000000  0.381183
32239.000000  0.377074
32388.000000  0.418342
32510.000000  0.425352
32624.000000  0.442237
32778.000000  0.417758
32900.000000  0.420938
33011.000000  0.421698
33145.000000  0.445264
33241.000000  0.429106
33295.000000  0.411092
33382.000000  0.416032
33438.000000  0.367340
33494.000000  0.357857
33550.000000  0.378126
33606.000000  0.375824
33662.000000  0.382207
33717.000000  0.351842
33809.000000  0.346155
33907.000000  0.430204
34039.000000  0.406873
34155.000000  0.427394
34263.000000  0.429456
34402.000000  0.437836
34530.000000  0.431535
34605.000000  0.428673
34691.000000  0.419663
34799.000000  0.452009
34875.000000  0.391814
34954.000000  0.418453
35037.000000  0.444365
35141.000000  0.479185
35234.000000  0.404178
35338.000000  0.443949
35384.000000  0.487918
35402.000000  0.513365
35448.000000  0.415263
35519.000000  0.476541
35529.000000  0.451239
35555.000000  0.429427
35583.000000  0.420463
35625.000000  0.423168
35710.000000  0.456931
35819.000000  0.453194
35921.000000  0.465441
35959.000000  0.437209
36035.000000  0.429170
36077.000000  0.388618
36089.000000  0.375986
36157.000000  0.481164
36257.000000  0.537178
36343.000000  0.524662
36432.000000  0.528379
36556.000000  0.590659
36641.000000  0.653142
36649.000000  0.639388
36672.000000  0.396664
36681.000000  0.398326
36723.000000  0.400321
36784.000000  0.461093
36847.000000  0.477398
36931.000000  0.421034
36940.000000  0.348346
36982.000000  0.452475
37048.000000  0.546601
37137.000000  0.538919
37164.000000  0.529764
37253.000000  0.405806
37291.000000  0.362655
37334.000000  0.405418
37341.000000  0.342334
37434.000000  0.428888
37493.000000  0.418776
37554.000000  0.427946
37613.000000  0.399284
37712.000000  0.413897
37732.000000  0.349131
37768.000000  0.363612
37783.000000  0.350485
37826.000000  0.450880
37841.000000  0.435851
37892.000000  0.423258
37939.000000  0.386220
37984.000000  0.399231
38012.000000  0.364981
38029.000000  0.355694
38051.000000  0.388502
38083.000000  0.397568
38169.000000  0.378101
38252.000000  0.428821
38330.000000  0.384900
38408.000000  0.385448
38484.000000  0.439276
38553.000000  0.407580
38597.000000  0.411746
38612.000000  0.392025
38625.000000  0.415043
38640.000000  0.424927
38687.000000  0.415449
38754.000000  0.408721
38834.000000  0.417413
38919.000000  0.412185
39011.000000  0.427915
39115.000000  0.423733
39185.000000  0.417289
39219.000000  0.402786
39246.000000  0.434674
39269.000000  0.379261
39317.000000  0.410443
39399.000000  0.394386
39455.000000  0.379973
39538.000000  0.395412
39614.000000  0.390681
39698.000000  0.430807
39740.000000  0.433336
39789.000000  0.431170
39844.000000  0.397638
39881.000000  0.418959
39926.000000  0.446536
39972.000000  0.420613
40020.000000  0.463686
40065.000000  0.438675
40082.000000  0.483180
40084.000000  0.472931
40124.000000  0.409740
40176.000000  0.420625
40257.000000  0.437047
40340.000000  0.390819
40412.000000  0.449126
40492.000000  0.433095
40502.000000  0.401097
40504.000000  0.405816
40540.000000  0.413819
40573.000000  0.381984
40628.000000  0.432370
40720.000000  0.379675
40793.000000  0.379408
40815.000000  0.425196
40818.000000  0.380760
