216.000000  0.049231
313.000000  0.041391
429.000000  0.053731
502.000000  0.038460
576.000000  0.032752
642.000000  0.029542
707.000000  0.026109
787.000000  0.028807
856.000000  0.025150
947.000000  0.034898
1029.000000  0.032429
1120.000000  0.044963
1222.000000  0.050410
1288.000000  0.022869
1362.000000  0.024607
1408.000000  0.019902
1453.000000  0.016390
1508.000000  0.016377
1560.000000  0.015742
1609.000000  0.016059
1658.000000  0.014375
1713.000000  0.017860
1779.000000  0.024007
1858.000000  0.026125
1952.000000  0.030050
2038.000000  0.028816
2132.000000  0.028676
2216.000000  0.034622
2281.000000  0.033542
2326.000000  0.028740
2386.000000  0.035325
2470.000000  0.046620
2545.000000  0.059187
2648.000000  0.066131
2738.000000  0.045401
2811.000000  0.047942
2886.000000  0.044794
2964.000000  0.033665
3110.000000  0.048522
3183.000000  0.035482
3267.000000  0.040928
3359.000000  0.046987
3390.000000  0.031122
3458.000000  0.037964
3479.000000  0.019099
3559.000000  0.034924
3578.000000  0.016896
3630.000000  0.025197
3685.000000  0.018080
3731.000000  0.014731
3773.000000  0.013315
3834.000000  0.024325
3928.000000  0.029021
3982.000000  0.023983
4048.000000  0.019558
4103.000000  0.019605
4152.000000  0.015127
4212.000000  0.016621
4272.000000  0.016478
4331.000000  0.016022
4370.000000  0.013397
4450.000000  0.023441
4541.000000  0.037087
4646.000000  0.047932
4726.000000  0.054506
4822.000000  0.059062
4927.000000  0.063958
5060.000000  0.082690
5171.000000  0.078889
5254.000000  0.069075
5324.000000  0.044363
5404.000000  0.055943
5486.000000  0.061132
5589.000000  0.059228
5655.000000  0.055146
5718.000000  0.036964
5780.000000  0.023424
5871.000000  0.032920
5936.000000  0.022598
5986.000000  0.017975
6020.000000  0.009634
6096.000000  0.020723
6177.000000  0.027367
6238.000000  0.026827
6323.000000  0.031512
6442.000000  0.039298
6528.000000  0.043180
6592.000000  0.037373
6695.000000  0.035037
6697.000000  0.001996
6818.000000  0.034943
6890.000000  0.035116
7016.000000  0.037314
7163.000000  0.045993
7218.000000  0.019772
7267.000000  0.017936
7329.000000  0.020594
7392.000000  0.024700
7477.000000  0.028478
7567.000000  0.032625
7654.000000  0.035938
7749.000000  0.048972
7858.000000  0.061766
7944.000000  0.059594
8028.000000  0.058870
8114.000000  0.056690
8195.000000  0.060522
8271.000000  0.044164
8349.000000  0.055075
8456.000000  0.059613
8534.000000  0.050408
8623.000000  0.053915
8685.000000  0.047979
8761.000000  0.063062
8840.000000  0.065385
8924.000000  0.078295
9010.000000  0.056634
9088.000000  0.059079
9166.000000  0.056873
9254.000000  0.074279
9340.000000  0.059022
9419.000000  0.061433
9496.000000  0.053333
9584.000000  0.070840
9669.000000  0.058345
9747.000000  0.061832
9831.000000  0.056230
9912.000000  0.059019
10002.000000  0.063467
10083.000000  0.052855
10174.000000  0.059681
10225.000000  0.048026
10299.000000  0.050108
10374.000000  0.058067
10463.000000  0.063914
10543.000000  0.067230
10627.000000  0.072447
10702.000000  0.051657
10786.000000  0.076359
10902.000000  0.089268
11002.000000  0.084759
11083.000000  0.076374
11172.000000  0.074636
11268.000000  0.077809
11350.000000  0.117288
11440.000000  0.109276
11526.000000  0.063143
11648.000000  0.073855
11742.000000  0.071868
11854.000000  0.079448
11980.000000  0.098437
12053.000000  0.092603
12156.000000  0.120167
12246.000000  0.086877
12272.000000  0.075507
12318.000000  0.076939
12355.000000  0.075591
12395.000000  0.106428
12407.000000  0.196007
12473.000000  0.136292
12554.000000  0.145931
12687.000000  0.218192
12796.000000  0.178258
12886.000000  0.136481
12978.000000  0.072186
13063.000000  0.083056
13147.000000  0.068449
13217.000000  0.097605
13252.000000  0.146527
13295.000000  0.195784
13303.000000  0.128634
13337.000000  0.117416
13448.000000  0.154012
13545.000000  0.083513
13654.000000  0.096812
13753.000000  0.106230
13896.000000  0.141172
14006.000000  0.126966
14084.000000  0.117420
14210.000000  0.150665
14255.000000  0.170592
14282.000000  0.115445
14321.000000  0.194584
14358.000000  0.204281
14458.000000  0.218954
14580.000000  0.240177
14655.000000  0.181060
14711.000000  0.168653
14793.000000  0.362397
14820.000000  0.289806
14847.000000  0.464936
14911.000000  0.328639
14976.000000  0.293852
15082.000000  0.121088
15190.000000  0.124104
15300.000000  0.125249
15379.000000  0.144400
15511.000000  0.185184
15581.000000  0.129896
15653.000000  0.139716
15704.000000  0.264268
15727.000000  0.342835
15731.000000  0.604309
15805.000000  0.120511
15883.000000  0.020374
15939.000000  0.016404
16005.000000  0.022072
16049.000000  0.015625
16108.000000  0.015517
16229.000000  0.033283
16292.000000  0.034216
16347.000000  0.024278
16458.000000  0.035824
16515.000000  0.028166
16578.000000  0.022650
16692.000000  0.034756
16692.000000  0.004846
16722.000000  0.010569
16757.000000  0.005434
16810.000000  0.029154
16835.000000  0.009054
16894.000000  0.014341
16962.000000  0.019414
17021.000000  0.016078
17096.000000  0.028484
17115.000000  0.024679
17117.000000  0.005459
17207.000000  0.019916
17288.000000  0.021935
17323.000000  0.014455
17333.000000  0.003973
17387.000000  0.067772
17460.000000  0.065947
17541.000000  0.069666
17629.000000  0.113960
17704.000000  0.064906
17798.000000  0.072970
17889.000000  0.083867
17964.000000  0.079818
18050.000000  0.074747
18129.000000  0.061902
18212.000000  0.069957
18290.000000  0.047852
18369.000000  0.057547
18450.000000  0.057310
18526.000000  0.056204
18579.000000  0.034948
18649.000000  0.072444
18703.000000  0.092767
18744.000000  0.095490
18796.000000  0.131969
18832.000000  0.166637
18856.000000  0.229975
18859.000000  0.003539
18948.000000  0.027500
19093.000000  0.034756
19190.000000  0.041586
19281.000000  0.046567
19364.000000  0.055268
19447.000000  0.051771
19550.000000  0.064827
19636.000000  0.052428
19736.000000  0.066881
19835.000000  0.057867
19990.000000  0.086905
20074.000000  0.072854
20151.000000  0.056948
20230.000000  0.076427
20314.000000  0.083758
20401.000000  0.099198
20480.000000  0.057291
20556.000000  0.051763
20646.000000  0.071675
20730.000000  0.055919
20808.000000  0.059797
20886.000000  0.053027
20976.000000  0.076041
21079.000000  0.060888
21161.000000  0.048349
21233.000000  0.051147
21341.000000  0.063851
21416.000000  0.060920
21509.000000  0.082648
21591.000000  0.092845
21659.000000  0.056182
21741.000000  0.083019
21829.000000  0.070875
21922.000000  0.087847
22032.000000  0.107805
22113.000000  0.092737
22196.000000  0.095593
22306.000000  0.059209
22441.000000  0.170199
22486.000000  0.149912
22501.000000  0.193497
22567.000000  0.306041
22578.000000  0.246962
22626.000000  0.281205
22664.000000  0.150147
22740.000000  0.043885
22845.000000  0.043531
22933.000000  0.049053
23040.000000  0.056579
23079.000000  0.034725
23143.000000  0.045057
23169.000000  0.033286
23173.000000  0.003312
23221.000000  0.012246
23305.000000  0.024726
23398.000000  0.035526
23492.000000  0.049307
23585.000000  0.052343
23612.000000  0.020651
23615.000000  0.002017
23627.000000  0.013327
23693.000000  0.023989
23775.000000  0.028087
23846.000000  0.037136
23952.000000  0.051968
24017.000000  0.042507
24076.000000  0.039630
24109.000000  0.028511
24115.000000  0.021867
24125.000000  0.059402
24126.000000  0.016038
24239.000000  0.040658
24308.000000  0.053289
24386.000000  0.050373
24493.000000  0.066817
24558.000000  0.076440
24565.000000  0.010034
24608.000000  0.024046
24660.000000  0.027904
24713.000000  0.016409
24753.000000  0.015828
24792.000000  0.016214
24800.000000  0.007927
24856.000000  0.015512
24965.000000  0.031539
25026.000000  0.036409
25114.000000  0.048916
25202.000000  0.055710
25312.000000  0.054824
25353.000000  0.038431
25380.000000  0.035433
25399.000000  0.017861
25400.000000  0.001947
25458.000000  0.020344
25582.000000  0.031795
25692.000000  0.047156
25765.000000  0.047588
25841.000000  0.048383
25938.000000  0.057256
25972.000000  0.033383
26001.000000  0.042191
26086.000000  0.023389
26157.000000  0.029570
26260.000000  0.043559
26367.000000  0.059072
26467.000000  0.053908
26533.000000  0.037700
26576.000000  0.031730
26645.000000  0.046776
26689.000000  0.028716
26760.000000  0.063063
26820.000000  0.050950
26823.000000  0.003365
26904.000000  0.018444
27001.000000  0.031523
27097.000000  0.053963
27164.000000  0.056871
27257.000000  0.061845
27326.000000  0.041982
27345.000000  0.031618
27393.000000  0.010750
27503.000000  0.025986
27589.000000  0.037196
27691.000000  0.049775
27778.000000  0.046864
27861.000000  0.047845
27901.000000  0.034435
27903.000000  0.001992
27951.000000  0.020981
28035.000000  0.026139
28132.000000  0.039766
28243.000000  0.054913
28327.000000  0.052363
28404.000000  0.051013
28490.000000  0.055165
28567.000000  0.065071
28593.000000  0.042262
28642.000000  0.056103
28697.000000  0.050656
28700.000000  0.003373
28789.000000  0.041470
28872.000000  0.048793
28953.000000  0.058788
29028.000000  0.051380
29117.000000  0.057074
29212.000000  0.058872
29302.000000  0.065560
29381.000000  0.072672
29462.000000  0.071530
29601.000000  0.091907
29674.000000  0.054884
29739.000000  0.020955
29832.000000  0.036845
29919.000000  0.040358
30013.000000  0.048333
30102.000000  0.033321
30117.000000  0.010383
30119.000000  0.006191
30220.000000  0.033661
30315.000000  0.040927
30428.000000  0.059613
30522.000000  0.059165
30609.000000  0.055886
30700.000000  0.062782
30722.000000  0.022715
30807.000000  0.055066
30890.000000  0.066625
30971.000000  0.075581
31057.000000  0.062295
31149.000000  0.060271
31244.000000  0.065111
31323.000000  0.053436
31412.000000  0.060969
31485.000000  0.064633
31534.000000  0.054719
31598.000000  0.064116
31681.000000  0.085102
31773.000000  0.064080
31878.000000  0.050246
31954.000000  0.061703
32020.000000  0.107652
32090.000000  0.111037
32151.000000  0.155569
32204.000000  0.128827
32247.000000  0.074057
32260.000000  0.023270
32337.000000  0.025579
32441.000000  0.028623
32498.000000  0.028949
32548.000000  0.012273
32598.000000  0.013087
32654.000000  0.016856
32746.000000  0.030620
32829.000000  0.037807
32890.000000  0.026594
32954.000000  0.021116
33017.000000  0.021359
33081.000000  0.021634
33152.000000  0.024470
33236.000000  0.031694
33309.000000  0.031204
33372.000000  0.023117
33444.000000  0.024468
33506.000000  0.023632
33578.000000  0.024282
33642.000000  0.023568
33716.000000  0.025180
33792.000000  0.025947
33867.000000  0.026131
33941.000000  0.025090
34016.000000  0.025205
34091.000000  0.025935
34158.000000  0.027314
34244.000000  0.032627
34290.000000  0.029243
34319.000000  0.023289
34323.000000  0.014321
34406.000000  0.033749
34412.000000  0.006012
34434.000000  0.006555
34461.000000  0.004870
34514.000000  0.019186
34539.000000  0.008798
34620.000000  0.021151
34696.000000  0.021322
34742.000000  0.010805
34759.000000  0.004186
34828.000000  0.018027
34913.000000  0.023275
34949.000000  0.009680
34990.000000  0.009239
35067.000000  0.023366
35150.000000  0.032698
35253.000000  0.045555
35340.000000  0.038580
35386.000000  0.033785
35516.000000  0.025368
35641.000000  0.042471
35745.000000  0.042869
35836.000000  0.050223
35906.000000  0.042112
36006.000000  0.045478
36087.000000  0.043594
36186.000000  0.045296
36287.000000  0.045248
36375.000000  0.058863
36392.000000  0.027718
36394.000000  0.002091
36462.000000  0.054241
36540.000000  0.020955
36617.000000  0.031791
36711.000000  0.044907
36795.000000  0.054241
36882.000000  0.055956
36968.000000  0.056899
37046.000000  0.060504
37105.000000  0.044678
37163.000000  0.056422
37275.000000  0.080249
37326.000000  0.042905
37427.000000  0.057311
37516.000000  0.058047
37590.000000  0.071399
37685.000000  0.077484
37765.000000  0.063150
37847.000000  0.089935
37922.000000  0.054708
38013.000000  0.070563
38091.000000  0.115729
38142.000000  0.168079
38167.000000  0.099556
38234.000000  0.021029
38314.000000  0.029110
38414.000000  0.040988
38498.000000  0.052028
38665.000000  0.077563
38720.000000  0.050477
38752.000000  0.021968
38819.000000  0.035483
38896.000000  0.056726
38945.000000  0.062620
39019.000000  0.056587
39101.000000  0.060809
39157.000000  0.082012
39178.000000  0.063796
39188.000000  0.008341
39223.000000  0.017926
39310.000000  0.035391
39417.000000  0.049877
39573.000000  0.062954
39629.000000  0.056479
39638.000000  0.030758
39673.000000  0.044046
39692.000000  0.028203
39694.000000  0.007297
39695.000000  0.006190
39725.000000  0.061688
39746.000000  0.077839
39824.000000  0.049927
39900.000000  0.041861
39971.000000  0.044091
40077.000000  0.057395
40159.000000  0.039308
40208.000000  0.036869
40210.000000  0.003307
40215.000000  0.012323
40242.000000  0.013185
40267.000000  0.014586
40366.000000  0.061351
40437.000000  0.036972
40514.000000  0.079321
40577.000000  0.048258
40642.000000  0.036610
40645.000000  0.006235
40671.000000  0.516316
40733.000000  0.032724
40743.000000  0.021948
40781.000000  0.035277
40821.000000  0.034210
