216.000000  28.635178
313.000000  25.416506
443.000000  33.945934
511.000000  23.480064
579.000000  24.067604
647.000000  27.046406
699.000000  16.422903
770.000000  15.968513
841.000000  18.152786
921.000000  20.710606
1002.000000  18.571829
1094.000000  30.390327
1176.000000  24.742920
1234.000000  17.872166
1313.000000  16.900982
1374.000000  13.619264
1427.000000  11.271019
1472.000000  9.847656
1523.000000  10.501770
1580.000000  9.881695
1633.000000  9.605867
1689.000000  11.002486
1751.000000  12.114807
1810.000000  12.107057
1881.000000  14.715812
1954.000000  15.830045
2030.000000  18.636408
2095.000000  13.195832
2181.000000  17.813597
2250.000000  17.632221
2297.000000  17.283836
2349.000000  17.359093
2433.000000  24.220242
2534.000000  26.824099
2617.000000  30.279886
2719.000000  23.880110
2809.000000  24.001957
2879.000000  20.083776
2964.000000  17.676016
3052.000000  16.906162
3142.000000  16.089661
3227.000000  15.008005
3298.000000  20.124304
3377.000000  19.357380
3453.000000  18.787436
3477.000000  10.668353
3544.000000  16.087711
3607.000000  13.866032
3662.000000  15.404613
3719.000000  8.626834
3758.000000  7.681754
3806.000000  7.797620
3883.000000  11.834126
3957.000000  10.212719
4029.000000  10.401810
4122.000000  15.246940
4198.000000  13.180182
4280.000000  16.927282
4371.000000  19.858459
4469.000000  19.692577
4495.000000  12.149870
4519.000000  11.691177
4581.000000  9.128852
4632.000000  7.807902
4690.000000  9.117010
4739.000000  7.711001
4793.000000  7.747494
4838.000000  7.414396
4929.000000  14.000010
5036.000000  17.128649
5143.000000  23.355780
5236.000000  22.691908
5349.000000  24.169296
5444.000000  23.780416
5496.000000  12.473310
5590.000000  22.673931
5665.000000  23.108795
5750.000000  23.094963
5836.000000  26.390314
5914.000000  23.398252
5993.000000  18.485748
6070.000000  22.635616
6154.000000  23.702862
6201.000000  9.033563
6304.000000  24.456680
6373.000000  21.595781
6462.000000  31.336916
6544.000000  28.154457
6632.000000  22.388920
6724.000000  22.464626
6803.000000  19.881378
6880.000000  21.217194
6958.000000  25.729927
7029.000000  28.064644
7106.000000  24.808561
7191.000000  25.379360
7278.000000  26.547363
7372.000000  24.741028
7448.000000  17.281906
7551.000000  20.270262
7623.000000  23.361460
7670.000000  30.189934
7727.000000  40.145668
7771.000000  41.711349
7802.000000  55.463230
7810.000000  2.805318
7960.000000  16.307999
8042.000000  11.479308
8121.000000  12.854918
8210.000000  15.959163
8320.000000  19.983278
8400.000000  21.581150
8484.000000  20.164278
8568.000000  21.539761
8661.000000  22.932547
8727.000000  20.688192
8817.000000  17.383135
8872.000000  9.305234
8904.000000  3.451341
8908.000000  1.064752
8939.000000  4.494137
8976.000000  4.668618
8998.000000  2.704779
9101.000000  17.026772
9245.000000  27.912390
9303.000000  26.796051
9381.000000  28.209936
9487.000000  25.733004
9571.000000  24.549374
9671.000000  22.930719
9774.000000  17.277958
9885.000000  24.544104
9987.000000  22.939171
10076.000000  16.878042
10171.000000  22.135426
10249.000000  21.923155
10333.000000  20.190708
10419.000000  17.575069
10498.000000  16.626318
10606.000000  18.519442
10687.000000  18.081186
10767.000000  24.986649
10844.000000  17.028309
10932.000000  27.018234
10991.000000  30.270243
11067.000000  31.832651
11146.000000  31.688953
11226.000000  32.282352
11277.000000  31.225142
11329.000000  34.282200
11385.000000  30.773235
11463.000000  33.661892
11512.000000  39.947678
11517.000000  35.701019
11580.000000  34.296181
11622.000000  24.263397
11695.000000  43.489422
11700.000000  52.901958
11703.000000  44.432098
11707.000000  14.456433
11715.000000  14.974792
11827.000000  10.535773
11900.000000  10.887514
11944.000000  5.797900
11979.000000  6.877706
11982.000000  2.527430
12073.000000  13.664253
12135.000000  14.434250
12208.000000  17.534466
12285.000000  21.856277
12372.000000  21.790625
12405.000000  23.702915
12419.000000  3.543177
12494.000000  7.715355
12589.000000  11.522019
12696.000000  15.030167
12797.000000  17.802425
12896.000000  15.010232
12972.000000  15.111756
12989.000000  13.132554
13016.000000  12.252782
13027.000000  4.165885
13083.000000  7.589853
13192.000000  10.553713
13274.000000  13.493090
13376.000000  18.691755
13453.000000  15.816990
13544.000000  19.336178
13600.000000  17.065815
13626.000000  8.733036
13628.000000  9.479440
13700.000000  7.999497
13783.000000  10.371743
13866.000000  13.112046
13961.000000  15.809928
14017.000000  12.972498
14105.000000  18.106422
14149.000000  12.897985
14203.000000  13.087039
14287.000000  17.308350
14314.000000  13.973451
14399.000000  21.378517
14450.000000  18.018181
14457.000000  2.790475
14559.000000  10.603961
14638.000000  14.206554
14746.000000  19.383287
14832.000000  18.345913
14912.000000  18.018333
14997.000000  19.718929
15083.000000  21.121805
15160.000000  18.424232
15239.000000  17.412134
15319.000000  16.300293
15403.000000  17.605906
15492.000000  18.183626
15560.000000  14.887741
15629.000000  16.333715
15703.000000  17.038816
15782.000000  25.100426
15891.000000  20.811970
15970.000000  16.033983
16051.000000  18.158119
16140.000000  16.200378
16223.000000  19.109198
16319.000000  17.610220
16404.000000  17.643101
16489.000000  20.688005
16568.000000  16.647818
16647.000000  16.124939
16735.000000  19.271202
16821.000000  17.456181
16906.000000  17.677664
16977.000000  13.255064
17076.000000  18.245102
17114.000000  12.634881
17200.000000  16.257641
17301.000000  19.407175
17387.000000  17.067839
17466.000000  16.144640
17550.000000  14.224585
17635.000000  15.114929
17718.000000  16.270199
17793.000000  11.670972
17904.000000  20.078922
18047.000000  23.481079
18121.000000  18.979803
18222.000000  20.934483
18316.000000  19.455893
18403.000000  16.026180
18485.000000  22.998629
18585.000000  17.835327
18702.000000  19.923985
18788.000000  15.990252
18887.000000  18.086092
18974.000000  17.767473
19076.000000  24.164383
19185.000000  17.081522
19291.000000  24.260530
19356.000000  26.001492
19415.000000  28.917841
19488.000000  24.266037
19619.000000  29.576031
19678.000000  29.215639
19790.000000  28.823355
19860.000000  19.627430
19943.000000  20.905254
20035.000000  24.878506
20115.000000  27.507786
20182.000000  25.440914
20277.000000  28.491989
20335.000000  35.097797
20393.000000  37.021400
20449.000000  36.069645
20535.000000  32.512089
20642.000000  23.504093
20744.000000  26.772377
20821.000000  9.105462
20902.000000  10.869557
20995.000000  11.052155
21070.000000  14.308798
21143.000000  31.247458
21168.000000  40.777485
21170.000000  36.193947
21180.000000  36.513809
21265.000000  39.471222
21318.000000  42.962540
21338.000000  21.303370
21378.000000  24.448202
21484.000000  24.612858
21530.000000  25.434917
21609.000000  29.266119
21696.000000  41.921738
21715.000000  51.742310
21766.000000  52.352558
21803.000000  55.793129
21844.000000  50.835739
21901.000000  39.301411
21961.000000  52.950363
22012.000000  34.554562
22031.000000  36.760582
22071.000000  61.081158
22082.000000  55.309753
22168.000000  53.812004
22239.000000  51.043476
22325.000000  43.062408
22408.000000  35.307209
22495.000000  50.211708
22563.000000  29.835346
22605.000000  47.199707
22654.000000  43.105976
22693.000000  41.553490
22757.000000  54.672058
22776.000000  40.600212
22842.000000  14.751129
22937.000000  12.918790
23000.000000  7.842659
23071.000000  7.097334
23131.000000  6.412299
23181.000000  4.942000
23230.000000  4.871060
23294.000000  5.737165
23364.000000  7.565167
23428.000000  7.206855
23478.000000  6.385375
23533.000000  4.699924
23583.000000  4.840143
23640.000000  6.514505
23717.000000  7.421888
23810.000000  9.992116
23871.000000  7.457007
23933.000000  6.661627
23992.000000  7.347873
24052.000000  6.321585
24114.000000  6.086279
24189.000000  7.484611
24264.000000  6.834249
24337.000000  6.631765
24399.000000  6.161815
24473.000000  6.782312
24547.000000  6.768588
24606.000000  5.851730
24668.000000  6.357509
24738.000000  7.811454
24766.000000  3.838873
24827.000000  5.283762
24885.000000  6.605268
24944.000000  5.324502
25023.000000  7.757368
25090.000000  5.742781
25194.000000  9.432844
25282.000000  12.296635
25323.000000  3.125472
25364.000000  3.104462
25412.000000  3.273286
25480.000000  3.970467
25534.000000  4.985305
25698.000000  9.771390
25779.000000  7.596705
25875.000000  11.532452
25967.000000  13.265461
26026.000000  14.771030
26033.000000  5.432577
26100.000000  12.577475
26181.000000  16.210300
26265.000000  16.415483
26344.000000  14.611522
26422.000000  11.975810
26510.000000  17.875828
26579.000000  12.578447
26605.000000  7.690269
26650.000000  14.142704
26656.000000  9.263863
26657.000000  0.090585
26693.000000  4.585742
26768.000000  7.076517
26867.000000  10.769883
26961.000000  13.328555
27035.000000  12.236420
27112.000000  11.950112
27164.000000  8.352387
27262.000000  9.907644
27352.000000  14.267188
27447.000000  15.768060
27528.000000  14.136866
27617.000000  12.458877
27696.000000  14.696404
27766.000000  12.122653
27840.000000  12.974273
27910.000000  13.767743
27994.000000  18.170116
28086.000000  19.929003
28105.000000  8.155096
28105.000000  0.204263
28190.000000  18.451565
28258.000000  21.684017
28329.000000  22.973207
28407.000000  20.594685
28498.000000  13.579446
28568.000000  13.158844
28655.000000  15.392449
28698.000000  10.692731
28768.000000  19.212336
28810.000000  26.661322
28867.000000  20.129448
28892.000000  8.029354
29007.000000  9.779768
29095.000000  14.209832
29205.000000  14.946018
29288.000000  13.408960
29369.000000  13.493833
29471.000000  18.013514
29542.000000  13.017946
29612.000000  10.642188
29673.000000  10.695450
29751.000000  13.372806
29817.000000  17.505037
29910.000000  15.133086
29997.000000  12.778394
30081.000000  11.890455
30159.000000  13.517566
30239.000000  11.850350
30314.000000  12.095071
30415.000000  13.149619
30519.000000  10.482606
30580.000000  12.547877
30647.000000  17.364874
30735.000000  20.451742
30801.000000  30.168108
30871.000000  23.184551
30942.000000  19.184917
30972.000000  8.995436
31038.000000  7.119996
31115.000000  6.867880
31242.000000  9.180824
31347.000000  10.276688
31437.000000  10.695518
31529.000000  12.548857
31614.000000  12.394113
31681.000000  13.790295
31741.000000  15.171870
31765.000000  12.095357
31835.000000  11.283682
31872.000000  4.522028
31933.000000  4.129208
32008.000000  8.337224
32102.000000  8.900994
32174.000000  7.935256
32247.000000  7.645587
32297.000000  5.883965
32298.000000  0.502699
32299.000000  1.123520
32377.000000  6.614643
32445.000000  8.449148
32531.000000  10.518638
32619.000000  12.878819
32694.000000  9.671865
32743.000000  7.515344
32745.000000  0.482925
32748.000000  1.457678
32816.000000  5.159563
32906.000000  9.261320
32991.000000  10.530747
33067.000000  8.013468
33156.000000  7.639506
33171.000000  2.491170
33172.000000  1.808352
33255.000000  17.914455
33346.000000  7.294472
33440.000000  8.994305
33542.000000  11.375409
33604.000000  8.134145
33696.000000  10.761501
33743.000000  10.195452
33806.000000  11.768837
33879.000000  10.410873
33928.000000  12.507160
33962.000000  11.070313
33997.000000  8.764839
33998.000000  0.513409
34077.000000  4.207861
34170.000000  6.939051
34252.000000  8.345110
34361.000000  11.912572
34433.000000  10.086649
34510.000000  11.437211
34552.000000  9.050802
34593.000000  2.711298
34668.000000  5.039303
34766.000000  8.065773
34868.000000  11.543307
34957.000000  15.942698
35058.000000  12.243928
35078.000000  4.521054
35081.000000  1.578085
35112.000000  12.371912
35149.000000  7.441728
35216.000000  6.236366
35264.000000  4.367322
35308.000000  3.604227
35381.000000  5.060597
35442.000000  5.174778
35535.000000  5.050123
35655.000000  8.707109
35767.000000  9.748672
35869.000000  8.015731
35935.000000  7.499673
36003.000000  5.838583
36098.000000  5.450668
36154.000000  4.586005
36223.000000  5.124876
36254.000000  3.893146
36288.000000  5.822212
36317.000000  3.539358
36386.000000  4.504807
36441.000000  4.777902
36525.000000  5.057866
36550.000000  3.402153
36562.000000  1.307953
36606.000000  4.690849
36636.000000  4.098069
36653.000000  3.001146
36822.000000  8.912182
36898.000000  8.547839
37005.000000  10.245727
37084.000000  12.230442
37154.000000  9.217993
37231.000000  10.196146
37314.000000  10.705200
37394.000000  10.558667
37492.000000  10.458512
37573.000000  10.229853
37651.000000  14.086716
37659.000000  4.713596
37663.000000  1.532992
37761.000000  6.705651
37839.000000  6.701954
37947.000000  7.331829
38009.000000  7.239492
38114.000000  9.817952
38217.000000  11.700926
38340.000000  11.268376
38362.000000  6.227217
38435.000000  9.296909
38512.000000  6.978782
38578.000000  5.654596
38638.000000  5.202243
38702.000000  5.778661
38729.000000  3.310118
38783.000000  6.987259
38813.000000  5.223239
38881.000000  4.824636
38961.000000  6.069154
38999.000000  3.666182
39017.000000  1.208920
39036.000000  1.649266
39111.000000  6.334620
39178.000000  6.928288
39226.000000  4.111374
39271.000000  2.751460
39277.000000  1.560798
39362.000000  5.571566
39456.000000  8.454554
39537.000000  9.131109
39602.000000  8.975986
39688.000000  9.034335
39695.000000  5.594600
39743.000000  6.973286
39768.000000  3.174055
39794.000000  4.001398
39818.000000  3.603595
39860.000000  16.498297
39930.000000  8.939268
40025.000000  10.627721
40132.000000  12.837961
40219.000000  12.296941
40295.000000  15.441674
40324.000000  9.462543
40377.000000  10.000891
40462.000000  7.549580
40542.000000  10.127131
40636.000000  12.562246
40787.000000  14.987679
40801.000000  4.022196
40814.000000  6.977674
40817.000000  1.555107
