269.000000  0.180319
338.000000  0.170583
383.000000  0.201004
436.000000  0.185637
497.000000  0.195701
540.000000  0.204161
562.000000  0.197104
617.000000  0.228995
666.000000  0.231846
706.000000  0.220663
760.000000  0.263159
836.000000  0.242232
864.000000  0.267079
897.000000  0.257362
929.000000  0.261959
973.000000  0.277345
1026.000000  0.270349
1065.000000  0.257808
1125.000000  0.265589
1176.000000  0.275299
1233.000000  0.310004
1279.000000  0.319728
1309.000000  0.310867
1344.000000  0.299268
1383.000000  0.318584
1415.000000  0.322093
1446.000000  0.292632
1475.000000  0.323431
1489.000000  0.325067
1510.000000  0.313631
1528.000000  0.319174
1553.000000  0.349234
1590.000000  0.335020
1620.000000  0.347631
1666.000000  0.323877
1723.000000  0.358671
1774.000000  0.335727
1803.000000  0.348586
1850.000000  0.378768
1890.000000  0.358265
1906.000000  0.381719
1964.000000  0.389112
2006.000000  0.381776
2026.000000  0.399418
2052.000000  0.382330
2080.000000  0.369886
2118.000000  0.367620
2169.000000  0.382263
2227.000000  0.405096
2265.000000  0.391396
2309.000000  0.400146
2360.000000  0.418964
2406.000000  0.439692
2453.000000  0.442888
2480.000000  0.435352
2509.000000  0.418870
2547.000000  0.460141
2572.000000  0.443106
2616.000000  0.451452
2637.000000  0.485873
2668.000000  0.481725
2718.000000  0.467306
2742.000000  0.475985
2777.000000  0.502262
2813.000000  0.462092
2854.000000  0.480177
2897.000000  0.506394
2938.000000  0.501909
2956.000000  0.503366
2987.000000  0.493245
3004.000000  0.497736
3036.000000  0.520624
3060.000000  0.514163
3089.000000  0.502464
3110.000000  0.510675
3127.000000  0.512325
3169.000000  0.532844
3174.000000  0.562882
3210.000000  0.512239
3244.000000  0.528667
3273.000000  0.626113
3327.000000  0.539893
3384.000000  0.545687
3426.000000  0.535455
3467.000000  0.564928
3502.000000  0.566284
3547.000000  0.571531
3592.000000  0.578955
3641.000000  0.572225
3683.000000  0.575821
3747.000000  0.596121
3800.000000  0.615091
3850.000000  0.620685
3910.000000  0.594175
3953.000000  0.611064
3991.000000  0.612384
4038.000000  0.601974
4100.000000  0.601872
4135.000000  0.631312
4164.000000  0.646494
4192.000000  0.639557
4217.000000  0.646730
4243.000000  0.657653
4264.000000  0.656618
4294.000000  0.664504
4326.000000  0.657817
4352.000000  0.665337
4395.000000  0.662187
4422.000000  0.677987
4445.000000  0.665217
4462.000000  0.660762
4495.000000  0.713481
4535.000000  0.662691
4555.000000  0.697083
4574.000000  0.684672
4591.000000  0.673572
4626.000000  0.673876
4640.000000  0.665911
4675.000000  0.685472
4706.000000  0.681990
4737.000000  0.706101
4776.000000  0.708284
4809.000000  0.711922
4838.000000  0.696814
4856.000000  0.703859
4873.000000  0.696219
4903.000000  0.707876
4952.000000  0.734145
5008.000000  0.699378
5049.000000  0.741125
5103.000000  0.732146
5141.000000  0.748207
5168.000000  0.747367
5213.000000  0.733250
5275.000000  0.761173
5329.000000  0.792892
5377.000000  0.754437
5443.000000  0.759660
5503.000000  0.815369
5539.000000  0.794794
5599.000000  0.861490
5643.000000  0.826339
5694.000000  0.786308
5739.000000  0.822899
5777.000000  0.875208
5825.000000  0.834852
5870.000000  0.824823
5898.000000  0.837293
5929.000000  0.835887
5989.000000  0.840004
6021.000000  0.864810
6059.000000  0.860950
6094.000000  0.853592
6118.000000  0.879848
6150.000000  0.857468
6163.000000  0.863828
6189.000000  0.870671
6205.000000  0.842579
6227.000000  0.914815
6250.000000  0.908100
6292.000000  0.888273
6344.000000  0.900670
6409.000000  0.898802
6470.000000  0.927394
6514.000000  0.937523
6571.000000  0.884591
6631.000000  0.927555
6679.000000  0.951753
6739.000000  0.929207
6781.000000  0.963966
6837.000000  0.981646
6894.000000  0.984189
6944.000000  0.935017
6970.000000  0.973273
7010.000000  0.969800
7044.000000  0.973605
7080.000000  0.975407
7116.000000  0.967091
7138.000000  0.955245
7159.000000  0.971373
7180.000000  0.944932
7195.000000  0.974774
7222.000000  0.993365
7249.000000  0.982574
7270.000000  0.985854
7281.000000  1.033132
7310.000000  0.996688
7332.000000  1.038085
7360.000000  1.011845
7388.000000  1.079818
7425.000000  1.018728
7480.000000  1.073212
7519.000000  1.031741
7576.000000  0.995999
7617.000000  1.022831
7660.000000  1.041221
7723.000000  1.064099
7795.000000  1.144093
7844.000000  1.097971
7897.000000  1.122464
7936.000000  1.101632
7967.000000  1.078058
7999.000000  1.107356
8032.000000  1.062628
8052.000000  1.098501
8071.000000  1.120110
8087.000000  1.099828
8105.000000  1.100031
8127.000000  1.049697
8150.000000  1.068562
8170.000000  1.094677
8186.000000  1.067014
8239.000000  1.099207
8267.000000  1.122154
8302.000000  1.130089
8339.000000  1.132765
8414.000000  1.121916
8482.000000  1.152942
8535.000000  1.114949
8602.000000  1.128801
8659.000000  1.123574
8693.000000  1.120485
8716.000000  1.146242
8755.000000  1.114392
8791.000000  1.134859
8820.000000  1.158951
8849.000000  1.142937
8875.000000  1.236743
8886.000000  1.190221
8904.000000  1.136566
8911.000000  1.134066
8929.000000  1.167114
8945.000000  1.174639
8982.000000  1.173731
9013.000000  1.175491
9035.000000  1.168384
9056.000000  1.222460
9075.000000  1.219640
9089.000000  1.167108
9105.000000  1.191521
9152.000000  1.167708
9202.000000  1.183867
9239.000000  1.223663
9272.000000  1.230711
9309.000000  1.218528
9349.000000  1.178076
9367.000000  1.222774
9385.000000  1.211233
9405.000000  1.256234
9427.000000  1.270203
9459.000000  1.209914
9500.000000  1.234778
9533.000000  1.198858
9568.000000  1.240991
9591.000000  1.316074
9605.000000  1.262458
9623.000000  1.263980
9640.000000  1.232162
9657.000000  1.241029
9672.000000  1.223011
9692.000000  1.212419
9710.000000  1.224143
9732.000000  1.295673
9747.000000  1.255770
9785.000000  1.271394
9818.000000  1.231892
9840.000000  1.284793
9847.000000  1.313122
9857.000000  1.307755
9867.000000  1.213145
9880.000000  1.248221
9881.000000  1.263539
9915.000000  1.227416
9945.000000  1.299497
9966.000000  1.290753
9985.000000  1.238719
9993.000000  1.251619
10012.000000  1.284398
10041.000000  1.317889
10049.000000  1.276674
10072.000000  1.280121
10112.000000  1.268159
10140.000000  1.319523
10153.000000  1.293288
10180.000000  1.274486
10221.000000  1.327198
10248.000000  1.315258
10274.000000  1.318837
10311.000000  1.353008
10333.000000  1.330868
10355.000000  1.316668
10371.000000  1.263625
10375.000000  1.312721
10377.000000  1.344406
