995.000000  70.562233
1296.000000  77.251480
1597.000000  79.127197
1885.000000  77.583405
2120.000000  77.789215
2355.000000  76.619545
2660.000000  78.133713
2907.000000  75.295494
3191.000000  74.700340
3462.000000  76.246979
3756.000000  75.001244
4045.000000  75.153114
4417.000000  77.737671
4712.000000  76.304482
4960.000000  75.126289
5233.000000  75.367844
5449.000000  73.544838
5619.000000  61.417389
5799.000000  63.067459
5949.000000  65.742615
6122.000000  62.273609
6266.000000  61.948364
6434.000000  64.995560
6608.000000  62.057663
6799.000000  67.261902
6990.000000  58.225430
6990.000000  0.198461
7197.000000  56.251740
7431.000000  58.259171
7629.000000  57.074898
7815.000000  46.791088
7984.000000  55.599964
8205.000000  50.159096
8396.000000  53.393906
8536.000000  35.773373
8667.000000  34.727367
8809.000000  51.100304
8934.000000  45.788937
9090.000000  55.397076
9227.000000  49.884800
9401.000000  44.679443
9609.000000  53.157681
9846.000000  59.297626
10117.000000  54.988132
10283.000000  50.811535
10380.000000  27.589870
10485.000000  50.300236
10659.000000  51.995129
10715.000000  47.026436
10858.000000  41.941017
10969.000000  22.802635
11049.000000  47.310349
11181.000000  36.598934
11360.000000  48.963173
11444.000000  28.529388
11569.000000  36.359318
11689.000000  39.925228
11952.000000  50.651699
12189.000000  52.422123
12461.000000  55.981541
12795.000000  60.383171
13116.000000  56.740318
13381.000000  57.367592
13601.000000  58.737026
13722.000000  53.537899
13781.000000  51.259232
13957.000000  56.965752
14150.000000  51.460987
14356.000000  52.509583
14535.000000  47.339607
14684.000000  38.071320
14803.000000  39.455311
14950.000000  39.785786
15097.000000  41.412663
15320.000000  38.714748
15558.000000  44.997379
15836.000000  54.484062
16147.000000  50.085026
16411.000000  49.816902
16705.000000  51.566154
16950.000000  46.208305
17263.000000  47.490231
17575.000000  51.985687
17841.000000  49.975040
18085.000000  47.465275
18322.000000  43.477104
18590.000000  49.365433
18877.000000  50.747967
19129.000000  49.526604
19330.000000  49.469498
19501.000000  33.551975
19668.000000  47.483959
19861.000000  53.903805
20172.000000  56.721272
20403.000000  57.121861
20630.000000  55.728767
20896.000000  64.405769
21177.000000  70.508087
21470.000000  54.735619
21673.000000  51.835400
21815.000000  48.157555
22022.000000  47.587749
22209.000000  49.713478
22372.000000  45.857243
22553.000000  53.581226
22742.000000  56.165268
22904.000000  43.283298
23081.000000  43.075401
23280.000000  33.832382
23464.000000  41.675816
23737.000000  54.368073
24020.000000  63.508953
24228.000000  64.364258
24542.000000  59.443092
24726.000000  56.166901
24922.000000  57.136311
25114.000000  63.095028
25216.000000  55.284470
25307.000000  58.901775
25380.000000  62.616570
25462.000000  64.531799
25645.000000  65.082741
25759.000000  58.733185
25844.000000  53.309093
25926.000000  48.491211
25972.000000  46.615280
26024.000000  10.179715
26063.000000  5.433303
26145.000000  19.571142
26254.000000  17.655973
26336.000000  15.759498
26441.000000  20.226105
26573.000000  20.424786
26698.000000  26.604944
26823.000000  27.286041
26934.000000  22.780428
27170.000000  58.378582
27384.000000  63.147724
27572.000000  64.745346
27740.000000  62.544453
27885.000000  62.032978
28070.000000  64.283356
28235.000000  63.291759
28435.000000  61.730927
28494.000000  56.151897
28681.000000  58.115803
28880.000000  70.372566
28934.000000  14.274788
29004.000000  15.607045
29192.000000  33.177505
29420.000000  36.310001
29620.000000  32.840435
29744.000000  24.975582
29892.000000  32.959602
30134.000000  37.200436
30428.000000  42.062210
30695.000000  38.656258
30891.000000  31.871277
31148.000000  34.704048
31449.000000  34.471062
31615.000000  30.709373
31785.000000  32.712097
32040.000000  32.285233
32348.000000  31.576839
32548.000000  30.068298
32756.000000  29.882236
32980.000000  35.048096
33163.000000  31.684420
33294.000000  27.841400
33453.000000  27.929111
33628.000000  32.622509
33779.000000  34.119526
33828.000000  22.363697
33983.000000  30.348572
34130.000000  26.406366
34226.000000  21.218376
34362.000000  21.833178
34603.000000  30.079729
34742.000000  25.329136
34886.000000  31.514254
35014.000000  25.705538
35033.000000  11.200932
35223.000000  25.299665
35368.000000  24.101391
35476.000000  21.220823
35568.000000  18.598360
35668.000000  8.171893
35729.000000  7.293138
35784.000000  5.371324
35880.000000  11.529559
36004.000000  21.428198
36131.000000  24.136106
36323.000000  31.391918
36524.000000  21.587809
36693.000000  25.517130
36851.000000  20.691971
36981.000000  26.649740
37123.000000  29.449581
37187.000000  33.643986
37260.000000  27.563488
37407.000000  37.482162
37511.000000  37.108376
37591.000000  40.552757
37665.000000  54.351788
37747.000000  46.884167
37796.000000  5.930505
37830.000000  4.761192
37966.000000  8.229976
38074.000000  15.223016
38106.000000  15.204867
38235.000000  17.970289
38290.000000  10.177689
38324.000000  6.201117
38360.000000  4.374208
38402.000000  2.727391
38456.000000  5.094596
38553.000000  8.108859
38595.000000  4.623850
38631.000000  2.807333
38653.000000  2.133020
38688.000000  4.781824
38697.000000  12.054790
38767.000000  5.761086
38848.000000  11.427297
38956.000000  11.149717
39070.000000  13.188984
39116.000000  12.009855
39177.000000  9.010576
39260.000000  9.505046
39351.000000  12.992731
39453.000000  13.086300
39511.000000  12.053495
39520.000000  3.851345
39576.000000  10.628239
39608.000000  10.886287
39612.000000  19.728127
39676.000000  11.340089
39703.000000  12.783827
39792.000000  9.512657
39862.000000  7.751068
39939.000000  3.570209
40018.000000  6.609686
40106.000000  15.134851
40277.000000  18.932407
40450.000000  20.237909
40540.000000  18.615112
40564.000000  13.279280
40650.000000  14.743224
40745.000000  20.107279
40767.000000  11.193459
40822.000000  15.598233
