995.000000  0.014999
1296.000000  -0.000333
1597.000000  -0.000994
1885.000000  0.000289
2120.000000  -0.000462
2355.000000  0.002072
2660.000000  -0.001653
2907.000000  0.003253
3191.000000  0.006957
3462.000000  -0.009832
3756.000000  0.000425
4045.000000  -0.000421
4417.000000  0.000059
4712.000000  0.002240
4960.000000  -0.001942
5233.000000  0.001131
5449.000000  0.000266
5619.000000  -0.001210
5799.000000  0.004105
5949.000000  -0.004199
6122.000000  0.000068
6266.000000  0.000194
6434.000000  0.001041
6608.000000  0.006919
6799.000000  -0.006877
6990.000000  -0.000312
6990.000000  0.000860
7197.000000  0.000343
7431.000000  0.002957
7629.000000  -0.000749
7815.000000  0.043571
7984.000000  -0.039828
8205.000000  -0.002127
8396.000000  -0.002961
8536.000000  0.008942
8667.000000  -0.008176
8809.000000  0.000550
8934.000000  0.008928
9090.000000  -0.009911
9227.000000  0.028068
9401.000000  0.059569
9609.000000  -0.069410
9846.000000  0.001432
10117.000000  0.010799
10283.000000  -0.005280
10380.000000  0.065276
10485.000000  -0.084371
10659.000000  0.027465
10715.000000  -0.014907
10858.000000  0.060291
10969.000000  0.205492
11049.000000  -0.274412
11181.000000  0.013551
11360.000000  -0.012358
11444.000000  0.182469
11569.000000  -0.060051
11689.000000  -0.098240
11952.000000  -0.000711
12189.000000  0.004347
12461.000000  0.010805
12795.000000  -0.010709
13116.000000  0.025638
13381.000000  -0.037164
13601.000000  -0.009044
13722.000000  0.000793
13781.000000  -0.005718
13957.000000  0.000249
14150.000000  0.009734
14356.000000  -0.011308
14535.000000  0.005563
14684.000000  0.006682
14803.000000  -0.014419
14950.000000  0.009881
15097.000000  -0.003124
15320.000000  0.041948
15558.000000  -0.003496
15836.000000  -0.036583
16147.000000  0.027227
16411.000000  0.002508
16705.000000  0.000821
16950.000000  -0.002094
17263.000000  -0.009472
17575.000000  0.002806
17841.000000  0.005887
18085.000000  -0.010243
18322.000000  0.014088
18590.000000  -0.026189
18877.000000  -0.000001
19129.000000  0.008241
19330.000000  -0.006577
19501.000000  0.006207
19668.000000  -0.000816
19861.000000  -0.008501
20172.000000  0.006854
20403.000000  0.001273
20630.000000  0.006078
20896.000000  -0.003591
21177.000000  -0.008382
21470.000000  0.010474
21673.000000  -0.004662
21815.000000  -0.009446
22022.000000  0.002816
22209.000000  0.004983
22372.000000  -0.005141
22553.000000  -0.003117
22742.000000  0.020754
22904.000000  -0.017983
23081.000000  0.004037
23280.000000  0.153135
23464.000000  -0.070737
23737.000000  -0.081502
24020.000000  -0.021192
24228.000000  -0.004208
24542.000000  0.008559
24726.000000  -0.008253
24922.000000  -0.000861
25114.000000  0.000114
25216.000000  0.006921
25307.000000  -0.009101
25380.000000  0.003148
25462.000000  -0.004214
25645.000000  -0.000864
25759.000000  0.000417
25844.000000  -0.001087
25926.000000  0.003371
25972.000000  -0.002929
26024.000000  -0.000602
26063.000000  -0.000754
26145.000000  0.001164
26254.000000  0.000602
26336.000000  0.000479
26441.000000  0.004227
26573.000000  -0.004514
26698.000000  0.002981
26823.000000  -0.003669
26934.000000  0.000421
27170.000000  0.000578
27384.000000  -0.000279
27572.000000  -0.000386
27740.000000  0.000847
27885.000000  -0.001257
28070.000000  -0.000440
28235.000000  0.002647
28435.000000  -0.002898
28494.000000  -0.000282
28681.000000  0.000625
28880.000000  0.011630
28934.000000  -0.012990
29004.000000  -0.000570
29192.000000  0.002037
29420.000000  -0.002076
29620.000000  0.001480
29744.000000  0.000460
29892.000000  -0.000879
30134.000000  0.001387
30428.000000  0.002505
30695.000000  0.010557
30891.000000  -0.013915
31148.000000  0.000163
31449.000000  0.001618
31615.000000  0.006109
31785.000000  -0.005177
32040.000000  0.000386
32348.000000  -0.002348
32548.000000  0.006661
32756.000000  -0.007414
32980.000000  0.001136
33163.000000  0.011122
33294.000000  -0.011177
33453.000000  0.000675
33628.000000  -0.000389
33779.000000  -0.000982
33828.000000  0.008014
33983.000000  -0.005932
34130.000000  -0.002209
34226.000000  -0.000270
34362.000000  0.000468
34603.000000  -0.000496
34742.000000  0.001909
34886.000000  0.004932
35014.000000  -0.002823
35033.000000  -0.004169
35223.000000  0.003686
35368.000000  -0.002931
35476.000000  0.006735
35568.000000  -0.006021
35668.000000  -0.000844
35729.000000  0.000987
35784.000000  0.002135
35880.000000  0.007716
36004.000000  -0.010854
36131.000000  -0.000632
36323.000000  0.013420
36524.000000  -0.013646
36693.000000  -0.000051
36851.000000  0.002717
36981.000000  -0.000912
37123.000000  -0.001653
37187.000000  -0.000403
37260.000000  0.001367
37407.000000  -0.001051
37511.000000  0.001150
37591.000000  -0.002546
37665.000000  0.000798
37747.000000  -0.000397
37796.000000  -0.000842
37830.000000  0.000871
37966.000000  0.000089
38074.000000  -0.001021
38106.000000  0.002362
38235.000000  -0.001768
38290.000000  -0.000797
38324.000000  -0.000947
38360.000000  0.002027
38402.000000  -0.000191
38456.000000  0.005928
38553.000000  -0.006625
38595.000000  0.001692
38631.000000  -0.002242
38653.000000  0.000741
38688.000000  -0.000366
38697.000000  -0.001079
38767.000000  0.002562
38848.000000  -0.001708
38956.000000  0.000850
39070.000000  0.002772
39116.000000  -0.003322
39177.000000  0.001394
39260.000000  -0.002661
39351.000000  0.001279
39453.000000  0.000959
39511.000000  0.000458
39520.000000  -0.001773
39576.000000  -0.000258
39608.000000  0.000532
39612.000000  0.000558
39676.000000  -0.002036
39703.000000  0.000851
39792.000000  -0.000765
39862.000000  0.001711
39939.000000  0.000231
40018.000000  -0.000106
40106.000000  -0.001031
40277.000000  0.000205
40450.000000  0.000397
40540.000000  -0.000623
40564.000000  0.000908
40650.000000  -0.001666
40745.000000  0.000591
40767.000000  0.001023
40822.000000  -0.001928
