995.000000  62.228127
1247.000000  61.718060
1461.000000  57.497906
1717.000000  57.128990
1963.000000  61.449917
2247.000000  65.546165
2621.000000  64.905998
2973.000000  65.349785
3305.000000  63.637154
3589.000000  63.125259
3885.000000  58.498924
4182.000000  59.076351
4278.000000  53.231537
4613.000000  59.233810
4899.000000  57.941555
5132.000000  49.552124
5280.000000  34.468674
5413.000000  48.910114
5593.000000  51.454025
5752.000000  51.193665
5920.000000  52.501225
6093.000000  40.950874
6316.000000  52.373844
6558.000000  47.920460
6834.000000  49.283112
7097.000000  45.590122
7323.000000  42.392868
7560.000000  45.039810
7763.000000  41.983765
7956.000000  36.428158
8173.000000  34.432144
8356.000000  32.797314
8522.000000  34.847061
8567.000000  27.522511
8738.000000  36.608837
8877.000000  37.819164
9039.000000  34.489315
9181.000000  38.065624
9400.000000  38.094566
9661.000000  45.174713
9868.000000  41.380684
10069.000000  37.812782
10241.000000  36.396320
10444.000000  44.216774
10619.000000  34.754929
10839.000000  38.665466
10996.000000  38.296597
11253.000000  40.530350
11475.000000  37.869568
11657.000000  29.262442
11769.000000  27.436287
11936.000000  40.559120
12122.000000  33.491783
12306.000000  35.678082
12492.000000  35.189133
12641.000000  35.149406
12824.000000  32.963875
12974.000000  35.633892
13182.000000  40.003128
13352.000000  33.577644
13546.000000  32.387028
13760.000000  35.111130
13947.000000  35.732437
14149.000000  36.550476
14442.000000  45.394238
14684.000000  41.930180
14944.000000  48.887791
15193.000000  46.332981
15468.000000  46.092529
15676.000000  39.131222
15886.000000  39.315113
16043.000000  32.725983
16224.000000  29.179546
16465.000000  29.225079
16652.000000  32.346668
16845.000000  33.472198
17076.000000  38.303699
17293.000000  33.696243
17534.000000  40.211765
17740.000000  33.481987
17853.000000  33.016285
17945.000000  14.978234
18030.000000  22.336378
18127.000000  27.826330
18225.000000  24.684490
18319.000000  28.003094
18420.000000  26.466232
18450.000000  22.436089
18541.000000  25.941477
18735.000000  35.647285
18859.000000  27.728268
18947.000000  25.342110
19031.000000  27.747589
19114.000000  30.144825
19242.000000  29.273420
19360.000000  25.893167
19469.000000  34.805443
19602.000000  29.777277
19768.000000  37.513073
19989.000000  38.064869
20260.000000  35.231888
20539.000000  38.964439
20821.000000  45.267696
21196.000000  45.210735
21494.000000  43.691051
21782.000000  41.693886
22038.000000  40.787289
22233.000000  32.595287
22428.000000  30.844753
22564.000000  27.293850
22758.000000  32.537910
22941.000000  42.330608
23112.000000  44.950287
23326.000000  40.938305
23453.000000  34.428883
23537.000000  29.282402
23642.000000  32.624615
23821.000000  37.001358
24024.000000  43.729008
24199.000000  44.069157
24362.000000  43.050674
24552.000000  43.093422
24734.000000  41.381840
24898.000000  49.721828
25075.000000  49.113201
25250.000000  50.242416
25420.000000  47.989357
25665.000000  48.283123
25905.000000  49.502815
26219.000000  54.008759
26501.000000  55.196224
26746.000000  52.249825
26941.000000  61.203186
27068.000000  28.383732
27241.000000  41.280643
27389.000000  22.377089
27541.000000  22.011265
27672.000000  19.340929
27817.000000  23.048077
27982.000000  20.267921
28083.000000  51.921665
28221.000000  54.385410
28269.000000  64.970764
28337.000000  12.260340
28416.000000  12.874293
28556.000000  22.049015
28684.000000  24.103985
28849.000000  60.086613
28908.000000  57.362755
28941.000000  56.624516
29002.000000  4.664736
29055.000000  4.786588
29107.000000  5.940581
29170.000000  45.874134
29235.000000  59.766609
29309.000000  6.732628
29405.000000  10.593987
29458.000000  9.020913
29499.000000  12.478683
29587.000000  12.982189
29667.000000  14.156075
29752.000000  15.639104
29846.000000  15.626433
29901.000000  12.036669
29997.000000  14.968607
30096.000000  16.928009
30192.000000  20.557190
30275.000000  21.017282
30344.000000  19.192320
30422.000000  9.297454
30518.000000  21.970901
30603.000000  14.814885
30690.000000  15.699257
30767.000000  12.516193
30846.000000  14.017659
30970.000000  16.358469
31145.000000  20.059481
31262.000000  18.299656
31374.000000  17.972391
31448.000000  14.189034
31519.000000  6.901207
31584.000000  7.539423
31692.000000  8.426496
31847.000000  24.624325
31910.000000  17.757877
32101.000000  24.904472
32431.000000  32.750786
32647.000000  31.778271
32836.000000  26.351299
33042.000000  24.357111
33270.000000  26.130554
33418.000000  19.727583
33565.000000  18.645626
33741.000000  23.397804
33829.000000  18.215960
33901.000000  13.803124
33980.000000  15.230640
34067.000000  18.804785
34154.000000  17.986336
34249.000000  16.241526
34327.000000  12.085054
34480.000000  20.879297
34572.000000  26.938066
34594.000000  34.695930
34691.000000  41.920834
34820.000000  40.340389
34943.000000  39.093380
35038.000000  37.938259
35076.000000  35.076878
35199.000000  35.624584
35276.000000  29.457045
35378.000000  9.529456
35510.000000  6.374062
35575.000000  5.072587
35594.000000  2.428393
35596.000000  0.599037
35821.000000  20.102962
36049.000000  21.703178
36255.000000  21.594101
36406.000000  18.708782
36550.000000  21.542902
36637.000000  18.436512
36646.000000  3.692473
36724.000000  5.602231
36824.000000  8.108080
36901.000000  9.822849
36979.000000  11.011119
37120.000000  27.938763
37169.000000  13.403779
37241.000000  20.872978
37310.000000  20.635868
37462.000000  21.077421
37534.000000  20.106098
37642.000000  19.877752
37725.000000  22.369724
37818.000000  21.800915
37937.000000  25.217861
38141.000000  25.993410
38286.000000  25.593552
38373.000000  18.070782
38579.000000  26.920084
38709.000000  20.084335
38849.000000  21.103521
38959.000000  28.250530
39008.000000  27.276495
39078.000000  23.363602
39164.000000  17.354002
39237.000000  12.380117
39323.000000  19.936953
39431.000000  18.448008
39508.000000  23.094839
39613.000000  12.637798
39739.000000  12.205675
39966.000000  19.671144
40012.000000  20.609625
40155.000000  28.142973
40328.000000  31.635750
40423.000000  26.315987
40539.000000  35.687317
40617.000000  37.128277
40656.000000  45.663818
40710.000000  4.297160
40745.000000  4.145875
40784.000000  2.869478
40815.000000  2.042034
