399.000000  48.351254
531.000000  65.117371
649.000000  62.525761
814.000000  69.016350
984.000000  68.718735
1092.000000  62.157867
1200.000000  56.958286
1292.000000  60.341148
1414.000000  60.407986
1559.000000  66.218201
1721.000000  66.082542
1882.000000  51.851040
2017.000000  65.924225
2177.000000  69.480362
2337.000000  67.399345
2504.000000  63.685966
2653.000000  63.553066
2791.000000  61.279434
2881.000000  60.087097
2942.000000  46.184364
3037.000000  56.484627
3216.000000  64.218933
3390.000000  62.498474
3504.000000  65.220673
3649.000000  60.635464
3769.000000  64.991676
3918.000000  61.902107
3958.000000  56.946148
4120.000000  63.326317
4272.000000  62.142899
4427.000000  62.654156
4590.000000  66.407837
4772.000000  61.722488
4940.000000  58.666290
5104.000000  61.748272
5280.000000  69.754471
5451.000000  63.393532
5590.000000  60.920818
5745.000000  57.546215
5879.000000  60.679729
5955.000000  52.371521
6099.000000  61.694592
6210.000000  55.414207
6368.000000  65.934464
6502.000000  64.819359
6612.000000  54.013771
6704.000000  52.494102
6827.000000  43.188385
6855.000000  37.855045
6960.000000  39.023869
7052.000000  36.113895
7147.000000  31.532686
7237.000000  29.832195
7316.000000  33.512745
7410.000000  34.926147
7495.000000  51.238888
7636.000000  44.693520
7775.000000  50.376381
7898.000000  37.524357
8021.000000  42.436565
8152.000000  46.502964
8253.000000  45.164471
8389.000000  58.216923
8506.000000  40.167625
8645.000000  29.814709
8789.000000  33.660934
8940.000000  37.217770
9068.000000  31.694334
9178.000000  25.989532
9301.000000  31.347576
9436.000000  29.512817
9593.000000  28.537258
9764.000000  31.827291
9972.000000  32.363216
10088.000000  29.670170
10163.000000  27.912804
10328.000000  27.858681
10493.000000  31.622215
10655.000000  38.495300
10808.000000  38.491428
10986.000000  50.577934
11098.000000  53.283817
11211.000000  50.660126
11341.000000  47.230366
11463.000000  49.532211
11576.000000  44.148521
11698.000000  45.118980
11829.000000  46.393593
11964.000000  48.727345
12076.000000  44.884560
12206.000000  34.625957
12311.000000  37.459671
12426.000000  52.692230
12530.000000  53.724499
12628.000000  52.670116
12738.000000  50.052608
12833.000000  48.958500
12891.000000  34.774323
12942.000000  17.442505
12998.000000  28.607830
13071.000000  17.294220
13155.000000  24.114380
13211.000000  27.532907
13302.000000  34.253956
13443.000000  51.109295
13571.000000  47.763042
13719.000000  47.595798
13817.000000  44.647667
13911.000000  29.679626
14002.000000  32.278053
14127.000000  31.646549
14302.000000  31.918577
14411.000000  25.732485
14564.000000  32.993412
14716.000000  29.643270
14863.000000  40.969772
15048.000000  52.579117
15208.000000  59.238289
15293.000000  53.942047
15337.000000  57.592964
15352.000000  63.437813
15406.000000  11.684246
15463.000000  60.986679
15507.000000  66.932007
15635.000000  65.894745
15739.000000  66.374962
15861.000000  64.607468
15981.000000  63.601486
16091.000000  65.166801
16164.000000  63.407578
16240.000000  69.709953
16252.000000  67.117523
16284.000000  42.387981
16318.000000  73.272530
16397.000000  64.085236
16515.000000  60.840286
16540.000000  66.997299
16601.000000  52.962406
16687.000000  76.192818
16782.000000  17.235374
16842.000000  20.725233
16927.000000  19.698092
17022.000000  29.639080
17111.000000  25.466160
17210.000000  30.539640
17299.000000  31.587107
17390.000000  29.570957
17535.000000  35.002838
17677.000000  33.647263
17828.000000  35.728367
17957.000000  32.784615
18033.000000  21.234800
18120.000000  16.678616
18181.000000  25.448057
18273.000000  30.166334
18404.000000  31.454880
18532.000000  37.495907
18664.000000  33.535316
18701.000000  25.766335
18854.000000  37.335129
19043.000000  33.323280
19148.000000  30.858629
19292.000000  30.266935
19473.000000  35.164303
19583.000000  36.017155
19703.000000  31.859806
19839.000000  34.198685
19967.000000  23.179884
20100.000000  30.933353
20213.000000  31.039202
20366.000000  27.443855
20533.000000  26.445055
20629.000000  27.979078
20771.000000  30.899563
20937.000000  42.196575
21034.000000  36.755180
21213.000000  33.943253
21352.000000  36.661243
21495.000000  26.733858
21629.000000  33.162395
21749.000000  32.213856
21815.000000  27.972216
21930.000000  28.172058
22079.000000  29.933348
22114.000000  28.129610
22277.000000  37.552746
22464.000000  40.463058
22641.000000  31.255474
22778.000000  29.132288
22877.000000  28.208538
22978.000000  29.273733
23098.000000  28.696674
23203.000000  28.707943
23295.000000  23.933516
23372.000000  20.782051
23481.000000  31.436575
23579.000000  25.332233
23671.000000  26.078505
23739.000000  19.598490
23879.000000  38.941181
24062.000000  43.502769
24131.000000  41.759636
24174.000000  51.583595
24233.000000  20.543543
24313.000000  26.054790
24400.000000  30.890671
24485.000000  21.611933
24574.000000  23.213261
24709.000000  28.941202
24878.000000  25.473854
25030.000000  31.079365
25138.000000  24.864090
25218.000000  26.888048
25273.000000  26.968033
25385.000000  37.035172
25503.000000  41.351524
25622.000000  45.085125
25734.000000  43.341827
25848.000000  45.486340
25968.000000  48.841484
26088.000000  50.699974
26162.000000  55.264442
26228.000000  17.288332
26288.000000  19.703815
26334.000000  23.238920
26416.000000  18.964573
26481.000000  13.991003
26518.000000  7.044975
26606.000000  15.127881
26631.000000  6.701029
26671.000000  12.029534
26689.000000  8.611424
26689.000000  0.025285
26708.000000  3.376683
26732.000000  8.897388
26776.000000  15.067053
26861.000000  15.412374
26913.000000  7.892148
26959.000000  10.066796
27010.000000  10.330620
27058.000000  6.646706
27107.000000  5.569145
27183.000000  7.048134
27288.000000  11.242267
27443.000000  15.713392
27552.000000  18.483948
27634.000000  19.215021
27684.000000  9.333387
27749.000000  12.788460
27839.000000  11.488218
27942.000000  25.167656
28025.000000  27.150177
28115.000000  21.681284
28175.000000  23.298780
28276.000000  28.931362
28356.000000  20.695501
28420.000000  21.547520
28524.000000  18.721809
28601.000000  17.647209
28672.000000  11.735097
28744.000000  16.540958
28818.000000  14.553781
28904.000000  13.007191
28975.000000  12.774195
29074.000000  14.320646
29176.000000  17.532911
29302.000000  21.002316
29326.000000  10.216803
29410.000000  13.837549
29485.000000  18.165556
29602.000000  16.864500
29628.000000  10.205616
29634.000000  3.935813
29656.000000  11.042410
29661.000000  2.377980
29739.000000  11.446271
29825.000000  8.570574
29852.000000  20.253340
29936.000000  17.288603
30028.000000  21.394888
30032.000000  9.519718
30099.000000  13.821723
30183.000000  16.839357
30258.000000  23.981466
30341.000000  24.579472
30345.000000  1.480213
30348.000000  5.557482
30385.000000  10.928152
30411.000000  4.036285
30510.000000  11.566020
30601.000000  17.126997
30689.000000  21.902988
30764.000000  15.164459
30854.000000  16.561958
30923.000000  14.453772
30959.000000  13.284819
30989.000000  18.789968
31001.000000  7.806743
31111.000000  9.299884
31202.000000  16.693878
31354.000000  20.852154
31432.000000  18.414892
31571.000000  17.301998
31614.000000  16.525507
31794.000000  20.680641
31932.000000  22.416794
32083.000000  27.470875
32233.000000  21.926519
32379.000000  27.958292
32463.000000  20.700825
32477.000000  9.321390
32511.000000  15.573452
32525.000000  7.847427
32572.000000  16.037275
32574.000000  6.106255
32635.000000  10.790970
32724.000000  15.926665
32809.000000  18.236559
32920.000000  17.006510
32993.000000  13.599840
33079.000000  17.906097
33150.000000  19.544455
33222.000000  15.643435
33268.000000  16.622374
33343.000000  23.960611
33401.000000  20.964886
33409.000000  18.457344
33411.000000  1.023473
33419.000000  1.380802
33459.000000  8.618550
33550.000000  11.448074
33656.000000  13.216715
33784.000000  18.778242
33805.000000  13.423835
33882.000000  6.298996
33976.000000  14.798257
34096.000000  26.776823
34253.000000  27.997166
34330.000000  25.167856
34404.000000  18.840830
34444.000000  11.329286
34454.000000  6.166331
34532.000000  16.052166
34615.000000  11.614227
34719.000000  20.305395
34784.000000  10.582016
34877.000000  16.830311
34962.000000  19.249851
35068.000000  18.776093
35174.000000  18.324413
35281.000000  23.876633
35379.000000  20.000578
35506.000000  27.702311
35620.000000  22.070213
35708.000000  17.691813
35790.000000  25.089996
35811.000000  19.502657
35854.000000  22.047760
35912.000000  23.351606
35943.000000  12.248396
35972.000000  12.180535
36109.000000  20.053139
36257.000000  18.097473
36414.000000  25.783230
36542.000000  22.922436
36718.000000  24.374626
36873.000000  22.968105
36965.000000  14.065907
37017.000000  15.947345
37067.000000  13.352526
37125.000000  17.700420
37227.000000  24.028156
37293.000000  17.319212
37390.000000  25.798708
37498.000000  29.826769
37585.000000  29.009285
37635.000000  18.142736
37723.000000  24.066616
37802.000000  27.807644
37900.000000  18.787308
38001.000000  21.183561
38075.000000  12.530263
38168.000000  13.964711
38228.000000  22.456009
38294.000000  18.601727
38367.000000  20.828959
38445.000000  31.064987
38532.000000  33.850151
38544.000000  10.150367
38605.000000  10.449624
38646.000000  10.190228
38728.000000  14.165915
38843.000000  31.051472
38921.000000  34.898567
38998.000000  16.200480
39002.000000  2.693913
39006.000000  4.174741
39010.000000  4.509574
39072.000000  10.478528
39141.000000  15.884074
39221.000000  19.404240
39287.000000  19.497961
39365.000000  12.498471
39405.000000  8.589018
39417.000000  3.497572
39423.000000  30.298710
39425.000000  34.783779
39464.000000  14.282589
39466.000000  31.539940
39521.000000  11.511260
39601.000000  11.623276
39687.000000  15.269658
39749.000000  9.062022
39832.000000  19.761173
39877.000000  11.851532
39879.000000  1.234181
39883.000000  1.206367
39967.000000  12.307898
40067.000000  11.348639
40162.000000  16.983536
40354.000000  20.734913
40466.000000  20.675411
40538.000000  12.867507
40654.000000  16.084320
40676.000000  12.139499
40697.000000  10.477633
40768.000000  17.831268
40809.000000  15.257156
40814.000000  2.029196
