399.000000  0.192959
533.000000  0.133449
664.000000  0.139808
808.000000  0.177958
920.000000  0.168151
1042.000000  0.157619
1141.000000  0.136282
1243.000000  0.126968
1342.000000  0.157146
1477.000000  0.191525
1637.000000  0.185580
1800.000000  0.204040
1941.000000  0.236505
2099.000000  0.235836
2250.000000  0.250882
2368.000000  0.198544
2476.000000  0.206724
2621.000000  0.229732
2769.000000  0.241365
2785.000000  0.082481
2947.000000  0.220582
3086.000000  0.218630
3220.000000  0.234501
3359.000000  0.203565
3474.000000  0.165405
3589.000000  0.215385
3760.000000  0.214686
3952.000000  0.242798
4117.000000  0.205043
4254.000000  0.239771
4445.000000  0.266599
4618.000000  0.241337
4725.000000  0.196032
4828.000000  0.213761
4941.000000  0.235028
5063.000000  0.248754
5208.000000  0.268523
5339.000000  0.261905
5488.000000  0.308413
5642.000000  0.259416
5827.000000  0.273461
5985.000000  0.290545
6170.000000  0.290554
6316.000000  0.318239
6450.000000  0.274656
6591.000000  0.283488
6751.000000  0.306055
6895.000000  0.197547
7054.000000  0.288736
7213.000000  0.449834
7262.000000  0.223682
7395.000000  0.329897
7531.000000  0.392488
7752.000000  0.378075
7874.000000  0.369096
7951.000000  0.332959
8036.000000  0.364819
8086.000000  0.228562
8091.000000  0.160697
8173.000000  0.228415
8255.000000  0.359197
8341.000000  0.305394
8430.000000  0.235053
8528.000000  0.266018
8649.000000  0.386564
8793.000000  0.383737
8936.000000  0.337573
8970.000000  0.259209
9130.000000  0.417080
9283.000000  0.311246
9373.000000  0.298024
9467.000000  0.266641
9510.000000  0.316981
9573.000000  0.294911
9671.000000  0.259321
9769.000000  0.269171
9855.000000  0.259294
9968.000000  0.282650
10047.000000  0.307209
10105.000000  0.218935
10173.000000  0.245087
10251.000000  0.276829
10328.000000  0.274386
10432.000000  0.261761
10570.000000  0.349370
10576.000000  0.169892
10682.000000  0.319121
10841.000000  0.402923
10972.000000  0.358900
11078.000000  0.351196
11133.000000  0.333672
11187.000000  0.326431
11276.000000  0.278349
11364.000000  0.327567
11467.000000  0.344908
11547.000000  0.348511
11612.000000  0.369821
11729.000000  0.371911
11801.000000  0.263801
11866.000000  0.317437
12007.000000  0.376056
12114.000000  0.374182
12290.000000  0.425248
12423.000000  0.406513
12603.000000  0.375409
12697.000000  0.395736
12706.000000  0.177922
12759.000000  0.427467
12815.000000  0.495476
12832.000000  0.546619
12908.000000  0.430648
12957.000000  0.327853
13047.000000  0.427326
13119.000000  0.365413
13247.000000  0.381658
13349.000000  0.231168
13505.000000  0.284200
13690.000000  0.285753
13828.000000  0.281279
13846.000000  0.181448
13926.000000  0.215780
14030.000000  0.246029
14158.000000  0.255551
14291.000000  0.344629
14446.000000  0.442571
14529.000000  0.618416
14545.000000  0.190071
14552.000000  0.228883
14577.000000  0.548064
14623.000000  0.716596
14716.000000  0.735134
14795.000000  0.936065
14897.000000  0.238236
14974.000000  0.233719
15076.000000  0.261447
15154.000000  0.250973
15206.000000  0.256055
15259.000000  0.378064
15287.000000  0.261767
15300.000000  0.211815
15325.000000  0.563260
15424.000000  0.225962
15506.000000  0.251109
15605.000000  0.253826
15718.000000  0.268506
15795.000000  0.266325
15861.000000  0.311512
15922.000000  0.285145
15922.000000  0.156784
15997.000000  0.269470
16100.000000  0.255990
16170.000000  0.246507
16244.000000  0.241264
16296.000000  0.239062
16347.000000  0.221912
16411.000000  0.249994
16473.000000  0.234335
16536.000000  0.240892
16604.000000  0.262898
16702.000000  0.255655
16831.000000  0.238160
16973.000000  0.272066
17081.000000  0.233992
17210.000000  0.272680
17298.000000  0.268778
17419.000000  0.262257
17515.000000  0.270172
17618.000000  0.257942
17721.000000  0.256239
17827.000000  0.261573
17940.000000  0.298296
18081.000000  0.226957
18205.000000  0.232874
18350.000000  0.263233
18471.000000  0.246540
18596.000000  0.244001
18756.000000  0.283787
18883.000000  0.298983
18992.000000  0.266786
19092.000000  0.246299
19101.000000  0.191647
19201.000000  0.269788
19335.000000  0.312998
19480.000000  0.273419
19495.000000  0.198837
19660.000000  0.294176
19833.000000  0.326902
19986.000000  0.331073
20169.000000  0.349873
20280.000000  0.305392
20395.000000  0.292321
20514.000000  0.297007
20597.000000  0.257905
20632.000000  0.226807
20684.000000  0.255112
20777.000000  0.299458
20881.000000  0.305284
21083.000000  0.340776
21236.000000  0.298198
21382.000000  0.345826
21580.000000  0.333511
21597.000000  0.256568
21713.000000  0.343750
21780.000000  0.292920
21866.000000  0.340519
21922.000000  0.306772
21960.000000  0.308383
21983.000000  0.258983
22016.000000  0.320961
22096.000000  0.329356
22144.000000  0.277563
22184.000000  0.242784
22233.000000  0.243946
22296.000000  0.266249
22334.000000  0.267859
22408.000000  0.283806
22504.000000  0.312598
22570.000000  0.286697
22630.000000  0.284527
22683.000000  0.239261
22734.000000  0.286160
22783.000000  0.273170
22831.000000  0.241501
22878.000000  0.291851
22921.000000  0.256396
22980.000000  0.286964
23079.000000  0.258718
23167.000000  0.285418
23263.000000  0.331337
23367.000000  0.315129
23473.000000  0.306448
23558.000000  0.324590
23645.000000  0.344435
23730.000000  0.356516
23825.000000  0.370044
23899.000000  0.403503
23998.000000  0.334308
24086.000000  0.339024
24193.000000  0.350895
24295.000000  0.364900
24383.000000  0.360785
24486.000000  0.384560
24563.000000  0.376771
24654.000000  0.430323
24803.000000  0.476438
24942.000000  0.812550
25086.000000  0.332872
25228.000000  0.402442
25279.000000  0.338253
25306.000000  0.445186
25372.000000  0.359082
25455.000000  0.323966
25560.000000  0.421686
25682.000000  0.451976
25784.000000  0.408850
25988.000000  0.447660
26108.000000  0.503986
26217.000000  0.448289
26353.000000  0.449137
26479.000000  0.435919
26629.000000  0.452882
26719.000000  0.377496
26786.000000  0.344003
26868.000000  0.368542
26959.000000  0.372529
27045.000000  0.377317
27091.000000  0.316606
27201.000000  0.456464
27278.000000  0.524526
27353.000000  0.314145
27434.000000  0.412330
27510.000000  0.334442
27575.000000  0.455909
27595.000000  0.524683
27635.000000  0.327723
27698.000000  0.330857
27796.000000  0.348758
27933.000000  0.357932
28001.000000  0.339041
28054.000000  0.342421
28146.000000  0.364616
28238.000000  0.366409
28336.000000  0.338692
28383.000000  0.333224
28462.000000  0.359121
28552.000000  0.349649
28686.000000  0.358781
28747.000000  0.364243
28821.000000  0.348848
28917.000000  0.329253
28998.000000  0.313479
29013.000000  0.316377
29056.000000  0.338210
29140.000000  0.329567
29248.000000  0.376373
29285.000000  0.344698
29290.000000  0.322767
29426.000000  0.338859
29566.000000  0.384655
29642.000000  0.342578
29719.000000  0.332219
29810.000000  0.379560
29902.000000  0.364055
29972.000000  0.382341
30046.000000  0.371750
30142.000000  0.385982
30228.000000  0.381668
30268.000000  0.301919
30340.000000  0.349752
30396.000000  0.350762
30513.000000  0.372867
30621.000000  0.389021
30698.000000  0.336092
30771.000000  0.371901
30878.000000  0.355060
31010.000000  0.403673
31083.000000  0.364787
31092.000000  0.292991
31112.000000  0.347296
31183.000000  0.358916
31260.000000  0.358707
31283.000000  0.346488
31370.000000  0.355269
31382.000000  0.335653
31439.000000  0.357806
31499.000000  0.320266
31543.000000  0.369780
31613.000000  0.392189
31692.000000  0.335466
31767.000000  0.341839
31769.000000  0.293784
31782.000000  0.364385
31835.000000  0.359585
31985.000000  0.391982
32028.000000  0.355115
32066.000000  0.357417
32088.000000  0.336772
32170.000000  0.333888
32279.000000  0.358956
32358.000000  0.396379
32438.000000  0.348203
32446.000000  0.342692
32448.000000  0.343850
32512.000000  0.373505
32612.000000  0.333103
32691.000000  0.373231
32764.000000  0.354329
32867.000000  0.406792
32933.000000  0.390917
33004.000000  0.372305
33108.000000  0.415530
33198.000000  0.378729
33302.000000  0.380496
33381.000000  0.414519
33479.000000  0.432436
33604.000000  0.437644
33780.000000  0.464750
33919.000000  0.436317
34066.000000  0.482527
34231.000000  0.461912
34330.000000  0.426934
34451.000000  0.486323
34576.000000  0.485158
34637.000000  0.480698
34700.000000  0.485639
34781.000000  0.467340
34871.000000  0.481572
34926.000000  0.396776
35003.000000  0.428719
35070.000000  0.417689
35141.000000  0.398195
35234.000000  0.440620
35296.000000  0.420178
35353.000000  0.405391
35441.000000  0.423029
35502.000000  0.410751
35566.000000  0.444940
35680.000000  0.454408
35861.000000  0.426102
36008.000000  0.471003
36184.000000  0.527774
36217.000000  0.388828
36365.000000  0.510667
36515.000000  0.482705
36653.000000  0.469917
36736.000000  0.389602
36793.000000  0.403171
36830.000000  0.367701
36874.000000  0.381055
36889.000000  0.403016
36946.000000  0.405965
37034.000000  0.398629
37133.000000  0.429605
37233.000000  0.448451
37282.000000  0.428035
37363.000000  0.419655
37400.000000  0.433612
37410.000000  0.396021
37489.000000  0.473962
37594.000000  0.572299
37691.000000  0.564557
37753.000000  0.651969
37796.000000  0.633111
37883.000000  0.467914
37955.000000  0.424142
38051.000000  0.422665
38143.000000  0.469417
38193.000000  0.467496
38204.000000  0.668003
38222.000000  0.686384
38225.000000  0.391846
38237.000000  0.437890
38316.000000  0.423507
38373.000000  0.414038
38426.000000  0.428550
38481.000000  0.418860
38558.000000  0.433308
38641.000000  0.426429
38729.000000  0.429267
38835.000000  0.456808
38922.000000  0.471026
39086.000000  0.471519
39187.000000  0.452711
39326.000000  0.480343
39417.000000  0.431050
39496.000000  0.454354
39550.000000  0.424176
39611.000000  0.477562
39614.000000  0.428709
39643.000000  0.433216
39724.000000  0.436074
39806.000000  0.412123
39909.000000  0.420345
40004.000000  0.473555
40086.000000  0.445299
40170.000000  0.462992
40235.000000  0.442910
40308.000000  0.431539
40329.000000  0.458022
40392.000000  0.470435
40427.000000  0.428847
40429.000000  0.370972
40435.000000  0.413300
40472.000000  0.419432
40506.000000  0.424011
40541.000000  0.419389
40578.000000  0.430563
40678.000000  0.424714
40748.000000  0.389234
40806.000000  0.385719
40816.000000  0.421152
