816.000000  0.205004
1011.000000  0.154018
1212.000000  0.165013
1404.000000  0.168767
1623.000000  0.196013
1849.000000  0.214562
1888.000000  0.116111
2081.000000  0.247342
2286.000000  0.209894
2597.000000  0.288314
2868.000000  0.267332
2918.000000  0.173323
3164.000000  0.252022
3227.000000  0.186955
3464.000000  0.238394
3639.000000  0.224878
3820.000000  0.235515
4073.000000  0.243852
4299.000000  0.287726
4470.000000  0.296562
4604.000000  0.272858
4746.000000  0.254928
4858.000000  0.190699
4991.000000  0.185804
5066.000000  0.155158
5164.000000  0.163644
5239.000000  0.194741
5285.000000  0.167880
5328.000000  0.187265
5367.000000  0.164111
5460.000000  0.202013
5567.000000  0.230243
5699.000000  0.236271
5748.000000  0.182563
5894.000000  0.265688
6016.000000  0.202357
6173.000000  0.230758
6311.000000  0.243051
6351.000000  0.153758
6487.000000  0.200663
6597.000000  0.202835
6701.000000  0.188273
6813.000000  0.210239
6950.000000  0.223314
7103.000000  0.230194
7286.000000  0.205139
7538.000000  0.231249
7713.000000  0.263343
7955.000000  0.276229
8126.000000  0.245814
8258.000000  0.227096
8310.000000  0.183789
8434.000000  0.203610
8515.000000  0.191120
8637.000000  0.240089
8779.000000  0.241330
8863.000000  0.198206
9063.000000  0.252513
9225.000000  0.234707
9379.000000  0.246702
9511.000000  0.235171
9657.000000  0.230461
9819.000000  0.248236
9932.000000  0.221240
10143.000000  0.271524
10332.000000  0.263930
10579.000000  0.288160
10845.000000  0.319326
11124.000000  0.338391
11386.000000  0.322199
11643.000000  0.331349
11857.000000  0.321913
12020.000000  0.389279
12152.000000  0.417328
12247.000000  0.418902
12405.000000  0.259112
12530.000000  0.447580
12637.000000  0.555245
12724.000000  0.591271
12828.000000  0.440666
12956.000000  0.494829
13048.000000  0.581208
13155.000000  0.638520
13252.000000  0.639808
13355.000000  0.639648
13457.000000  0.326837
13551.000000  0.333633
13610.000000  0.213180
13708.000000  0.240854
13815.000000  0.399892
13928.000000  0.379954
14030.000000  0.288915
14200.000000  0.311386
14369.000000  0.288273
14484.000000  0.379511
14595.000000  0.440470
14698.000000  0.402058
14813.000000  0.394124
14874.000000  0.383342
15046.000000  0.466933
15198.000000  0.542437
15340.000000  0.574287
15436.000000  0.577119
15554.000000  0.529278
15639.000000  0.518568
15736.000000  0.574776
15818.000000  0.442719
15847.000000  0.311677
15960.000000  0.378579
16006.000000  0.237389
16070.000000  0.219207
16098.000000  0.197242
16172.000000  0.233272
16212.000000  0.205583
16261.000000  0.306594
16372.000000  0.347388
16466.000000  0.365644
16549.000000  0.373699
16669.000000  0.428948
16835.000000  0.499863
16968.000000  0.285656
17095.000000  0.286212
17261.000000  0.308315
17422.000000  0.506904
17600.000000  0.537454
17728.000000  0.525814
17949.000000  0.546882
18149.000000  0.566578
18404.000000  0.588660
18652.000000  0.502129
18811.000000  0.493854
19018.000000  0.527043
19221.000000  0.532686
19486.000000  0.587950
19699.000000  0.584297
19880.000000  0.367981
20005.000000  0.371042
20141.000000  0.385067
20257.000000  0.369764
20351.000000  0.350169
20452.000000  0.379311
20629.000000  0.451425
20752.000000  0.474849
20873.000000  0.354407
21025.000000  0.423714
21269.000000  0.416994
21473.000000  0.398312
21609.000000  0.411154
21708.000000  0.367182
21845.000000  0.451690
21976.000000  0.717619
22090.000000  0.302719
22188.000000  0.293776
22291.000000  0.271536
22354.000000  0.284791
22401.000000  0.258188
22455.000000  0.297255
22474.000000  0.261705
22567.000000  0.309135
22677.000000  0.668697
22874.000000  0.693374
23038.000000  0.701791
23230.000000  0.692908
23359.000000  0.699660
23534.000000  0.795364
23729.000000  0.779316
23930.000000  0.665698
24135.000000  0.783523
24329.000000  0.820507
24504.000000  0.604981
24613.000000  0.546132
24704.000000  0.716890
24747.000000  0.668837
24787.000000  0.609062
24838.000000  0.617067
24898.000000  0.563311
24936.000000  0.280886
25057.000000  0.286773
25133.000000  0.296172
25198.000000  0.272985
25307.000000  0.293397
25469.000000  0.313821
25639.000000  0.358115
25831.000000  0.372558
26070.000000  0.408199
26258.000000  0.393165
26498.000000  0.394833
26707.000000  0.421668
26876.000000  0.402676
26999.000000  0.374067
27145.000000  0.437171
27316.000000  0.438518
27498.000000  0.452359
27653.000000  0.828403
27782.000000  0.344842
27852.000000  0.326442
27962.000000  0.350466
27985.000000  0.318037
28012.000000  0.323641
28048.000000  0.323463
28086.000000  0.317731
28139.000000  0.348193
28201.000000  0.353335
28240.000000  0.340351
28296.000000  0.356983
28342.000000  0.328318
28370.000000  0.295207
28484.000000  0.331355
28542.000000  0.292738
28609.000000  0.826646
28679.000000  0.794232
28781.000000  0.793359
28894.000000  0.646024
28998.000000  0.325858
29095.000000  0.359816
29144.000000  0.327170
29180.000000  0.317481
29261.000000  0.332331
29284.000000  0.310987
29377.000000  0.359007
29477.000000  0.374051
29557.000000  0.346116
29655.000000  0.323723
29713.000000  0.313073
29774.000000  0.399568
29797.000000  0.418517
29835.000000  0.385510
29875.000000  0.369996
29914.000000  0.409887
29954.000000  0.376286
29970.000000  0.388129
30017.000000  0.321697
30071.000000  0.324573
30126.000000  0.414257
30216.000000  0.401012
30323.000000  0.456490
30466.000000  0.418614
30587.000000  0.375785
30633.000000  0.363775
30694.000000  0.328356
30770.000000  0.351143
30820.000000  0.380877
30852.000000  0.405969
30855.000000  0.439597
30981.000000  0.349749
31065.000000  0.337153
31155.000000  0.350369
31200.000000  0.349344
31289.000000  0.493413
31392.000000  0.533383
31502.000000  0.541320
31629.000000  0.516993
31731.000000  0.491337
31820.000000  0.440273
31886.000000  0.389632
32014.000000  0.385202
32056.000000  0.372473
32107.000000  0.381920
32153.000000  0.554398
32181.000000  0.515120
32210.000000  0.337648
32268.000000  0.334446
32304.000000  0.359591
32305.000000  0.337640
32339.000000  0.348956
32428.000000  0.352435
32486.000000  0.341992
32569.000000  0.359021
32651.000000  0.352114
32726.000000  0.367689
32819.000000  0.380349
32908.000000  0.390264
32986.000000  0.388907
33088.000000  0.398320
33201.000000  0.415009
33354.000000  0.439489
33481.000000  0.433694
33599.000000  0.433298
33718.000000  0.429393
33826.000000  0.410353
33892.000000  0.383946
33974.000000  0.396185
34084.000000  0.393679
34159.000000  0.420377
34245.000000  0.406927
34334.000000  0.415813
34459.000000  0.430782
34583.000000  0.400418
34703.000000  0.387480
34825.000000  0.423259
34936.000000  0.399672
35021.000000  0.390191
35111.000000  0.417919
35223.000000  0.414430
35320.000000  0.441415
35420.000000  0.418846
35570.000000  0.461289
35721.000000  0.496895
35849.000000  0.426734
36020.000000  0.494321
36198.000000  0.494319
36360.000000  0.533487
36467.000000  0.542737
36525.000000  0.500118
36608.000000  0.483590
36676.000000  0.490223
36756.000000  0.523101
36808.000000  0.463240
36878.000000  0.480960
36962.000000  0.463370
37025.000000  0.453756
37074.000000  0.457151
37181.000000  0.464524
37276.000000  0.482289
37397.000000  0.534945
37511.000000  0.530488
37602.000000  0.543675
37722.000000  0.568500
37807.000000  0.542714
37895.000000  0.532829
37979.000000  0.490717
38098.000000  0.424754
38187.000000  0.573489
38315.000000  0.562694
38389.000000  0.431889
38496.000000  0.451780
38601.000000  0.449846
38654.000000  0.425789
38778.000000  0.653884
38854.000000  0.657723
38902.000000  0.636982
38959.000000  0.575515
38982.000000  0.563142
39059.000000  0.400023
39128.000000  0.393838
39204.000000  0.499386
39352.000000  0.590009
39462.000000  0.632936
39578.000000  0.630473
39681.000000  0.605435
39740.000000  0.402123
39792.000000  0.416029
39834.000000  0.411424
39883.000000  0.417407
39907.000000  0.424127
39930.000000  0.411402
40013.000000  0.391165
40093.000000  0.416335
40188.000000  0.423482
40322.000000  0.494520
40471.000000  0.506703
40543.000000  0.437068
40609.000000  0.425080
40629.000000  0.383523
40669.000000  0.403752
40742.000000  0.454926
40770.000000  0.420289
40788.000000  0.391188
40822.000000  0.383698
40824.000000  0.383299
