995.000000  0.778661
1259.000000  0.709034
1516.000000  0.752474
1808.000000  0.816729
2122.000000  0.842888
2432.000000  0.889407
2792.000000  0.936245
3029.000000  0.985848
3311.000000  1.042948
3653.000000  1.041893
3899.000000  1.072917
4165.000000  1.124409
4449.000000  1.193441
4758.000000  1.210000
4996.000000  1.214743
5231.000000  1.287580
5457.000000  1.286424
5703.000000  1.328474
5912.000000  1.355227
6050.000000  1.365299
6200.000000  1.396705
6431.000000  1.385939
6673.000000  1.503275
6905.000000  1.461208
7127.000000  1.491268
7375.000000  1.537991
7610.000000  1.587609
7895.000000  1.636726
8198.000000  1.648620
8510.000000  1.764486
8810.000000  1.753522
9071.000000  1.759330
9332.000000  1.802219
9513.000000  1.880951
9724.000000  1.836333
9939.000000  1.869700
10149.000000  1.884114
10366.000000  1.910232
10530.000000  1.936856
10694.000000  1.962207
10932.000000  2.052385
11178.000000  2.149787
11434.000000  2.095921
11723.000000  2.146339
11971.000000  2.140802
12211.000000  2.188758
12391.000000  2.154466
12619.000000  2.232064
12765.000000  2.263193
12944.000000  2.237519
13121.000000  2.248567
13254.000000  2.281207
13410.000000  2.344736
13544.000000  2.294088
13743.000000  2.376868
13935.000000  2.359187
14103.000000  2.442497
14322.000000  2.448075
14690.000000  2.527608
14992.000000  2.508807
15316.000000  2.627470
15527.000000  2.578715
15654.000000  2.581335
15722.000000  2.619493
15841.000000  2.631027
16058.000000  2.724911
16216.000000  2.634285
16412.000000  2.720721
16656.000000  2.754080
16936.000000  2.769637
17089.000000  2.750313
17312.000000  2.824664
17444.000000  2.806966
17617.000000  2.894955
17847.000000  2.896434
18014.000000  2.933647
18226.000000  2.887844
18630.000000  3.001615
18913.000000  3.051186
19167.000000  3.076055
19374.000000  3.059113
19803.000000  3.100383
20076.000000  3.288653
20485.000000  3.240833
20887.000000  3.249982
21299.000000  3.308324
21689.000000  3.481399
21946.000000  3.492980
22268.000000  3.476216
22458.000000  3.548500
22754.000000  3.514033
22994.000000  3.639582
23179.000000  3.528052
23485.000000  3.611366
23739.000000  3.610907
24135.000000  3.723304
24305.000000  3.714257
24580.000000  3.737857
24703.000000  3.838967
25015.000000  3.707770
25210.000000  3.775006
25613.000000  3.955245
25892.000000  3.898051
26140.000000  3.899609
26355.000000  3.999265
26664.000000  4.220388
26915.000000  4.001570
27154.000000  4.064291
27248.000000  4.087971
27333.000000  4.080169
27406.000000  4.069151
27497.000000  4.175190
27573.000000  4.106382
27680.000000  4.069908
27876.000000  4.059922
28075.000000  4.118429
28331.000000  4.219928
28544.000000  4.168854
28687.000000  4.107000
28891.000000  4.205785
29085.000000  4.204964
29314.000000  4.296117
29508.000000  4.308629
29785.000000  4.238092
29854.000000  4.361256
30206.000000  4.456774
30512.000000  4.319924
30841.000000  4.378408
31409.000000  4.580100
31588.000000  4.407562
31950.000000  4.500145
32358.000000  4.503067
32758.000000  4.657720
32951.000000  4.702103
33309.000000  4.675239
33551.000000  4.669985
33705.000000  4.724184
33987.000000  4.821452
34266.000000  4.845002
34527.000000  4.858469
34975.000000  5.011201
35419.000000  4.960887
35898.000000  5.010247
36163.000000  5.084591
36567.000000  5.184940
36851.000000  5.099636
37176.000000  5.172835
37369.000000  5.219564
37704.000000  5.203079
37856.000000  5.220326
37887.000000  5.291325
37966.000000  5.342868
38138.000000  5.304991
38367.000000  5.287979
38705.000000  5.405699
38849.000000  5.282286
39067.000000  5.397061
39362.000000  5.339305
39594.000000  5.466151
39863.000000  5.484501
40092.000000  5.466538
40299.000000  5.546849
40339.000000  5.523147
40355.000000  5.468352
40485.000000  5.487995
40683.000000  5.476466
40814.000000  5.452796
40816.000000  5.498411
40817.000000  5.470239
