216.000000  0.066960
289.000000  0.005360
369.000000  0.032126
452.000000  -0.012459
520.000000  -0.009876
577.000000  0.008735
622.000000  -0.026510
681.000000  0.008440
757.000000  0.016103
828.000000  0.002612
901.000000  -0.018897
983.000000  0.013921
1082.000000  0.027312
1173.000000  -0.010710
1235.000000  0.000604
1291.000000  -0.024400
1343.000000  -0.007692
1388.000000  -0.028290
1430.000000  0.005600
1475.000000  -0.013374
1517.000000  0.034434
1560.000000  -0.031773
1602.000000  0.023469
1649.000000  -0.024470
1693.000000  0.026687
1742.000000  0.006120
1799.000000  -0.003492
1865.000000  0.016208
1946.000000  -0.020588
2018.000000  0.030790
2114.000000  -0.002288
2191.000000  0.005368
2246.000000  -0.022065
2292.000000  0.007992
2370.000000  0.018943
2467.000000  0.016204
2549.000000  -0.032382
2632.000000  0.039340
2728.000000  -0.009954
2788.000000  -0.018496
2860.000000  0.018937
2933.000000  0.000354
2997.000000  -0.030787
3074.000000  -0.006689
3138.000000  0.005318
3152.000000  -0.039667
3215.000000  0.044812
3217.000000  0.019071
3257.000000  -0.048558
3302.000000  -0.007672
3334.000000  -0.000518
3378.000000  0.021960
3438.000000  -0.033949
3497.000000  0.042193
3557.000000  0.007189
3627.000000  -0.024956
3679.000000  -0.009406
3726.000000  -0.001293
3776.000000  0.004526
3823.000000  0.003753
3870.000000  -0.014961
3913.000000  0.011066
3984.000000  0.001852
4070.000000  0.039600
4152.000000  0.011816
4241.000000  0.017700
4325.000000  0.011007
4408.000000  -0.041536
4500.000000  0.011341
4590.000000  0.012461
4668.000000  -0.006808
4748.000000  0.013327
4831.000000  0.006837
4891.000000  -0.076916
4957.000000  0.001673
5013.000000  0.024084
5091.000000  0.008994
5139.000000  -0.000081
5183.000000  0.008571
5237.000000  0.033183
5295.000000  -0.028612
5369.000000  -0.031718
5440.000000  0.025184
5513.000000  0.006049
5584.000000  -0.009669
5659.000000  0.010025
5706.000000  -0.008106
5741.000000  -0.009827
5792.000000  0.003304
5849.000000  0.008089
5922.000000  -0.007546
5993.000000  0.065215
6068.000000  0.006396
6148.000000  0.019243
6208.000000  0.024014
6231.000000  0.017732
6239.000000  0.011323
6259.000000  -0.041939
6302.000000  0.023099
6360.000000  0.008403
6423.000000  -0.076045
6474.000000  -0.037056
6531.000000  -0.053575
6585.000000  0.064811
6619.000000  0.005084
6644.000000  0.100438
6684.000000  -0.077314
6753.000000  0.051385
6808.000000  -0.072892
6835.000000  -0.029358
6877.000000  0.126536
6878.000000  -0.080579
6945.000000  -0.036837
6987.000000  -0.018075
7037.000000  0.002543
7111.000000  -0.009021
7199.000000  0.001645
7264.000000  0.008722
7358.000000  0.024529
7451.000000  0.013069
7541.000000  0.002392
7636.000000  -0.009946
7728.000000  -0.007597
7819.000000  -0.015520
7908.000000  0.008527
7989.000000  -0.002329
8081.000000  0.006220
8174.000000  -0.000129
8253.000000  -0.034628
8333.000000  0.017129
8429.000000  0.024007
8522.000000  0.005462
8630.000000  -0.020554
8677.000000  -0.019326
8746.000000  0.012692
8795.000000  -0.007270
8840.000000  -0.012235
8894.000000  0.018548
8942.000000  0.044831
9002.000000  0.005886
9060.000000  -0.003198
9129.000000  0.035099
9208.000000  0.020047
9296.000000  0.026969
9361.000000  -0.039222
9409.000000  -0.035648
9450.000000  0.084359
9480.000000  -0.098268
9502.000000  0.009032
9515.000000  -0.024201
9521.000000  -0.021157
9562.000000  0.044469
9627.000000  -0.006327
9713.000000  0.032011
9811.000000  -0.048861
9904.000000  -0.000836
10001.000000  -0.029548
10028.000000  -0.063072
10051.000000  0.090996
10100.000000  0.000240
10147.000000  0.042083
10165.000000  -0.020743
10202.000000  0.073782
10248.000000  -0.029551
10309.000000  0.040633
10403.000000  0.041965
10450.000000  -0.012852
10481.000000  -0.065584
10510.000000  0.037779
10530.000000  -0.010212
10544.000000  -0.037146
10548.000000  -0.024724
10562.000000  0.026327
10643.000000  -0.081551
10687.000000  -0.054498
10722.000000  -0.005766
10755.000000  -0.016459
10793.000000  0.017854
10806.000000  -0.024413
10811.000000  0.083016
10878.000000  -0.023109
10941.000000  -0.027583
11004.000000  0.038186
11053.000000  -0.006339
11103.000000  0.005539
11164.000000  0.015930
11197.000000  -0.012199
11230.000000  -0.005214
11279.000000  -0.040983
11343.000000  0.027707
11399.000000  0.002258
11454.000000  0.024256
11511.000000  -0.007246
11551.000000  -0.046299
11604.000000  0.043723
11642.000000  -0.017695
11675.000000  0.026023
11717.000000  -0.024545
11735.000000  -0.016312
11776.000000  -0.022942
11849.000000  0.022477
11917.000000  0.024795
12003.000000  0.014356
12099.000000  0.020048
12154.000000  -0.036203
12174.000000  -0.002596
12195.000000  -0.013338
12243.000000  0.038765
12317.000000  -0.029931
12373.000000  0.028538
12429.000000  0.006029
12487.000000  -0.040961
12518.000000  -0.022538
12566.000000  0.044600
12615.000000  0.011209
12642.000000  0.001133
12678.000000  0.009811
12711.000000  -0.039208
12779.000000  0.033697
12837.000000  -0.041761
12890.000000  -0.004857
12928.000000  -0.009246
12994.000000  0.010529
13135.000000  0.028511
13263.000000  0.015469
13310.000000  -0.013187
13371.000000  -0.004898
13445.000000  0.003987
13535.000000  -0.044081
13568.000000  0.042570
13668.000000  -0.010854
13756.000000  -0.004253
13785.000000  -0.025479
13823.000000  -0.000412
13875.000000  -0.019205
13928.000000  0.028186
14001.000000  0.004190
14115.000000  0.050070
14217.000000  0.002083
14291.000000  -0.051337
14351.000000  0.015067
14403.000000  -0.042555
14456.000000  0.036571
14504.000000  -0.012454
14562.000000  0.021709
14617.000000  -0.044255
14669.000000  0.040745
14717.000000  -0.024716
14776.000000  0.023570
14861.000000  -0.001058
14951.000000  0.016914
15011.000000  -0.003269
15048.000000  -0.030366
15104.000000  -0.002669
15164.000000  0.007881
15214.000000  0.018368
15274.000000  0.011564
15333.000000  -0.010218
15392.000000  0.006647
15454.000000  -0.040764
15513.000000  0.045875
15573.000000  0.000294
15634.000000  -0.008084
15694.000000  -0.009835
15753.000000  0.016279
15814.000000  -0.005781
15875.000000  -0.015539
15908.000000  0.007353
15943.000000  -0.039237
16002.000000  0.025509
16063.000000  -0.002994
16124.000000  0.013405
16189.000000  0.006028
16250.000000  -0.022775
16302.000000  -0.016964
16358.000000  0.038027
16402.000000  -0.005520
16443.000000  -0.060505
16482.000000  0.042483
16524.000000  -0.024570
16584.000000  0.024787
16647.000000  -0.015493
16719.000000  0.042480
16829.000000  -0.004837
16938.000000  0.029752
16992.000000  -0.048920
17068.000000  0.024136
17159.000000  0.038469
17253.000000  0.004657
17311.000000  -0.041837
17366.000000  0.004937
17417.000000  -0.017746
17478.000000  0.018268
17537.000000  -0.008517
17603.000000  0.025298
17632.000000  -0.044260
17700.000000  -0.013776
17781.000000  0.037392
17845.000000  0.027386
17906.000000  -0.058567
17966.000000  0.002766
18016.000000  0.022680
18051.000000  -0.008575
18104.000000  0.018501
18160.000000  0.008887
18238.000000  -0.002826
18326.000000  -0.029481
18412.000000  0.029417
18502.000000  0.037952
18575.000000  -0.042313
18652.000000  0.026658
18659.000000  -0.023614
18675.000000  -0.018692
18684.000000  -0.045824
18715.000000  0.120779
18736.000000  0.018154
18762.000000  -0.001568
18788.000000  0.017159
18803.000000  0.032476
18826.000000  -0.107649
18855.000000  -0.022955
18950.000000  0.000539
19017.000000  0.032303
19107.000000  -0.024740
19189.000000  0.035380
19224.000000  -0.046794
19270.000000  0.004242
19320.000000  -0.003464
19374.000000  -0.006635
19429.000000  0.011567
19485.000000  -0.018417
19539.000000  0.011064
19610.000000  0.001253
19654.000000  -0.009432
19676.000000  0.019162
19713.000000  -0.005303
19745.000000  -0.005244
19784.000000  0.019301
19824.000000  -0.035440
19859.000000  0.062246
19923.000000  -0.053639
20035.000000  0.060295
20089.000000  -0.025205
20143.000000  -0.026225
20179.000000  0.014030
20224.000000  0.000525
20281.000000  -0.008972
20310.000000  -0.002725
20341.000000  0.015921
20366.000000  -0.026710
20368.000000  -0.043329
20465.000000  0.067450
20558.000000  0.000356
20648.000000  -0.009243
20727.000000  0.032614
20822.000000  -0.002942
20915.000000  0.008672
21010.000000  -0.019955
21109.000000  0.010347
21168.000000  0.008707
21223.000000  -0.044267
21287.000000  -0.022980
21329.000000  0.046151
21374.000000  -0.000219
21420.000000  -0.030275
21471.000000  0.046322
21526.000000  0.000465
21569.000000  -0.022675
21601.000000  0.052570
21610.000000  -0.028895
21654.000000  -0.001387
21718.000000  0.046997
21801.000000  -0.042731
21894.000000  0.001130
21940.000000  -0.008506
21974.000000  -0.047192
22024.000000  0.022041
22057.000000  0.008722
22097.000000  -0.012208
22141.000000  0.115126
22148.000000  -0.077198
22185.000000  0.021086
22220.000000  -0.040085
22226.000000  -0.061683
22348.000000  0.051598
22455.000000  -0.015888
22534.000000  -0.011779
22611.000000  0.033519
22686.000000  -0.001165
22781.000000  0.021232
22862.000000  -0.009704
22911.000000  -0.023508
22962.000000  -0.003261
23021.000000  0.014850
23082.000000  -0.003857
23142.000000  -0.006011
23201.000000  -0.004881
23262.000000  -0.010726
23320.000000  0.019763
23381.000000  -0.031700
23441.000000  -0.000699
23501.000000  0.013380
23579.000000  0.029045
23672.000000  -0.027544
23739.000000  0.018358
23799.000000  -0.035598
23858.000000  0.039893
23918.000000  -0.051976
23965.000000  0.013265
24013.000000  -0.016032
24074.000000  0.045015
24159.000000  0.008422
24250.000000  -0.010843
24345.000000  0.040084
24423.000000  -0.019082
24516.000000  0.000522
24605.000000  0.014121
24671.000000  -0.014533
24764.000000  -0.001981
24857.000000  0.005583
24936.000000  -0.036191
25015.000000  0.036769
25091.000000  0.003307
25179.000000  -0.035037
25258.000000  0.012236
25337.000000  0.023946
25421.000000  -0.001713
25505.000000  -0.011191
25586.000000  -0.007407
25670.000000  0.027537
25753.000000  -0.014770
25838.000000  0.014249
25922.000000  -0.016473
26005.000000  -0.005780
26090.000000  0.002900
26174.000000  0.019480
26258.000000  -0.022171
26342.000000  -0.015816
26435.000000  0.032084
26481.000000  -0.001658
26503.000000  -0.027997
26533.000000  -0.001629
26585.000000  0.028522
26641.000000  0.020469
26711.000000  -0.073608
26784.000000  0.008677
26866.000000  0.036856
26907.000000  0.004163
26931.000000  -0.025480
26976.000000  0.026644
27027.000000  0.058706
27096.000000  -0.018864
27152.000000  0.023743
27189.000000  -0.035835
27229.000000  -0.030405
27279.000000  0.002091
27331.000000  0.016337
27383.000000  -0.002602
27435.000000  -0.019091
27487.000000  0.025427
27539.000000  -0.000781
27591.000000  -0.041272
27643.000000  -0.005255
27681.000000  0.069893
27686.000000  -0.012128
27701.000000  0.050650
27726.000000  -0.041465
27760.000000  0.048018
27801.000000  -0.053641
27846.000000  0.009749
27911.000000  -0.011080
27974.000000  0.056857
28040.000000  -0.054636
28132.000000  0.029835
28224.000000  -0.048749
28290.000000  -0.031864
28379.000000  0.036666
28448.000000  0.034908
28497.000000  -0.015494
28545.000000  0.005096
28584.000000  0.082874
28609.000000  -0.036967
28651.000000  0.033910
28690.000000  0.036246
28716.000000  0.006136
28752.000000  -0.047349
28797.000000  0.006925
28829.000000  0.036019
28873.000000  0.001395
28923.000000  -0.042272
28959.000000  0.042064
28981.000000  0.062459
28983.000000  0.087547
28987.000000  -0.014424
28995.000000  -0.009083
28998.000000  0.116472
29015.000000  -0.035497
29016.000000  0.051288
29073.000000  -0.389464
29161.000000  0.051149
29239.000000  -0.030400
29321.000000  -0.031372
29412.000000  -0.045891
29499.000000  -0.004341
29531.000000  -0.007134
29548.000000  -0.002276
29569.000000  0.002193
29597.000000  0.049664
29631.000000  0.005689
29667.000000  0.037799
29697.000000  0.013616
29722.000000  -0.022095
29747.000000  0.009925
29770.000000  0.026297
29795.000000  -0.010284
29818.000000  0.066478
29843.000000  -0.024051
29867.000000  0.073021
29891.000000  -0.024793
29915.000000  0.015099
29939.000000  -0.044143
29963.000000  -0.062230
29987.000000  -0.057177
30011.000000  -0.056268
30045.000000  -0.021244
30057.000000  0.256045
30096.000000  0.062362
30148.000000  -0.117124
30189.000000  0.133633
30210.000000  -0.236173
30228.000000  0.240885
30244.000000  -0.008208
30272.000000  0.020102
30294.000000  -0.083886
30309.000000  0.001013
30312.000000  -0.152972
30438.000000  -0.104225
30484.000000  0.006590
30561.000000  0.014252
30647.000000  -0.006497
30748.000000  0.024889
30818.000000  -0.039321
30853.000000  0.016554
30906.000000  0.015394
30946.000000  -0.013335
30988.000000  0.013581
31037.000000  0.017202
31083.000000  -0.042131
31142.000000  0.065108
31150.000000  -0.109548
31158.000000  -0.008672
31201.000000  0.025045
31268.000000  0.021517
31324.000000  -0.017247
31379.000000  0.017185
31435.000000  0.019419
31482.000000  -0.004994
31517.000000  -0.005690
31570.000000  -0.002153
31597.000000  0.035110
31623.000000  -0.004908
31651.000000  0.003733
31677.000000  -0.059435
31731.000000  -0.005886
31798.000000  0.032041
31865.000000  -0.014560
31950.000000  0.006175
32025.000000  0.027655
32110.000000  0.036641
32141.000000  -0.075035
32164.000000  0.017361
32181.000000  -0.005590
32215.000000  0.018047
32219.000000  -0.076065
32283.000000  0.050904
32363.000000  0.001318
32451.000000  0.028689
32543.000000  -0.019268
32631.000000  0.058474
32715.000000  -0.007696
32766.000000  -0.020200
32806.000000  -0.018321
32834.000000  0.003663
32870.000000  0.042870
32912.000000  -0.029840
32960.000000  0.016787
32966.000000  -0.028138
32999.000000  -0.008448
33001.000000  -0.075470
33076.000000  0.079087
33153.000000  0.017957
33239.000000  0.013327
33307.000000  -0.044748
33368.000000  0.018436
33464.000000  -0.027898
33521.000000  0.051424
33577.000000  -0.047945
33632.000000  0.029888
33687.000000  -0.010971
33720.000000  0.014950
33791.000000  -0.006288
33865.000000  -0.028104
33894.000000  0.031009
33923.000000  0.010566
33955.000000  0.032315
33969.000000  -0.027718
34016.000000  -0.016888
34037.000000  -0.059766
34076.000000  0.031686
34094.000000  -0.016162
34115.000000  -0.030557
34146.000000  0.063200
34201.000000  0.010789
34245.000000  -0.011868
34294.000000  -0.020659
34352.000000  0.035778
34400.000000  -0.018642
34444.000000  0.000274
34457.000000  0.001682
34511.000000  0.015400
34563.000000  -0.016156
34615.000000  0.013784
34665.000000  -0.002918
34742.000000  0.024047
34792.000000  -0.029577
34812.000000  -0.002741
34834.000000  -0.008024
34851.000000  0.000209
34853.000000  -0.067887
34907.000000  0.064797
34963.000000  0.026610
35052.000000  -0.028456
35128.000000  0.024573
35200.000000  -0.033411
35264.000000  0.026178
35272.000000  -0.065611
35327.000000  0.091347
35341.000000  -0.067248
35497.000000  0.038095
35574.000000  0.023222
35659.000000  -0.038825
35731.000000  0.045340
35821.000000  -0.027873
35889.000000  0.016427
35958.000000  -0.025077
36017.000000  0.024714
36046.000000  -0.005714
36073.000000  -0.014915
36108.000000  0.016153
36115.000000  -0.013855
36138.000000  -0.002734
36164.000000  -0.012752
36195.000000  -0.012629
36231.000000  0.012071
36279.000000  -0.019698
36299.000000  0.000579
36311.000000  0.011758
36359.000000  -0.005957
36453.000000  0.024267
36527.000000  -0.000892
36595.000000  -0.012377
36711.000000  0.035050
36799.000000  -0.036319
36868.000000  0.037878
36950.000000  -0.027182
37057.000000  0.029213
37138.000000  0.003296
37141.000000  -0.097036
37209.000000  0.067066
37267.000000  -0.009765
37334.000000  0.010172
37374.000000  -0.041884
37416.000000  0.018938
37430.000000  -0.023150
37506.000000  0.044584
37579.000000  -0.021128
37617.000000  -0.027411
37649.000000  0.012584
37664.000000  -0.023649
37721.000000  0.049570
37782.000000  0.001818
37842.000000  0.007015
37875.000000  -0.040453
37917.000000  0.014823
38002.000000  0.020120
38048.000000  -0.034368
38104.000000  0.008501
38162.000000  0.059034
38211.000000  -0.015052
38256.000000  -0.033623
38286.000000  0.037573
38309.000000  -0.001752
38328.000000  -0.031742
38335.000000  -0.039342
38372.000000  0.013797
38413.000000  0.020214
38431.000000  0.057836
38438.000000  -0.078930
38448.000000  -0.023120
38523.000000  0.075778
38525.000000  -0.070946
38528.000000  -0.002533
38562.000000  0.027080
38603.000000  0.003135
38631.000000  0.004499
38634.000000  -0.025526
38684.000000  0.032337
38685.000000  -0.043582
38743.000000  0.038947
38813.000000  0.016832
38876.000000  0.033865
38909.000000  -0.019452
38925.000000  -0.060026
38998.000000  0.074330
39034.000000  -0.052292
39074.000000  0.006224
39118.000000  -0.024166
39142.000000  0.036731
39143.000000  -0.038998
39234.000000  0.091754
39283.000000  -0.007283
39340.000000  -0.014629
39392.000000  -0.030577
39451.000000  0.007780
39501.000000  0.027665
39536.000000  -0.024289
39577.000000  0.027632
39598.000000  0.025018
39599.000000  -0.032991
39693.000000  -0.030679
39740.000000  -0.000968
39818.000000  0.036882
39898.000000  -0.035364
39937.000000  0.018763
39988.000000  0.005834
40053.000000  -0.004881
40095.000000  0.022063
40143.000000  -0.054912
40188.000000  0.068305
40206.000000  -0.024818
40207.000000  -0.051969
40257.000000  -0.003436
40322.000000  0.039299
40370.000000  -0.027593
40438.000000  0.000395
40523.000000  0.048622
40611.000000  0.027710
40706.000000  -0.024266
40723.000000  -0.005944
40743.000000  -0.007475
40766.000000  -0.002589
40802.000000  0.003255
40817.000000  -0.061786
