269.000000  0.083373
338.000000  0.051766
389.000000  0.038640
442.000000  0.050804
486.000000  0.065545
541.000000  0.072053
594.000000  0.069698
661.000000  0.085284
702.000000  0.056234
743.000000  0.066902
781.000000  0.067924
854.000000  0.081500
898.000000  0.070302
948.000000  0.065162
969.000000  0.058998
1001.000000  0.056613
1049.000000  0.071369
1085.000000  0.063434
1134.000000  0.078507
1170.000000  0.058857
1219.000000  0.058730
1255.000000  0.063107
1305.000000  0.085623
1351.000000  0.079585
1372.000000  0.043746
1417.000000  0.063418
1449.000000  0.076168
1484.000000  0.075664
1515.000000  0.070262
1557.000000  0.067475
1576.000000  0.053322
1617.000000  0.076150
1674.000000  0.074194
1726.000000  0.078267
1765.000000  0.086291
1808.000000  0.088936
1843.000000  0.069326
1865.000000  0.061894
1889.000000  0.058034
1915.000000  0.059103
1934.000000  0.065568
1950.000000  0.067347
1973.000000  0.063253
2008.000000  0.061804
2017.000000  0.046417
2028.000000  0.044553
2037.000000  0.050123
2055.000000  0.051708
2078.000000  0.070984
2141.000000  0.077429
2167.000000  0.067632
2194.000000  0.070379
2237.000000  0.091233
2279.000000  0.077170
2308.000000  0.078471
2350.000000  0.079861
2409.000000  0.080142
2466.000000  0.082769
2517.000000  0.083085
2557.000000  0.090890
2584.000000  0.081062
2618.000000  0.084448
2658.000000  0.076788
2698.000000  0.090709
2745.000000  0.082191
2767.000000  0.077085
2787.000000  0.064629
2800.000000  0.063628
2837.000000  0.079754
2875.000000  0.085794
2905.000000  0.086803
2954.000000  0.089609
2998.000000  0.093800
3035.000000  0.088344
3043.000000  0.064490
3095.000000  0.085760
3128.000000  0.092594
3178.000000  0.099101
3227.000000  0.114472
3284.000000  0.108593
3329.000000  0.122453
3379.000000  0.112645
3423.000000  0.100515
3476.000000  0.099873
3517.000000  0.097838
3542.000000  0.097308
3580.000000  0.100985
3619.000000  0.095880
3688.000000  0.119987
3713.000000  0.107870
3754.000000  0.107862
3802.000000  0.126470
3839.000000  0.147642
3866.000000  0.137370
3905.000000  0.145027
3923.000000  0.089678
3969.000000  0.132991
3985.000000  0.114586
4011.000000  0.104914
4039.000000  0.105728
4052.000000  0.081523
4057.000000  0.070175
4074.000000  0.086166
4091.000000  0.077219
4113.000000  0.090670
4149.000000  0.081723
4149.000000  0.063284
4181.000000  0.080792
4186.000000  0.070117
4211.000000  0.081186
4242.000000  0.078349
4272.000000  0.098430
4294.000000  0.083274
4314.000000  0.081590
4333.000000  0.099385
4359.000000  0.088838
4396.000000  0.104048
4418.000000  0.094904
4444.000000  0.095893
4468.000000  0.093648
4496.000000  0.091236
4515.000000  0.089822
4540.000000  0.094986
4577.000000  0.102881
4601.000000  0.085403
4634.000000  0.098849
4661.000000  0.084877
4690.000000  0.093686
4727.000000  0.114473
4749.000000  0.097513
4789.000000  0.095036
4842.000000  0.122081
4908.000000  0.125744
4960.000000  0.134656
5009.000000  0.140501
5050.000000  0.149040
5084.000000  0.124323
5132.000000  0.137057
5183.000000  0.152362
5228.000000  0.139542
5261.000000  0.126543
5310.000000  0.153355
5351.000000  0.154493
5386.000000  0.136792
5448.000000  0.147164
5457.000000  0.111567
5504.000000  0.143730
5513.000000  0.139380
5576.000000  0.158728
5577.000000  0.105784
5620.000000  0.178352
5657.000000  0.152649
5718.000000  0.176724
5769.000000  0.153497
5785.000000  0.143643
5843.000000  0.168438
5878.000000  0.178588
5929.000000  0.170347
5969.000000  0.168397
6012.000000  0.163876
6066.000000  0.169982
6112.000000  0.176461
6132.000000  0.161593
6187.000000  0.193322
6223.000000  0.171131
6257.000000  0.179038
6291.000000  0.177978
6332.000000  0.185894
6345.000000  0.146458
6373.000000  0.178164
6408.000000  0.184544
6430.000000  0.186992
6439.000000  0.129015
6482.000000  0.181189
6545.000000  0.196421
6596.000000  0.227986
6646.000000  0.166901
6655.000000  0.137060
6682.000000  0.155334
6738.000000  0.162651
6768.000000  0.138801
6814.000000  0.176821
6817.000000  0.117773
6852.000000  0.163981
6884.000000  0.147561
6932.000000  0.175436
6955.000000  0.157956
6993.000000  0.176070
7046.000000  0.199358
7063.000000  0.166699
7121.000000  0.197045
7135.000000  0.169047
7175.000000  0.200710
7211.000000  0.172496
7240.000000  0.148056
7285.000000  0.180369
7333.000000  0.190952
7411.000000  0.247922
7474.000000  0.200096
7526.000000  0.208662
7541.000000  0.154925
7580.000000  0.263491
7616.000000  0.248734
7643.000000  0.223920
7657.000000  0.200940
7671.000000  0.167582
7708.000000  0.203163
7735.000000  0.234171
7757.000000  0.283874
7791.000000  0.228887
7813.000000  0.232265
7827.000000  0.143819
7861.000000  0.178559
7877.000000  0.227729
7902.000000  0.248169
7943.000000  0.248106
7981.000000  0.282378
8002.000000  0.294196
8045.000000  0.164758
8059.000000  0.118470
8083.000000  0.110012
8113.000000  0.171282
8132.000000  0.115104
8154.000000  0.112876
8178.000000  0.170337
8221.000000  0.159464
8269.000000  0.166434
8269.000000  0.095551
8304.000000  0.159056
8347.000000  0.156377
8377.000000  0.161519
8406.000000  0.217311
8430.000000  0.216644
8441.000000  0.245042
8461.000000  0.102296
8479.000000  0.100624
8500.000000  0.113100
8540.000000  0.132601
8560.000000  0.106107
8588.000000  0.104962
8635.000000  0.114670
8676.000000  0.130289
8705.000000  0.119082
8727.000000  0.121249
8746.000000  0.113377
8795.000000  0.135681
8829.000000  0.149169
8837.000000  0.116852
8862.000000  0.121891
8891.000000  0.147516
8914.000000  0.126615
8953.000000  0.124787
8983.000000  0.150292
9006.000000  0.112399
9038.000000  0.114796
9058.000000  0.121432
9073.000000  0.142846
9091.000000  0.116195
9111.000000  0.120801
9123.000000  0.110704
9133.000000  0.117421
9149.000000  0.144878
9183.000000  0.129501
9208.000000  0.118625
9222.000000  0.119360
9235.000000  0.119591
9260.000000  0.128608
9307.000000  0.220966
9333.000000  0.298723
9372.000000  0.112346
9425.000000  0.157848
9448.000000  0.106723
9475.000000  0.138753
9506.000000  0.123056
9530.000000  0.122536
9580.000000  0.119649
9608.000000  0.120190
9625.000000  0.113445
9642.000000  0.106795
9669.000000  0.114917
9701.000000  0.116654
9748.000000  0.114946
9768.000000  0.113014
9771.000000  0.094823
9798.000000  0.099059
9834.000000  0.115182
9861.000000  0.109425
9913.000000  0.121933
9939.000000  0.138859
9967.000000  0.119405
10003.000000  0.127452
10022.000000  0.113180
10059.000000  0.127731
10074.000000  0.103657
10087.000000  0.112849
10103.000000  0.119893
10119.000000  0.112617
10136.000000  0.115877
10145.000000  0.104658
10166.000000  0.107465
10189.000000  0.113862
10223.000000  0.122547
10233.000000  0.099203
10245.000000  0.102233
10253.000000  0.101679
10262.000000  0.091610
10264.000000  0.115903
10280.000000  0.133262
10303.000000  0.101869
10321.000000  0.112308
10343.000000  0.110874
10367.000000  0.099574
10380.000000  0.109333
