816.000000  0.257314
1106.000000  -0.025416
1331.000000  -0.044375
1634.000000  0.011997
1898.000000  0.027041
2147.000000  0.022865
2431.000000  0.022629
2681.000000  0.015449
2915.000000  0.020831
3105.000000  -0.050672
3295.000000  -0.011418
3479.000000  -0.009949
3687.000000  0.013278
3822.000000  -0.052467
4018.000000  0.029033
4222.000000  0.021717
4361.000000  -0.063937
4421.000000  -0.023277
4512.000000  0.015629
4673.000000  0.047947
4773.000000  -0.014322
4871.000000  -0.023158
5081.000000  0.060644
5317.000000  0.037922
5562.000000  0.005339
5810.000000  0.016646
6033.000000  0.003425
6238.000000  0.003449
6391.000000  -0.052024
6503.000000  -0.019785
6645.000000  0.030865
6805.000000  0.024525
7000.000000  0.017907
7225.000000  -0.009694
7261.000000  -0.077004
7461.000000  0.114509
7638.000000  -0.030943
7780.000000  -0.008804
7893.000000  -0.047013
8024.000000  0.025909
8153.000000  -0.022043
8287.000000  0.034864
8409.000000  -0.033038
8513.000000  0.018015
8794.000000  0.060968
8916.000000  -0.019485
9086.000000  0.047489
9124.000000  -0.078062
9321.000000  0.049880
9537.000000  0.001500
9782.000000  0.063413
10019.000000  0.005181
10213.000000  -0.043396
10363.000000  -0.001899
10499.000000  0.065114
10622.000000  -0.103592
10745.000000  0.027102
10884.000000  0.036001
11020.000000  -0.018545
11143.000000  -0.009651
11282.000000  0.026815
11413.000000  -0.021471
11545.000000  -0.065170
11681.000000  0.032669
11876.000000  0.070856
12132.000000  0.030428
12367.000000  0.010302
12608.000000  -0.004050
12834.000000  -0.017870
13005.000000  -0.039036
13109.000000  -0.027788
13230.000000  0.038988
13414.000000  0.052052
13566.000000  0.009984
13724.000000  -0.006606
13906.000000  0.015709
14104.000000  -0.013764
14366.000000  0.049460
14625.000000  0.023662
14889.000000  0.006019
15087.000000  -0.010645
15272.000000  -0.044123
15548.000000  0.063439
15765.000000  0.018203
15946.000000  -0.035147
16123.000000  -0.016803
16287.000000  -0.025502
16443.000000  0.005277
16654.000000  0.032590
16871.000000  0.005692
17032.000000  -0.015775
17165.000000  -0.016923
17299.000000  0.026042
17451.000000  0.013573
17597.000000  0.007531
17740.000000  -0.031726
17835.000000  0.040214
17946.000000  -0.085064
18106.000000  -0.012411
18270.000000  0.044810
18439.000000  0.028564
18697.000000  0.057063
18917.000000  0.001209
19062.000000  -0.004208
19291.000000  -0.044534
19488.000000  -0.016144
19614.000000  -0.002246
19771.000000  0.077627
19833.000000  0.019541
19915.000000  -0.196060
20019.000000  0.164312
20220.000000  0.045572
20427.000000  0.013991
20645.000000  0.001043
20837.000000  0.058829
21048.000000  -0.018905
21247.000000  -0.044295
21451.000000  -0.005160
21631.000000  -0.021566
21818.000000  -0.066793
22008.000000  0.096127
22272.000000  0.013586
22552.000000  0.111710
22756.000000  -0.006641
23027.000000  0.026538
23213.000000  -0.010421
23446.000000  0.030878
23572.000000  0.006203
23631.000000  -0.356342
23714.000000  0.016840
23825.000000  0.027754
23930.000000  0.188742
24062.000000  0.076853
24201.000000  0.006496
24417.000000  0.014283
24652.000000  0.020642
24879.000000  -0.016454
25043.000000  -0.002037
25175.000000  -0.264727
25285.000000  -0.009347
25431.000000  0.039774
25636.000000  0.043607
25770.000000  -0.001445
25908.000000  0.054554
26068.000000  0.090088
26244.000000  0.168323
26388.000000  -0.008178
26526.000000  0.039709
26615.000000  0.058754
26694.000000  -0.543169
26831.000000  0.097912
27008.000000  0.010129
27186.000000  0.320263
27347.000000  -0.011245
27585.000000  0.032194
27919.000000  0.026143
28183.000000  0.008522
28391.000000  0.011613
28632.000000  -0.134789
28776.000000  -0.065012
28924.000000  0.019917
29028.000000  0.220651
29113.000000  -0.477891
29177.000000  -0.054232
29261.000000  0.031403
29338.000000  0.000482
29451.000000  0.231983
29566.000000  0.264161
29667.000000  -0.114261
29798.000000  -0.031233
29926.000000  0.003485
30047.000000  -0.329242
30161.000000  -0.032531
30207.000000  0.217514
30261.000000  0.200548
30380.000000  0.037794
30469.000000  -0.460114
30605.000000  0.074168
30759.000000  -0.001528
30863.000000  -0.009961
31022.000000  0.016499
31173.000000  -0.006778
31291.000000  0.023242
31429.000000  -0.008268
31580.000000  -0.013126
31737.000000  0.012072
31834.000000  -0.036255
31843.000000  -0.094218
31954.000000  0.090517
32123.000000  0.120403
32386.000000  0.046012
32653.000000  -0.038017
32878.000000  0.005353
33069.000000  -0.068219
33265.000000  -0.002858
33472.000000  0.048096
33547.000000  -0.021514
33671.000000  0.020575
33795.000000  -0.007668
33921.000000  0.033419
34033.000000  0.077282
34136.000000  0.011997
34218.000000  -0.285601
34319.000000  -0.015260
34417.000000  0.017984
34463.000000  0.017029
34529.000000  -0.040765
34614.000000  0.059574
34658.000000  -0.064693
34707.000000  -0.009124
34718.000000  0.003929
34723.000000  -0.014798
34823.000000  0.063875
34899.000000  -0.046993
34906.000000  0.045346
35003.000000  -0.054169
35058.000000  -0.003876
35124.000000  -0.009561
35180.000000  0.118046
35222.000000  -0.049547
35350.000000  0.136830
35381.000000  -0.087424
35414.000000  -0.039268
35493.000000  -0.081030
35587.000000  0.020647
35663.000000  0.011302
35734.000000  -0.000282
35857.000000  0.023877
35978.000000  -0.001993
36053.000000  -0.012125
36178.000000  0.068864
36285.000000  -0.026072
36349.000000  -0.076808
36426.000000  -0.002075
36432.000000  -0.015223
36577.000000  0.065095
36718.000000  -0.012276
36750.000000  -0.018481
36859.000000  0.024909
36989.000000  -0.009651
37021.000000  -0.027756
37088.000000  0.013333
37166.000000  0.004569
37266.000000  0.011066
37347.000000  -0.013770
37472.000000  0.023084
37495.000000  -0.053962
37588.000000  0.054993
37689.000000  0.019547
37916.000000  0.048546
38059.000000  -0.014743
38128.000000  0.005238
38272.000000  0.025679
38420.000000  -0.022286
38564.000000  -0.034962
38735.000000  0.002273
38805.000000  -0.041223
38813.000000  0.002864
38903.000000  0.033320
39018.000000  0.010554
39094.000000  -0.027064
39176.000000  0.035977
39256.000000  -0.012948
39351.000000  -0.010603
39439.000000  -0.000518
39550.000000  0.003261
39660.000000  0.086072
39768.000000  -0.051146
39879.000000  -0.004043
39995.000000  0.051654
40129.000000  0.016570
40143.000000  -0.163139
40191.000000  0.177651
40253.000000  0.083394
40330.000000  -0.234241
40360.000000  -0.030596
40368.000000  -0.012691
40422.000000  0.006651
40524.000000  -0.000873
40614.000000  0.032800
40725.000000  -0.003368
40804.000000  -0.003727
40819.000000  -0.044959
40824.000000  0.000875
40826.000000  -0.004991
40827.000000  -0.000755
