269.000000  0.057052
323.000000  0.045424
343.000000  0.011338
374.000000  0.018476
403.000000  0.021236
448.000000  0.031709
510.000000  0.038251
570.000000  0.043749
619.000000  0.047235
689.000000  0.048703
739.000000  0.045417
805.000000  0.061801
859.000000  0.058314
920.000000  0.076325
956.000000  0.055536
1022.000000  0.048609
1079.000000  0.047670
1133.000000  0.051423
1148.000000  0.048533
1171.000000  0.042580
1210.000000  0.039189
1250.000000  0.048274
1309.000000  0.065847
1351.000000  0.049164
1390.000000  0.056275
1419.000000  0.062811
1477.000000  0.061335
1531.000000  0.053697
1583.000000  0.054117
1591.000000  0.008665
1626.000000  0.053293
1673.000000  0.054647
1742.000000  0.053641
1746.000000  0.007608
1792.000000  0.071290
1827.000000  0.063750
1868.000000  0.056024
1931.000000  0.065586
1986.000000  0.063597
2040.000000  0.069793
2071.000000  0.053624
2118.000000  0.050909
2163.000000  0.054344
2194.000000  0.026474
2245.000000  0.052868
2267.000000  0.024063
2292.000000  0.032303
2322.000000  0.029426
2358.000000  0.041352
2412.000000  0.039243
2446.000000  0.030830
2469.000000  0.028823
2504.000000  0.041905
2532.000000  0.043984
2570.000000  0.056328
2621.000000  0.056605
2664.000000  0.043268
2700.000000  0.037251
2749.000000  0.042420
2791.000000  0.046527
2822.000000  0.032860
2834.000000  0.012782
2878.000000  0.042810
2928.000000  0.073364
2977.000000  0.040294
3032.000000  0.062961
3073.000000  0.054240
3114.000000  0.055324
3170.000000  0.086537
3214.000000  0.060946
3240.000000  0.057316
3271.000000  0.054568
3315.000000  0.053491
3368.000000  0.065233
3440.000000  0.075888
3489.000000  0.079521
3514.000000  0.057787
3546.000000  0.083107
3582.000000  0.078100
3626.000000  0.105267
3638.000000  0.010591
3679.000000  0.120430
3731.000000  0.094495
3753.000000  0.045875
3794.000000  0.075468
3827.000000  0.057516
3859.000000  0.047285
3905.000000  0.081573
3956.000000  0.038075
3976.000000  0.027873
3988.000000  0.004012
4007.000000  0.004913
4022.000000  0.011796
4053.000000  0.023733
4097.000000  0.049636
4128.000000  0.054122
4171.000000  0.083005
4206.000000  0.043060
4245.000000  0.049621
4276.000000  0.060736
4296.000000  0.033424
4334.000000  0.047510
4354.000000  0.045045
4381.000000  0.049271
4384.000000  0.003710
4408.000000  0.035147
4429.000000  0.028586
4481.000000  0.059133
4528.000000  0.075698
4570.000000  0.064238
4621.000000  0.027324
4664.000000  0.075297
4687.000000  0.050216
4697.000000  0.026035
4725.000000  0.064976
4728.000000  0.002155
4776.000000  0.109426
4806.000000  0.106961
4848.000000  0.077146
4900.000000  0.063030
4970.000000  0.072160
5047.000000  0.121620
5112.000000  0.083933
5159.000000  0.085588
5224.000000  0.089653
5284.000000  0.089917
5324.000000  0.060269
5365.000000  0.082835
5385.000000  0.058313
5413.000000  0.069992
5441.000000  0.050556
5475.000000  0.103369
5490.000000  0.049702
5513.000000  0.097051
5534.000000  0.094701
5563.000000  0.107787
5589.000000  0.126623
5625.000000  0.123027
5671.000000  0.157623
5718.000000  0.146400
5763.000000  0.036459
5833.000000  0.160498
5834.000000  0.004235
5876.000000  0.168451
5938.000000  0.200571
5983.000000  0.062953
6034.000000  0.058046
6077.000000  0.057717
6123.000000  0.050313
6154.000000  0.033442
6154.000000  0.000074
6187.000000  0.032679
6217.000000  0.103308
6255.000000  0.140433
6287.000000  0.090388
6318.000000  0.134914
6344.000000  0.090106
6379.000000  0.079054
6411.000000  0.085102
6446.000000  0.074525
6464.000000  0.049668
6499.000000  0.076218
6539.000000  0.108571
6551.000000  0.080470
6567.000000  0.068805
6577.000000  0.113822
6601.000000  0.099995
6618.000000  0.016092
6644.000000  0.020852
6663.000000  0.018979
6699.000000  0.028764
6740.000000  0.063574
6787.000000  0.069215
6788.000000  0.001513
6803.000000  0.048828
6818.000000  0.047091
6833.000000  0.047373
6870.000000  0.144938
6912.000000  0.129990
6934.000000  0.092105
6949.000000  0.010490
6974.000000  0.011616
6999.000000  0.014262
7008.000000  0.010899
7028.000000  0.015918
7050.000000  0.025534
7068.000000  0.030216
7089.000000  0.017627
7108.000000  0.016985
7143.000000  0.031885
7172.000000  0.031680
7203.000000  0.023070
7228.000000  0.031723
7271.000000  0.031174
7315.000000  0.032155
7316.000000  0.000871
7359.000000  0.040885
7399.000000  0.046638
7452.000000  0.042539
7510.000000  0.141300
7571.000000  0.156825
7602.000000  0.136472
7635.000000  0.071886
7673.000000  0.138147
7723.000000  0.141242
7763.000000  0.120469
7815.000000  0.119173
7849.000000  0.127686
7899.000000  0.083445
7941.000000  0.076023
7972.000000  0.054370
7992.000000  0.036601
7999.000000  0.022202
8025.000000  0.041985
8052.000000  0.043431
8104.000000  0.044301
8104.000000  0.000093
8132.000000  0.044771
8133.000000  0.003187
8166.000000  0.029612
8179.000000  0.027038
8201.000000  0.028794
8238.000000  0.037244
8274.000000  0.024143
8313.000000  0.053091
8353.000000  0.051991
8393.000000  0.021931
8421.000000  0.035599
8466.000000  0.023303
8488.000000  0.019061
8521.000000  0.026835
8559.000000  0.023171
8601.000000  0.035146
8606.000000  0.004549
8645.000000  0.044564
8691.000000  0.036245
8729.000000  0.046938
8772.000000  0.049715
8799.000000  0.035451
8825.000000  0.039923
8833.000000  0.008797
8856.000000  0.023258
8873.000000  0.024547
8927.000000  0.055091
8927.000000  0.000087
8980.000000  0.055822
9018.000000  0.041831
9056.000000  0.051830
9101.000000  0.051070
9130.000000  0.039962
9161.000000  0.026919
9199.000000  0.037586
9216.000000  0.023451
9234.000000  0.025239
9251.000000  0.018505
9280.000000  0.058562
9304.000000  0.050835
9326.000000  0.056336
9339.000000  0.024551
9361.000000  0.031441
9388.000000  0.021758
9412.000000  0.058128
9450.000000  0.039733
9476.000000  0.042338
9504.000000  0.029730
9543.000000  0.061615
9583.000000  0.054324
9610.000000  0.067220
9635.000000  0.056791
9665.000000  0.069061
9685.000000  0.060743
9712.000000  0.075140
9732.000000  0.096806
9748.000000  0.006542
9809.000000  0.013510
9842.000000  0.007231
9865.000000  0.024914
9878.000000  0.015055
9894.000000  0.009928
9911.000000  0.006009
9925.000000  0.006483
9947.000000  0.005640
9951.000000  0.000607
9953.000000  0.047018
9975.000000  0.006484
10012.000000  0.016919
10015.000000  0.002030
10030.000000  0.012381
10042.000000  0.011651
10054.000000  0.019291
10069.000000  0.012286
10095.000000  0.015842
10103.000000  0.007421
10107.000000  0.011973
10116.000000  0.007325
10124.000000  0.009693
10127.000000  0.002072
10133.000000  0.005395
10172.000000  0.021168
10186.000000  0.015609
10196.000000  0.009658
10231.000000  0.019450
10282.000000  0.025755
10289.000000  0.006972
10305.000000  0.014228
10315.000000  0.011185
10342.000000  0.022100
10359.000000  0.008449
10370.000000  0.042435
10377.000000  0.010727
