995.000000  0.269189
1257.000000  -0.043908
1500.000000  -0.034219
1793.000000  0.040406
2142.000000  0.050266
2464.000000  0.029844
2817.000000  0.050713
3158.000000  0.026438
3445.000000  -0.015431
3734.000000  0.028543
4064.000000  0.004071
4312.000000  -0.021340
4590.000000  0.005846
4852.000000  -0.034456
5060.000000  -0.049072
5262.000000  -0.016675
5455.000000  -0.014733
5614.000000  -0.001029
5860.000000  0.052555
6093.000000  -0.004694
6270.000000  0.016983
6319.000000  -0.030276
6534.000000  0.019438
6744.000000  0.023249
6966.000000  0.004795
7162.000000  -0.028149
7416.000000  0.005660
7632.000000  -0.006346
7848.000000  0.026606
8123.000000  0.048778
8335.000000  -0.026655
8588.000000  -0.008837
8724.000000  -0.054031
8816.000000  -0.050236
8934.000000  0.053015
9136.000000  -0.007383
9331.000000  0.006927
9521.000000  0.062366
9700.000000  0.019628
9963.000000  0.010799
10177.000000  0.008018
10311.000000  -0.014068
10428.000000  -0.054497
10638.000000  0.110577
10840.000000  -0.011242
11084.000000  -0.013030
11343.000000  0.030379
11627.000000  0.050033
11859.000000  -0.044468
12010.000000  -0.017558
12157.000000  -0.032544
12324.000000  0.064289
12527.000000  0.025011
12665.000000  -0.032983
12771.000000  -0.115600
12919.000000  0.077976
13103.000000  0.119139
13342.000000  0.035266
13550.000000  -0.120749
13820.000000  0.082949
14103.000000  0.032185
14412.000000  0.027544
14689.000000  -0.068904
14895.000000  -0.039657
15096.000000  0.011746
15334.000000  0.087730
15572.000000  -0.008894
15744.000000  0.011631
15850.000000  0.002069
15945.000000  0.049994
16053.000000  -0.219134
16174.000000  0.134509
16322.000000  -0.166897
16459.000000  0.031270
16655.000000  0.033710
16815.000000  -0.023943
16958.000000  -0.025191
17013.000000  -0.022696
17195.000000  0.017245
17382.000000  0.054714
17620.000000  0.032433
17900.000000  0.099189
18211.000000  -0.019550
18436.000000  -0.059732
18613.000000  -0.064872
18777.000000  -0.004573
18970.000000  0.054932
19157.000000  -0.012908
19376.000000  0.018162
19482.000000  -0.044221
19506.000000  -0.053679
19654.000000  0.040488
19851.000000  0.038430
19989.000000  -0.014770
20199.000000  0.085221
20511.000000  -0.001783
20820.000000  -0.002080
21145.000000  0.043684
21386.000000  -0.034155
21664.000000  0.010392
21916.000000  0.004486
22118.000000  -0.029960
22332.000000  0.020711
22530.000000  -0.004356
22732.000000  0.036047
22943.000000  -0.046435
23132.000000  0.008212
23358.000000  0.007580
23619.000000  0.038863
23905.000000  0.002794
24151.000000  0.014576
24347.000000  -0.076113
24619.000000  0.034353
24880.000000  0.108875
25067.000000  -0.006337
25413.000000  0.133967
25663.000000  -0.094045
25858.000000  0.173857
26045.000000  -0.335543
26232.000000  -0.013199
26297.000000  -0.044437
26371.000000  -0.023131
26450.000000  0.031950
26534.000000  -0.020581
26623.000000  0.031635
26679.000000  -0.032485
26684.000000  -0.024156
26748.000000  0.047553
26894.000000  0.041476
27058.000000  0.039889
27244.000000  0.023648
27456.000000  0.028084
27693.000000  0.096019
27931.000000  -0.061056
28184.000000  0.144941
28461.000000  -0.150414
28534.000000  -0.120028
28612.000000  -0.036185
28730.000000  0.037335
28872.000000  0.030353
29053.000000  0.100004
29237.000000  0.134015
29344.000000  -0.092996
29523.000000  0.017248
29695.000000  0.004080
29880.000000  0.199888
30105.000000  0.042272
30339.000000  -0.233380
30548.000000  0.018932
30766.000000  0.072672
30901.000000  0.057737
31094.000000  -0.248091
31219.000000  -0.021768
31451.000000  0.101587
31577.000000  -0.006701
31640.000000  -0.093885
31692.000000  0.084904
31739.000000  -0.029346
31845.000000  -0.001830
31937.000000  -0.018826
32104.000000  0.045644
32285.000000  0.184711
32425.000000  -0.205305
32512.000000  -0.183040
32592.000000  0.053020
32669.000000  -0.083095
32752.000000  -0.005503
32859.000000  0.029798
32948.000000  0.009161
33030.000000  -0.013309
33147.000000  0.009457
33250.000000  -0.010694
33437.000000  0.034411
33712.000000  0.066525
34040.000000  0.066377
34300.000000  0.062053
34428.000000  -0.178366
34552.000000  -0.001910
34686.000000  0.027109
34858.000000  0.073105
35025.000000  -0.069782
35169.000000  0.043018
35341.000000  -0.023595
35513.000000  0.153426
35643.000000  0.055290
35757.000000  -0.095999
35809.000000  -0.025931
35858.000000  0.033009
35947.000000  0.036991
36123.000000  0.041510
36289.000000  -0.042667
36386.000000  0.026477
36508.000000  -0.034317
36590.000000  -0.167734
36726.000000  0.041147
36858.000000  0.065308
36975.000000  -0.002599
37102.000000  0.018943
37294.000000  0.323777
37389.000000  0.028867
37528.000000  -0.549855
37618.000000  -0.055467
37721.000000  0.025484
37800.000000  -0.035752
37892.000000  0.014967
37975.000000  0.017479
38073.000000  -0.035866
38167.000000  0.373255
38316.000000  0.139346
38368.000000  -0.079197
38423.000000  0.024200
38454.000000  0.019872
38459.000000  -0.531139
38489.000000  -0.003902
38548.000000  0.040185
38591.000000  0.060408
38649.000000  0.324643
38650.000000  -0.297580
38733.000000  -0.125250
38815.000000  0.014382
38840.000000  0.007602
38918.000000  0.011265
39134.000000  0.046244
39219.000000  -0.035054
39255.000000  0.001158
39381.000000  0.006609
39455.000000  -0.015176
39511.000000  -0.008895
39633.000000  0.008080
39798.000000  0.038500
39899.000000  0.006536
39974.000000  -0.014029
40094.000000  0.002428
40248.000000  0.058361
40367.000000  -0.056453
40460.000000  -0.011810
40531.000000  -0.018157
40534.000000  -0.025263
40576.000000  -0.012588
40609.000000  -0.000865
40646.000000  -0.021885
40795.000000  0.044875
40825.000000  -0.016700
40832.000000  0.009425
