216.000000  0.150067
275.000000  -0.046735
322.000000  0.012641
378.000000  -0.005866
440.000000  0.019149
495.000000  -0.054025
553.000000  -0.026371
616.000000  0.082572
695.000000  -0.002623
787.000000  0.002606
851.000000  -0.006309
907.000000  -0.027549
963.000000  0.028354
1016.000000  -0.011368
1087.000000  0.004963
1150.000000  -0.005746
1265.000000  0.039769
1362.000000  0.006400
1411.000000  -0.006687
1457.000000  -0.008804
1489.000000  0.014156
1522.000000  -0.018929
1540.000000  0.013914
1623.000000  -0.025883
1708.000000  0.012566
1792.000000  0.006036
1870.000000  -0.012712
1921.000000  0.010361
1942.000000  -0.031122
1952.000000  0.000268
2039.000000  0.024569
2101.000000  0.008507
2161.000000  0.008895
2213.000000  -0.029644
2274.000000  0.010837
2324.000000  0.003937
2333.000000  -0.026325
2400.000000  0.018676
2473.000000  -0.009466
2534.000000  0.009302
2603.000000  -0.006486
2655.000000  -0.011255
2713.000000  0.016143
2783.000000  0.002841
2848.000000  -0.003744
2927.000000  -0.000341
3033.000000  0.020191
3115.000000  0.019481
3194.000000  -0.034084
3250.000000  -0.016227
3299.000000  0.005952
3344.000000  -0.007571
3389.000000  0.011417
3433.000000  -0.022112
3483.000000  0.002446
3531.000000  0.006677
3572.000000  0.035700
3620.000000  -0.029819
3664.000000  0.011212
3739.000000  -0.003216
3805.000000  -0.002910
3876.000000  0.016277
3945.000000  0.012301
4021.000000  -0.008251
4116.000000  -0.001682
4179.000000  0.009106
4224.000000  -0.011335
4268.000000  -0.018703
4355.000000  0.032367
4455.000000  -0.050332
4545.000000  0.065475
4628.000000  -0.008674
4717.000000  0.006403
4782.000000  0.007770
4870.000000  0.006889
4959.000000  0.003940
5038.000000  -0.016047
5114.000000  0.021276
5154.000000  -0.084622
5191.000000  0.038472
5197.000000  0.029264
5240.000000  -0.033000
5298.000000  -0.053281
5345.000000  0.049844
5412.000000  -0.005749
5476.000000  0.005004
5537.000000  0.011273
5593.000000  -0.013831
5652.000000  -0.010281
5704.000000  -0.009105
5751.000000  -0.016084
5808.000000  0.067729
5859.000000  -0.047869
5904.000000  0.029817
5998.000000  -0.012775
6090.000000  0.016251
6197.000000  0.039830
6272.000000  -0.007510
6357.000000  -0.001162
6435.000000  -0.011939
6504.000000  0.017667
6534.000000  -0.045890
6610.000000  0.041519
6676.000000  -0.016623
6742.000000  0.015221
6820.000000  -0.041697
6886.000000  0.043736
6950.000000  -0.006198
7024.000000  0.009398
7106.000000  -0.034546
7160.000000  0.017621
7216.000000  0.001237
7281.000000  -0.020684
7354.000000  0.008657
7426.000000  0.015399
7495.000000  0.006365
7551.000000  -0.017294
7615.000000  0.007247
7674.000000  -0.006157
7720.000000  0.004617
7774.000000  0.004050
7828.000000  -0.004996
7885.000000  -0.001135
7946.000000  -0.005769
8006.000000  0.023795
8080.000000  -0.030733
8140.000000  0.026761
8201.000000  -0.000379
8252.000000  -0.025732
8301.000000  0.013480
8355.000000  0.016330
8386.000000  0.016568
8437.000000  0.004807
8504.000000  0.034809
8571.000000  0.022579
8638.000000  -0.021139
8683.000000  0.022527
8725.000000  0.004433
8752.000000  -0.002744
8765.000000  -0.034140
8801.000000  0.006902
8831.000000  0.156612
8839.000000  -0.060905
8845.000000  0.029754
8910.000000  -0.198039
9002.000000  0.011266
9058.000000  0.021209
9132.000000  0.003859
9218.000000  -0.011386
9281.000000  0.014973
9374.000000  -0.000246
9468.000000  0.012097
9562.000000  0.009304
9652.000000  -0.023610
9745.000000  0.015353
9823.000000  -0.007685
9903.000000  0.005653
9979.000000  0.024916
10070.000000  -0.028500
10160.000000  0.006854
10257.000000  0.010170
10351.000000  0.004213
10439.000000  -0.014777
10486.000000  -0.004973
10535.000000  -0.015750
10608.000000  -0.001523
10679.000000  -0.005429
10729.000000  0.027286
10784.000000  -0.001603
10860.000000  0.021004
10916.000000  0.024451
10975.000000  -0.006065
11023.000000  0.019221
11076.000000  -0.002393
11139.000000  -0.012147
11221.000000  -0.010453
11274.000000  0.012702
11340.000000  0.002046
11386.000000  -0.010209
11420.000000  0.031755
11445.000000  -0.024522
11463.000000  0.015353
11475.000000  -0.049969
11515.000000  0.029349
11571.000000  0.024776
11661.000000  -0.046963
11753.000000  0.026090
11850.000000  0.017047
11927.000000  -0.053770
11975.000000  -0.047539
12011.000000  0.013556
12058.000000  0.031841
12118.000000  -0.023702
12184.000000  0.040957
12230.000000  -0.043706
12286.000000  -0.006782
12342.000000  0.079650
12357.000000  0.016647
12365.000000  -0.023926
12377.000000  0.018039
12399.000000  0.016136
12419.000000  0.123158
12450.000000  -0.029449
12492.000000  -0.169327
12576.000000  0.017868
12628.000000  -0.091745
12665.000000  0.065901
12707.000000  -0.021794
12744.000000  0.003147
12761.000000  -0.037991
12762.000000  0.234290
12857.000000  -0.178100
12879.000000  -0.019453
12910.000000  -0.003034
12953.000000  0.010392
12996.000000  0.005856
13008.000000  -0.021812
13009.000000  -0.007219
13072.000000  0.049987
13135.000000  -0.074230
13183.000000  0.077388
13239.000000  -0.002480
13293.000000  -0.006307
13347.000000  -0.000458
13389.000000  -0.024573
13443.000000  -0.017527
13461.000000  0.062588
13527.000000  -0.023539
13598.000000  -0.021662
13678.000000  0.021403
13738.000000  0.015027
13784.000000  -0.039978
13834.000000  0.028415
13907.000000  0.007726
13947.000000  -0.004039
13999.000000  0.015841
14051.000000  0.014737
14060.000000  -0.027920
14118.000000  -0.030596
14187.000000  0.022114
14256.000000  0.003456
14327.000000  0.022662
14411.000000  -0.007541
14503.000000  0.004723
14564.000000  0.009122
14568.000000  -0.041380
14590.000000  0.026172
14614.000000  -0.012926
14641.000000  -0.000929
14661.000000  -0.012374
14746.000000  -0.005222
14793.000000  0.015545
14867.000000  0.005373
14959.000000  0.018090
15053.000000  0.014132
15147.000000  -0.011139
15240.000000  0.000886
15303.000000  0.007164
15333.000000  0.008327
15361.000000  -0.050513
15406.000000  0.047490
15437.000000  -0.020790
15474.000000  -0.009313
15507.000000  0.002504
15598.000000  0.036755
15674.000000  -0.028814
15745.000000  0.005084
15838.000000  0.008231
15932.000000  0.011767
16009.000000  0.005730
16089.000000  0.001741
16174.000000  -0.011211
16252.000000  -0.012169
16344.000000  0.036208
16433.000000  0.001745
16530.000000  -0.003975
16605.000000  -0.024859
16694.000000  0.028332
16789.000000  -0.014034
16883.000000  0.003851
16976.000000  0.013677
17068.000000  -0.000207
17161.000000  -0.020476
17265.000000  -0.013725
17329.000000  0.017853
17393.000000  -0.034236
17446.000000  0.014384
17521.000000  0.003162
17587.000000  0.003860
17630.000000  -0.006256
17704.000000  -0.011596
17783.000000  0.002190
17856.000000  0.020994
17914.000000  -0.009489
17962.000000  -0.012794
18018.000000  0.010985
18072.000000  -0.040050
18138.000000  -0.001086
18226.000000  0.000572
18319.000000  0.054579
18394.000000  0.007812
18458.000000  -0.002994
18512.000000  -0.014868
18570.000000  -0.004146
18626.000000  0.013641
18681.000000  -0.005238
18744.000000  0.007195
18773.000000  -0.024299
18817.000000  -0.028713
18872.000000  0.024578
18932.000000  0.036602
18991.000000  -0.009902
19052.000000  0.003976
19112.000000  0.007714
19171.000000  0.003649
19246.000000  -0.011948
19306.000000  0.001717
19366.000000  -0.006322
19426.000000  -0.002579
19510.000000  -0.009614
19597.000000  0.027308
19688.000000  0.004176
19779.000000  0.017791
19860.000000  0.054144
19936.000000  -0.104750
20021.000000  0.087922
20069.000000  0.029814
20098.000000  -0.053355
20134.000000  -0.030721
20166.000000  0.032467
20213.000000  -0.023177
20261.000000  0.006407
20326.000000  0.009100
20370.000000  0.023703
20404.000000  0.016539
20422.000000  -0.028344
20427.000000  -0.024092
20459.000000  0.049316
20532.000000  0.002541
20617.000000  0.051729
20698.000000  -0.060402
20772.000000  -0.014628
20860.000000  0.015668
20942.000000  0.002406
21002.000000  0.012155
21070.000000  0.024879
21144.000000  0.031159
21198.000000  0.037737
21238.000000  -0.045368
21283.000000  0.028620
21321.000000  -0.022810
21376.000000  0.024921
21430.000000  -0.027760
21474.000000  -0.039114
21497.000000  0.017085
21520.000000  -0.016314
21560.000000  0.008341
21599.000000  -0.019120
21645.000000  0.025794
21690.000000  -0.025457
21736.000000  -0.063731
21781.000000  0.031916
21827.000000  -0.005914
21866.000000  0.005875
21938.000000  0.001604
22007.000000  0.055510
22044.000000  -0.034150
22093.000000  -0.002057
22159.000000  0.016454
22227.000000  -0.015036
22297.000000  0.094936
22330.000000  0.061374
22333.000000  0.030229
22360.000000  -0.047401
22391.000000  -0.018489
22445.000000  -0.038432
22511.000000  0.082430
22574.000000  0.111531
22590.000000  -0.019534
22591.000000  0.048698
22598.000000  0.191881
22606.000000  -0.209985
22617.000000  0.101680
22653.000000  -0.141868
22698.000000  -0.055689
22765.000000  0.014821
22830.000000  0.022978
22902.000000  -0.110083
22980.000000  -0.007788
23061.000000  -0.055709
23142.000000  -0.023926
23201.000000  -0.005392
23242.000000  -0.095425
23293.000000  0.028048
23339.000000  -0.003627
23372.000000  0.064330
23409.000000  0.014074
23444.000000  -0.000043
23489.000000  -0.027621
23525.000000  0.029839
23563.000000  0.006332
23594.000000  0.162311
23595.000000  -0.143322
23611.000000  0.136385
23643.000000  0.099452
23684.000000  0.048570
23734.000000  0.031123
23799.000000  0.055186
23830.000000  -0.087219
23854.000000  -0.022178
23868.000000  -0.119069
23870.000000  -0.150781
23936.000000  -0.111297
23998.000000  0.011241
24064.000000  -0.003385
24147.000000  0.023916
24234.000000  -0.014457
24326.000000  0.017932
24422.000000  0.008562
24494.000000  0.023673
24542.000000  -0.062468
24609.000000  0.011331
24705.000000  0.013701
24791.000000  0.021316
24864.000000  -0.010361
24922.000000  -0.018300
24985.000000  -0.023591
25020.000000  0.005900
25069.000000  0.011445
25127.000000  -0.040343
25187.000000  0.019576
25246.000000  0.051599
25313.000000  -0.030595
25352.000000  -0.003712
25402.000000  0.010494
25451.000000  0.008880
25505.000000  -0.008172
25559.000000  0.016361
25616.000000  -0.016185
25665.000000  0.028435
25684.000000  -0.037267
25714.000000  0.054618
25741.000000  -0.026278
25767.000000  0.074395
25800.000000  -0.062379
25828.000000  0.046026
25854.000000  -0.079271
25948.000000  0.014347
25982.000000  -0.023282
26042.000000  -0.004086
26125.000000  -0.016944
26202.000000  0.021142
26260.000000  -0.021513
26316.000000  0.033837
26364.000000  -0.017372
26411.000000  0.022909
26465.000000  -0.018142
26521.000000  0.012019
26578.000000  0.025018
26633.000000  -0.016586
26703.000000  -0.012109
26759.000000  0.000892
26815.000000  0.015773
26872.000000  -0.008392
26933.000000  0.012739
26992.000000  0.001903
27052.000000  -0.018544
27113.000000  0.002163
27172.000000  0.002287
27229.000000  0.007903
27287.000000  0.012707
27335.000000  -0.047292
27371.000000  0.036372
27419.000000  -0.037001
27469.000000  -0.005846
27521.000000  0.024952
27575.000000  0.018525
27645.000000  0.003738
27734.000000  -0.002015
27799.000000  -0.018375
27852.000000  0.013587
27904.000000  -0.032257
27952.000000  0.037867
27979.000000  -0.030795
28009.000000  0.044647
28102.000000  -0.012275
28172.000000  -0.013054
28213.000000  -0.026131
28258.000000  0.026880
28331.000000  -0.032412
28386.000000  0.036409
28406.000000  -0.006660
28490.000000  -0.062629
28605.000000  0.088944
28689.000000  -0.003067
28769.000000  -0.042101
28842.000000  0.017178
28896.000000  -0.024280
28968.000000  0.044445
29055.000000  0.010075
29092.000000  -0.025943
29160.000000  0.023496
29167.000000  -0.082016
29210.000000  0.063777
29237.000000  0.010655
29298.000000  -0.014957
29401.000000  0.006471
29472.000000  0.066803
29491.000000  -0.085827
29497.000000  -0.007447
29519.000000  0.022986
29548.000000  -0.002487
29579.000000  0.002749
29603.000000  -0.011196
29720.000000  0.039712
29811.000000  -0.020309
29899.000000  0.016938
29950.000000  0.020232
29985.000000  -0.024964
30037.000000  0.006550
30087.000000  -0.022271
30143.000000  0.000848
30198.000000  0.021036
30255.000000  -0.008606
30290.000000  0.018720
30320.000000  -0.015832
30369.000000  0.010904
30399.000000  0.000576
30424.000000  -0.025050
30447.000000  -0.000214
30462.000000  0.035692
30498.000000  -0.021678
30540.000000  0.013568
30546.000000  -0.039747
30666.000000  0.021767
30710.000000  0.006932
30829.000000  0.003723
30873.000000  -0.056342
30909.000000  0.066644
31005.000000  0.023515
31072.000000  0.005838
31185.000000  -0.012069
31242.000000  -0.015865
31347.000000  -0.006674
31361.000000  -0.012995
31366.000000  -0.018691
31433.000000  0.026678
31502.000000  0.001455
31526.000000  -0.007938
31610.000000  0.005930
31661.000000  -0.017850
31702.000000  0.010634
31765.000000  -0.000295
31839.000000  0.030860
31904.000000  0.012759
31937.000000  -0.033281
31943.000000  -0.057010
32018.000000  0.051522
32048.000000  -0.046596
32093.000000  0.046415
32135.000000  -0.051105
32179.000000  0.021536
32185.000000  0.025644
32254.000000  0.004052
32333.000000  0.018300
32379.000000  -0.058405
32435.000000  0.026474
32481.000000  0.010658
32524.000000  0.013597
32565.000000  0.005205
32585.000000  -0.014653
32604.000000  -0.043790
32616.000000  -0.011501
32667.000000  0.084349
32727.000000  -0.001191
32779.000000  -0.006340
32831.000000  0.005008
32884.000000  -0.055969
32914.000000  0.068989
32958.000000  -0.022041
33028.000000  0.006716
33063.000000  0.006193
33104.000000  -0.013983
33132.000000  -0.038519
33167.000000  0.018672
33234.000000  -0.017151
33291.000000  0.037629
33347.000000  0.006001
33423.000000  -0.001788
33475.000000  0.008652
33519.000000  -0.049734
33542.000000  0.016156
33570.000000  0.037879
33595.000000  -0.034445
33654.000000  0.002829
33722.000000  0.015190
33777.000000  -0.015587
33838.000000  0.025471
33881.000000  0.000649
33927.000000  -0.006827
33989.000000  0.009401
34042.000000  -0.014233
34088.000000  -0.031935
34097.000000  -0.035869
34100.000000  0.055711
34168.000000  0.019711
34220.000000  -0.006726
34285.000000  -0.004074
34324.000000  0.022727
34372.000000  -0.010380
34428.000000  -0.044356
34459.000000  0.047700
34491.000000  0.017863
34492.000000  -0.028222
34531.000000  -0.024476
34598.000000  0.029593
34651.000000  0.008259
34706.000000  -0.059304
34763.000000  0.046492
34824.000000  0.005277
34862.000000  -0.009826
34916.000000  0.006665
34952.000000  0.025954
34978.000000  0.008309
35013.000000  0.034455
35032.000000  -0.058249
35059.000000  -0.020735
35137.000000  -0.022467
35213.000000  0.045504
35280.000000  0.011870
35353.000000  0.002018
35417.000000  -0.046457
35469.000000  0.000813
35516.000000  -0.019276
35545.000000  0.048994
35590.000000  0.016581
35599.000000  -0.010328
35670.000000  -0.022270
35748.000000  0.065992
35807.000000  -0.083720
35868.000000  -0.006820
35928.000000  0.052476
35987.000000  -0.014652
36018.000000  0.007233
36068.000000  -0.008713
36114.000000  -0.010375
36176.000000  0.062096
36204.000000  -0.061752
36249.000000  0.025505
36296.000000  -0.018224
36352.000000  0.040735
36399.000000  0.028822
36411.000000  0.000041
36426.000000  -0.098784
36491.000000  0.021921
36596.000000  0.043418
36688.000000  0.027232
36796.000000  -0.002427
36874.000000  -0.033814
36934.000000  -0.022283
37028.000000  0.029241
37119.000000  0.026505
37214.000000  -0.044709
37307.000000  0.009522
37398.000000  0.015999
37457.000000  -0.022352
37523.000000  0.006072
37563.000000  0.013415
37624.000000  0.012540
37712.000000  0.006955
37791.000000  0.025222
37874.000000  0.011959
37948.000000  -0.053937
38030.000000  -0.020988
38121.000000  0.081324
38153.000000  -0.081219
38199.000000  0.013367
38239.000000  0.001562
38296.000000  -0.000172
38352.000000  0.079362
38372.000000  0.053384
38399.000000  -0.052532
38426.000000  -0.072428
38451.000000  -0.007591
38474.000000  -0.036096
38496.000000  0.083334
38560.000000  -0.002099
38596.000000  0.042885
38611.000000  0.009084
38612.000000  -0.104208
38621.000000  -0.016105
38692.000000  0.024631
38776.000000  0.012571
38831.000000  0.002839
38879.000000  -0.009506
38947.000000  0.004452
39018.000000  0.021284
39025.000000  -0.033473
39091.000000  0.022187
39173.000000  -0.021859
39224.000000  -0.014345
39243.000000  -0.000686
39348.000000  0.048366
39436.000000  -0.043376
39529.000000  0.057241
39618.000000  -0.054397
39663.000000  0.035625
39714.000000  -0.043948
39771.000000  -0.012738
39829.000000  0.084815
39888.000000  -0.073383
39949.000000  -0.011092
40000.000000  0.038412
40033.000000  0.012497
40058.000000  -0.041105
40090.000000  0.042507
40123.000000  -0.048287
40159.000000  0.062108
40193.000000  -0.036835
40201.000000  0.027926
40228.000000  0.007353
40230.000000  -0.040878
40278.000000  0.028806
40357.000000  -0.044455
40438.000000  0.019875
40509.000000  0.038332
40591.000000  -0.014628
40642.000000  -0.017809
40671.000000  0.011296
40700.000000  0.009275
40731.000000  -0.073030
40732.000000  0.024146
40816.000000  0.040019
