216.000000  0.059426
275.000000  0.011449
322.000000  0.014898
378.000000  -0.003018
440.000000  0.019263
495.000000  -0.047369
553.000000  -0.023662
616.000000  0.070933
695.000000  -0.002982
787.000000  0.004055
851.000000  -0.006595
907.000000  -0.030622
963.000000  0.024695
1016.000000  -0.010724
1087.000000  0.004459
1150.000000  -0.008258
1265.000000  0.044621
1362.000000  0.008101
1411.000000  -0.007878
1457.000000  -0.008908
1489.000000  0.012148
1522.000000  -0.017930
1540.000000  0.009552
1623.000000  -0.025554
1708.000000  0.014330
1792.000000  0.006571
1870.000000  -0.017297
1921.000000  0.002231
1942.000000  -0.033316
1952.000000  -0.019660
2039.000000  0.051214
2101.000000  0.015748
2161.000000  0.008045
2213.000000  -0.032116
2274.000000  0.009880
2324.000000  -0.000717
2333.000000  -0.025319
2400.000000  0.018589
2473.000000  -0.009931
2534.000000  -0.004195
2603.000000  0.005132
2655.000000  -0.020768
2713.000000  0.021813
2783.000000  -0.001908
2848.000000  0.003692
2927.000000  -0.001670
3033.000000  0.024890
3115.000000  0.017771
3194.000000  -0.037592
3250.000000  -0.021225
3299.000000  -0.006792
3344.000000  -0.003117
3389.000000  0.002008
3433.000000  -0.011920
3483.000000  0.005934
3531.000000  0.000885
3572.000000  0.001089
3620.000000  -0.003607
3664.000000  0.015878
3739.000000  0.004137
3805.000000  0.003545
3876.000000  0.013217
3945.000000  0.011162
4021.000000  -0.011432
4116.000000  -0.008398
4179.000000  0.018956
4224.000000  -0.013177
4268.000000  -0.014017
4355.000000  0.023162
4455.000000  -0.033235
4545.000000  0.057038
4628.000000  -0.009899
4717.000000  -0.000417
4782.000000  0.012003
4870.000000  0.009705
4959.000000  0.002717
5038.000000  -0.018055
5114.000000  0.018020
5154.000000  -0.079058
5191.000000  0.028822
5197.000000  0.028297
5240.000000  -0.053873
5298.000000  -0.023863
5345.000000  0.032058
5412.000000  0.000467
5476.000000  -0.000587
5537.000000  0.018105
5593.000000  -0.017796
5652.000000  -0.008680
5704.000000  -0.011842
5751.000000  -0.010681
5808.000000  0.036661
5859.000000  -0.026065
5904.000000  0.022270
5998.000000  0.003340
6090.000000  0.019712
6197.000000  0.036521
6272.000000  -0.007433
6357.000000  -0.005595
6435.000000  -0.011852
6504.000000  0.021678
6534.000000  -0.066638
6610.000000  0.057535
6676.000000  -0.015577
6742.000000  0.019671
6820.000000  -0.053377
6886.000000  0.045841
6950.000000  -0.005745
7024.000000  0.010588
7106.000000  -0.039306
7160.000000  0.016142
7216.000000  0.004410
7281.000000  -0.025627
7354.000000  0.014020
7426.000000  0.005363
7495.000000  0.009976
7551.000000  -0.012917
7615.000000  -0.001514
7674.000000  -0.004183
7720.000000  0.001805
7774.000000  0.014755
7828.000000  -0.009126
7885.000000  -0.004485
7946.000000  -0.008416
8006.000000  0.026410
8080.000000  -0.027993
8140.000000  0.011945
8201.000000  0.010911
8252.000000  -0.022099
8301.000000  0.006881
8355.000000  0.019949
8386.000000  0.016630
8437.000000  0.004778
8504.000000  0.030174
8571.000000  0.019234
8638.000000  -0.015525
8683.000000  0.015022
8725.000000  0.013713
8752.000000  -0.011323
8765.000000  -0.025504
8801.000000  0.008901
8831.000000  0.149240
8839.000000  -0.064616
8845.000000  0.021383
8910.000000  -0.189927
9002.000000  0.011451
9058.000000  0.014380
9132.000000  0.010536
9218.000000  -0.015569
9281.000000  0.020855
9374.000000  0.001951
9468.000000  0.008548
9562.000000  0.012482
9652.000000  -0.032295
9745.000000  0.015817
9823.000000  -0.003585
9903.000000  -0.004186
9979.000000  0.026146
10070.000000  -0.030731
10160.000000  0.010982
10257.000000  0.000203
10351.000000  0.013854
10439.000000  -0.013492
10486.000000  -0.015235
10535.000000  -0.009992
10608.000000  -0.012653
10679.000000  -0.001604
10729.000000  0.032962
10784.000000  -0.010815
10860.000000  0.020817
10916.000000  0.024474
10975.000000  -0.009198
11023.000000  0.033904
11076.000000  -0.006534
11139.000000  -0.022781
11221.000000  -0.000945
11274.000000  0.013982
11340.000000  -0.011074
11386.000000  0.005471
11420.000000  0.015821
11445.000000  -0.016115
11463.000000  0.015885
11475.000000  -0.047924
11515.000000  0.031028
11571.000000  0.012071
11661.000000  -0.030485
11753.000000  0.016372
11850.000000  0.016691
11927.000000  -0.051007
11975.000000  -0.055141
12011.000000  0.010842
12058.000000  0.037202
12118.000000  -0.024442
12184.000000  0.041197
12230.000000  -0.053178
12286.000000  -0.004832
12342.000000  0.090934
12357.000000  0.016511
12365.000000  -0.035263
12377.000000  0.020674
12399.000000  0.008876
12419.000000  0.130068
12450.000000  -0.029554
12492.000000  -0.171359
12576.000000  0.022735
12628.000000  -0.087057
12665.000000  0.027484
12707.000000  -0.019630
12744.000000  0.004635
12761.000000  -0.032209
12762.000000  0.258675
12857.000000  -0.181781
12879.000000  -0.027726
12910.000000  -0.019233
12953.000000  0.001965
12996.000000  0.021686
13008.000000  -0.015521
13009.000000  -0.020783
13072.000000  0.072246
13135.000000  -0.059979
13183.000000  0.065993
13239.000000  -0.006539
13293.000000  -0.009232
13347.000000  0.005056
13389.000000  -0.029429
13443.000000  -0.004541
13461.000000  0.057866
13527.000000  -0.041452
13598.000000  -0.022606
13678.000000  0.033566
13738.000000  0.016214
13784.000000  -0.039290
13834.000000  0.023461
13907.000000  0.008958
13947.000000  -0.009750
13999.000000  0.014737
14051.000000  0.019543
14060.000000  -0.022804
14118.000000  -0.038425
14187.000000  0.011945
14256.000000  0.014131
14327.000000  0.025212
14411.000000  -0.018637
14503.000000  0.008890
14564.000000  0.019369
14568.000000  -0.053740
14590.000000  0.028541
14614.000000  -0.010533
14641.000000  -0.007164
14661.000000  -0.028251
14746.000000  0.009615
14793.000000  0.010666
14867.000000  0.016286
14959.000000  0.021707
15053.000000  0.012438
15147.000000  -0.019996
15240.000000  0.000619
15303.000000  0.015235
15333.000000  0.005282
15361.000000  -0.053191
15406.000000  0.053053
15437.000000  -0.020999
15474.000000  -0.013372
15507.000000  0.001763
15598.000000  0.024090
15674.000000  -0.019177
15745.000000  0.004206
15838.000000  0.014395
15932.000000  0.007114
16009.000000  0.006166
16089.000000  -0.000801
16174.000000  -0.005866
16252.000000  -0.014760
16344.000000  0.032936
16433.000000  -0.002272
16530.000000  -0.002088
16605.000000  -0.022087
16694.000000  0.025723
16789.000000  -0.025217
16883.000000  0.007781
16976.000000  0.010748
17068.000000  0.005352
17161.000000  -0.040231
17265.000000  -0.005681
17329.000000  0.024131
17393.000000  -0.034909
17446.000000  0.003525
17521.000000  0.004368
17587.000000  0.008356
17630.000000  -0.018807
17704.000000  0.007238
17783.000000  -0.007783
17856.000000  0.027356
17914.000000  -0.016524
17962.000000  -0.018686
18018.000000  0.011907
18072.000000  -0.025511
18138.000000  -0.001382
18226.000000  0.001453
18319.000000  0.046551
18394.000000  0.006246
18458.000000  -0.002019
18512.000000  -0.028788
18570.000000  0.005170
18626.000000  0.009034
18681.000000  -0.010858
18744.000000  0.010076
18773.000000  -0.030341
18817.000000  -0.016534
18872.000000  0.024606
18932.000000  0.034654
18991.000000  -0.014659
19052.000000  0.005917
19112.000000  -0.002585
19171.000000  -0.000094
19246.000000  -0.001108
19306.000000  0.002016
19366.000000  -0.016427
19426.000000  0.009386
19510.000000  -0.023735
19597.000000  0.032964
19688.000000  -0.001509
19779.000000  0.030263
19860.000000  0.045765
19936.000000  -0.093724
20021.000000  0.077924
20069.000000  0.023801
20098.000000  -0.048657
20134.000000  -0.020678
20166.000000  0.022203
20213.000000  -0.027139
20261.000000  0.016424
20326.000000  0.007390
20370.000000  0.001750
20404.000000  0.035472
20422.000000  -0.038114
20427.000000  -0.011965
20459.000000  0.042845
20532.000000  0.008204
20617.000000  0.045357
20698.000000  -0.059759
20772.000000  -0.018690
20860.000000  0.005704
20942.000000  0.014860
21002.000000  0.001937
21070.000000  0.038212
21144.000000  0.029089
21198.000000  0.030522
21238.000000  -0.055612
21283.000000  0.030072
21321.000000  -0.009518
21376.000000  0.008637
21430.000000  -0.014036
21474.000000  -0.037342
21497.000000  0.018653
21520.000000  -0.030358
21560.000000  0.008305
21599.000000  -0.023270
21645.000000  0.034640
21690.000000  -0.021130
21736.000000  -0.061319
21781.000000  0.017822
21827.000000  -0.005629
21866.000000  -0.002546
21938.000000  0.017184
22007.000000  0.037875
22044.000000  -0.014999
22093.000000  -0.001683
22159.000000  0.014598
22227.000000  -0.028527
22297.000000  0.104992
22330.000000  0.051229
22333.000000  0.025667
22360.000000  -0.034981
22391.000000  -0.019006
22445.000000  -0.030331
22511.000000  0.078690
22574.000000  0.098446
22590.000000  -0.024927
22591.000000  0.059227
22598.000000  0.188225
22606.000000  -0.217187
22617.000000  0.095315
22653.000000  -0.134301
22698.000000  -0.041600
22765.000000  0.012612
22830.000000  0.017367
22902.000000  -0.100533
22980.000000  -0.019528
23061.000000  -0.048546
23142.000000  -0.021408
23201.000000  -0.012560
23242.000000  -0.098119
23293.000000  0.030749
23339.000000  -0.004724
23372.000000  0.072516
23409.000000  0.005932
23444.000000  0.003788
23489.000000  -0.022580
23525.000000  0.023649
23563.000000  0.001441
23594.000000  0.168297
23595.000000  -0.141897
23611.000000  0.134072
23643.000000  0.097412
23684.000000  0.038788
23734.000000  0.028700
23799.000000  0.052218
23830.000000  -0.080323
23854.000000  -0.024833
23868.000000  -0.107077
23870.000000  -0.146859
23936.000000  -0.133233
23998.000000  0.021146
24064.000000  0.001949
24147.000000  0.023940
24234.000000  -0.013332
24326.000000  0.011531
24422.000000  0.006398
24494.000000  0.026684
24542.000000  -0.061711
24609.000000  0.013623
24705.000000  0.008137
24791.000000  0.025051
24864.000000  -0.017672
24922.000000  -0.016773
24985.000000  -0.015789
25020.000000  -0.001445
25069.000000  0.006925
25127.000000  -0.027420
25187.000000  0.018516
25246.000000  0.040370
25313.000000  -0.027007
25352.000000  -0.010343
25402.000000  0.007159
25451.000000  0.016734
25505.000000  -0.011608
25559.000000  0.017236
25616.000000  -0.021058
25665.000000  0.035783
25684.000000  -0.034240
25714.000000  0.053592
25741.000000  -0.023306
25767.000000  0.065152
25800.000000  -0.052880
25828.000000  0.045206
25854.000000  -0.099269
25948.000000  0.025268
25982.000000  -0.045896
26042.000000  0.006931
26125.000000  -0.008318
26202.000000  0.024894
26260.000000  -0.022552
26316.000000  0.031058
26364.000000  -0.016197
26411.000000  0.017641
26465.000000  -0.019987
26521.000000  0.020288
26578.000000  0.023149
26633.000000  -0.013476
26703.000000  -0.010189
26759.000000  -0.006867
26815.000000  0.013214
26872.000000  -0.007497
26933.000000  0.006089
26992.000000  0.004413
27052.000000  -0.019548
27113.000000  0.006777
27172.000000  -0.007393
27229.000000  0.013381
27287.000000  0.011254
27335.000000  -0.047663
27371.000000  0.021093
27419.000000  -0.022511
27469.000000  -0.003649
27521.000000  0.017962
27575.000000  0.013183
27645.000000  0.009044
27734.000000  0.005774
27799.000000  -0.019937
27852.000000  0.005878
27904.000000  -0.025655
27952.000000  0.033333
27979.000000  -0.023320
28009.000000  0.011447
28102.000000  0.014860
28172.000000  -0.025268
28213.000000  -0.027000
28258.000000  0.014790
28331.000000  -0.008833
28386.000000  0.029287
28406.000000  -0.029471
28490.000000  -0.020587
28605.000000  0.076704
28689.000000  -0.007478
28769.000000  -0.032636
28842.000000  0.000685
28896.000000  -0.017616
28968.000000  0.041989
29055.000000  0.009835
29092.000000  -0.055055
29160.000000  0.047469
29167.000000  -0.064024
29210.000000  0.038789
29237.000000  0.010367
29298.000000  -0.010957
29401.000000  0.000162
29472.000000  0.019614
29491.000000  -0.037508
29497.000000  -0.020717
29519.000000  0.042329
29548.000000  -0.023753
29579.000000  0.014429
29603.000000  -0.033144
29720.000000  0.081415
29811.000000  -0.017070
29899.000000  0.014848
29950.000000  0.016136
29985.000000  -0.030541
30037.000000  0.007586
30087.000000  -0.020244
30143.000000  -0.002005
30198.000000  0.022109
30255.000000  -0.018391
30290.000000  0.029499
30320.000000  -0.026125
30369.000000  0.014781
30399.000000  -0.007405
30424.000000  -0.018633
30447.000000  0.009460
30462.000000  0.029836
30498.000000  -0.024769
30540.000000  0.014271
30546.000000  -0.043681
30666.000000  0.026582
30710.000000  -0.002467
30829.000000  0.012586
30873.000000  -0.043896
30909.000000  0.056546
31005.000000  0.024038
31072.000000  -0.000237
31185.000000  -0.011221
31242.000000  -0.018525
31347.000000  -0.005277
31361.000000  -0.074415
31366.000000  0.035713
31433.000000  0.023652
31502.000000  0.008936
31526.000000  -0.034042
31610.000000  0.012568
31661.000000  -0.004741
31702.000000  0.016929
31765.000000  -0.011108
31839.000000  0.025268
31904.000000  -0.011022
31937.000000  -0.032256
31943.000000  -0.037890
32018.000000  0.065816
32048.000000  -0.038546
32093.000000  0.016583
32135.000000  -0.021570
32179.000000  0.006931
32185.000000  -0.019150
32254.000000  0.047195
32333.000000  0.024528
32379.000000  -0.045620
32435.000000  0.025272
32481.000000  0.006320
32524.000000  -0.001357
32565.000000  0.012552
32585.000000  -0.012514
32604.000000  -0.034006
32616.000000  -0.010514
32667.000000  0.069733
32727.000000  -0.001478
32779.000000  -0.000854
32831.000000  -0.005529
32884.000000  -0.038991
32914.000000  0.049577
32958.000000  -0.019625
33028.000000  0.015627
33063.000000  0.007436
33104.000000  -0.018283
33132.000000  -0.029576
33167.000000  -0.014585
33234.000000  0.007700
33291.000000  0.028880
33347.000000  0.010389
33423.000000  0.000007
33475.000000  0.010026
33519.000000  -0.045997
33542.000000  0.007604
33570.000000  0.035584
33595.000000  -0.029027
33654.000000  -0.010864
33722.000000  0.023634
33777.000000  -0.009158
33838.000000  0.017906
33881.000000  0.003598
33927.000000  -0.011391
33989.000000  0.016181
34042.000000  -0.009405
34088.000000  -0.031224
34097.000000  -0.042833
34100.000000  -0.006032
34168.000000  0.079659
34220.000000  -0.011604
34285.000000  0.004074
34324.000000  0.012927
34372.000000  -0.007159
34428.000000  -0.035155
34459.000000  0.040950
34491.000000  0.011839
34492.000000  -0.026759
34531.000000  -0.040045
34598.000000  0.035429
34651.000000  0.007313
34706.000000  -0.038200
34763.000000  0.038883
34824.000000  0.005785
34862.000000  -0.013850
34916.000000  0.003089
34952.000000  0.029410
34978.000000  0.012046
35013.000000  0.029409
35032.000000  -0.060103
35059.000000  -0.061218
35137.000000  0.015609
35213.000000  0.045532
35280.000000  0.012657
35353.000000  0.002186
35417.000000  -0.038515
35469.000000  0.001046
35516.000000  -0.019019
35545.000000  0.029567
35590.000000  0.026272
35599.000000  -0.009668
35670.000000  -0.026747
35748.000000  0.063431
35807.000000  -0.073651
35868.000000  -0.003208
35928.000000  0.043946
35987.000000  -0.013628
36018.000000  -0.013418
36068.000000  0.008208
36114.000000  -0.010230
36176.000000  0.056658
36204.000000  -0.055733
36249.000000  0.022902
36296.000000  -0.015442
36352.000000  0.040762
36399.000000  0.030013
36411.000000  -0.004490
36426.000000  -0.101819
36491.000000  0.017834
36596.000000  0.047816
36688.000000  0.019300
36796.000000  0.008632
36874.000000  -0.037230
36934.000000  -0.016252
37028.000000  0.023486
37119.000000  0.026122
37214.000000  -0.042272
37307.000000  0.008023
37398.000000  0.011106
37457.000000  -0.022728
37523.000000  0.000438
37563.000000  0.015034
37624.000000  0.005606
37712.000000  0.015443
37791.000000  0.023590
37874.000000  0.005807
37948.000000  -0.056775
38030.000000  -0.010730
38121.000000  0.075814
38153.000000  -0.076919
38199.000000  -0.000973
38239.000000  0.009516
38296.000000  0.003672
38352.000000  0.078278
38372.000000  0.052941
38399.000000  -0.060636
38426.000000  -0.061053
38451.000000  -0.007534
38474.000000  -0.047895
38496.000000  0.090518
38560.000000  -0.001982
38596.000000  0.038352
38611.000000  0.010030
38612.000000  -0.096940
38621.000000  -0.062075
38692.000000  0.060044
38776.000000  0.011878
38831.000000  0.005289
38879.000000  -0.012667
38947.000000  0.011053
39018.000000  0.018252
39025.000000  -0.093015
39091.000000  0.077580
39173.000000  -0.028095
39224.000000  0.000435
39243.000000  -0.024997
39348.000000  0.068226
39436.000000  -0.041727
39529.000000  0.052467
39618.000000  -0.050860
39663.000000  0.030875
39714.000000  -0.041671
39771.000000  -0.013322
39829.000000  0.074807
39888.000000  -0.066398
39949.000000  -0.007649
40000.000000  0.031457
40033.000000  0.006624
40058.000000  -0.039299
40090.000000  0.043766
40123.000000  -0.041260
40159.000000  0.056835
40193.000000  -0.030974
40201.000000  0.019746
40228.000000  0.008101
40230.000000  -0.092593
40278.000000  0.072506
40357.000000  -0.031286
40438.000000  0.014027
40509.000000  0.041208
40591.000000  -0.021734
40642.000000  -0.015824
40671.000000  0.008591
40700.000000  0.012429
40731.000000  -0.068530
40732.000000  -0.013455
40816.000000  0.066590
