995.000000  0.012029
1258.000000  0.005409
1544.000000  -0.004049
1793.000000  0.012399
2088.000000  -0.006314
2339.000000  -0.003093
2589.000000  0.005986
2860.000000  -0.007133
3125.000000  -0.001357
3406.000000  0.002573
3599.000000  -0.002859
3824.000000  0.002366
4146.000000  0.001417
4475.000000  0.000520
4760.000000  0.004676
5015.000000  -0.006442
5239.000000  -0.001047
5450.000000  0.002024
5682.000000  0.006619
5726.000000  -0.007259
5890.000000  -0.000593
6079.000000  -0.000161
6306.000000  0.001313
6629.000000  0.000303
6865.000000  -0.000396
7102.000000  0.008271
7351.000000  -0.007492
7586.000000  -0.000688
7822.000000  0.001272
8058.000000  -0.000579
8188.000000  0.002446
8337.000000  -0.002537
8435.000000  0.000006
8562.000000  -0.000507
8648.000000  0.000555
8797.000000  0.000744
8964.000000  0.000139
9099.000000  -0.000015
9235.000000  0.044866
9263.000000  -0.011358
9498.000000  0.035566
9742.000000  -0.014057
9937.000000  -0.045202
10139.000000  0.000409
10305.000000  0.060009
10524.000000  0.239936
10756.000000  -0.245964
10960.000000  -0.011500
11205.000000  0.011829
11518.000000  -0.048207
11888.000000  0.009325
12270.000000  0.034475
12636.000000  -0.019820
12999.000000  -0.023016
13340.000000  -0.010521
13627.000000  0.010362
13899.000000  0.039678
14130.000000  0.002941
14341.000000  0.008301
14609.000000  -0.057102
14863.000000  0.005755
15058.000000  0.030498
15234.000000  -0.038295
15410.000000  0.016293
15631.000000  -0.007068
15744.000000  -0.008458
15796.000000  0.005683
15838.000000  0.001609
15945.000000  -0.003987
16090.000000  -0.000582
16284.000000  0.006054
16467.000000  -0.010987
16682.000000  0.000320
16714.000000  0.000474
16869.000000  0.012804
16995.000000  -0.011689
17151.000000  -0.002448
17305.000000  0.002331
17418.000000  -0.004267
17687.000000  0.009539
17934.000000  0.011986
18169.000000  -0.013707
18366.000000  0.087929
18551.000000  -0.091739
18741.000000  0.002624
18841.000000  -0.000945
19051.000000  -0.003886
19337.000000  -0.000240
19550.000000  -0.003272
19793.000000  0.001661
20053.000000  0.004917
20310.000000  0.000465
20531.000000  -0.007042
20728.000000  -0.000383
20944.000000  0.000033
21159.000000  -0.000775
21374.000000  -0.000543
21571.000000  0.000553
21766.000000  0.002262
21962.000000  -0.003579
22088.000000  0.001783
22106.000000  0.002066
22189.000000  -0.003649
22273.000000  0.000613
22417.000000  -0.001631
22552.000000  0.002657
22692.000000  -0.000065
22864.000000  -0.003137
23042.000000  0.000107
23277.000000  0.000174
23538.000000  0.006349
23762.000000  -0.008048
24019.000000  0.000770
24191.000000  0.001931
24354.000000  0.007508
24492.000000  -0.009877
24589.000000  0.000804
24726.000000  0.001010
24825.000000  0.000815
24896.000000  -0.001757
24985.000000  -0.001022
25143.000000  0.002218
25241.000000  -0.001058
25352.000000  -0.000648
25431.000000  -0.000828
25493.000000  0.006689
25581.000000  -0.005858
25667.000000  -0.000311
25716.000000  -0.000469
25795.000000  0.000443
25830.000000  0.002214
25889.000000  0.006149
25986.000000  -0.009061
26136.000000  0.009679
26308.000000  -0.008945
26468.000000  -0.001051
26629.000000  0.004793
26769.000000  -0.003766
26909.000000  -0.000922
27133.000000  0.002983
27345.000000  -0.002609
27549.000000  0.002035
27694.000000  -0.001119
27870.000000  -0.001212
28022.000000  0.000068
28059.000000  0.001070
28331.000000  -0.000360
28655.000000  0.001010
29016.000000  0.000317
29332.000000  0.008070
29603.000000  -0.003750
29869.000000  -0.003728
30022.000000  -0.001187
30167.000000  -0.000313
30318.000000  0.004316
30555.000000  -0.002328
30741.000000  -0.003478
30879.000000  0.008183
31066.000000  -0.006611
31206.000000  -0.000826
31381.000000  0.000491
31557.000000  0.001722
31724.000000  -0.001807
31840.000000  -0.000857
31911.000000  0.001041
31963.000000  -0.001347
32023.000000  0.006775
32116.000000  -0.005851
32276.000000  -0.000195
32464.000000  0.000836
32671.000000  -0.000851
32923.000000  -0.000349
33113.000000  0.002086
33252.000000  -0.001656
33351.000000  0.000073
33505.000000  -0.000185
33521.000000  0.000220
33650.000000  0.002466
33804.000000  -0.002599
33948.000000  -0.000603
34093.000000  0.002045
34189.000000  -0.001183
34220.000000  0.001606
34340.000000  0.005721
34423.000000  -0.007253
34484.000000  0.004033
34574.000000  -0.004763
34643.000000  0.000321
34747.000000  -0.001296
34840.000000  0.003694
34886.000000  -0.001184
35023.000000  0.000200
35177.000000  0.000475
35247.000000  -0.001540
35347.000000  -0.000832
35491.000000  0.001063
35606.000000  0.002762
35730.000000  -0.002059
35891.000000  0.008050
36090.000000  -0.005355
36294.000000  -0.002473
36459.000000  0.002895
36610.000000  -0.003950
36723.000000  0.003498
36759.000000  -0.005032
36800.000000  -0.000749
36890.000000  0.007546
36951.000000  -0.006225
36967.000000  -0.000649
37006.000000  -0.000121
37037.000000  0.004076
37056.000000  -0.004629
37152.000000  -0.000525
37158.000000  0.006802
37221.000000  -0.006886
37302.000000  0.001648
37423.000000  -0.000605
37457.000000  -0.000399
37609.000000  -0.001201
37693.000000  0.003133
37830.000000  -0.000120
37935.000000  -0.002568
38058.000000  0.006213
38135.000000  -0.007072
38232.000000  0.007701
38250.000000  -0.004413
38329.000000  -0.000835
38436.000000  -0.000914
38512.000000  0.000453
38605.000000  -0.001135
38735.000000  0.002017
38886.000000  0.000494
39062.000000  0.001782
39137.000000  -0.003679
39263.000000  0.002892
39386.000000  -0.002340
39479.000000  -0.000128
39586.000000  0.000567
39699.000000  -0.002990
39824.000000  0.007700
39945.000000  -0.004003
39987.000000  0.000402
40017.000000  -0.003496
40060.000000  0.004203
40085.000000  -0.005910
40153.000000  0.001664
40239.000000  -0.001513
40296.000000  0.001499
40353.000000  0.002758
40363.000000  -0.003777
40396.000000  0.000359
40483.000000  -0.000717
40554.000000  0.006556
40664.000000  -0.006800
40706.000000  0.009694
40718.000000  -0.009530
40781.000000  0.001741
40816.000000  0.000797
40821.000000  -0.000618
