995.000000  5.379165
1258.000000  9.143375
1544.000000  5.652080
1793.000000  12.647171
2088.000000  8.712446
2339.000000  7.425469
2589.000000  10.237879
2860.000000  7.116556
3125.000000  6.211187
3406.000000  6.592761
3599.000000  5.723517
3824.000000  6.554501
4146.000000  5.187295
4475.000000  4.874176
4760.000000  7.394770
5015.000000  6.256053
5239.000000  6.353771
5450.000000  6.860047
5682.000000  9.620653
5726.000000  8.069831
5890.000000  7.731204
6079.000000  6.062624
6306.000000  5.818390
6629.000000  5.262190
6865.000000  6.124419
7102.000000  9.473734
7351.000000  5.649138
7586.000000  5.654451
7822.000000  5.761735
8058.000000  5.507623
8188.000000  7.443294
8337.000000  7.458897
8435.000000  8.779387
8562.000000  8.634031
8648.000000  8.606977
8797.000000  7.949243
8964.000000  8.300402
9099.000000  8.821537
9235.000000  25.853788
9263.000000  22.380051
9498.000000  26.692310
9742.000000  21.616688
9937.000000  10.260810
10139.000000  9.886742
10305.000000  24.571917
10524.000000  53.771656
10756.000000  20.976107
10960.000000  22.112442
11205.000000  19.798603
11518.000000  7.914844
11888.000000  9.709610
12270.000000  15.482010
12636.000000  11.824921
12999.000000  6.874829
13340.000000  4.855116
13627.000000  7.780805
13899.000000  15.469938
14130.000000  15.822962
14341.000000  16.473351
14609.000000  5.867971
14863.000000  6.033905
15058.000000  11.274632
15234.000000  7.452965
15410.000000  10.686467
15631.000000  8.188887
15744.000000  7.280412
15796.000000  11.702299
15838.000000  15.729041
15945.000000  13.450890
16090.000000  7.873960
16284.000000  7.947562
16467.000000  5.360432
16682.000000  5.470433
16714.000000  9.361725
16869.000000  8.698561
16995.000000  7.001653
17151.000000  6.061445
17305.000000  7.047441
17418.000000  6.220258
17687.000000  7.674194
17934.000000  10.114897
18169.000000  8.107206
18366.000000  24.789261
18551.000000  6.524680
18741.000000  6.822207
18841.000000  6.976124
19051.000000  5.267324
19337.000000  4.503804
19550.000000  3.997712
19793.000000  3.296750
20053.000000  4.116184
20310.000000  4.172861
20531.000000  3.232845
20728.000000  3.009110
20944.000000  2.970255
21159.000000  2.679983
21374.000000  2.477120
21571.000000  2.716117
21766.000000  5.921289
21962.000000  5.147229
22088.000000  5.641426
22106.000000  8.163136
22189.000000  6.228363
22273.000000  4.001178
22417.000000  2.411282
22552.000000  2.726599
22692.000000  2.974255
22864.000000  2.013999
23042.000000  1.935297
23277.000000  2.164302
23538.000000  2.892416
23762.000000  1.949802
24019.000000  2.613958
24191.000000  3.587233
24354.000000  4.182918
24492.000000  2.087157
24589.000000  2.327194
24726.000000  4.965390
24825.000000  5.549771
24896.000000  4.876684
24985.000000  4.928937
25143.000000  4.904559
25241.000000  4.419793
25352.000000  2.624310
25431.000000  1.510476
25493.000000  6.907111
25581.000000  5.193298
25667.000000  4.911416
25716.000000  5.103898
25795.000000  4.491669
25830.000000  6.634058
25889.000000  7.522377
25986.000000  5.554615
26136.000000  6.639033
26308.000000  4.116751
26468.000000  3.527953
26629.000000  4.530368
26769.000000  3.852849
26909.000000  3.988479
27133.000000  4.351395
27345.000000  3.548547
27549.000000  4.551546
27694.000000  3.581271
27870.000000  3.638644
28022.000000  3.807034
28059.000000  4.473550
28331.000000  3.181204
28655.000000  2.773426
29016.000000  2.668666
29332.000000  4.650238
29603.000000  3.883905
29869.000000  3.260265
30022.000000  3.837137
30167.000000  2.738258
30318.000000  4.196534
30555.000000  3.596616
30741.000000  3.319895
30879.000000  5.495179
31066.000000  3.774206
31206.000000  3.662537
31381.000000  3.525373
31557.000000  3.653500
31724.000000  3.412271
31840.000000  3.459031
31911.000000  4.352864
31963.000000  4.185063
32023.000000  4.621517
32116.000000  3.551412
32276.000000  3.617803
32464.000000  3.751918
32671.000000  3.545213
32923.000000  3.241960
33113.000000  4.161100
33252.000000  3.751500
33351.000000  4.046452
33505.000000  3.955122
33521.000000  4.402173
33650.000000  4.429502
33804.000000  3.963367
33948.000000  3.933243
34093.000000  3.731041
34189.000000  4.174622
34220.000000  4.845532
34340.000000  5.545161
34423.000000  4.322861
34484.000000  5.100091
34574.000000  4.121695
34643.000000  4.280446
34747.000000  3.470973
34840.000000  4.500273
34886.000000  4.349161
35023.000000  3.939404
35177.000000  3.860841
35247.000000  3.818714
35347.000000  3.621197
35491.000000  3.831901
35606.000000  4.490962
35730.000000  3.275106
35891.000000  5.284835
36090.000000  4.263992
36294.000000  3.517622
36459.000000  4.013036
36610.000000  3.870641
36723.000000  4.843996
36759.000000  3.133934
36800.000000  1.045335
36890.000000  3.594327
36951.000000  2.764875
36967.000000  2.562854
37006.000000  2.430395
37037.000000  3.035264
37056.000000  2.140482
37152.000000  3.353306
37158.000000  5.078063
37221.000000  3.611831
37302.000000  3.852551
37423.000000  3.193251
37457.000000  3.020782
37609.000000  2.540631
37693.000000  3.592661
37830.000000  3.353202
37935.000000  2.781746
38058.000000  4.542119
38135.000000  3.156010
38232.000000  4.587038
38250.000000  3.785834
38329.000000  3.585787
38436.000000  3.113477
38512.000000  3.410841
38605.000000  3.176772
38735.000000  3.084695
38886.000000  3.502673
39062.000000  3.506622
39137.000000  3.465229
39263.000000  3.678648
39386.000000  2.920710
39479.000000  3.012276
39586.000000  2.855386
39699.000000  2.140293
39824.000000  3.259914
39945.000000  2.474439
39987.000000  2.482677
40017.000000  3.424889
40060.000000  4.425754
40085.000000  3.002657
40153.000000  3.336442
40239.000000  2.592627
40296.000000  3.228174
40353.000000  3.735338
40363.000000  3.015421
40396.000000  3.025156
40483.000000  2.762434
40554.000000  4.448566
40664.000000  2.539741
40706.000000  5.097439
40718.000000  2.747366
40781.000000  3.096250
40816.000000  3.040327
40821.000000  3.350259
