399.000000  0.078459
514.000000  0.015421
647.000000  -0.031710
768.000000  0.036257
966.000000  0.020998
966.000000  -0.119316
1056.000000  0.082071
1154.000000  -0.019897
1241.000000  0.002173
1374.000000  0.062177
1507.000000  -0.010837
1677.000000  0.015304
1762.000000  -0.026874
1839.000000  -0.023858
1968.000000  0.042276
2095.000000  -0.015347
2259.000000  0.029402
2454.000000  0.005681
2581.000000  0.016845
2711.000000  -0.078329
2864.000000  0.036522
2998.000000  -0.003284
3159.000000  -0.005624
3335.000000  0.007889
3500.000000  0.010033
3660.000000  -0.024467
3722.000000  -0.003493
3777.000000  -0.026638
3827.000000  -0.008498
3894.000000  0.006379
3964.000000  0.022585
4050.000000  0.001501
4156.000000  0.006992
4274.000000  0.017530
4349.000000  -0.041877
4424.000000  -0.008979
4528.000000  0.088627
4621.000000  -0.040944
4713.000000  -0.017597
4813.000000  -0.024858
4907.000000  0.001844
5089.000000  0.062270
5273.000000  0.000879
5433.000000  -0.019056
5560.000000  -0.022423
5703.000000  0.021850
5761.000000  -0.056142
5778.000000  -0.021817
5858.000000  0.052956
5933.000000  -0.027872
6014.000000  0.002888
6123.000000  0.001314
6235.000000  -0.000897
6329.000000  0.001361
6417.000000  0.006775
6508.000000  -0.014805
6595.000000  -0.015935
6678.000000  0.007868
6860.000000  0.037545
6985.000000  0.020436
7127.000000  -0.004021
7288.000000  0.031705
7412.000000  -0.006408
7559.000000  0.002075
7702.000000  -0.030928
7780.000000  -0.028447
7868.000000  0.040040
7881.000000  -0.017057
7889.000000  -0.092106
8006.000000  0.104474
8125.000000  0.019074
8273.000000  -0.033060
8433.000000  0.007449
8603.000000  -0.009423
8767.000000  0.036565
8920.000000  -0.019731
9080.000000  -0.003328
9220.000000  0.017315
9375.000000  -0.006324
9548.000000  0.026192
9623.000000  0.001817
9678.000000  -0.052626
9681.000000  -0.091559
9738.000000  0.171700
9835.000000  -0.014250
9906.000000  -0.050229
10030.000000  0.017203
10098.000000  -0.011398
10189.000000  0.018486
10271.000000  -0.010156
10353.000000  0.009993
10445.000000  0.003738
10566.000000  0.017288
10673.000000  -0.058274
10773.000000  0.015490
10868.000000  0.005086
10955.000000  0.011133
11062.000000  0.038525
11172.000000  0.013629
11274.000000  0.007295
11339.000000  0.012511
11417.000000  -0.000641
11469.000000  0.015549
11554.000000  0.024359
11651.000000  -0.033853
11728.000000  0.009408
11819.000000  0.002577
11913.000000  -0.099869
12059.000000  0.026000
12167.000000  -0.044858
12300.000000  0.054191
12486.000000  -0.008302
12658.000000  0.011818
12839.000000  0.022679
12983.000000  0.013491
13062.000000  -0.064496
13093.000000  0.113023
13138.000000  -0.089768
13199.000000  0.115829
13236.000000  -0.042642
13277.000000  0.001911
13327.000000  -0.056541
13410.000000  0.109739
13492.000000  -0.097780
13594.000000  0.174322
13648.000000  0.070410
13693.000000  -0.397473
13737.000000  0.003401
13786.000000  -0.002834
13835.000000  0.003337
13883.000000  -0.017552
13931.000000  0.000856
13979.000000  0.473139
14083.000000  0.072517
14207.000000  -0.063465
14369.000000  0.057032
14488.000000  -0.136522
14552.000000  -0.133023
14669.000000  0.278830
14790.000000  0.332468
14842.000000  -0.843249
14876.000000  -0.016368
14934.000000  0.005635
15017.000000  0.040671
15101.000000  0.010059
15177.000000  -0.022664
15257.000000  0.008555
15405.000000  0.049031
15559.000000  -0.046722
15637.000000  -0.030594
15723.000000  0.035877
15843.000000  0.003355
15966.000000  0.001835
16077.000000  -0.022250
16150.000000  -0.030263
16218.000000  0.016832
16273.000000  -0.023057
16324.000000  -0.000748
16381.000000  0.020063
16471.000000  0.005690
16626.000000  0.010172
16794.000000  0.010747
16831.000000  -0.022273
17000.000000  0.024371
17089.000000  0.002982
17220.000000  0.003054
17302.000000  -0.012028
17363.000000  -0.021299
17427.000000  -0.005241
17486.000000  -0.002539
17546.000000  0.004723
17607.000000  -0.009979
17667.000000  0.006991
17740.000000  0.003359
17802.000000  -0.004054
17862.000000  0.004956
17921.000000  -0.013763
17996.000000  -0.001696
18027.000000  -0.008926
18092.000000  0.035764
18206.000000  0.036177
18333.000000  0.010875
18441.000000  -0.009254
18511.000000  -0.056000
18638.000000  0.015536
18884.000000  0.044119
19029.000000  0.002257
19186.000000  0.016258
19241.000000  -0.031512
19426.000000  0.038959
19605.000000  0.028898
19662.000000  -0.070943
19820.000000  0.040963
19979.000000  -0.000741
20068.000000  -0.025999
20156.000000  -0.013120
20233.000000  -0.012837
20339.000000  0.031259
20496.000000  0.010910
20638.000000  0.003489
20774.000000  -0.020557
20870.000000  -0.015623
21036.000000  0.019110
21203.000000  0.044372
21349.000000  0.008984
21519.000000  0.023748
21661.000000  -0.065442
21742.000000  -0.028054
21816.000000  0.018170
21960.000000  0.038823
22082.000000  -0.006792
22166.000000  -0.031713
22301.000000  0.017813
22446.000000  0.019613
22607.000000  0.081124
22732.000000  -0.020700
22848.000000  -0.057802
22910.000000  -0.061800
22964.000000  -0.035632
23014.000000  0.137063
23064.000000  -0.111063
23130.000000  0.022364
23219.000000  -0.019333
23302.000000  -0.022322
23452.000000  0.036431
23582.000000  -0.004946
23684.000000  -0.000651
23798.000000  0.016436
23862.000000  -0.058768
23996.000000  0.045282
24179.000000  0.025012
24340.000000  0.022995
24492.000000  0.001810
24647.000000  -0.025868
24778.000000  0.010884
24869.000000  -0.041028
25021.000000  0.073117
25104.000000  -0.059969
25192.000000  -0.020541
25260.000000  0.009463
25375.000000  0.013377
25512.000000  0.056636
25654.000000  0.024575
25760.000000  0.043529
25836.000000  -0.002832
25936.000000  0.058000
25949.000000  -0.074213
25967.000000  0.120262
25994.000000  -0.237654
26069.000000  0.000712
26141.000000  -0.016938
26216.000000  -0.031305
26318.000000  0.027246
26453.000000  0.013018
26591.000000  -0.002297
26736.000000  0.013619
26847.000000  -0.012252
26910.000000  -0.040878
27008.000000  0.037085
27095.000000  0.001616
27207.000000  -0.003807
27221.000000  -0.023647
27222.000000  -0.029430
27273.000000  0.007179
27359.000000  0.023371
27458.000000  0.005338
27559.000000  0.021553
27625.000000  -0.016243
27689.000000  0.007167
27714.000000  -0.026701
27807.000000  0.007592
27896.000000  0.016246
28004.000000  0.005471
28075.000000  0.012519
28138.000000  0.002161
28247.000000  0.011513
28390.000000  0.005883
28552.000000  -0.010368
28686.000000  -0.001336
28775.000000  -0.025176
28822.000000  -0.007377
28903.000000  0.029930
28959.000000  0.000380
29009.000000  -0.029860
29096.000000  0.026402
29180.000000  -0.028736
29256.000000  0.012487
29362.000000  0.022314
29453.000000  -0.021101
29462.000000  -0.032474
29537.000000  0.038852
29637.000000  0.012170
29741.000000  0.021670
29847.000000  -0.028956
29918.000000  -0.018613
30018.000000  -0.005579
30145.000000  0.066612
30249.000000  0.017317
30263.000000  -0.097236
30363.000000  0.075124
30451.000000  -0.010469
30580.000000  0.089024
30590.000000  -0.009341
30636.000000  -0.062489
30674.000000  -0.041683
30694.000000  -0.055590
30773.000000  0.045925
30831.000000  0.013601
30933.000000  0.012304
31056.000000  -0.008519
31144.000000  -0.028898
31224.000000  0.004864
31296.000000  -0.025402
31339.000000  -0.002521
31383.000000  -0.021770
31389.000000  -0.012622
31434.000000  0.022070
31448.000000  -0.020348
31536.000000  0.348430
31674.000000  -0.025488
31777.000000  -0.050971
31875.000000  -0.123276
31983.000000  -0.005462
32008.000000  -0.080414
32097.000000  0.018966
32194.000000  -0.022722
32284.000000  0.000741
32362.000000  0.014841
32442.000000  -0.008179
32531.000000  0.020876
32638.000000  -0.024403
32707.000000  -0.010846
32778.000000  -0.010984
32873.000000  0.024561
32938.000000  -0.001050
33003.000000  0.008304
33081.000000  0.018654
33170.000000  0.088875
33209.000000  -0.019029
33261.000000  -0.058309
33302.000000  0.054070
33372.000000  0.044817
33412.000000  0.048924
33458.000000  -0.038943
33499.000000  0.091330
33501.000000  -0.019510
33569.000000  -0.242204
33618.000000  -0.014972
33666.000000  -0.011284
33739.000000  0.017683
33810.000000  0.022735
33858.000000  -0.035831
33941.000000  0.023671
34037.000000  -0.002357
34114.000000  0.019567
34210.000000  -0.005284
34271.000000  -0.016002
34343.000000  0.007508
34469.000000  0.011819
34469.000000  -0.065278
34564.000000  0.054040
34658.000000  -0.002631
34713.000000  -0.018855
34785.000000  0.001213
34795.000000  -0.026948
34808.000000  0.014742
34909.000000  0.041505
34973.000000  0.010975
35079.000000  0.023412
35185.000000  -0.014520
35271.000000  0.006159
35287.000000  -0.058217
35376.000000  0.023864
35392.000000  -0.044126
35418.000000  0.013880
35476.000000  0.020287
35568.000000  0.014585
35641.000000  -0.021444
35786.000000  0.030367
35868.000000  -0.010968
35962.000000  0.022417
36041.000000  -0.010811
36123.000000  0.012251
36156.000000  -0.045135
36214.000000  0.023565
36256.000000  0.018908
36283.000000  -0.010885
36297.000000  -0.050375
36386.000000  0.031232
36472.000000  0.019311
36557.000000  0.000531
36655.000000  -0.006503
36814.000000  0.060551
36909.000000  -0.049761
36998.000000  0.009617
37065.000000  0.000871
37104.000000  -0.030123
37187.000000  0.018036
37272.000000  0.010372
37360.000000  -0.025211
37453.000000  -0.003524
37557.000000  0.003291
37652.000000  0.010529
37745.000000  -0.002010
37836.000000  0.002556
37911.000000  -0.005389
37973.000000  0.003110
37996.000000  -0.017836
38078.000000  0.004759
38184.000000  0.033606
38331.000000  -0.007344
38459.000000  0.011656
38545.000000  -0.000735
38608.000000  -0.001499
38686.000000  -0.020708
38748.000000  0.018608
38769.000000  -0.018194
38796.000000  0.036288
38857.000000  -0.019310
38883.000000  0.006135
38884.000000  -0.090413
38926.000000  0.038866
38959.000000  -0.013664
39025.000000  0.014982
39108.000000  0.001375
39161.000000  0.008130
39169.000000  -0.042670
39174.000000  -0.003053
39266.000000  0.039697
39335.000000  0.006011
39370.000000  -0.026381
39413.000000  0.010197
39421.000000  -0.024233
39494.000000  0.078570
39586.000000  -0.017557
39743.000000  0.008918
39956.000000  0.037243
40090.000000  0.003112
40168.000000  -0.051447
40249.000000  0.014684
40336.000000  0.003406
40428.000000  -0.026593
40502.000000  0.033731
40545.000000  -0.058160
40615.000000  0.031155
40700.000000  0.039911
40717.000000  -0.036902
40727.000000  -0.040369
40778.000000  0.053987
40815.000000  -0.026397
40819.000000  -0.049638
