4067.000000  95.568916
6275.000000  91.424332
8905.000000  90.122002
12299.000000  88.263237
14690.000000  89.739876
16730.000000  88.214096
17803.000000  88.389931
20038.000000  88.664749
21307.000000  82.576080
21623.000000  81.777054
23679.000000  84.162033
24863.000000  82.354935
26864.000000  80.956284
27679.000000  80.117294
28455.000000  65.302101
29053.000000  57.921646
29699.000000  67.242897
30383.000000  48.567287
31310.000000  58.132393
32169.000000  49.963345
33174.000000  51.455833
34183.000000  72.513618
34611.000000  16.634153
35098.000000  79.754463
36466.000000  81.450790
37226.000000  76.260826
37666.000000  73.120651
38531.000000  78.976204
39892.000000  81.098267
41708.000000  83.276588
43722.000000  76.093559
45520.000000  83.285240
47251.000000  82.688492
48236.000000  71.417580
50071.000000  82.800949
52820.000000  82.278534
55210.000000  75.252907
56358.000000  73.378571
58088.000000  74.960419
59105.000000  69.752792
61207.000000  72.125549
62544.000000  70.877655
64235.000000  78.896629
66097.000000  72.523323
68669.000000  74.426529
71115.000000  73.640892
74205.000000  73.810623
77019.000000  69.073570
80319.000000  67.774109
83137.000000  69.362930
86260.000000  64.654984
89596.000000  66.069565
92162.000000  68.986549
94122.000000  54.272408
95332.000000  43.990959
95929.000000  57.925648
96838.000000  57.922318
99306.000000  61.082745
101948.000000  59.606354
103090.000000  55.728020
105762.000000  54.429615
107966.000000  47.071415
109078.000000  32.550850
110194.000000  38.519203
111276.000000  30.234810
112362.000000  26.706257
113547.000000  32.912960
114844.000000  32.108414
115761.000000  26.671589
116616.000000  34.269146
117835.000000  42.084690
118842.000000  47.432728
120349.000000  45.888485
121203.000000  46.735069
122503.000000  37.463474
123259.000000  38.127995
124395.000000  40.316875
124819.000000  34.327553
125393.000000  18.128725
125894.000000  5.794228
126668.000000  28.590107
127191.000000  23.191217
127685.000000  21.538933
128750.000000  23.296719
129280.000000  14.652066
129686.000000  11.690993
130294.000000  9.347857
131266.000000  22.297754
132297.000000  18.329500
133082.000000  27.092392
133694.000000  18.223385
134565.000000  28.246450
135510.000000  29.651752
136709.000000  24.408892
138038.000000  32.215328
138801.000000  31.320393
139442.000000  13.329272
139949.000000  12.703074
140727.000000  16.079626
142007.000000  13.907022
142594.000000  7.913190
143250.000000  5.859575
143652.000000  14.979814
143804.000000  0.267250
143913.000000  9.549107
144060.000000  7.588754
144278.000000  12.000826
144618.000000  13.291454
144788.000000  12.334834
145092.000000  13.769214
145098.000000  4.775810
145343.000000  10.790234
145656.000000  11.793437
145916.000000  13.031134
146113.000000  6.538788
146621.000000  12.007024
147201.000000  28.826242
147905.000000  29.335531
148313.000000  17.130754
149529.000000  35.509823
150105.000000  24.342173
150675.000000  12.064928
151000.000000  21.987972
151393.000000  28.024420
152138.000000  36.934410
152787.000000  30.923477
153350.000000  23.450062
153951.000000  34.075302
154414.000000  26.381529
154960.000000  34.201740
155471.000000  15.091949
156069.000000  8.826699
156562.000000  6.174289
157320.000000  8.809212
158081.000000  21.927113
158197.000000  4.622010
158640.000000  5.161994
159058.000000  21.799347
159680.000000  20.366278
159692.000000  0.174541
160432.000000  7.160278
160489.000000  1.134799
160534.000000  0.841065
160535.000000  0.047191
