576.000000  0.104671
767.000000  0.087358
956.000000  0.080422
1006.000000  0.069048
1284.000000  0.115306
1505.000000  0.139025
1725.000000  0.134595
1895.000000  0.124210
2092.000000  0.129930
2273.000000  0.110705
2482.000000  0.121344
2683.000000  0.139211
2829.000000  0.111734
2965.000000  0.076610
3075.000000  0.074044
3179.000000  0.103003
3327.000000  0.111254
3485.000000  0.104939
3564.000000  0.027973
3650.000000  0.043034
3794.000000  0.078219
4021.000000  0.069679
4189.000000  0.082902
4345.000000  0.086459
4499.000000  0.097638
4628.000000  0.101036
4776.000000  0.093552
4784.000000  0.022268
4917.000000  0.082104
5077.000000  0.118840
5215.000000  0.114563
5378.000000  0.123854
5491.000000  0.106799
5647.000000  0.109768
5826.000000  0.127727
5951.000000  0.100894
6102.000000  0.096356
6239.000000  0.090026
6370.000000  0.091997
6523.000000  0.102850
6710.000000  0.124170
6892.000000  0.146688
7101.000000  0.169305
7319.000000  0.151641
7366.000000  0.107781
7545.000000  0.140625
7736.000000  0.131500
7922.000000  0.128689
8041.000000  0.138303
8127.000000  0.094401
8215.000000  0.079229
8286.000000  0.069583
8370.000000  0.096107
8459.000000  0.071321
8539.000000  0.049321
8615.000000  0.044313
8695.000000  0.057569
8774.000000  0.058997
8859.000000  0.058806
8947.000000  0.067762
9037.000000  0.070938
9177.000000  0.093269
9352.000000  0.106122
9594.000000  0.097328
9754.000000  0.107627
9880.000000  0.063780
10042.000000  0.083621
10172.000000  0.090220
10338.000000  0.108359
10497.000000  0.127573
10627.000000  0.132011
10758.000000  0.098488
10879.000000  0.081733
11012.000000  0.089412
11156.000000  0.084846
11212.000000  0.059329
11297.000000  0.081565
11451.000000  0.096650
11641.000000  0.106985
11803.000000  0.130885
11946.000000  0.096351
12085.000000  0.109402
12247.000000  0.116319
12404.000000  0.111949
12538.000000  0.089000
12696.000000  0.097079
12839.000000  0.087141
12987.000000  0.090129
13087.000000  0.073561
13210.000000  0.140026
13421.000000  0.132649
13582.000000  0.132150
13744.000000  0.151207
13921.000000  0.133482
14110.000000  0.133837
14271.000000  0.101033
14417.000000  0.096635
14483.000000  0.064865
14603.000000  0.104181
14733.000000  0.145805
14848.000000  0.144089
14893.000000  0.102493
14956.000000  0.072861
15107.000000  0.153032
15280.000000  0.133246
15427.000000  0.108515
15634.000000  0.185181
15790.000000  0.158713
15889.000000  0.145176
16011.000000  0.158821
16109.000000  0.141991
16218.000000  0.221364
16306.000000  0.213827
16435.000000  0.181138
16502.000000  0.127350
16603.000000  0.189998
16716.000000  0.255171
16886.000000  0.253530
17009.000000  0.215566
17140.000000  0.216714
17289.000000  0.170753
17395.000000  0.176753
17562.000000  0.190298
17740.000000  0.222941
17883.000000  0.285882
17899.000000  0.257038
17964.000000  0.208248
18042.000000  0.270363
18075.000000  0.265553
18099.000000  0.242695
18164.000000  0.201156
18200.000000  0.177200
18241.000000  0.268523
18284.000000  0.285007
18308.000000  0.278831
18375.000000  0.466289
18474.000000  0.476349
18584.000000  0.629568
18680.000000  0.053542
18766.000000  0.057352
18898.000000  0.074556
19008.000000  0.064247
19129.000000  0.068515
19221.000000  0.038154
19245.000000  0.015043
19342.000000  0.063044
19463.000000  0.050790
19554.000000  0.076110
19644.000000  0.063569
19729.000000  0.050949
19826.000000  0.082480
19894.000000  0.043337
19963.000000  0.057152
20037.000000  0.064549
20163.000000  0.107860
20285.000000  0.083650
20335.000000  0.070179
20451.000000  0.099048
20579.000000  0.138404
20630.000000  0.068459
20803.000000  0.168632
20994.000000  0.146899
21205.000000  0.136710
21367.000000  0.126021
21540.000000  0.088161
21695.000000  0.115123
21832.000000  0.115068
21968.000000  0.100023
22110.000000  0.103613
22304.000000  0.129489
22554.000000  0.186921
22775.000000  0.177756
22985.000000  0.143565
23108.000000  0.102426
23276.000000  0.150942
23491.000000  0.195020
23704.000000  0.248160
23898.000000  0.299865
24047.000000  0.193777
24228.000000  0.150320
24393.000000  0.102190
24556.000000  0.101223
24690.000000  0.093529
24828.000000  0.083445
24908.000000  0.063831
24985.000000  0.057956
25063.000000  0.077235
25133.000000  0.060026
25278.000000  0.094252
25417.000000  0.064056
25545.000000  0.109189
25699.000000  0.101841
25920.000000  0.137054
26172.000000  0.134278
26371.000000  0.131045
26556.000000  0.106860
26752.000000  0.111038
26899.000000  0.102172
27049.000000  0.082531
27238.000000  0.129703
27424.000000  0.158514
27617.000000  0.147748
27842.000000  0.111314
28037.000000  0.109056
28209.000000  0.131324
28292.000000  0.057686
28464.000000  0.107805
28545.000000  0.193651
28595.000000  0.193632
28663.000000  0.222963
28808.000000  0.232388
28946.000000  0.218317
29100.000000  0.060935
29251.000000  0.082929
29368.000000  0.118535
29430.000000  0.060924
29491.000000  0.238590
29533.000000  0.280091
29554.000000  0.312156
29618.000000  0.017483
29736.000000  0.044019
29852.000000  0.050452
29952.000000  0.058489
30094.000000  0.097550
30284.000000  0.117577
30469.000000  0.104471
30650.000000  0.107318
30886.000000  0.112809
31076.000000  0.114230
31150.000000  0.089504
31225.000000  0.052109
31309.000000  0.068242
31396.000000  0.062570
31480.000000  0.057500
31592.000000  0.076995
31682.000000  0.057701
31787.000000  0.100193
31872.000000  0.081786
31957.000000  0.079122
32054.000000  0.050207
32141.000000  0.105510
32182.000000  0.106596
32192.000000  0.060330
32283.000000  0.050951
32302.000000  0.016771
32355.000000  0.035945
32454.000000  0.047738
32592.000000  0.066055
32724.000000  0.101682
32885.000000  0.108504
33094.000000  0.151757
33268.000000  0.162642
33361.000000  0.095267
33446.000000  0.075108
33518.000000  0.067590
33539.000000  0.029468
33617.000000  0.044928
33687.000000  0.059504
33754.000000  0.082917
33845.000000  0.082480
33935.000000  0.064388
34057.000000  0.069529
34206.000000  0.081287
34321.000000  0.063182
34404.000000  0.063794
34455.000000  0.050091
34529.000000  0.068968
34611.000000  0.082652
34690.000000  0.060239
34750.000000  0.048048
34767.000000  0.047888
34829.000000  0.025273
34986.000000  0.053912
35151.000000  0.060209
35310.000000  0.145865
35482.000000  0.156139
35609.000000  0.177114
35673.000000  0.187048
35723.000000  0.206317
35724.000000  0.082062
35894.000000  0.146441
36062.000000  0.106070
36068.000000  0.022494
36181.000000  0.116439
36264.000000  0.038316
36291.000000  0.020842
36295.000000  0.066767
36354.000000  0.044633
36504.000000  0.108539
36680.000000  0.106206
36917.000000  0.157772
37148.000000  0.162976
37357.000000  0.126539
37575.000000  0.131867
37737.000000  0.117032
37835.000000  0.053473
37912.000000  0.066065
37982.000000  0.078491
38060.000000  0.079732
38148.000000  0.100663
38226.000000  0.076028
38303.000000  0.053121
38393.000000  0.091306
38514.000000  0.063118
38579.000000  0.074706
38650.000000  0.100182
38699.000000  0.128911
38759.000000  0.177569
38817.000000  0.240889
38847.000000  0.229388
38941.000000  0.107650
39067.000000  0.245285
39267.000000  0.091959
39429.000000  0.078530
39507.000000  0.076355
39597.000000  0.052119
39717.000000  0.073321
39783.000000  0.072104
39793.000000  0.040536
39799.000000  0.009978
39849.000000  0.049693
39957.000000  0.038987
40052.000000  0.052953
40135.000000  0.082187
40202.000000  0.041769
40217.000000  0.016449
40219.000000  0.011804
40248.000000  0.236564
40281.000000  0.259459
40374.000000  0.290198
40443.000000  0.485188
40481.000000  0.251847
40533.000000  0.238933
40595.000000  0.218734
40642.000000  0.210545
40706.000000  0.217344
40788.000000  0.620138
40812.000000  0.096683
