995.000000  0.171265
1217.000000  -0.038380
1395.000000  -0.028661
1591.000000  0.013979
1828.000000  0.022989
2061.000000  -0.000755
2354.000000  0.010430
2660.000000  0.033565
2957.000000  0.028679
3287.000000  -0.001481
3550.000000  -0.013835
3829.000000  0.012967
4128.000000  0.001955
4488.000000  0.012607
4762.000000  -0.028757
5020.000000  0.006951
5299.000000  -0.005362
5537.000000  -0.033981
5733.000000  0.004664
5895.000000  -0.012029
6027.000000  -0.047045
6183.000000  0.000313
6183.000000  -0.109835
6334.000000  0.175141
6561.000000  0.027243
6694.000000  -0.055278
6723.000000  -0.088485
6909.000000  0.046152
7124.000000  0.068520
7335.000000  0.000563
7377.000000  -0.054820
7606.000000  0.058268
7773.000000  -0.002837
8000.000000  -0.008653
8205.000000  0.007520
8414.000000  0.012932
8659.000000  -0.041367
8853.000000  -0.023150
8873.000000  -0.063103
9027.000000  0.029260
9143.000000  0.012479
9228.000000  -0.041950
9262.000000  -0.017340
9363.000000  0.043200
9560.000000  0.036407
9722.000000  0.019334
9920.000000  -0.013844
10135.000000  0.004358
10319.000000  0.020914
10456.000000  -0.040099
10600.000000  -0.017839
10753.000000  -0.003331
10859.000000  -0.016383
11037.000000  0.037980
11220.000000  0.009397
11422.000000  0.024571
11579.000000  -0.038257
11760.000000  0.015241
11892.000000  0.003074
12061.000000  0.025580
12279.000000  0.057449
12448.000000  -0.020448
12631.000000  -0.001705
12825.000000  -0.014019
12974.000000  -0.035001
13104.000000  -0.070362
13287.000000  0.086092
13499.000000  0.028148
13735.000000  -0.005032
13956.000000  0.019864
14122.000000  -0.064210
14349.000000  0.059960
14615.000000  0.005869
14889.000000  -0.023727
15099.000000  -0.013716
15307.000000  -0.030796
15422.000000  -0.029620
15513.000000  -0.032823
15601.000000  -0.009267
15667.000000  0.043884
15874.000000  0.053269
16137.000000  0.023526
16369.000000  0.032296
16617.000000  0.016703
16871.000000  -0.008752
17107.000000  -0.003309
17324.000000  0.020957
17535.000000  0.027564
17729.000000  0.018579
17923.000000  -0.049218
18164.000000  0.039580
18349.000000  -0.046668
18598.000000  -0.001963
18885.000000  0.001902
19219.000000  0.092636
19548.000000  -0.051550
19767.000000  -0.059875
19990.000000  0.116122
20147.000000  -0.001322
20355.000000  -0.164561
20570.000000  0.010907
20804.000000  0.039229
21028.000000  0.039852
21263.000000  -0.045019
21493.000000  -0.001401
21617.000000  -0.032719
21649.000000  -0.082632
21806.000000  0.125034
21978.000000  -0.041002
22180.000000  0.028907
22380.000000  0.011947
22587.000000  0.008390
22778.000000  -0.018222
22974.000000  0.042638
23213.000000  -0.041293
23442.000000  0.018290
23712.000000  0.054090
23982.000000  0.151256
24266.000000  -0.043115
24528.000000  0.008734
24778.000000  0.033385
25036.000000  0.029258
25262.000000  0.012226
25428.000000  -0.334005
25479.000000  -0.053525
25607.000000  0.225742
25786.000000  0.084295
26047.000000  0.141780
26216.000000  0.088790
26306.000000  -0.552535
26394.000000  -0.008071
26477.000000  0.013317
26585.000000  0.240572
26666.000000  0.037194
26742.000000  -0.314617
26846.000000  0.047049
26914.000000  0.044139
26993.000000  0.014481
27101.000000  -0.078358
27248.000000  0.040758
27359.000000  -0.017681
27394.000000  -0.038953
27493.000000  -0.008351
27564.000000  -0.004092
27705.000000  0.155786
27855.000000  -0.127841
27908.000000  0.013764
28102.000000  0.040193
28283.000000  0.020091
28484.000000  0.009990
28582.000000  -0.040156
28878.000000  0.103696
29115.000000  -0.018314
29296.000000  0.003978
29370.000000  0.048283
29593.000000  -0.011403
29673.000000  -0.007825
29793.000000  -0.062953
29865.000000  -0.056122
30007.000000  0.065857
30209.000000  0.030132
30313.000000  0.134712
30404.000000  0.154536
30534.000000  -0.072192
30629.000000  -0.074381
30814.000000  0.045908
30960.000000  -0.066568
31077.000000  0.019708
31160.000000  0.005984
31294.000000  0.022132
31469.000000  0.036456
31610.000000  0.158651
31732.000000  0.011540
31808.000000  -0.498658
31853.000000  -0.045188
31955.000000  0.015599
32102.000000  0.290409
32339.000000  0.262919
32588.000000  0.369441
32828.000000  -0.767827
32948.000000  -0.018748
33061.000000  -0.091162
33213.000000  0.017936
33338.000000  0.003660
33460.000000  -0.026978
33554.000000  -0.006204
33592.000000  -0.002448
33697.000000  0.036229
33809.000000  0.022348
33936.000000  0.011169
34068.000000  0.050644
34294.000000  0.006382
34506.000000  -0.013602
34698.000000  0.007677
34910.000000  -0.025846
35087.000000  -0.004229
35263.000000  -0.002455
35371.000000  0.024673
35563.000000  0.102478
35784.000000  0.024594
36008.000000  0.107901
36178.000000  0.009587
36297.000000  -0.227809
36421.000000  -0.063801
36516.000000  -0.055015
36582.000000  -0.037628
36656.000000  0.002869
36766.000000  0.034342
36882.000000  -0.012652
36993.000000  0.037369
37087.000000  0.029089
37183.000000  -0.018058
37202.000000  -0.019855
37232.000000  0.002621
37235.000000  0.021782
37295.000000  -0.086589
37368.000000  -0.004274
37467.000000  0.014582
37562.000000  -0.001030
37617.000000  0.000368
37754.000000  0.072637
37851.000000  0.037644
37921.000000  -0.095736
38009.000000  -0.007610
38108.000000  0.007560
38219.000000  -0.004609
38283.000000  -0.038984
38350.000000  0.001230
38394.000000  -0.016002
38400.000000  -0.004967
38443.000000  0.007845
38524.000000  0.011551
38608.000000  0.012289
38716.000000  0.014006
38910.000000  0.029806
39046.000000  -0.012428
39141.000000  0.090653
39287.000000  0.029309
39364.000000  -0.012313
39500.000000  0.093009
39657.000000  0.002716
39810.000000  0.019457
40060.000000  -0.002030
40253.000000  -0.008186
40366.000000  -0.053888
40403.000000  -0.146474
40422.000000  -0.059166
40512.000000  0.196706
40633.000000  -0.018352
40745.000000  0.057353
40812.000000  0.075256
40824.000000  -0.222248
