995.000000  72.545082
1217.000000  76.799774
1395.000000  71.308090
1591.000000  73.594833
1828.000000  75.201988
2061.000000  74.726990
2354.000000  75.176201
2660.000000  75.574333
2957.000000  78.607109
3287.000000  77.376877
3550.000000  75.935371
3829.000000  74.545723
4128.000000  75.607170
4488.000000  76.007591
4762.000000  72.155113
5020.000000  72.870735
5299.000000  71.307480
5537.000000  67.587196
5733.000000  65.354988
5895.000000  63.051563
6027.000000  56.791931
6183.000000  56.558025
6183.000000  0.283218
6334.000000  65.637054
6561.000000  69.222603
6694.000000  61.706470
6723.000000  38.558407
6909.000000  50.580673
7124.000000  63.959854
7335.000000  64.108253
7377.000000  53.830784
7606.000000  63.612270
7773.000000  62.427937
8000.000000  59.320057
8205.000000  61.561375
8414.000000  62.426323
8659.000000  56.593506
8853.000000  52.541328
8873.000000  33.987835
9027.000000  43.922554
9143.000000  47.393776
9228.000000  33.846699
9262.000000  27.398539
9363.000000  41.806812
9560.000000  50.722740
9722.000000  53.341400
9920.000000  51.000191
10135.000000  51.010967
10319.000000  53.464432
10456.000000  44.969810
10600.000000  40.649529
10753.000000  40.639904
10859.000000  34.596844
11037.000000  32.758457
11220.000000  46.418114
11422.000000  31.860340
11579.000000  21.672735
11760.000000  27.572609
11892.000000  24.745848
12061.000000  30.144438
12279.000000  44.116150
12448.000000  42.209156
12631.000000  41.396671
12825.000000  35.714020
12974.000000  33.406281
13104.000000  19.893011
13287.000000  35.557865
13499.000000  42.279064
13735.000000  35.972549
13956.000000  51.071972
14122.000000  43.699982
14349.000000  52.379513
14615.000000  35.045269
14889.000000  45.781319
15099.000000  39.342098
15307.000000  28.720209
15422.000000  32.789375
15513.000000  25.118279
15601.000000  21.384274
15667.000000  30.489958
15874.000000  41.713364
16137.000000  46.475208
16369.000000  40.903458
16617.000000  41.912315
16871.000000  40.454010
17107.000000  50.955307
17324.000000  54.045795
17535.000000  56.740032
17729.000000  56.662224
17923.000000  53.340130
18164.000000  57.241554
18349.000000  52.135574
18598.000000  52.036476
18885.000000  49.480637
19219.000000  58.910717
19548.000000  54.836391
19767.000000  44.869526
19990.000000  53.553604
20147.000000  55.651516
20355.000000  38.013676
20570.000000  41.569183
20804.000000  43.717323
21028.000000  50.720657
21263.000000  40.982693
21493.000000  45.843365
21617.000000  40.794788
21649.000000  26.958292
21806.000000  45.845135
21978.000000  40.864830
22180.000000  44.493557
22380.000000  46.441284
22587.000000  44.826359
22778.000000  42.217026
22974.000000  49.991642
23213.000000  44.720695
23442.000000  46.624027
23712.000000  50.370354
23982.000000  61.870594
24266.000000  58.385338
24528.000000  57.454662
24778.000000  60.634171
25036.000000  62.306141
25262.000000  61.691601
25428.000000  32.699238
25479.000000  23.087381
25607.000000  52.712597
25786.000000  57.927643
26047.000000  64.067215
26216.000000  68.179398
26306.000000  20.192381
26394.000000  17.798445
26477.000000  21.273937
26585.000000  52.343071
26666.000000  55.192013
26742.000000  11.377869
26846.000000  22.646221
26914.000000  29.209127
26993.000000  33.249344
27101.000000  18.572966
27248.000000  26.573627
27359.000000  22.339855
27394.000000  14.361247
27493.000000  12.238918
27564.000000  11.161106
27705.000000  39.701561
27855.000000  17.782761
27908.000000  20.363735
28102.000000  29.545923
28283.000000  30.999432
28484.000000  33.255039
28582.000000  27.114332
28878.000000  40.188713
29115.000000  37.136360
29296.000000  40.049511
29370.000000  45.076065
29593.000000  43.158478
29673.000000  41.571857
29793.000000  34.308399
29865.000000  26.512676
30007.000000  36.315163
30209.000000  38.693073
30313.000000  51.863861
30404.000000  59.904037
30534.000000  56.100815
30629.000000  51.322239
30814.000000  54.175209
30960.000000  49.806160
31077.000000  51.644199
31160.000000  52.866085
31294.000000  53.062077
31469.000000  54.045765
31610.000000  63.644726
31732.000000  62.537281
31808.000000  19.526604
31853.000000  9.320965
31955.000000  13.568865
32102.000000  49.988285
32339.000000  64.449471
32588.000000  72.457008
32828.000000  36.743412
32948.000000  33.942581
33061.000000  22.601887
33213.000000  23.439207
33338.000000  25.357527
33460.000000  20.545811
33554.000000  16.654991
33592.000000  19.648306
33697.000000  26.270687
33809.000000  29.134066
33936.000000  30.747696
34068.000000  37.124470
34294.000000  36.190823
34506.000000  35.113884
34698.000000  35.745178
34910.000000  33.474258
35087.000000  33.030251
35263.000000  31.414450
35371.000000  35.516376
35563.000000  45.530735
35784.000000  47.418861
36008.000000  53.976051
36178.000000  54.814941
36297.000000  36.625244
36421.000000  28.860271
36516.000000  20.322544
36582.000000  13.317434
36656.000000  13.606758
36766.000000  19.865805
36882.000000  17.399649
36993.000000  23.877121
37087.000000  28.405861
37183.000000  26.406544
37202.000000  23.070183
37232.000000  23.316380
37235.000000  26.482174
37295.000000  11.001049
37368.000000  9.942946
37467.000000  12.835005
37562.000000  12.858393
37617.000000  12.818355
37754.000000  24.918669
37851.000000  30.359575
37921.000000  15.442352
38009.000000  14.156316
38108.000000  15.471681
38219.000000  14.464829
38283.000000  6.435017
38350.000000  6.880189
38394.000000  2.806661
38400.000000  1.548722
38443.000000  3.436028
38524.000000  6.345666
38608.000000  8.747607
38716.000000  11.946366
38910.000000  17.703060
39046.000000  15.513112
39141.000000  29.110086
39287.000000  33.293808
39364.000000  31.056993
39500.000000  40.636612
39657.000000  41.555641
39810.000000  42.920010
40060.000000  41.574089
40253.000000  42.007904
40366.000000  36.442493
40403.000000  16.818556
40422.000000  5.512737
40512.000000  34.633579
40633.000000  33.018974
40745.000000  39.339024
40812.000000  45.786427
40824.000000  21.655678
