269.000000  0.082394
327.000000  0.056188
359.000000  0.027617
392.000000  0.026037
419.000000  0.030735
473.000000  0.051367
473.000000  0.011545
534.000000  0.049332
585.000000  0.064655
632.000000  0.067946
704.000000  0.066533
763.000000  0.062507
830.000000  0.086345
830.000000  0.024327
886.000000  0.068547
934.000000  0.065462
972.000000  0.068002
1015.000000  0.073580
1048.000000  0.054185
1121.000000  0.071832
1166.000000  0.081535
1220.000000  0.056004
1251.000000  0.052952
1268.000000  0.041886
1321.000000  0.067633
1377.000000  0.068395
1413.000000  0.059943
1436.000000  0.044491
1470.000000  0.056116
1498.000000  0.057207
1522.000000  0.053886
1553.000000  0.050587
1584.000000  0.067944
1647.000000  0.074335
1674.000000  0.066042
1703.000000  0.053577
1730.000000  0.059738
1747.000000  0.067426
1788.000000  0.093785
1824.000000  0.061394
1882.000000  0.078935
1918.000000  0.078159
1918.000000  0.028440
1957.000000  0.065732
1982.000000  0.052612
1992.000000  0.058120
2014.000000  0.059437
2052.000000  0.074004
2074.000000  0.065792
2087.000000  0.068740
2109.000000  0.086482
2140.000000  0.066048
2176.000000  0.078351
2218.000000  0.099571
2277.000000  0.101965
2318.000000  0.106200
2352.000000  0.102291
2395.000000  0.133949
2413.000000  0.145149
2443.000000  0.164086
2502.000000  0.164575
2554.000000  0.099687
2603.000000  0.113024
2610.000000  0.078427
2683.000000  0.120205
2738.000000  0.093094
2772.000000  0.078848
2800.000000  0.071438
2836.000000  0.080105
2856.000000  0.065442
2887.000000  0.081842
2939.000000  0.093088
2967.000000  0.068698
3016.000000  0.108435
3060.000000  0.229236
3089.000000  0.181709
3108.000000  0.161376
3118.000000  0.158935
3139.000000  0.161136
3161.000000  0.174930
3190.000000  0.103059
3213.000000  0.072857
3238.000000  0.094656
3271.000000  0.103839
3304.000000  0.099855
3351.000000  0.083653
3403.000000  0.198582
3437.000000  0.116663
3492.000000  0.116570
3520.000000  0.100293
3553.000000  0.096820
3607.000000  0.130601
3652.000000  0.114794
3680.000000  0.099469
3699.000000  0.064953
3724.000000  0.068043
3740.000000  0.062182
3750.000000  0.051649
3763.000000  0.061692
3775.000000  0.054746
3790.000000  0.084543
3802.000000  0.067302
3819.000000  0.091235
3839.000000  0.104139
3866.000000  0.086144
3866.000000  0.061489
3892.000000  0.089893
3914.000000  0.089399
3949.000000  0.097387
3971.000000  0.145231
3999.000000  0.079132
4032.000000  0.081341
4046.000000  0.126342
4070.000000  0.153506
4116.000000  0.091372
4160.000000  0.097652
4190.000000  0.103076
4230.000000  0.101980
4272.000000  0.112958
4317.000000  0.107632
4358.000000  0.112064
4396.000000  0.116864
4430.000000  0.200730
4472.000000  0.136537
4547.000000  0.168327
4595.000000  0.145799
4652.000000  0.174754
4702.000000  0.183116
4753.000000  0.167408
4801.000000  0.202600
4828.000000  0.178060
4877.000000  0.201452
4907.000000  0.179236
4937.000000  0.178165
4976.000000  0.171249
5000.000000  0.172865
5022.000000  0.106330
5064.000000  0.153953
5095.000000  0.166167
5135.000000  0.150688
5179.000000  0.178953
5200.000000  0.145343
5217.000000  0.152964
5236.000000  0.167241
5255.000000  0.160473
5272.000000  0.125775
5298.000000  0.190879
5336.000000  0.195774
5376.000000  0.250097
5404.000000  0.218937
5418.000000  0.080347
5435.000000  0.113815
5451.000000  0.087093
5478.000000  0.102387
5487.000000  0.067217
5530.000000  0.115283
5541.000000  0.074699
5591.000000  0.124276
5617.000000  0.087245
5676.000000  0.096436
5717.000000  0.100727
5740.000000  0.094146
5771.000000  0.098689
5802.000000  0.124285
5836.000000  0.116796
5868.000000  0.101937
5868.000000  0.066156
5898.000000  0.118074
5911.000000  0.114222
5935.000000  0.094887
5961.000000  0.117130
6006.000000  0.121916
6045.000000  0.134907
6078.000000  0.156199
6101.000000  0.132213
6124.000000  0.111262
6141.000000  0.131923
6163.000000  0.114874
6198.000000  0.153182
6224.000000  0.090874
6249.000000  0.085890
6281.000000  0.094218
6281.000000  0.064652
6301.000000  0.080195
6325.000000  0.136565
6337.000000  0.079865
6342.000000  0.068010
6380.000000  0.281506
6400.000000  0.212950
6431.000000  0.151278
6467.000000  0.238447
6496.000000  0.217226
6535.000000  0.234066
6575.000000  0.237221
6597.000000  0.255017
6628.000000  0.146565
6660.000000  0.102401
6695.000000  0.116217
6756.000000  0.126226
6785.000000  0.113063
6814.000000  0.121383
6850.000000  0.110137
6899.000000  0.136998
6926.000000  0.125499
6955.000000  0.085999
6989.000000  0.086945
7022.000000  0.089341
7041.000000  0.095051
7057.000000  0.074680
7093.000000  0.254913
7125.000000  0.190184
7156.000000  0.185848
7203.000000  0.184807
7258.000000  0.232847
7301.000000  0.258250
7377.000000  0.227420
7406.000000  0.157632
7453.000000  0.164727
7483.000000  0.164008
7517.000000  0.151184
7567.000000  0.188377
7625.000000  0.178759
7678.000000  0.206824
7722.000000  0.207982
7723.000000  0.078560
7748.000000  0.132660
7786.000000  0.123408
7844.000000  0.189507
7887.000000  0.124653
7934.000000  0.129554
7963.000000  0.113194
7992.000000  0.167424
8020.000000  0.127032
8039.000000  0.116660
8054.000000  0.172174
8071.000000  0.173001
8090.000000  0.147513
8111.000000  0.171895
8144.000000  0.140381
8166.000000  0.135831
8190.000000  0.122803
8211.000000  0.094920
8233.000000  0.095820
8257.000000  0.107640
8273.000000  0.247431
8292.000000  0.124506
8301.000000  0.105909
8306.000000  0.135349
8316.000000  0.216793
8338.000000  0.223903
8377.000000  0.165395
8408.000000  0.116664
8435.000000  0.101147
8453.000000  0.107310
8479.000000  0.103062
8509.000000  0.095783
8539.000000  0.120159
8560.000000  0.133486
8560.000000  0.077583
8571.000000  0.113223
8585.000000  0.121151
8597.000000  0.144020
8613.000000  0.129065
8629.000000  0.122533
8641.000000  0.108709
8658.000000  0.140080
8678.000000  0.112424
8690.000000  0.119482
8696.000000  0.104959
8711.000000  0.084417
8743.000000  0.095546
8765.000000  0.092680
8787.000000  0.109294
8805.000000  0.096901
8826.000000  0.095752
8851.000000  0.100696
8879.000000  0.112709
8897.000000  0.108983
8914.000000  0.110793
8922.000000  0.088055
8945.000000  0.097802
8995.000000  0.097397
9021.000000  0.092837
9042.000000  0.105418
9065.000000  0.106316
9092.000000  0.113217
9100.000000  0.091842
9109.000000  0.086674
9124.000000  0.094074
9156.000000  0.112830
9166.000000  0.085879
9178.000000  0.108451
9206.000000  0.100272
9253.000000  0.095866
9271.000000  0.091879
9298.000000  0.096534
9317.000000  0.106962
9352.000000  0.110328
9406.000000  0.128416
9442.000000  0.118480
9494.000000  0.127672
9506.000000  0.109675
9550.000000  0.134104
9558.000000  0.092580
9621.000000  0.115705
9675.000000  0.151368
9721.000000  0.106025
9770.000000  0.114989
9772.000000  0.095179
9806.000000  0.111502
9814.000000  0.094698
9838.000000  0.102969
9876.000000  0.098954
9912.000000  0.105787
9934.000000  0.103662
9966.000000  0.110718
9983.000000  0.104632
9990.000000  0.126335
10003.000000  0.100758
10016.000000  0.100382
10050.000000  0.102455
10060.000000  0.098215
10080.000000  0.117191
10113.000000  0.104495
10136.000000  0.099818
10156.000000  0.105725
10179.000000  0.101196
10202.000000  0.117559
10213.000000  0.125473
10216.000000  0.121540
10230.000000  0.097618
10239.000000  0.088587
10251.000000  0.089323
10256.000000  0.093575
10280.000000  0.097467
10301.000000  0.109629
10318.000000  0.102180
10335.000000  0.096488
10354.000000  0.114755
10373.000000  0.108634
10381.000000  0.096491
