269.000000  76.227486
327.000000  79.188805
359.000000  65.444389
392.000000  61.958015
419.000000  66.397034
473.000000  77.848778
473.000000  0.457040
534.000000  74.627937
585.000000  76.612885
632.000000  80.085152
704.000000  78.809891
763.000000  76.957283
830.000000  79.415405
830.000000  0.306059
886.000000  75.054443
934.000000  75.397339
972.000000  72.282639
1015.000000  76.146385
1048.000000  60.096050
1121.000000  74.975067
1166.000000  67.650948
1220.000000  65.262711
1251.000000  54.544838
1268.000000  57.743198
1321.000000  69.855591
1377.000000  71.568375
1413.000000  65.889206
1436.000000  56.747372
1470.000000  61.043800
1498.000000  62.371098
1522.000000  60.281372
1553.000000  61.288578
1584.000000  68.709145
1647.000000  70.276260
1674.000000  66.221077
1703.000000  59.421200
1730.000000  62.725510
1747.000000  53.800987
1788.000000  66.194923
1824.000000  62.551510
1882.000000  64.853149
1918.000000  63.674461
1918.000000  0.325381
1957.000000  59.745781
1982.000000  45.514984
1992.000000  48.727787
2014.000000  52.036076
2052.000000  53.612198
2074.000000  49.101276
2087.000000  40.780792
2109.000000  43.033138
2140.000000  43.052948
2176.000000  35.170120
2218.000000  37.975094
2277.000000  39.123886
2318.000000  37.724968
2352.000000  27.986902
2395.000000  30.604204
2413.000000  18.359631
2443.000000  29.196327
2502.000000  34.509476
2554.000000  48.089516
2603.000000  44.264179
2610.000000  16.530718
2683.000000  46.699821
2738.000000  51.209927
2772.000000  43.839397
2800.000000  27.850729
2836.000000  35.298126
2856.000000  32.866516
2887.000000  35.188671
2939.000000  54.064716
2967.000000  40.301388
3016.000000  33.719265
3060.000000  13.735579
3089.000000  22.485706
3108.000000  22.119570
3118.000000  16.831436
3139.000000  21.551674
3161.000000  22.929882
3190.000000  50.760712
3213.000000  43.193100
3238.000000  53.270878
3271.000000  43.501083
3304.000000  43.585155
3351.000000  36.924290
3403.000000  27.450817
3437.000000  33.280434
3492.000000  43.028011
3520.000000  30.362103
3553.000000  51.988911
3607.000000  46.942566
3652.000000  52.688545
3680.000000  46.835037
3699.000000  34.840389
3724.000000  37.762268
3740.000000  21.767830
3750.000000  19.511549
3763.000000  28.595903
3775.000000  20.769684
3790.000000  29.989994
3802.000000  27.646143
3819.000000  30.053297
3839.000000  28.819176
3866.000000  31.653463
3866.000000  0.084805
3892.000000  33.795910
3914.000000  25.655663
3949.000000  29.290306
3971.000000  13.902580
3999.000000  34.263622
4032.000000  34.291546
4046.000000  15.095985
4070.000000  27.068727
4116.000000  45.876724
4160.000000  41.911907
4190.000000  47.216980
4230.000000  49.460064
4272.000000  54.898136
4317.000000  53.168903
4358.000000  53.013058
4396.000000  52.145458
4430.000000  26.404766
4472.000000  57.698036
4547.000000  66.478905
4595.000000  61.621876
4652.000000  68.635010
4702.000000  65.772507
4753.000000  65.297508
4801.000000  69.939323
4828.000000  68.314697
4877.000000  71.399239
4907.000000  68.245819
4937.000000  66.575241
4976.000000  67.141685
5000.000000  63.788998
5022.000000  49.562366
5064.000000  62.656342
5095.000000  62.904514
5135.000000  60.077183
5179.000000  65.065018
5200.000000  61.188232
5217.000000  61.904968
5236.000000  64.950317
5255.000000  63.363792
5272.000000  54.646545
5298.000000  69.031700
5336.000000  69.321526
5376.000000  73.962990
5404.000000  72.223061
5418.000000  32.720642
5435.000000  48.050289
5451.000000  35.904129
5478.000000  40.590122
5487.000000  8.563679
5530.000000  50.245155
5541.000000  14.891961
5591.000000  53.129173
5617.000000  33.086571
5676.000000  38.123928
5717.000000  43.047779
5740.000000  38.325462
5771.000000  41.738361
5802.000000  51.520874
5836.000000  47.626980
5868.000000  42.647903
5868.000000  0.167295
5898.000000  48.734955
5911.000000  47.165764
5935.000000  38.582932
5961.000000  48.384350
6006.000000  51.602905
6045.000000  54.625618
6078.000000  55.171818
6101.000000  52.780331
6124.000000  44.615982
6141.000000  53.012390
6163.000000  40.912895
6198.000000  58.972462
6224.000000  24.344860
6249.000000  25.749249
6281.000000  33.175770
6281.000000  0.093338
6301.000000  22.222588
6325.000000  50.322247
6337.000000  13.990900
6342.000000  6.424486
6380.000000  75.642990
6400.000000  68.867615
6431.000000  55.094368
6467.000000  66.784233
6496.000000  65.125580
6535.000000  70.751152
6575.000000  72.344490
6597.000000  73.003090
6628.000000  23.057417
6660.000000  31.628782
6695.000000  44.811268
6756.000000  43.742588
6785.000000  41.734352
6814.000000  39.837681
6850.000000  38.967854
6899.000000  48.094250
6926.000000  45.380642
6955.000000  23.738716
6989.000000  22.799641
7022.000000  25.744360
7041.000000  15.461675
7057.000000  10.411354
7093.000000  72.029381
7125.000000  63.165672
7156.000000  63.651688
7203.000000  60.553638
7258.000000  68.729416
7301.000000  71.566872
7377.000000  67.703163
7406.000000  53.241997
7453.000000  56.455238
7483.000000  50.286301
7517.000000  53.682224
7567.000000  57.418877
7625.000000  57.832794
7678.000000  62.528061
7722.000000  60.507149
7723.000000  5.757101
7748.000000  32.569332
7786.000000  41.150841
7844.000000  59.752525
7887.000000  34.712711
7934.000000  40.922264
7963.000000  34.875835
7992.000000  53.683334
8020.000000  36.018753
8039.000000  35.272652
8054.000000  48.029907
8071.000000  53.882832
8090.000000  47.426182
8111.000000  55.371113
8144.000000  46.046707
8166.000000  29.982740
8190.000000  36.343925
8211.000000  19.819931
8233.000000  22.097513
8257.000000  30.732233
8273.000000  67.832413
8292.000000  38.684967
8301.000000  29.176998
8306.000000  43.658035
8316.000000  57.883419
8338.000000  63.943924
8377.000000  54.235695
8408.000000  36.051300
8435.000000  26.071161
8453.000000  26.350271
8479.000000  25.720310
8509.000000  22.761377
8539.000000  37.809734
8560.000000  36.794346
8560.000000  0.147680
8571.000000  33.628700
8585.000000  36.213936
8597.000000  37.209110
8613.000000  41.224255
8629.000000  37.827919
8641.000000  28.050903
8658.000000  42.563950
8678.000000  22.359898
8690.000000  36.712326
8696.000000  5.164770
8711.000000  8.450671
8743.000000  16.855169
8765.000000  16.370436
8787.000000  14.254753
8805.000000  15.007392
8826.000000  17.562643
8851.000000  19.186613
8879.000000  19.955402
8897.000000  27.084833
8914.000000  28.883686
8922.000000  7.244517
8945.000000  13.922012
8995.000000  19.712233
9021.000000  16.102707
9042.000000  15.787660
9065.000000  16.798960
9092.000000  27.856524
9100.000000  13.277131
9109.000000  9.158625
9124.000000  13.390046
9156.000000  23.390911
9166.000000  7.976677
9178.000000  6.356856
9206.000000  18.571609
9253.000000  16.332510
9271.000000  12.564804
9298.000000  17.158123
9317.000000  16.719706
9352.000000  27.075438
9406.000000  33.672581
9442.000000  30.044758
9494.000000  29.755238
9506.000000  26.817175
9550.000000  22.148794
9558.000000  8.712068
9621.000000  27.435259
9675.000000  33.370148
9721.000000  22.969618
9770.000000  27.728552
9772.000000  5.055470
9806.000000  25.071175
9814.000000  12.149629
9838.000000  4.427094
9876.000000  13.712521
9912.000000  19.984648
9934.000000  18.001812
9966.000000  16.235382
9983.000000  17.404949
9990.000000  7.694118
10003.000000  13.111690
10016.000000  13.354935
10050.000000  15.688803
10060.000000  7.852194
10080.000000  22.073538
10113.000000  17.129745
10136.000000  14.795327
10156.000000  14.497071
10179.000000  15.247743
10202.000000  18.175060
10213.000000  28.723490
10216.000000  29.142931
10230.000000  9.144200
10239.000000  4.822393
10251.000000  4.667178
10256.000000  10.352715
10280.000000  11.201107
10301.000000  11.799756
10318.000000  15.036115
10335.000000  10.552044
10354.000000  17.705858
10373.000000  10.739614
10381.000000  10.144418
