995.000000  75.864830
1194.000000  81.770332
1415.000000  80.270935
1651.000000  81.386101
1857.000000  78.026726
2080.000000  83.520729
2353.000000  81.905235
2647.000000  83.663094
2930.000000  78.242142
3001.000000  75.643524
3307.000000  82.013084
3572.000000  82.168953
3661.000000  75.023064
3969.000000  81.301910
4274.000000  76.758896
4518.000000  76.160759
4805.000000  77.754898
4889.000000  72.180740
5180.000000  75.253204
5258.000000  72.921188
5465.000000  71.038422
5662.000000  70.423157
5859.000000  69.485283
6084.000000  69.566574
6288.000000  75.898972
6507.000000  72.336983
6676.000000  70.129776
6847.000000  66.530136
7006.000000  68.936852
7138.000000  66.465958
7211.000000  44.471279
7335.000000  54.811813
7487.000000  56.770176
7659.000000  55.722160
7818.000000  57.234280
8008.000000  63.060249
8219.000000  63.668419
8478.000000  64.758614
8762.000000  67.186562
8827.000000  55.732815
9024.000000  57.749523
9216.000000  60.670151
9414.000000  56.734722
9466.000000  51.483936
9596.000000  53.077271
9681.000000  51.810898
9881.000000  56.709938
10050.000000  54.733570
10192.000000  53.854656
10318.000000  52.184265
10465.000000  56.836639
10534.000000  47.594242
10556.000000  37.512199
10610.000000  51.309292
10633.000000  51.078461
10684.000000  22.155823
10741.000000  30.772066
10797.000000  26.653788
10866.000000  28.615513
10952.000000  35.650021
11048.000000  34.525505
11140.000000  32.380558
11243.000000  28.931067
11346.000000  36.257832
11486.000000  39.075729
11580.000000  41.293671
11743.000000  48.208580
11859.000000  47.249973
11978.000000  46.293514
12103.000000  45.155293
12170.000000  46.769249
12302.000000  46.349030
12495.000000  45.274429
12589.000000  39.309715
12778.000000  50.262840
12931.000000  44.056656
13093.000000  45.889763
13297.000000  53.549236
13401.000000  53.555393
13537.000000  48.325493
13731.000000  52.769268
13902.000000  53.606064
14104.000000  54.193932
14297.000000  50.102669
14465.000000  53.494484
14614.000000  56.860359
14797.000000  59.593815
14941.000000  57.694225
15115.000000  57.274395
15303.000000  57.753963
15486.000000  59.114731
15681.000000  61.811913
15798.000000  58.282810
15889.000000  54.524643
15989.000000  54.946835
16093.000000  58.110310
16396.000000  62.553577
16708.000000  66.972122
16988.000000  63.883995
17244.000000  66.709869
17480.000000  63.116562
17653.000000  62.154377
17820.000000  59.864147
17972.000000  58.053703
18168.000000  57.408947
18356.000000  54.613487
18529.000000  52.009232
18661.000000  51.486580
18778.000000  46.441948
18934.000000  48.627773
19049.000000  50.998055
19108.000000  44.031948
19156.000000  34.841637
19235.000000  46.678005
19342.000000  52.471180
19427.000000  49.311222
19523.000000  52.224606
19673.000000  58.124767
19773.000000  52.708214
19909.000000  49.615398
20061.000000  58.051563
20241.000000  54.582905
20477.000000  50.521637
20649.000000  51.652431
20807.000000  47.430008
20897.000000  40.875813
21084.000000  43.556030
21298.000000  54.581432
21572.000000  63.672020
21783.000000  71.488327
21903.000000  72.564545
22014.000000  54.784645
22107.000000  59.093796
22167.000000  17.482025
22258.000000  21.699799
22360.000000  26.171547
22491.000000  64.430222
22650.000000  67.492149
22895.000000  69.804695
23071.000000  70.344894
23267.000000  74.826096
23518.000000  73.701546
23682.000000  74.527695
23884.000000  67.887466
24062.000000  69.602150
24228.000000  68.557510
24388.000000  49.084061
24568.000000  56.327122
24707.000000  57.150673
24846.000000  59.979557
25002.000000  46.874256
25103.000000  43.465778
25278.000000  62.125778
25487.000000  68.777016
25626.000000  33.266838
25732.000000  27.186029
25799.000000  21.284981
25908.000000  18.691135
26017.000000  21.824100
26164.000000  22.082380
26279.000000  22.378284
26391.000000  21.369240
26467.000000  17.853556
26576.000000  49.132835
26675.000000  49.023266
26764.000000  60.760094
26877.000000  51.851143
27044.000000  52.144020
27266.000000  51.561691
27401.000000  47.804958
27580.000000  36.928223
27756.000000  38.928314
27870.000000  43.162884
27906.000000  35.994514
27981.000000  38.668827
28141.000000  48.706345
28326.000000  51.136642
28525.000000  57.561321
28676.000000  62.441612
28841.000000  59.889515
28952.000000  63.796692
29065.000000  61.296875
29171.000000  76.390144
29233.000000  32.355099
29266.000000  30.244848
29387.000000  25.966253
29494.000000  19.216745
29591.000000  19.016426
29700.000000  17.149868
29856.000000  31.314489
30004.000000  33.398361
30178.000000  44.455048
30392.000000  54.004860
30589.000000  49.447842
30761.000000  52.020294
31006.000000  54.753208
31245.000000  58.374233
31530.000000  52.477299
31796.000000  59.893970
32102.000000  57.444798
32390.000000  51.553814
32644.000000  41.960155
32738.000000  29.212486
32834.000000  29.194883
33000.000000  38.521709
33088.000000  37.673042
33253.000000  45.544418
33370.000000  50.862206
33482.000000  60.166710
33611.000000  37.804234
33760.000000  36.733925
33913.000000  37.516994
34048.000000  35.513992
34119.000000  20.569511
34210.000000  25.953697
34265.000000  9.909986
34413.000000  14.382203
34483.000000  8.770991
34569.000000  12.254557
34655.000000  15.684271
34763.000000  18.524570
34961.000000  29.053041
35219.000000  34.342155
35372.000000  28.691954
35527.000000  27.641037
35643.000000  26.393864
35725.000000  13.107106
35798.000000  19.579237
35844.000000  18.691631
35922.000000  25.564552
36050.000000  26.090416
36124.000000  17.743284
36240.000000  12.402413
36333.000000  17.037066
36340.000000  6.385362
36348.000000  2.384386
36419.000000  6.228333
36534.000000  14.371247
36595.000000  9.040126
36697.000000  17.166052
36875.000000  22.680157
37039.000000  24.824194
37147.000000  18.168423
37265.000000  14.272669
37389.000000  14.457149
37532.000000  21.577879
37660.000000  20.120434
37795.000000  15.502641
38012.000000  21.294516
38131.000000  18.112793
38260.000000  24.803513
38301.000000  19.059299
38342.000000  10.650563
38355.000000  2.811848
38389.000000  2.002476
38483.000000  15.005328
38593.000000  14.594735
38709.000000  14.465664
38766.000000  13.953982
38788.000000  8.612249
38824.000000  4.120606
38848.000000  2.738396
38867.000000  5.975023
38951.000000  13.043684
39031.000000  8.907765
39091.000000  29.578962
39172.000000  36.688457
39220.000000  35.264275
39264.000000  38.292442
39322.000000  44.377811
39347.000000  10.657397
39371.000000  9.169300
39407.000000  11.750124
39475.000000  10.603914
39670.000000  36.137371
39833.000000  35.193611
39964.000000  26.222252
40064.000000  31.037378
40173.000000  22.017586
40256.000000  17.922918
40284.000000  11.509981
40335.000000  24.429192
40375.000000  18.744993
40394.000000  14.660366
40415.000000  5.329671
40496.000000  7.845779
40570.000000  14.948050
40660.000000  12.418527
40699.000000  13.519231
40796.000000  11.983089
40820.000000  5.969192
40821.000000  0.665288
40821.000000  0.011205
