2285.000000  70.799561
2828.000000  77.147827
3317.000000  63.887852
3671.000000  73.884621
4499.000000  78.313736
5397.000000  79.221626
6552.000000  81.388710
7349.000000  76.472679
7718.000000  74.617897
8598.000000  76.495285
9432.000000  76.625893
10150.000000  75.015205
10876.000000  75.053398
11557.000000  66.717873
12201.000000  71.293320
12932.000000  69.351807
13567.000000  66.963272
14038.000000  68.409950
14749.000000  66.468307
15533.000000  69.888481
16165.000000  66.960777
16955.000000  67.842140
17731.000000  64.145706
18526.000000  65.203117
19378.000000  67.686249
19970.000000  63.970734
20269.000000  52.962624
20656.000000  50.719131
21116.000000  53.314899
21533.000000  49.871067
22018.000000  50.762135
22532.000000  51.425560
23144.000000  52.095192
23717.000000  55.682312
24267.000000  58.571762
24817.000000  62.033386
25200.000000  50.174286
25729.000000  55.751755
25956.000000  56.986885
26283.000000  63.275318
26563.000000  30.386145
27044.000000  58.390026
27653.000000  61.890846
28080.000000  27.254911
28576.000000  29.102425
29069.000000  21.218136
29513.000000  19.831467
30005.000000  17.475861
30456.000000  22.925598
30863.000000  23.027369
31283.000000  27.584120
31467.000000  19.473127
31810.000000  11.028721
32207.000000  18.414598
32769.000000  32.340343
33595.000000  34.170570
34320.000000  28.217646
34880.000000  19.911598
35328.000000  30.174637
35560.000000  38.141144
36137.000000  42.911625
36505.000000  36.953571
36865.000000  26.118675
37155.000000  19.531521
37401.000000  29.092798
37719.000000  32.681374
37934.000000  39.339939
38207.000000  36.606045
38347.000000  29.809517
38602.000000  34.914856
38880.000000  35.494675
39414.000000  43.206829
39942.000000  37.890144
40588.000000  56.273781
40927.000000  42.226261
41218.000000  38.841076
41521.000000  34.039558
42013.000000  28.892685
42572.000000  33.920185
43058.000000  51.794434
43362.000000  47.337002
43724.000000  51.567196
44137.000000  49.497929
44518.000000  53.897522
44863.000000  47.791569
45274.000000  50.489555
45542.000000  36.183887
45871.000000  51.918442
46463.000000  51.853306
47179.000000  54.276699
47755.000000  49.213932
48368.000000  44.736488
48856.000000  59.386295
49422.000000  59.784031
49801.000000  56.748993
50333.000000  65.049217
50784.000000  57.256050
51458.000000  54.560574
51969.000000  45.369785
52683.000000  57.791988
53098.000000  52.613800
53728.000000  55.088467
54417.000000  37.331341
55121.000000  54.952885
55801.000000  56.485771
56370.000000  53.212009
56783.000000  44.243832
57306.000000  49.013294
57951.000000  58.368336
58417.000000  64.353096
58741.000000  53.011047
59010.000000  60.592461
59228.000000  26.882822
59460.000000  21.700325
59577.000000  42.895252
60019.000000  49.996151
60524.000000  49.684448
60969.000000  48.154945
61116.000000  49.539639
61335.000000  39.537617
61513.000000  28.170616
61857.000000  63.136681
62121.000000  14.526743
62528.000000  20.070635
62870.000000  21.784605
63164.000000  36.028942
63691.000000  48.045834
64460.000000  51.159275
65092.000000  55.828392
65613.000000  59.439648
66272.000000  59.940147
67067.000000  69.655090
68012.000000  38.377724
68629.000000  39.485180
69196.000000  37.397297
69696.000000  34.925381
69900.000000  66.026535
70213.000000  66.063972
70641.000000  67.085381
70956.000000  19.629837
71146.000000  13.863447
71368.000000  13.431332
71649.000000  20.727543
71914.000000  16.462919
72154.000000  16.410603
72271.000000  13.739058
72537.000000  17.614557
72730.000000  10.227383
73090.000000  16.687853
73310.000000  20.311848
73538.000000  20.007851
73765.000000  22.163656
74167.000000  21.818029
74718.000000  23.770607
75245.000000  22.920748
75385.000000  15.267343
75524.000000  46.767529
75579.000000  38.749435
75841.000000  19.434193
76396.000000  42.772511
76768.000000  18.901184
76941.000000  11.051570
77171.000000  14.987174
77390.000000  14.665630
77634.000000  12.909183
77945.000000  22.421371
78394.000000  26.024529
78822.000000  25.729874
79170.000000  17.397921
79315.000000  12.479327
79609.000000  20.794239
80024.000000  22.718674
80252.000000  19.657400
80679.000000  20.245371
80999.000000  16.535858
81262.000000  16.186598
81512.000000  16.161472
81852.000000  19.667601
81955.000000  24.674900
82119.000000  30.523624
82210.000000  29.977539
82307.000000  37.365837
82390.000000  36.605583
82904.000000  52.685322
83167.000000  13.120313
83564.000000  10.672973
83675.000000  5.339053
83842.000000  4.603853
83842.000000  9.465553
84081.000000  18.033453
84337.000000  23.487040
84796.000000  29.043573
85510.000000  35.839859
85973.000000  31.288225
86432.000000  21.761766
86828.000000  29.553062
87229.000000  28.450075
87721.000000  32.542530
88313.000000  35.334824
88715.000000  36.833797
89295.000000  38.845798
90126.000000  39.081375
90749.000000  42.777573
91153.000000  38.971996
91274.000000  18.844240
91396.000000  21.751875
91484.000000  43.173019
