2285.000000  0.347207
2828.000000  0.303978
3317.000000  0.180337
3671.000000  0.274199
4499.000000  0.372644
5397.000000  0.491297
6552.000000  0.590195
7349.000000  0.478327
7718.000000  0.457363
8598.000000  0.512421
9432.000000  0.562796
10150.000000  0.546974
10876.000000  0.530334
11557.000000  0.381777
12201.000000  0.457644
12932.000000  0.440100
13567.000000  0.425214
14038.000000  0.426577
14749.000000  0.401719
15533.000000  0.533004
16165.000000  0.459012
16955.000000  0.475612
17731.000000  0.426195
18526.000000  0.494253
19378.000000  0.525945
19970.000000  0.476139
20269.000000  0.288312
20656.000000  0.272318
21116.000000  0.305628
21533.000000  0.263645
22018.000000  0.280375
22532.000000  0.297522
23144.000000  0.324867
23717.000000  0.362429
24267.000000  0.434233
24817.000000  0.496483
25200.000000  0.330289
25729.000000  0.399530
25956.000000  0.448875
26283.000000  0.580395
26563.000000  0.152888
27044.000000  0.477601
27653.000000  0.561582
28080.000000  0.474589
28576.000000  0.455511
29069.000000  0.358266
29513.000000  0.254850
30005.000000  0.257781
30456.000000  0.281276
30863.000000  0.259556
31283.000000  0.350279
31467.000000  0.212192
31810.000000  0.107312
32207.000000  0.197505
32769.000000  0.351129
33595.000000  0.536649
34320.000000  0.481740
34880.000000  0.353314
35328.000000  0.366152
35560.000000  0.390298
36137.000000  0.521419
36505.000000  0.350285
36865.000000  0.231181
37155.000000  0.168076
37401.000000  0.217752
37719.000000  0.228307
37934.000000  0.278030
38207.000000  0.269980
38347.000000  0.186961
38602.000000  0.243253
38880.000000  0.265943
39414.000000  0.356150
39942.000000  0.274857
40588.000000  0.582723
40927.000000  0.333762
41218.000000  0.294508
41521.000000  0.250419
42013.000000  0.186195
42572.000000  0.241656
43058.000000  0.575157
43362.000000  0.446806
43724.000000  0.540736
44137.000000  0.541444
44518.000000  0.580082
44863.000000  0.453971
45274.000000  0.530770
45542.000000  0.299635
45871.000000  0.557473
46463.000000  0.583983
47179.000000  0.608939
47755.000000  0.535724
48368.000000  0.439872
48856.000000  0.771736
49422.000000  0.853071
49801.000000  0.745239
50333.000000  1.074616
50784.000000  0.757908
51458.000000  0.660774
51969.000000  0.478288
52683.000000  0.870587
53098.000000  0.651467
53728.000000  0.734770
54417.000000  0.353986
55121.000000  0.751126
55801.000000  0.798162
56370.000000  0.705142
56783.000000  0.492054
57306.000000  0.628631
57951.000000  0.924468
58417.000000  1.175262
58741.000000  0.736788
59010.000000  0.961909
59228.000000  0.224613
59460.000000  0.169115
59577.000000  0.486679
60019.000000  0.656850
60524.000000  0.656604
60969.000000  0.639077
61116.000000  0.683448
61335.000000  0.449572
61513.000000  0.246968
61857.000000  1.207228
62121.000000  0.109140
62528.000000  0.166695
62870.000000  0.184258
63164.000000  0.375532
63691.000000  0.650444
64460.000000  0.738660
65092.000000  0.861729
65613.000000  0.991178
66272.000000  1.067537
67067.000000  1.768456
68012.000000  0.436977
68629.000000  0.475850
69196.000000  0.414845
69696.000000  0.388152
69900.000000  1.475452
70213.000000  1.572803
70641.000000  1.560033
70956.000000  0.182710
71146.000000  0.116810
71368.000000  0.113230
71649.000000  0.194005
71914.000000  0.158754
72154.000000  0.142536
72271.000000  0.115194
72537.000000  0.156039
72730.000000  0.085779
73090.000000  0.149785
73310.000000  0.190927
73538.000000  0.189820
73765.000000  0.213610
74167.000000  0.216259
74718.000000  0.257597
75245.000000  0.234952
75385.000000  0.140646
75524.000000  0.703503
75579.000000  0.499802
75841.000000  0.188009
76396.000000  0.581492
76768.000000  0.192815
76941.000000  0.097856
77171.000000  0.135870
77390.000000  0.135874
77634.000000  0.113504
77945.000000  0.235909
78394.000000  0.272505
78822.000000  0.280369
79170.000000  0.167686
79315.000000  0.116077
79609.000000  0.208450
80024.000000  0.241325
80252.000000  0.199602
80679.000000  0.206750
80999.000000  0.166679
81262.000000  0.161472
81512.000000  0.163617
81852.000000  0.208151
81955.000000  0.271591
82119.000000  0.367978
82210.000000  0.353225
82307.000000  0.494989
82390.000000  0.480471
82904.000000  0.966725
83167.000000  0.127760
83564.000000  0.097788
83675.000000  0.046973
83842.000000  0.040734
83842.000000  0.095484
84081.000000  0.210639
84337.000000  0.271475
84796.000000  0.361822
85510.000000  0.479806
85973.000000  0.398278
86432.000000  0.239516
86828.000000  0.373580
87229.000000  0.347662
87721.000000  0.434375
88313.000000  0.522558
88715.000000  0.515843
89295.000000  0.594517
90126.000000  0.587509
90749.000000  0.672076
91153.000000  0.618814
91274.000000  0.213824
91396.000000  0.264469
91484.000000  0.689572
