2285.000000  0.346041
2886.000000  -0.037962
3522.000000  -0.031142
4230.000000  0.079476
4933.000000  0.080512
5512.000000  -0.016801
6177.000000  0.044209
6939.000000  0.030591
7650.000000  0.011883
8350.000000  -0.078112
9084.000000  0.079056
9940.000000  0.068364
10805.000000  0.019934
11501.000000  -0.039074
12292.000000  -0.071162
12806.000000  -0.025023
13202.000000  -0.087487
13654.000000  -0.001916
14198.000000  0.086655
14868.000000  0.103468
15514.000000  0.025566
16273.000000  -0.032731
16619.000000  -0.217931
16824.000000  -0.107499
17321.000000  0.133822
17826.000000  -0.040333
18518.000000  0.143148
19041.000000  0.012951
19633.000000  0.020012
20216.000000  -0.009848
20578.000000  -0.265699
20793.000000  0.031964
21182.000000  0.018184
21564.000000  0.033851
22050.000000  0.082489
22467.000000  -0.041240
22916.000000  -0.039696
23360.000000  -0.024456
23865.000000  0.040026
24267.000000  0.018626
24650.000000  0.007172
25232.000000  0.069265
25549.000000  -0.062675
25903.000000  0.045855
26367.000000  0.030132
26869.000000  0.123032
27311.000000  0.107281
27604.000000  -0.064220
27928.000000  -0.072371
28210.000000  -0.311023
28426.000000  -0.012107
28502.000000  -0.066512
28689.000000  0.226323
29039.000000  0.016434
29539.000000  0.062291
30021.000000  -0.146091
30424.000000  -0.093492
30756.000000  0.131630
31018.000000  0.020998
31213.000000  -0.101913
31460.000000  -0.082361
31673.000000  0.009130
31917.000000  0.017530
32259.000000  0.093151
32721.000000  0.034004
33042.000000  0.011559
33320.000000  0.042874
33576.000000  -0.041692
34070.000000  0.057796
34452.000000  0.007729
34915.000000  0.122284
35255.000000  -0.112780
35727.000000  0.098482
36244.000000  0.035411
36739.000000  0.054865
37229.000000  -0.283021
37679.000000  -0.000080
38197.000000  0.013639
38754.000000  -0.001655
39197.000000  0.006354
39661.000000  0.099482
40008.000000  0.034541
40397.000000  -0.038716
40799.000000  -0.058382
41180.000000  0.055612
41785.000000  0.160584
42144.000000  0.055056
42893.000000  -0.218728
43304.000000  0.200175
43813.000000  -0.013665
44249.000000  0.238003
44615.000000  0.013856
44846.000000  -0.098850
44984.000000  0.001660
45057.000000  0.115388
45127.000000  -0.680506
45374.000000  -0.101387
45778.000000  0.445321
46318.000000  0.085114
47090.000000  0.072051
47657.000000  -0.076260
47971.000000  0.073926
48055.000000  -0.263977
48206.000000  0.051583
48457.000000  0.124471
48917.000000  0.002876
49486.000000  0.096731
49917.000000  -0.037670
50372.000000  -0.227332
50943.000000  0.017396
51686.000000  -0.093134
52088.000000  -0.039094
52506.000000  0.049415
52867.000000  0.054453
53380.000000  0.046778
53694.000000  0.505957
54013.000000  -0.004276
54309.000000  -0.788639
54478.000000  -0.057393
54515.000000  -0.088470
54829.000000  0.646896
55315.000000  0.160947
55799.000000  0.192799
56328.000000  0.065331
56785.000000  -0.120220
57085.000000  -0.537252
57365.000000  -0.020866
57920.000000  0.063684
58700.000000  0.029571
59237.000000  0.033495
59559.000000  -0.036065
60172.000000  0.041964
60632.000000  0.235238
60975.000000  0.330136
61349.000000  -0.318294
61879.000000  0.007180
62432.000000  0.319451
63137.000000  0.104390
63761.000000  0.731044
64362.000000  -1.470534
64881.000000  0.050073
65354.000000  -0.139753
65774.000000  -0.078213
66236.000000  0.110534
66580.000000  0.084196
66951.000000  0.137056
67312.000000  -0.250148
67592.000000  -0.029753
67739.000000  -0.179386
68330.000000  0.439771
68723.000000  -0.371622
69116.000000  -0.083012
69532.000000  0.135340
70075.000000  0.019134
70725.000000  0.081447
71286.000000  0.012788
71711.000000  0.133239
72035.000000  -0.137017
72529.000000  0.155241
73039.000000  -0.132012
73489.000000  0.255160
73922.000000  0.037603
74064.000000  -0.430049
74193.000000  0.016534
74340.000000  -0.005845
74706.000000  0.212804
75233.000000  0.122602
75730.000000  -0.129804
76213.000000  -0.027787
76518.000000  0.123855
76927.000000  -0.386635
77344.000000  0.103972
77809.000000  0.092430
78378.000000  0.093065
79007.000000  0.100589
79412.000000  0.006323
79807.000000  0.110938
80069.000000  -0.130075
80330.000000  -0.017617
80822.000000  0.208414
81284.000000  -0.433082
81502.000000  -0.273978
81679.000000  0.121230
81801.000000  0.343062
81934.000000  -0.085488
82110.000000  0.070957
82450.000000  -0.065401
82918.000000  0.540019
83392.000000  -0.260189
83634.000000  -0.468265
83916.000000  -0.152625
84228.000000  0.004096
84379.000000  -0.015424
84534.000000  0.126394
84735.000000  0.263311
84907.000000  -0.260305
85206.000000  -0.080073
85477.000000  0.008885
85787.000000  0.024405
86060.000000  -0.104963
86245.000000  -0.035273
86351.000000  -0.020826
86496.000000  0.021338
86581.000000  0.009594
86675.000000  0.006960
86755.000000  -0.012045
86782.000000  -0.059703
86786.000000  -0.030893
86861.000000  0.077167
86907.000000  0.058854
87039.000000  -0.083694
87108.000000  -0.021501
87108.000000  -0.035590
87183.000000  0.478801
87237.000000  0.052159
87262.000000  -0.160164
87470.000000  -0.322336
87763.000000  0.064369
88185.000000  0.006543
88362.000000  -0.049325
88708.000000  0.072847
89048.000000  0.034111
89167.000000  -0.062182
89272.000000  -0.023992
89309.000000  -0.019340
89343.000000  -0.032469
89596.000000  0.054738
89744.000000  0.005934
89881.000000  -0.009175
90061.000000  -0.000870
90164.000000  0.000068
90268.000000  -0.027156
90360.000000  0.032134
90437.000000  0.003700
90578.000000  -0.050141
90844.000000  0.032671
91043.000000  0.021086
91274.000000  0.025148
91475.000000  -0.010420
91499.000000  -0.032069
91501.000000  -0.003039
