4067.000000  86.691643
4735.000000  90.068680
5508.000000  89.996521
6415.000000  89.900658
7155.000000  89.786453
8217.000000  88.546539
9340.000000  88.847801
10473.000000  88.869324
11864.000000  88.997322
13229.000000  89.816109
14141.000000  88.872581
15577.000000  88.445908
16641.000000  89.038864
18324.000000  89.806694
19498.000000  90.359550
20851.000000  90.277214
22880.000000  89.466438
24368.000000  89.603058
26486.000000  89.160637
28673.000000  89.268425
30839.000000  88.439888
34357.000000  88.740807
37625.000000  88.548607
39816.000000  88.745705
40785.000000  88.860588
41745.000000  88.867691
43048.000000  88.450424
44016.000000  89.049644
45518.000000  88.294365
46918.000000  89.147064
47735.000000  88.827278
49580.000000  88.299492
51499.000000  88.421860
53792.000000  87.859383
56829.000000  88.032516
59572.000000  87.960464
62237.000000  87.936516
65405.000000  87.621498
69363.000000  87.006241
72906.000000  86.959450
76688.000000  86.681351
80354.000000  86.701195
83825.000000  87.235184
86212.000000  87.195503
87619.000000  86.842926
89658.000000  86.862267
91434.000000  87.126099
93503.000000  87.751541
94824.000000  88.252289
95216.000000  88.232170
97103.000000  88.755325
98179.000000  88.198181
99926.000000  89.245293
100963.000000  89.319778
102584.000000  89.249252
103845.000000  89.797440
105707.000000  89.474365
106620.000000  90.054489
107434.000000  89.677284
108449.000000  89.692833
109549.000000  90.116188
110552.000000  90.129578
112180.000000  90.312782
112800.000000  90.568481
114650.000000  90.288902
115795.000000  90.894707
116016.000000  90.975365
118262.000000  90.587608
119394.000000  90.645676
120299.000000  90.785667
121488.000000  90.891457
123016.000000  90.922134
123883.000000  90.938858
124552.000000  91.169594
125300.000000  91.226891
126360.000000  91.099983
127223.000000  91.258553
128327.000000  91.469482
129176.000000  91.374222
130967.000000  90.607605
132702.000000  90.904945
134044.000000  91.090576
135197.000000  91.099808
136233.000000  91.060165
137810.000000  90.507538
139594.000000  90.942001
141138.000000  91.145676
142049.000000  90.862854
143214.000000  91.302452
144234.000000  91.324547
145209.000000  91.443741
145920.000000  91.372108
146309.000000  91.738350
146901.000000  91.890556
147761.000000  92.090179
148681.000000  91.872948
151137.000000  91.823730
154112.000000  91.734467
154833.000000  91.609749
156974.000000  91.534409
158865.000000  92.100914
159340.000000  91.986488
160040.000000  92.387360
160072.000000  92.052727
160120.000000  92.508614
160191.000000  92.592812
160525.000000  92.593552
160531.000000  92.632896
