2285.000000  0.563324
2853.000000  -0.064605
3264.000000  -0.143994
3731.000000  0.094983
4377.000000  0.117722
4895.000000  -0.146366
5068.000000  0.013452
5867.000000  0.152430
6604.000000  -0.030237
7522.000000  0.135993
8358.000000  0.112841
9121.000000  -0.051691
9630.000000  -0.028859
10101.000000  -0.082325
10463.000000  0.023844
10809.000000  -0.039742
11443.000000  0.083486
11897.000000  -0.055412
12221.000000  0.148826
12665.000000  -0.011583
13047.000000  -0.092627
13360.000000  -0.145714
13801.000000  0.061301
14332.000000  -0.002272
14852.000000  0.024386
15207.000000  0.008431
15744.000000  0.046656
16349.000000  0.018027
16811.000000  -0.029247
17349.000000  0.013880
17770.000000  0.054718
18211.000000  0.019348
18733.000000  0.171473
19321.000000  -0.114743
19852.000000  -0.004953
20363.000000  0.055109
20917.000000  0.098118
21365.000000  -0.115851
21710.000000  -0.050251
22182.000000  -0.039372
22737.000000  0.208980
23190.000000  -0.133939
23467.000000  -0.068209
23749.000000  -0.032250
24006.000000  -0.041791
24241.000000  0.020565
24640.000000  0.002008
24886.000000  0.101608
25287.000000  0.140420
25669.000000  -0.134686
26054.000000  0.042797
26517.000000  0.083532
26951.000000  -0.106033
27430.000000  -0.057903
27888.000000  0.227723
28339.000000  0.105329
29005.000000  0.043937
29777.000000  0.047812
30362.000000  0.006133
30740.000000  -0.177718
30849.000000  -0.179559
31002.000000  0.117791
31405.000000  0.297665
31671.000000  -0.014207
31946.000000  -0.589148
32007.000000  -0.048204
32199.000000  0.273440
32490.000000  0.063854
32942.000000  -0.096580
33238.000000  0.007745
33600.000000  -0.091067
34061.000000  0.122623
34549.000000  -0.100819
35102.000000  0.082591
35794.000000  -0.006151
36492.000000  0.101141
37196.000000  0.120301
37940.000000  0.152776
38654.000000  -0.104485
39117.000000  -0.023410
39736.000000  0.025400
40444.000000  0.104874
41123.000000  0.012049
42108.000000  0.093130
43106.000000  0.097459
43719.000000  -0.281926
44322.000000  0.070100
45110.000000  0.122029
45947.000000  0.258281
46736.000000  -0.008331
47384.000000  -0.143417
48215.000000  0.169574
48770.000000  -0.183728
49074.000000  -0.049598
49522.000000  -0.198620
50078.000000  0.100885
50569.000000  -0.000960
51264.000000  0.057888
51942.000000  0.124987
52727.000000  0.181918
53478.000000  0.097057
53959.000000  -0.134241
54316.000000  -0.204697
54747.000000  -0.022503
55322.000000  0.069316
56043.000000  -0.006514
56743.000000  -0.108474
57420.000000  0.039200
57902.000000  -0.048226
58487.000000  -0.100574
58736.000000  -0.071821
59171.000000  0.039784
59926.000000  0.127955
60424.000000  -0.006834
61088.000000  0.070125
61816.000000  0.005219
62597.000000  0.085871
63337.000000  0.032453
64097.000000  -0.111782
64658.000000  0.002057
65191.000000  -0.014434
65610.000000  0.001578
65805.000000  0.150347
66001.000000  -0.024243
66357.000000  -0.014116
66937.000000  0.137767
67422.000000  -0.148022
67862.000000  -0.167944
68173.000000  0.052433
68656.000000  -0.061638
69165.000000  0.114071
69757.000000  0.374408
70179.000000  -0.112588
70707.000000  0.155932
71231.000000  0.375718
71629.000000  -0.104250
71948.000000  -0.738630
72176.000000  -0.180070
72406.000000  0.030360
72722.000000  0.081416
73030.000000  -0.002522
73297.000000  -0.010725
73444.000000  0.043313
73708.000000  0.010513
74225.000000  0.183607
74915.000000  -0.087942
75244.000000  0.031797
75566.000000  0.080425
76049.000000  0.110522
76376.000000  -0.051229
76821.000000  0.028033
77169.000000  -0.346764
77510.000000  0.080530
77815.000000  -0.082251
78132.000000  -0.062679
78479.000000  0.157605
79029.000000  0.042068
79781.000000  0.135248
80327.000000  -0.089977
80950.000000  0.053846
81521.000000  -0.025820
81849.000000  -0.156055
82125.000000  -0.047738
82528.000000  0.010906
83088.000000  0.035104
83437.000000  0.007207
83768.000000  0.184152
84245.000000  0.041731
84550.000000  -0.023694
84894.000000  -0.059768
85180.000000  0.060538
85519.000000  0.394683
85710.000000  0.052893
85965.000000  0.125847
86092.000000  -0.132221
86311.000000  0.071367
86514.000000  0.050144
86742.000000  -0.434206
86921.000000  -0.188303
86976.000000  -0.076321
87063.000000  0.011882
87213.000000  -0.047007
87577.000000  0.092667
87929.000000  0.072174
88249.000000  0.199973
88429.000000  0.014885
88592.000000  -0.016212
88678.000000  -0.049549
88894.000000  -0.729591
89135.000000  0.047108
89369.000000  0.022079
89588.000000  1.251786
89609.000000  0.339017
89907.000000  -0.348806
90001.000000  0.098162
90099.000000  -0.300994
90345.000000  -0.194638
90513.000000  -0.448358
90515.000000  -0.429237
90731.000000  -0.098707
90971.000000  0.046238
91208.000000  0.042351
91432.000000  -0.046781
91487.000000  -0.052295
