576.000000  0.199015
753.000000  -0.045969
953.000000  0.006021
1182.000000  0.009482
1388.000000  0.019191
1634.000000  0.033465
1874.000000  -0.014519
2045.000000  0.022183
2198.000000  -0.013263
2306.000000  -0.049611
2460.000000  0.020986
2642.000000  0.061361
2779.000000  -0.053877
2897.000000  -0.058328
2999.000000  0.003766
3069.000000  0.043021
3159.000000  -0.028311
3287.000000  0.082625
3351.000000  -0.055108
3404.000000  -0.076527
3472.000000  0.025459
3561.000000  0.014432
3627.000000  -0.010638
3707.000000  -0.004438
3863.000000  0.026698
4017.000000  -0.000502
4155.000000  0.007613
4343.000000  0.023782
4501.000000  0.009127
4615.000000  -0.000510
4769.000000  0.014035
4865.000000  -0.024972
4941.000000  -0.040713
5012.000000  0.016790
5149.000000  -0.003388
5285.000000  0.006629
5488.000000  0.053185
5663.000000  0.034066
5875.000000  -0.003066
6070.000000  -0.003831
6233.000000  -0.029021
6385.000000  0.044928
6546.000000  -0.025494
6743.000000  0.069497
6930.000000  -0.036997
7082.000000  -0.035450
7228.000000  0.010124
7257.000000  -0.087319
7394.000000  0.065861
7509.000000  0.003252
7542.000000  -0.047698
7675.000000  0.044842
7805.000000  0.014758
7926.000000  -0.012970
8067.000000  0.018673
8242.000000  0.024084
8391.000000  0.020301
8579.000000  0.018049
8705.000000  -0.047438
8846.000000  -0.017850
9037.000000  0.091168
9258.000000  0.011398
9497.000000  0.021143
9730.000000  -0.018305
9917.000000  0.002635
10091.000000  -0.029102
10288.000000  0.052320
10521.000000  0.002180
10731.000000  -0.009857
10905.000000  0.029048
11055.000000  -0.044615
11241.000000  -0.016945
11375.000000  -0.042618
11519.000000  0.037208
11677.000000  -0.037305
11805.000000  0.005253
11872.000000  -0.039724
11951.000000  0.004402
12049.000000  0.038882
12195.000000  0.028847
12324.000000  -0.017148
12462.000000  -0.011413
12481.000000  -0.102466
12657.000000  0.143786
12796.000000  0.001429
12996.000000  -0.008482
13170.000000  0.315194
13369.000000  -0.060869
13612.000000  0.097962
13828.000000  0.131310
14094.000000  -0.406319
14265.000000  0.260530
14411.000000  -0.022668
14598.000000  -0.253637
14771.000000  0.037076
14948.000000  0.129719
15112.000000  -0.135137
15239.000000  -0.041015
15314.000000  0.060798
15488.000000  0.072794
15630.000000  -0.067044
15767.000000  0.032743
15867.000000  0.040073
15970.000000  -0.254827
16038.000000  -0.007115
16095.000000  0.012820
16164.000000  0.020523
16244.000000  0.005725
16377.000000  0.055609
16562.000000  0.010032
16752.000000  -0.022966
16898.000000  0.028686
17064.000000  0.034399
17256.000000  0.062800
17477.000000  0.060634
17661.000000  0.004125
17872.000000  -0.041685
18067.000000  -0.002917
18260.000000  -0.023843
18480.000000  0.019265
18666.000000  -0.048608
18872.000000  0.012095
19063.000000  -0.034580
19227.000000  0.014004
19462.000000  0.042962
19600.000000  0.004661
19740.000000  0.029074
19850.000000  0.020287
19932.000000  0.008743
20022.000000  -0.001797
20174.000000  0.042930
20389.000000  0.016530
20587.000000  0.008295
20742.000000  0.079265
20893.000000  -0.080975
20927.000000  -0.034235
21025.000000  0.184573
21125.000000  -0.395066
21212.000000  0.025161
21317.000000  0.026319
21409.000000  0.279752
21523.000000  -0.009543
21654.000000  -0.009745
21764.000000  0.074169
21932.000000  0.031692
22022.000000  0.007859
22080.000000  -0.474277
22165.000000  0.023840
22288.000000  0.029157
22393.000000  -0.007065
22524.000000  -0.038287
22659.000000  0.012402
22758.000000  0.030703
22803.000000  0.138082
22876.000000  0.215896
22971.000000  0.127597
23024.000000  -0.180688
23112.000000  0.054346
23199.000000  -0.042954
23298.000000  0.008897
23399.000000  0.018373
23503.000000  0.067025
23619.000000  -0.196924
23709.000000  0.020663
23783.000000  -0.278354
23862.000000  0.021323
23950.000000  0.041858
23964.000000  -0.053631
23987.000000  0.031629
24079.000000  0.582710
24154.000000  0.041248
24226.000000  -0.659873
24305.000000  0.010203
24337.000000  -0.026251
24382.000000  0.037133
24454.000000  0.020386
24565.000000  -0.010278
24704.000000  -0.018192
24857.000000  0.012873
24993.000000  -0.016228
25187.000000  0.042612
25372.000000  0.002933
25522.000000  -0.027374
25665.000000  0.061063
25810.000000  -0.019128
25902.000000  -0.023354
26022.000000  0.001437
26121.000000  -0.005906
26217.000000  -0.005841
26308.000000  -0.014859
26377.000000  -0.002936
26438.000000  -0.003893
26497.000000  -0.014462
26559.000000  0.007887
26617.000000  -0.009624
26702.000000  -0.005174
26839.000000  0.026543
26958.000000  0.032034
27027.000000  -0.052817
27172.000000  0.044727
27315.000000  0.019311
27401.000000  -0.016996
27507.000000  -0.001999
27527.000000  -0.054615
27598.000000  0.050932
27678.000000  -0.043497
27731.000000  0.030696
27795.000000  -0.024569
27871.000000  0.005183
27954.000000  0.011825
28037.000000  -0.000924
28161.000000  0.033009
28329.000000  0.022967
28509.000000  0.006785
28547.000000  -0.056447
28764.000000  0.075137
28910.000000  0.002995
29032.000000  0.009869
29151.000000  -0.010235
29165.000000  -0.062994
29188.000000  -0.017307
29294.000000  0.052840
29455.000000  0.018640
29603.000000  -0.003751
29713.000000  -0.023670
29758.000000  -0.035681
29857.000000  0.050342
29970.000000  -0.001323
30104.000000  0.058651
30273.000000  0.014823
30419.000000  0.025279
30565.000000  -0.075543
30599.000000  -0.078901
30750.000000  0.080172
30876.000000  0.002533
30944.000000  -0.035322
31060.000000  0.012694
31213.000000  0.017329
31410.000000  0.004238
31632.000000  0.015463
31705.000000  -0.042828
31728.000000  -0.020869
31795.000000  0.070045
31813.000000  0.051891
31818.000000  -0.154724
31948.000000  0.037249
32049.000000  0.016673
32218.000000  0.020381
32309.000000  -0.017918
32409.000000  0.001388
32437.000000  -0.050293
32572.000000  0.062317
32732.000000  0.003828
32932.000000  0.022618
33055.000000  -0.019260
33199.000000  0.004753
33388.000000  0.028195
33516.000000  0.012547
33590.000000  -0.050653
33705.000000  0.033376
33817.000000  -0.020208
33905.000000  -0.003043
33979.000000  -0.004605
34059.000000  0.007673
34121.000000  -0.008205
34185.000000  0.011768
34277.000000  0.004876
34389.000000  0.002289
34503.000000  -0.020173
34619.000000  -0.007150
34631.000000  -0.040331
34712.000000  0.027907
34811.000000  0.033468
34872.000000  -0.007412
34973.000000  0.038636
35021.000000  -0.073640
35228.000000  0.100949
35397.000000  0.004258
35435.000000  -0.095306
35563.000000  0.082412
35666.000000  0.031728
35767.000000  -0.025641
35818.000000  -0.055240
35874.000000  0.000574
35950.000000  0.050736
36071.000000  0.002665
36151.000000  -0.031591
36205.000000  -0.059127
36299.000000  0.190255
36387.000000  -0.195914
36450.000000  0.014307
36496.000000  -0.015727
36513.000000  -0.001972
36589.000000  0.029415
36693.000000  -0.003882
36782.000000  -0.001037
36817.000000  -0.043272
36825.000000  -0.003919
36890.000000  0.040707
36992.000000  0.017980
37079.000000  -0.006489
37148.000000  -0.000294
37257.000000  0.005064
37317.000000  -0.020110
37383.000000  0.013158
37423.000000  -0.001925
37463.000000  -0.029172
37474.000000  0.027435
37563.000000  -0.013053
37643.000000  0.013003
37737.000000  0.020819
37835.000000  0.034588
37870.000000  -0.049006
37934.000000  0.029907
38016.000000  -0.009540
38104.000000  -0.020362
38174.000000  0.016312
38285.000000  0.008713
38375.000000  -0.043018
38402.000000  0.004606
38480.000000  0.026469
38488.000000  -0.038903
38554.000000  0.058772
38590.000000  -0.022757
38629.000000  -0.019236
38709.000000  0.013503
38803.000000  0.004750
38904.000000  0.064934
39034.000000  -0.009705
39150.000000  -0.029091
39188.000000  -0.045425
39232.000000  -0.003292
39238.000000  -0.001096
39240.000000  -0.002786
39282.000000  -0.005443
39286.000000  0.005657
39329.000000  0.015333
39407.000000  -0.004706
39525.000000  0.034585
39646.000000  0.015074
39676.000000  -0.032765
39746.000000  0.016645
39796.000000  0.002584
39822.000000  -0.024502
39936.000000  0.061954
40105.000000  0.002576
40275.000000  0.025054
40440.000000  -0.006695
40536.000000  -0.029718
40640.000000  0.029641
40699.000000  0.002330
40744.000000  -0.037962
40793.000000  -0.033654
40797.000000  -0.028238
40828.000000  0.028105
