4067.000000  95.562637
6273.000000  90.465576
8888.000000  90.210381
12363.000000  88.752228
14752.000000  89.257584
17192.000000  89.401146
18824.000000  88.503891
19821.000000  82.105499
20810.000000  86.703232
22170.000000  83.626572
22937.000000  46.604713
23888.000000  75.361748
24794.000000  82.412544
26713.000000  86.566971
27684.000000  78.190887
28141.000000  59.310047
28518.000000  68.244583
28775.000000  69.777420
29227.000000  72.108002
29778.000000  24.796776
30720.000000  74.813248
31596.000000  80.467377
33204.000000  86.849525
34058.000000  76.054413
35223.000000  67.064217
36482.000000  79.870644
38859.000000  79.438362
40236.000000  82.046631
42384.000000  81.201347
43183.000000  46.390064
44400.000000  80.791000
46763.000000  82.573029
48325.000000  76.679062
50095.000000  70.573273
51511.000000  76.507042
53677.000000  79.266640
56152.000000  74.019104
59355.000000  75.818260
61930.000000  75.668106
65015.000000  70.104912
67991.000000  64.248016
69297.000000  60.852180
70086.000000  50.758858
70843.000000  28.161842
71511.000000  49.265106
72604.000000  57.212509
73820.000000  64.619835
75335.000000  68.735550
77455.000000  61.231201
77909.000000  66.460632
79683.000000  70.214569
81284.000000  65.770866
82453.000000  64.837639
83282.000000  54.763622
83353.000000  11.976522
84096.000000  33.496967
85201.000000  49.870750
86725.000000  58.092236
87833.000000  58.078384
88544.000000  38.051968
89299.000000  53.099487
90851.000000  67.431458
93076.000000  72.043488
95710.000000  68.507477
96868.000000  66.475746
99599.000000  68.259140
102431.000000  58.096367
103644.000000  46.840908
105158.000000  36.510101
105924.000000  29.465794
106877.000000  25.960493
107906.000000  38.012306
109326.000000  38.054573
110814.000000  35.845249
112333.000000  21.771564
113861.000000  55.180496
116571.000000  52.001041
117862.000000  23.583277
119308.000000  33.120461
120691.000000  28.986475
121704.000000  36.636318
122178.000000  18.539902
122567.000000  11.419333
123139.000000  33.783390
123790.000000  30.056646
124449.000000  49.410107
124837.000000  39.677517
125633.000000  37.092487
126284.000000  34.329071
127154.000000  39.119305
128262.000000  50.181995
128987.000000  42.263718
129385.000000  33.281181
130158.000000  41.546612
131004.000000  37.366879
131946.000000  35.324020
133053.000000  40.076035
133981.000000  37.011684
134436.000000  30.708879
134767.000000  30.059063
135439.000000  18.497429
136215.000000  24.029121
136707.000000  20.930599
137567.000000  21.381733
138376.000000  28.288851
139240.000000  32.589630
139938.000000  23.560884
140316.000000  24.916254
140438.000000  2.287258
140834.000000  18.050760
141170.000000  14.544603
141677.000000  5.530275
141888.000000  8.766459
141985.000000  8.853968
142000.000000  7.347978
142159.000000  0.355570
142836.000000  6.427015
143254.000000  4.319673
143692.000000  2.350514
144337.000000  31.334602
144780.000000  23.719063
145425.000000  28.974909
145946.000000  24.628708
146165.000000  28.221216
146662.000000  23.739710
146971.000000  27.442509
147448.000000  26.120571
148225.000000  27.981735
148733.000000  18.469925
149244.000000  7.890251
149605.000000  5.579450
149699.000000  4.126986
150136.000000  5.672806
150207.000000  9.055753
150285.000000  1.658167
150430.000000  11.204927
150527.000000  5.513051
150760.000000  8.378872
151020.000000  9.446418
151111.000000  3.191598
151855.000000  10.306612
152056.000000  6.860948
152182.000000  2.629337
152983.000000  8.464446
153053.000000  0.908723
153056.000000  0.053078
153489.000000  14.279373
154192.000000  16.867521
154597.000000  12.314110
155151.000000  12.491658
155751.000000  18.292883
156217.000000  19.164619
156339.000000  14.374878
156451.000000  11.707112
156671.000000  14.164173
156714.000000  3.046341
157156.000000  9.361936
157641.000000  12.033536
158065.000000  10.200664
158369.000000  8.178756
158812.000000  10.817760
159284.000000  5.611353
159689.000000  2.932373
160196.000000  7.387307
160474.000000  11.089632
160521.000000  2.872452
160535.000000  0.729119
160535.000000  0.048127
