4067.000000  33.364185
6275.000000  -26.718893
8723.000000  -0.787695
12114.000000  0.609934
14801.000000  0.825456
17258.000000  -0.981355
18373.000000  0.267509
19129.000000  -2.376127
19960.000000  0.187225
20804.000000  -1.132387
21204.000000  -2.944390
21523.000000  3.174415
22210.000000  0.266140
22819.000000  0.175998
23450.000000  0.009539
25950.000000  0.833613
28983.000000  -0.611592
29824.000000  -1.708234
30598.000000  1.373707
32793.000000  2.018378
34197.000000  -2.249825
35433.000000  1.994446
37071.000000  -0.003529
38902.000000  -0.359697
42214.000000  1.311922
44803.000000  0.258730
47154.000000  -0.076458
47920.000000  -5.544692
49128.000000  2.335629
50889.000000  1.013724
51893.000000  -1.067992
52681.000000  0.310279
54103.000000  0.174861
55872.000000  -0.311716
58035.000000  -1.090477
59180.000000  -1.834421
60289.000000  -0.059069
61804.000000  1.213728
63047.000000  1.532290
64387.000000  -2.016039
64671.000000  -1.179924
65316.000000  2.210618
67003.000000  1.076453
69896.000000  -1.917360
70831.000000  0.827819
71685.000000  0.872077
72472.000000  1.583515
73510.000000  1.094802
75420.000000  -2.539375
76777.000000  1.004752
79307.000000  -0.531413
81930.000000  -0.200849
83507.000000  -2.164575
84310.000000  -0.227064
85230.000000  0.325507
85949.000000  -0.149462
87258.000000  0.098065
88218.000000  -0.295674
88942.000000  -0.045904
89915.000000  -0.471520
90658.000000  -0.546322
91409.000000  0.348507
92480.000000  0.097623
93405.000000  0.031953
94146.000000  -0.041097
95394.000000  1.864838
96887.000000  0.087181
97794.000000  -0.215957
99137.000000  0.502735
100958.000000  0.944223
102867.000000  -1.147049
105582.000000  0.659492
108268.000000  -0.226861
110895.000000  -0.057288
112882.000000  -0.071335
113904.000000  -0.100907
115490.000000  -0.007881
116876.000000  -1.972674
117229.000000  0.524350
117837.000000  -0.998114
118170.000000  -0.076538
118691.000000  1.083804
119145.000000  0.369685
119948.000000  -0.375744
120668.000000  -0.027137
121495.000000  -0.195169
122579.000000  -0.295656
123570.000000  0.536772
124334.000000  -0.467479
125086.000000  -0.261213
125815.000000  -0.064904
126610.000000  0.385170
127832.000000  0.945153
128281.000000  -0.873138
128897.000000  0.163616
130452.000000  0.580402
131639.000000  -0.151127
132794.000000  0.246666
133625.000000  0.097215
135038.000000  0.095789
135434.000000  -1.532273
136576.000000  0.547950
137215.000000  -0.255949
137951.000000  -0.133042
138620.000000  -0.124108
139441.000000  -0.315495
140033.000000  -0.200525
140794.000000  0.134356
141258.000000  0.440119
141738.000000  -0.094976
142361.000000  0.353634
142842.000000  0.065668
143093.000000  -0.483341
143441.000000  0.130191
143807.000000  0.228680
144121.000000  -0.088865
145017.000000  0.521704
145488.000000  -0.259917
146784.000000  0.307140
147595.000000  0.018708
148659.000000  -0.499340
149695.000000  -0.154516
150453.000000  -0.373786
151316.000000  0.425582
152521.000000  0.190658
153495.000000  -0.150951
154373.000000  -0.097659
155018.000000  -0.374824
155703.000000  0.031439
155830.000000  -0.247088
155845.000000  -0.145375
156116.000000  0.071731
156554.000000  0.046501
156994.000000  -0.050373
157444.000000  0.230622
157623.000000  -0.129848
157882.000000  -0.105923
158113.000000  0.031056
158421.000000  0.337169
158964.000000  -0.198275
159056.000000  -0.220635
159356.000000  0.131412
159475.000000  -0.109406
159478.000000  -0.014671
159784.000000  0.040868
159811.000000  -0.056156
160135.000000  0.073166
160421.000000  -0.021210
160503.000000  -0.037820
