995.000000  0.619052
1231.000000  0.652853
1455.000000  0.670618
1695.000000  0.725853
1943.000000  0.722916
2256.000000  0.788427
2543.000000  0.801369
2871.000000  0.862172
3252.000000  0.907388
3589.000000  0.919824
3867.000000  0.973304
4124.000000  0.975721
4394.000000  1.024365
4693.000000  1.052576
4961.000000  1.063111
5215.000000  1.101891
5450.000000  1.134737
5672.000000  1.144771
5909.000000  1.178888
6115.000000  1.248779
6339.000000  1.207785
6525.000000  1.237177
6754.000000  1.283514
6982.000000  1.299556
7176.000000  1.337394
7435.000000  1.368710
7680.000000  1.361253
7971.000000  1.386343
8288.000000  1.440037
8521.000000  1.482968
8720.000000  1.508283
8958.000000  1.495709
9223.000000  1.601633
9515.000000  1.576790
9726.000000  1.616212
9905.000000  1.690494
10120.000000  1.641021
10284.000000  1.701582
10567.000000  1.739227
10868.000000  1.775875
11157.000000  1.770230
11447.000000  1.802957
11816.000000  1.850294
12023.000000  1.858828
12206.000000  1.863734
12374.000000  1.924020
12523.000000  1.926388
12733.000000  1.946078
12925.000000  1.976920
13196.000000  2.069479
13359.000000  2.064210
13489.000000  2.048073
13733.000000  2.050505
13937.000000  2.123147
14153.000000  2.181154
14354.000000  2.105873
14511.000000  2.147555
14700.000000  2.162127
14999.000000  2.235535
15339.000000  2.293951
15626.000000  2.272318
15993.000000  2.313881
16298.000000  2.356144
16633.000000  2.398502
16863.000000  2.423042
17007.000000  2.405142
17107.000000  2.436497
17222.000000  2.451799
17544.000000  2.441783
17797.000000  2.576007
18094.000000  2.503480
18382.000000  2.605092
18706.000000  2.616208
19032.000000  2.679291
19310.000000  2.737109
19481.000000  2.685942
19785.000000  2.743019
19972.000000  2.775241
20223.000000  2.918031
20373.000000  2.853133
20708.000000  2.860602
20921.000000  2.904340
21308.000000  2.937474
21482.000000  2.930954
21734.000000  3.051115
21865.000000  2.984977
22034.000000  3.023501
22275.000000  3.154090
22522.000000  3.064009
22804.000000  3.131385
23271.000000  3.134302
23603.000000  3.226069
24014.000000  3.232094
24395.000000  3.231126
24696.000000  3.337114
24991.000000  3.347501
25297.000000  3.446797
25724.000000  3.422003
26040.000000  3.556962
26478.000000  3.609137
26784.000000  3.515041
27204.000000  3.680784
27399.000000  3.618110
27699.000000  3.695759
27853.000000  3.662223
28021.000000  3.716512
28227.000000  3.764116
28380.000000  3.832292
28701.000000  3.895137
28888.000000  3.789668
29052.000000  4.034958
29259.000000  3.838117
29378.000000  3.939720
29742.000000  4.006852
30134.000000  3.907149
30222.000000  3.988972
30380.000000  4.115634
30596.000000  3.951840
30664.000000  4.015655
30803.000000  4.106003
31084.000000  4.027667
31503.000000  4.042375
31712.000000  4.106255
31949.000000  4.140702
32302.000000  4.109447
32552.000000  4.135767
32992.000000  4.264843
33220.000000  4.340974
33659.000000  4.385026
34280.000000  4.310924
34486.000000  4.569455
35031.000000  4.449154
35319.000000  4.472559
35812.000000  4.502453
36276.000000  4.502394
36566.000000  4.654157
36730.000000  4.735770
36976.000000  4.681835
37104.000000  4.727674
37380.000000  4.721530
37473.000000  4.808308
37698.000000  4.825761
37723.000000  4.736406
37942.000000  4.816597
38251.000000  4.785677
38552.000000  4.808743
38937.000000  5.015643
39310.000000  4.918963
39479.000000  5.022877
39503.000000  4.987566
39645.000000  4.977653
39839.000000  5.016261
39928.000000  5.064803
40091.000000  5.147427
40260.000000  5.025024
40484.000000  5.061209
40705.000000  5.214128
40821.000000  5.180936
