995.000000  0.271947
1282.000000  0.224742
1476.000000  0.179389
1797.000000  0.227637
2075.000000  0.295699
2446.000000  0.308237
2775.000000  0.371724
3106.000000  0.358290
3452.000000  0.411981
3712.000000  0.325988
3968.000000  0.307377
4272.000000  0.340425
4527.000000  0.341887
4761.000000  0.335828
4962.000000  0.324547
5122.000000  0.328579
5339.000000  0.325621
5499.000000  0.288229
5674.000000  0.283645
5792.000000  0.248870
5916.000000  0.251341
6081.000000  0.290487
6262.000000  0.294335
6553.000000  0.352067
6829.000000  0.364188
7081.000000  0.380962
7312.000000  0.353297
7559.000000  0.387208
7785.000000  0.400529
8095.000000  0.391012
8315.000000  0.386199
8570.000000  0.391864
8852.000000  0.444064
9070.000000  0.440461
9238.000000  0.427779
9404.000000  0.399690
9571.000000  0.401539
9692.000000  0.416915
9809.000000  0.372928
9956.000000  0.386517
10135.000000  0.382809
10296.000000  0.406149
10416.000000  0.402195
10462.000000  0.360967
10556.000000  0.376579
10643.000000  0.405578
10749.000000  0.443649
10875.000000  0.512380
10986.000000  0.346315
11105.000000  0.397629
11251.000000  0.404127
11389.000000  0.408499
11606.000000  0.489183
11817.000000  0.532857
12098.000000  0.530826
12350.000000  0.478462
12568.000000  0.523120
12740.000000  0.496166
12914.000000  0.471796
13046.000000  0.479912
13255.000000  0.518853
13418.000000  0.459213
13560.000000  0.489292
13689.000000  0.459177
13772.000000  0.434747
13874.000000  0.518637
14011.000000  0.563855
14138.000000  0.638940
14189.000000  0.457129
14260.000000  0.479911
14277.000000  0.399983
14379.000000  0.479410
14464.000000  0.502202
14586.000000  0.524445
14742.000000  0.581568
14951.000000  0.572898
15159.000000  0.594597
15409.000000  0.658945
15575.000000  0.591508
15646.000000  0.579948
15839.000000  0.567395
15967.000000  0.536755
16082.000000  0.550190
16276.000000  0.535487
16494.000000  0.555528
16765.000000  0.499873
17039.000000  0.567412
17250.000000  0.568711
17498.000000  0.568700
17753.000000  0.624267
17958.000000  0.630604
18157.000000  0.547651
18474.000000  0.541135
18781.000000  0.577187
19094.000000  0.619587
19359.000000  0.583736
19667.000000  0.627782
19882.000000  0.562699
19993.000000  0.539841
20198.000000  0.560444
20341.000000  0.524372
20601.000000  0.573331
20841.000000  0.652399
21046.000000  0.678131
21268.000000  0.701198
21471.000000  0.578708
21722.000000  0.579113
21886.000000  0.859446
22033.000000  0.819148
22056.000000  0.762100
22134.000000  0.869388
22288.000000  0.508537
22452.000000  0.599845
22532.000000  0.563459
22708.000000  0.848509
22940.000000  0.682855
23042.000000  0.635770
23204.000000  0.739609
23381.000000  0.733292
23599.000000  0.712629
23755.000000  0.884715
23969.000000  0.494901
24068.000000  0.442308
24140.000000  0.433181
24214.000000  0.395630
24282.000000  0.422242
24378.000000  0.418725
24403.000000  0.816261
24487.000000  0.873871
24621.000000  0.906369
24815.000000  0.946073
24959.000000  0.801150
25111.000000  0.643782
25311.000000  0.512865
25495.000000  0.506500
25675.000000  0.464563
25861.000000  0.474425
25989.000000  0.475325
26099.000000  0.447440
26172.000000  0.435381
26296.000000  0.461121
26331.000000  0.446484
26531.000000  0.481643
26786.000000  0.533221
27064.000000  0.580840
27337.000000  0.644991
27491.000000  0.581079
27764.000000  0.601241
28085.000000  0.649240
28335.000000  0.628602
28587.000000  0.610113
28712.000000  0.542798
28934.000000  0.660712
29156.000000  0.679329
29248.000000  0.518985
29341.000000  0.512298
29420.000000  0.523907
29506.000000  0.478657
29591.000000  0.495755
29722.000000  0.522104
29856.000000  0.584026
29998.000000  0.648819
30186.000000  0.684299
30370.000000  0.625770
30583.000000  0.615307
30762.000000  0.607377
30965.000000  0.597072
31204.000000  0.622032
31422.000000  0.629123
31645.000000  0.686359
31859.000000  0.704988
32042.000000  0.660486
32154.000000  0.625615
32213.000000  0.509023
32286.000000  0.619747
32372.000000  0.640283
32504.000000  0.689919
32640.000000  0.508895
32774.000000  0.518807
32851.000000  0.491830
32987.000000  0.575474
33117.000000  0.568123
33224.000000  0.569481
33366.000000  0.557974
33520.000000  0.697363
33601.000000  0.930731
33651.000000  1.054251
33720.000000  0.645845
33779.000000  0.474560
33918.000000  0.521612
33985.000000  0.517886
34042.000000  0.507062
34256.000000  0.568860
34340.000000  0.551653
34439.000000  0.556049
34555.000000  0.557022
34633.000000  0.566486
34713.000000  0.513883
34804.000000  0.561571
34884.000000  0.543269
34992.000000  1.043514
35094.000000  1.059334
35201.000000  1.075303
35273.000000  1.002823
35380.000000  1.188738
35442.000000  0.653996
35518.000000  0.623689
35536.000000  0.597963
35577.000000  0.671542
35605.000000  0.647032
35636.000000  0.701912
35648.000000  0.694227
35697.000000  0.442989
35756.000000  0.446189
35836.000000  0.443108
35966.000000  0.461104
36085.000000  0.616467
36168.000000  0.630739
36291.000000  0.615462
36417.000000  0.564231
36455.000000  0.585656
36569.000000  0.466751
36627.000000  0.441784
36715.000000  0.465221
36808.000000  0.470075
36910.000000  0.473091
36985.000000  0.470323
37057.000000  0.430589
37107.000000  0.456493
37158.000000  0.413451
37222.000000  0.529128
37296.000000  0.549412
37385.000000  0.449232
37464.000000  0.477324
37565.000000  0.520695
37758.000000  0.541289
37868.000000  0.535439
38005.000000  0.542675
38181.000000  0.668487
38328.000000  0.587828
38438.000000  0.545085
38516.000000  0.483918
38596.000000  0.459105
38680.000000  0.493618
38779.000000  0.496696
38884.000000  0.512404
39024.000000  0.513678
39168.000000  0.496884
39313.000000  0.556300
39453.000000  0.574356
39520.000000  0.604316
39577.000000  0.580187
39661.000000  0.702553
39753.000000  0.445345
39882.000000  0.498454
39933.000000  0.481951
40063.000000  0.569635
40106.000000  0.465059
40208.000000  0.486549
40340.000000  0.491360
40448.000000  0.479377
40530.000000  1.033810
40606.000000  0.451918
40651.000000  0.471601
40654.000000  0.385953
40704.000000  0.417413
40749.000000  0.403769
40795.000000  0.418044
40820.000000  0.384072
