995.000000  8.224540
1475.000000  -6.702483
1789.000000  -0.486279
2045.000000  -0.021037
2294.000000  -0.091104
2539.000000  0.067210
2774.000000  -0.011059
2956.000000  -0.182829
3124.000000  -0.143676
3312.000000  0.040738
3511.000000  0.055170
3743.000000  0.311304
3871.000000  0.172335
4021.000000  0.210186
4206.000000  0.062340
4336.000000  -0.017180
4482.000000  -0.000690
4669.000000  -0.107741
4860.000000  -0.513719
5010.000000  0.138265
5231.000000  0.256109
5495.000000  -0.470806
5600.000000  0.441488
5658.000000  -0.111241
5666.000000  0.037004
5777.000000  -0.261492
5953.000000  -0.892180
6119.000000  0.062939
6268.000000  0.398640
6470.000000  -0.423690
6731.000000  1.349780
6965.000000  -0.197081
7209.000000  0.224089
7448.000000  -1.296463
7708.000000  0.770229
7998.000000  -0.031082
8311.000000  0.522359
8650.000000  0.180671
8958.000000  0.058445
9150.000000  -0.003489
9312.000000  -0.274491
9515.000000  -0.610002
9723.000000  0.899448
9902.000000  -0.090920
10086.000000  0.105498
10246.000000  -0.531835
10418.000000  -0.022258
10581.000000  0.426746
10761.000000  -0.379389
10942.000000  0.392910
11206.000000  0.056881
11423.000000  -0.401338
11616.000000  0.371406
11897.000000  -0.084603
12166.000000  -0.354441
12396.000000  0.082948
12585.000000  -0.433745
12707.000000  -0.018054
12823.000000  0.048530
12959.000000  0.343873
13197.000000  0.182152
13442.000000  -0.066131
13787.000000  -0.772775
14098.000000  0.522783
14398.000000  -0.574466
14644.000000  0.494869
14875.000000  -0.333504
15073.000000  0.098136
15269.000000  -0.215938
15513.000000  -0.017225
15686.000000  0.139474
15862.000000  -0.269755
16109.000000  0.050025
16356.000000  0.163597
16599.000000  -0.232881
16806.000000  -0.075338
16975.000000  -0.068141
17039.000000  -0.169793
17278.000000  0.279864
17525.000000  -0.193401
17715.000000  0.126202
17852.000000  -0.116209
17993.000000  -0.046688
18201.000000  0.396176
18425.000000  0.081748
18624.000000  0.358687
18864.000000  -0.486176
19101.000000  0.333937
19308.000000  0.005011
19532.000000  -0.071120
19764.000000  0.103485
20011.000000  -0.069967
20240.000000  -0.132149
20436.000000  -0.031447
20668.000000  -0.011180
20858.000000  -0.004137
21030.000000  -0.227133
21263.000000  0.084166
21492.000000  0.014216
21717.000000  -0.059774
21846.000000  -0.053277
21998.000000  0.229601
22181.000000  -0.144779
22322.000000  -0.079419
22490.000000  0.054779
22627.000000  -0.109233
22732.000000  -0.007720
22784.000000  -0.011532
22892.000000  -0.003464
22980.000000  0.038217
23187.000000  0.000615
23414.000000  0.042199
23572.000000  0.143197
23741.000000  -0.196803
23987.000000  0.096392
24103.000000  -0.016570
24200.000000  -0.057544
24348.000000  0.065330
24538.000000  0.091000
24721.000000  -0.110857
24871.000000  -0.009803
25001.000000  0.054614
25125.000000  -0.128382
25339.000000  0.099975
25456.000000  -0.194031
25526.000000  -0.121826
25673.000000  0.039436
25816.000000  -0.044608
25996.000000  -0.000275
26243.000000  0.068643
26577.000000  0.001809
26757.000000  0.129141
26935.000000  0.041878
27093.000000  0.068571
27204.000000  -0.176692
27342.000000  0.048917
27483.000000  -0.015028
27724.000000  0.325255
28104.000000  -0.214990
28359.000000  -0.135450
28605.000000  0.241507
28778.000000  0.025139
28902.000000  -0.105888
29077.000000  -0.023803
29262.000000  0.000259
29478.000000  0.023426
29687.000000  -0.059454
29847.000000  0.240052
30074.000000  -0.078416
30287.000000  -0.048794
30476.000000  -0.224014
30691.000000  -0.100627
30968.000000  0.558013
31284.000000  0.064110
31588.000000  -0.187087
31829.000000  -0.309902
32013.000000  0.428670
32173.000000  -0.072394
32288.000000  -0.187519
32381.000000  0.010327
32491.000000  -0.028098
32579.000000  0.084939
32658.000000  0.123204
32714.000000  -0.317855
32800.000000  -0.052283
32914.000000  0.040139
33075.000000  -0.185163
33261.000000  0.204281
33475.000000  0.131275
33515.000000  -0.169717
33603.000000  0.106964
33662.000000  -0.146220
33736.000000  0.049005
33814.000000  -0.085097
33936.000000  0.050001
34094.000000  0.009793
34257.000000  -0.028941
34395.000000  0.004525
34474.000000  -0.039109
34644.000000  0.026489
34827.000000  0.139657
34963.000000  -0.059801
35062.000000  -0.101313
35157.000000  0.073326
35262.000000  0.007568
35390.000000  0.007498
35478.000000  -0.067751
35574.000000  0.015843
35677.000000  0.105986
35760.000000  -0.141026
35821.000000  0.081815
35979.000000  0.085236
36123.000000  0.050084
36256.000000  -0.219639
36415.000000  0.234308
36506.000000  -0.072803
36561.000000  -0.023389
36766.000000  -0.180161
36998.000000  0.111363
37153.000000  -0.135000
37393.000000  0.169390
37587.000000  0.017568
37759.000000  -0.100647
37853.000000  0.027275
37958.000000  0.024104
38025.000000  -0.055455
38222.000000  0.067802
38326.000000  -0.041088
38474.000000  -0.008735
38640.000000  -0.025036
38749.000000  -0.042739
38852.000000  -0.026031
38968.000000  0.007533
39078.000000  -0.013037
39112.000000  -0.024099
39210.000000  0.027189
39318.000000  0.001316
39356.000000  -0.015282
39439.000000  0.004322
39538.000000  0.001013
39647.000000  -0.007087
39664.000000  -0.010976
39703.000000  0.008544
39731.000000  0.029111
39775.000000  0.061200
39887.000000  0.070600
39983.000000  -0.020373
40055.000000  0.006993
40139.000000  -0.020417
40224.000000  -0.031171
40230.000000  -0.106976
40316.000000  0.019964
40443.000000  0.020961
40544.000000  0.069983
40641.000000  -0.023793
40700.000000  -0.001818
40725.000000  -0.080442
40753.000000  0.006405
40795.000000  -0.007510
40820.000000  0.001073
