216.000000  0.167920
284.000000  0.122895
375.000000  0.144368
448.000000  0.131231
546.000000  0.172648
588.000000  0.133849
619.000000  0.118986
717.000000  0.152463
796.000000  0.157302
894.000000  0.181513
968.000000  0.136074
1047.000000  0.159196
1138.000000  0.140735
1227.000000  0.164005
1309.000000  0.144698
1357.000000  0.130289
1414.000000  0.123175
1530.000000  0.104168
1614.000000  0.166947
1695.000000  0.160580
1792.000000  0.190790
1897.000000  0.176639
1972.000000  0.189246
2060.000000  0.182382
2140.000000  0.178027
2219.000000  0.199707
2298.000000  0.166734
2378.000000  0.144094
2449.000000  0.177107
2541.000000  0.169923
2611.000000  0.173994
2698.000000  0.185215
2786.000000  0.200345
2870.000000  0.183610
2954.000000  0.201171
3035.000000  0.155688
3057.000000  0.134599
3116.000000  0.154110
3203.000000  0.188500
3269.000000  0.269854
3320.000000  0.247625
3391.000000  0.263672
3466.000000  0.245020
3527.000000  0.196139
3531.000000  0.112970
3543.000000  0.137214
3599.000000  0.144932
3688.000000  0.166225
3775.000000  0.165637
3839.000000  0.164270
3923.000000  0.159604
3964.000000  0.142070
3966.000000  0.128819
4015.000000  0.177771
4099.000000  0.207190
4243.000000  0.180898
4319.000000  0.173655
4420.000000  0.190214
4519.000000  0.195606
4602.000000  0.212607
4686.000000  0.193438
4769.000000  0.210428
4887.000000  0.208995
4960.000000  0.198490
5057.000000  0.219257
5139.000000  0.234514
5219.000000  0.193300
5327.000000  0.254252
5430.000000  0.225454
5503.000000  0.226033
5585.000000  0.234449
5661.000000  0.248069
5759.000000  0.245311
5882.000000  0.247959
6005.000000  0.272989
6085.000000  0.293191
6161.000000  0.290016
6270.000000  0.324727
6379.000000  0.261564
6475.000000  0.249655
6559.000000  0.285277
6668.000000  0.293941
6742.000000  0.201385
6815.000000  0.216331
6899.000000  0.194647
6978.000000  0.250295
7065.000000  0.274664
7151.000000  0.172379
7231.000000  0.226635
7310.000000  0.230765
7374.000000  0.228549
7451.000000  0.198392
7537.000000  0.236127
7629.000000  0.198689
7778.000000  0.289228
7851.000000  0.330577
7912.000000  0.265729
7979.000000  0.278528
8025.000000  0.260306
8105.000000  0.245854
8157.000000  0.227570
8164.000000  0.154095
8208.000000  0.240868
8281.000000  0.250783
8362.000000  0.243895
8440.000000  0.265133
8539.000000  0.232923
8619.000000  0.240164
8685.000000  0.225719
8771.000000  0.225539
8845.000000  0.233003
8953.000000  0.251434
9021.000000  0.223048
9111.000000  0.233117
9207.000000  0.203104
9293.000000  0.286111
9377.000000  0.262482
9472.000000  0.260788
9562.000000  0.309002
9636.000000  0.287619
9710.000000  0.242825
9771.000000  0.233767
9840.000000  0.210825
9922.000000  0.242787
10007.000000  0.233202
10126.000000  0.260584
10228.000000  0.245119
10301.000000  0.260715
10394.000000  0.284013
10487.000000  0.222618
10586.000000  0.309200
10686.000000  0.350845
10765.000000  0.308535
10828.000000  0.248171
10895.000000  0.238550
10960.000000  0.332662
11010.000000  0.323202
11027.000000  0.344912
11028.000000  0.274415
11080.000000  0.283773
11143.000000  0.296939
11207.000000  0.301893
11323.000000  0.372531
11408.000000  0.325067
11487.000000  0.434341
11584.000000  0.361553
11671.000000  0.359697
11778.000000  0.389078
11836.000000  0.475206
11863.000000  0.459449
11960.000000  0.500089
11966.000000  0.492157
12040.000000  0.613028
12074.000000  0.541374
12149.000000  0.634289
12162.000000  0.616991
12211.000000  0.398916
12304.000000  0.404883
12357.000000  0.275645
12364.000000  0.192788
12386.000000  0.768923
12434.000000  0.470892
12466.000000  0.384330
12517.000000  0.646721
12567.000000  0.627023
12639.000000  0.700206
12640.000000  0.697074
12664.000000  0.204727
12761.000000  0.231820
12814.000000  0.238538
12867.000000  0.202602
12947.000000  0.172721
13013.000000  0.183316
13078.000000  0.232266
13146.000000  0.235400
13203.000000  0.224384
13247.000000  0.266688
13271.000000  0.243909
13378.000000  0.232195
13464.000000  0.248071
13539.000000  0.226835
13637.000000  0.274419
13716.000000  0.265032
13790.000000  0.278658
13845.000000  0.225750
13915.000000  0.274177
13969.000000  0.338835
14045.000000  0.277547
14085.000000  0.248245
14086.000000  0.213497
14147.000000  0.207424
14243.000000  0.233423
14323.000000  0.269418
14427.000000  0.263229
14508.000000  0.275478
14594.000000  0.242699
14626.000000  0.252514
14634.000000  0.213306
14690.000000  0.228609
14783.000000  0.249129
14869.000000  0.257673
14961.000000  0.271380
15043.000000  0.248660
15113.000000  0.274364
15142.000000  0.259331
15168.000000  0.252420
15179.000000  0.204060
15181.000000  0.214468
15250.000000  0.241590
15317.000000  0.258095
15364.000000  0.240107
15406.000000  0.227162
15452.000000  0.230608
15495.000000  0.245294
15547.000000  0.234548
15587.000000  0.220920
15644.000000  0.239441
15690.000000  0.244427
15742.000000  0.250155
15809.000000  0.247750
15913.000000  0.268236
16019.000000  0.269161
16090.000000  0.215089
16174.000000  0.257583
16264.000000  0.260767
16315.000000  0.263229
16368.000000  0.267293
16445.000000  0.225010
16542.000000  0.297847
16615.000000  0.258038
16705.000000  0.298068
16792.000000  0.291222
16853.000000  0.232316
16933.000000  0.283503
17015.000000  0.281917
17085.000000  0.272204
17166.000000  0.245287
17181.000000  0.262487
17244.000000  0.262426
17340.000000  0.284679
17438.000000  0.277351
17533.000000  0.295311
17576.000000  0.250373
17610.000000  0.280852
17616.000000  0.220025
17656.000000  0.266298
17702.000000  0.252906
17753.000000  0.194490
17793.000000  0.260129
17840.000000  0.262981
17915.000000  0.274837
17976.000000  0.265650
18046.000000  0.287764
18104.000000  0.261333
18154.000000  0.271113
18212.000000  0.255312
18262.000000  0.263522
18310.000000  0.264060
18360.000000  0.269869
18386.000000  0.250670
18455.000000  0.264309
18540.000000  0.274273
18628.000000  0.268672
18716.000000  0.303787
18798.000000  0.300680
18870.000000  0.259104
18954.000000  0.330123
19043.000000  0.270187
19122.000000  0.310552
19207.000000  0.312862
19272.000000  0.292004
19339.000000  0.250941
19417.000000  0.270556
19508.000000  0.318933
19584.000000  0.293699
19666.000000  0.279577
19743.000000  0.311510
19831.000000  0.320031
19899.000000  0.294948
19959.000000  0.286695
20028.000000  0.326587
20098.000000  0.287546
20190.000000  0.338833
20295.000000  0.340561
20381.000000  0.303987
20459.000000  0.328887
20563.000000  0.331325
20615.000000  0.264334
20725.000000  0.295207
20796.000000  0.315003
20883.000000  0.350376
20984.000000  0.334291
21057.000000  0.350949
21115.000000  0.344534
21190.000000  0.337005
21218.000000  0.288124
21304.000000  0.386651
21362.000000  0.434151
21394.000000  0.543479
21516.000000  0.288741
21597.000000  0.314266
21660.000000  0.288161
21746.000000  0.293559
21851.000000  0.338992
21934.000000  0.307180
22017.000000  0.319856
22115.000000  0.330490
22198.000000  0.329946
22271.000000  0.338233
22370.000000  0.325531
22450.000000  0.290079
22534.000000  0.342511
22622.000000  0.368838
22739.000000  0.377936
22834.000000  0.381873
22907.000000  0.378165
22988.000000  0.351383
23075.000000  0.356229
23147.000000  0.338377
23225.000000  0.378658
23312.000000  0.341804
23378.000000  0.339855
23465.000000  0.339927
23545.000000  0.367407
23616.000000  0.364335
23695.000000  0.345732
23778.000000  0.369912
23858.000000  0.342215
23943.000000  0.361010
24000.000000  0.280567
24081.000000  0.350512
24173.000000  0.342216
24278.000000  0.373018
24341.000000  0.337541
24419.000000  0.325737
24456.000000  0.338675
24523.000000  0.313058
24624.000000  0.353121
24793.000000  0.426400
24864.000000  0.446190
24912.000000  0.439700
24960.000000  0.486411
25007.000000  0.446325
25048.000000  0.437986
25118.000000  0.554906
25120.000000  0.503392
25189.000000  0.324731
25279.000000  0.331829
25325.000000  0.304377
25375.000000  0.325622
25383.000000  0.321080
25468.000000  0.372272
25547.000000  0.360847
25622.000000  0.307465
25702.000000  0.327279
25789.000000  0.382474
25804.000000  0.330590
25818.000000  0.308236
25916.000000  0.338180
25999.000000  0.286908
26089.000000  0.363598
26188.000000  0.373525
26285.000000  0.372709
26379.000000  0.377581
26389.000000  0.304014
26407.000000  0.322006
26478.000000  0.348162
26558.000000  0.347042
26646.000000  0.360473
26748.000000  0.399264
26828.000000  0.311341
26879.000000  0.355952
26939.000000  0.329101
26947.000000  0.336791
26971.000000  0.346844
26979.000000  0.286835
27051.000000  0.353418
27133.000000  0.296670
27235.000000  0.338878
27329.000000  0.381226
27405.000000  0.375887
27496.000000  0.376106
27579.000000  0.373980
27643.000000  0.330839
27726.000000  0.393501
27768.000000  0.388686
27770.000000  0.331646
27772.000000  0.323457
27775.000000  0.360764
27819.000000  0.359758
27895.000000  0.339067
27978.000000  0.332446
28088.000000  0.370314
28182.000000  0.353067
28222.000000  0.312141
28224.000000  0.334439
28293.000000  0.354305
28359.000000  0.357538
28431.000000  0.377842
28495.000000  0.371175
28577.000000  0.316003
28597.000000  0.292549
28633.000000  0.328531
28718.000000  0.343016
28776.000000  0.349135
28820.000000  0.348936
28861.000000  0.334295
28899.000000  0.348408
28944.000000  0.319806
29025.000000  0.314253
29141.000000  0.370314
29232.000000  0.324888
29328.000000  0.387442
29422.000000  0.352326
29519.000000  0.369112
29608.000000  0.379934
29694.000000  0.433482
29805.000000  0.434731
29885.000000  0.390506
29912.000000  0.357208
29993.000000  0.564412
30068.000000  0.428033
30154.000000  0.443013
30260.000000  0.416024
30333.000000  0.379681
30415.000000  0.410734
30501.000000  0.372276
30574.000000  0.402728
30648.000000  0.355524
30724.000000  0.410057
30806.000000  0.415479
30858.000000  0.415417
30917.000000  0.526542
30922.000000  0.358545
30977.000000  0.372070
31043.000000  0.318934
31109.000000  0.369995
31172.000000  0.378197
31240.000000  0.336250
31306.000000  0.424258
31390.000000  0.363475
31452.000000  0.383421
31510.000000  0.385465
31566.000000  0.401024
31622.000000  0.364741
31678.000000  0.390257
31734.000000  0.371092
31790.000000  0.387241
31849.000000  0.374013
31911.000000  0.397122
31970.000000  0.355145
32030.000000  0.341871
32091.000000  0.325787
32148.000000  0.398142
32216.000000  0.374068
32306.000000  0.394427
32370.000000  0.396411
32425.000000  0.370551
32477.000000  0.374731
32527.000000  0.366379
32592.000000  0.383524
32666.000000  0.399054
32719.000000  0.384970
32770.000000  0.353511
32834.000000  0.330512
32900.000000  0.397355
32930.000000  0.371341
32979.000000  0.397363
33059.000000  0.357287
33094.000000  0.383719
33139.000000  0.335012
33225.000000  0.388886
33282.000000  0.393405
33337.000000  0.389724
33408.000000  0.393541
33493.000000  0.375368
33571.000000  0.406041
33657.000000  0.409602
33727.000000  0.410510
33816.000000  0.407633
33843.000000  0.334447
33870.000000  0.386214
33908.000000  0.356337
33979.000000  0.394089
34050.000000  0.389721
34117.000000  0.363413
34149.000000  0.390047
34188.000000  0.371981
34304.000000  0.382157
34370.000000  0.389620
34419.000000  0.371064
34433.000000  0.380752
34480.000000  0.397258
34481.000000  0.355877
34564.000000  0.424297
34650.000000  0.420168
34738.000000  0.428124
34858.000000  0.439261
34889.000000  0.398433
34956.000000  0.426251
34988.000000  0.432748
34993.000000  0.383834
35046.000000  0.405493
35121.000000  0.408844
35202.000000  0.415562
35314.000000  0.422493
35395.000000  0.427937
35442.000000  0.419338
35514.000000  0.398774
35596.000000  0.421525
35681.000000  0.427517
35780.000000  0.431351
35856.000000  0.430657
35892.000000  0.388312
35938.000000  0.426222
35944.000000  0.431362
36001.000000  0.381047
36028.000000  0.393116
36076.000000  0.407586
36119.000000  0.405039
36127.000000  0.353854
36188.000000  0.415176
36289.000000  0.396331
36358.000000  0.418314
36401.000000  0.356574
36434.000000  0.376120
36503.000000  0.414482
36586.000000  0.423731
36677.000000  0.432701
36760.000000  0.416803
36810.000000  0.444095
36822.000000  0.394885
36886.000000  0.453651
36960.000000  0.419156
37006.000000  0.415443
37035.000000  0.415717
37119.000000  0.406687
37185.000000  0.412758
37259.000000  0.371324
37341.000000  0.413999
37454.000000  0.449876
37538.000000  0.437856
37619.000000  0.397930
37685.000000  0.374803
37730.000000  0.373522
37796.000000  0.436236
37877.000000  0.399489
37894.000000  0.418087
37970.000000  0.411273
37971.000000  0.405106
37984.000000  0.398247
37999.000000  0.393467
38041.000000  0.424482
38074.000000  0.382620
38166.000000  0.424745
38246.000000  0.428781
38278.000000  0.395682
38283.000000  0.398998
38286.000000  0.409514
38361.000000  0.437132
38470.000000  0.461743
38621.000000  0.443594
38701.000000  0.430638
38789.000000  0.464591
38879.000000  0.445367
38951.000000  0.454595
39022.000000  0.416594
39124.000000  0.458904
39195.000000  0.427494
39212.000000  0.401085
39271.000000  0.453998
39274.000000  0.378219
39282.000000  0.428803
39289.000000  0.416384
39335.000000  0.418077
39410.000000  0.440677
39514.000000  0.466384
39624.000000  0.481914
39689.000000  0.461256
39750.000000  0.463379
39793.000000  0.448679
39815.000000  0.445480
39890.000000  0.479534
39972.000000  0.428489
40043.000000  0.470740
40152.000000  0.424173
40223.000000  0.502526
40296.000000  0.484322
40394.000000  0.473980
40450.000000  0.462550
40536.000000  0.471584
40610.000000  0.486069
40684.000000  0.486869
40742.000000  0.494625
40744.000000  0.427101
40795.000000  0.511697
40812.000000  0.486723
40819.000000  0.396050
