995.000000  0.228773
1245.000000  0.182960
1469.000000  0.153352
1782.000000  0.217496
2088.000000  0.220758
2402.000000  0.256302
2743.000000  0.301119
3135.000000  0.313735
3411.000000  0.345600
3705.000000  0.253695
3984.000000  0.317242
4279.000000  0.315756
4558.000000  0.324020
4791.000000  0.247821
5082.000000  0.271058
5268.000000  0.208264
5448.000000  0.241780
5605.000000  0.251028
5622.000000  0.121529
5818.000000  0.281248
6003.000000  0.290799
6150.000000  0.231411
6345.000000  0.260197
6631.000000  0.276993
6958.000000  0.341778
7250.000000  0.386596
7510.000000  0.399243
7735.000000  0.394088
7908.000000  0.332200
8068.000000  0.273515
8217.000000  0.262257
8367.000000  0.298759
8482.000000  0.300213
8559.000000  0.306252
8653.000000  0.248886
8742.000000  0.268423
8904.000000  0.318250
9124.000000  0.466340
9417.000000  0.492042
9655.000000  0.597408
9884.000000  0.900804
10072.000000  0.790544
10233.000000  1.209111
10459.000000  0.285333
10567.000000  0.251862
10785.000000  0.340306
10966.000000  0.323014
11018.000000  0.297476
11198.000000  0.363678
11372.000000  0.301678
11519.000000  0.292123
11656.000000  0.222983
11747.000000  0.231771
11904.000000  0.243086
12032.000000  0.358508
12216.000000  0.381232
12400.000000  0.381057
12621.000000  0.401086
12855.000000  0.438791
13066.000000  0.391125
13316.000000  0.421189
13489.000000  0.286354
13653.000000  0.440293
13724.000000  0.384885
13945.000000  0.437051
14238.000000  0.369633
14526.000000  0.375732
14769.000000  0.347603
14980.000000  0.344064
15088.000000  0.318160
15214.000000  0.301176
15317.000000  0.299012
15483.000000  0.342497
15632.000000  0.359088
15762.000000  0.323156
15915.000000  0.335645
16024.000000  0.368241
16177.000000  0.379278
16307.000000  0.324395
16426.000000  0.305562
16449.000000  0.248525
16601.000000  0.299746
16778.000000  0.324507
16982.000000  0.327816
17245.000000  0.396618
17421.000000  0.475768
17589.000000  0.405872
17766.000000  0.478064
17893.000000  0.610554
18016.000000  0.530755
18198.000000  0.510993
18400.000000  0.537696
18615.000000  0.551575
18820.000000  0.708513
18946.000000  0.554228
19054.000000  0.520732
19153.000000  0.559965
19231.000000  0.703155
19327.000000  0.335160
19414.000000  0.294737
19508.000000  0.313474
19595.000000  0.279132
19682.000000  0.454052
19801.000000  0.509356
19928.000000  0.575644
20037.000000  0.533331
20210.000000  0.506951
20418.000000  0.494960
20710.000000  0.441861
20994.000000  0.725667
21241.000000  0.754927
21477.000000  0.614000
21643.000000  0.521002
21770.000000  0.514333
21944.000000  0.471340
22196.000000  0.621072
22432.000000  0.607979
22637.000000  0.511836
22709.000000  0.406581
22968.000000  0.487394
23253.000000  0.508709
23488.000000  0.509622
23742.000000  0.469507
24021.000000  0.475452
24300.000000  0.465974
24528.000000  0.479354
24688.000000  0.398494
24806.000000  0.402689
24946.000000  0.364911
25060.000000  0.362168
25255.000000  0.376542
25476.000000  0.483971
25623.000000  0.465571
25712.000000  0.447778
25812.000000  0.574271
25908.000000  0.545346
26050.000000  0.547811
26177.000000  0.552954
26327.000000  0.582435
26459.000000  0.944230
26572.000000  0.364980
26720.000000  0.383259
26898.000000  0.352769
27034.000000  0.369216
27162.000000  0.343454
27247.000000  0.706379
27328.000000  0.792576
27412.000000  0.838316
27563.000000  0.849028
27755.000000  0.711427
27995.000000  0.724149
28178.000000  0.784808
28330.000000  0.512748
28522.000000  0.506178
28757.000000  0.446127
28995.000000  0.498970
29225.000000  0.955960
29442.000000  0.938902
29621.000000  0.469101
29783.000000  0.434775
29940.000000  0.420576
30001.000000  0.419992
30211.000000  0.490004
30439.000000  0.949779
30657.000000  0.859863
30875.000000  0.699919
31135.000000  0.620994
31339.000000  0.402153
31463.000000  0.465669
31618.000000  0.435004
31844.000000  0.456353
32057.000000  0.489028
32307.000000  0.532488
32518.000000  0.596738
32753.000000  0.575247
32966.000000  0.530528
33174.000000  0.568682
33273.000000  0.472377
33386.000000  0.482738
33529.000000  0.487940
33626.000000  0.436301
33685.000000  0.416256
33771.000000  0.397252
33896.000000  0.524598
34046.000000  0.535248
34172.000000  0.599634
34303.000000  0.622892
34411.000000  0.431090
34496.000000  0.439733
34581.000000  0.401967
34670.000000  0.411648
34749.000000  0.408235
34776.000000  0.406534
34896.000000  0.459720
34988.000000  0.435446
35114.000000  0.468171
35229.000000  0.483780
35338.000000  0.509884
35375.000000  0.501198
35432.000000  0.503612
35491.000000  0.398662
35571.000000  0.392181
35636.000000  0.402289
35698.000000  0.509659
35782.000000  0.544666
35862.000000  0.601479
35912.000000  0.624437
36058.000000  0.639655
36126.000000  0.710786
36208.000000  0.416410
36274.000000  0.426095
36360.000000  0.446702
36421.000000  0.440027
36423.000000  0.398068
36547.000000  0.439618
36667.000000  0.398644
36733.000000  0.565954
36785.000000  0.524188
36841.000000  0.481679
36902.000000  0.525842
36947.000000  0.423320
36950.000000  0.368064
37056.000000  0.392762
37151.000000  0.414690
37188.000000  0.386995
37223.000000  0.520491
37294.000000  0.431215
37389.000000  0.470072
37492.000000  0.492087
37586.000000  0.450525
37689.000000  0.453317
37790.000000  0.449999
37898.000000  0.446695
38016.000000  0.444774
38211.000000  0.477903
38430.000000  0.539968
38693.000000  0.586547
38953.000000  0.578110
39151.000000  0.577449
39337.000000  0.540290
39495.000000  0.488816
39650.000000  0.491224
39797.000000  0.517959
39931.000000  0.517167
40088.000000  0.573682
40127.000000  0.513874
40165.000000  0.507019
40201.000000  0.495343
40258.000000  0.589090
40276.000000  0.546535
40323.000000  0.801517
40359.000000  0.392021
40444.000000  0.443819
40543.000000  0.449436
40631.000000  0.438818
40695.000000  0.443563
40763.000000  0.454236
40819.000000  0.416244
40820.000000  0.403332
