995.000000  61.196320
1273.000000  65.398140
1502.000000  58.698780
1764.000000  56.195621
2050.000000  60.526127
2301.000000  61.576187
2574.000000  62.310242
2934.000000  63.787121
3302.000000  67.297218
3563.000000  62.460674
3911.000000  65.031151
4004.000000  57.576797
4296.000000  60.504490
4518.000000  55.393272
4773.000000  54.356342
5008.000000  57.293491
5191.000000  46.370529
5378.000000  46.121391
5555.000000  44.347935
5694.000000  38.078239
5774.000000  33.622147
5886.000000  39.455334
6029.000000  43.029732
6220.000000  47.238838
6369.000000  45.473541
6530.000000  41.523289
6563.000000  27.865881
6739.000000  37.773521
7033.000000  45.918320
7278.000000  43.875599
7527.000000  50.485153
7773.000000  48.277412
7959.000000  36.761539
8123.000000  38.249062
8303.000000  36.018528
8453.000000  32.257217
8641.000000  42.580570
8859.000000  39.669361
9086.000000  42.838497
9268.000000  31.798721
9422.000000  29.931095
9500.000000  19.853371
9614.000000  30.987942
9727.000000  37.021721
9840.000000  31.614319
9918.000000  21.417736
9998.000000  21.866667
10082.000000  21.214060
10173.000000  25.785345
10309.000000  28.957085
10490.000000  31.862635
10747.000000  37.025257
10792.000000  20.106689
11005.000000  40.885048
11237.000000  39.055504
11511.000000  40.954136
11684.000000  34.917946
11902.000000  31.596893
12138.000000  32.517754
12297.000000  31.738550
12460.000000  26.235640
12616.000000  29.761347
12767.000000  29.971392
12968.000000  35.445744
13045.000000  27.829313
13273.000000  35.210930
13427.000000  31.710058
13497.000000  17.694954
13655.000000  20.637741
13695.000000  16.019154
13843.000000  22.701439
14023.000000  21.174757
14166.000000  20.970245
14224.000000  19.388456
14366.000000  24.790579
14534.000000  23.118933
14674.000000  24.649786
14820.000000  28.487143
15007.000000  29.697195
15221.000000  34.951477
15581.000000  38.687241
15913.000000  40.554123
16233.000000  37.653343
16519.000000  36.959663
16814.000000  37.255451
17108.000000  39.890034
17324.000000  32.165279
17522.000000  28.587685
17648.000000  27.103630
17801.000000  30.731859
18035.000000  41.397846
18278.000000  40.103077
18497.000000  35.178001
18710.000000  31.259575
18946.000000  28.977034
19183.000000  31.885900
19440.000000  32.772560
19722.000000  34.004887
20008.000000  36.011818
20260.000000  37.655056
20529.000000  39.266777
20819.000000  37.184422
21148.000000  42.198174
21455.000000  36.550858
21765.000000  37.121361
22110.000000  38.076317
22420.000000  35.463173
22697.000000  32.740902
22974.000000  37.142838
23168.000000  36.687832
23433.000000  43.802273
23614.000000  38.737209
23776.000000  35.600662
23911.000000  35.569702
24073.000000  51.441151
24239.000000  50.999271
24448.000000  53.148998
24657.000000  55.684029
24878.000000  59.361874
25057.000000  59.040081
25266.000000  34.005447
25429.000000  25.722343
25579.000000  21.933832
25728.000000  29.671494
25872.000000  26.720726
25992.000000  31.295517
26116.000000  39.133080
26226.000000  37.416626
26341.000000  40.273064
26494.000000  33.649002
26617.000000  40.217644
26754.000000  23.440804
26908.000000  35.165264
27127.000000  15.388468
27341.000000  43.221218
27540.000000  41.599918
27648.000000  43.049320
27793.000000  44.067772
28095.000000  37.804668
28367.000000  42.671810
28615.000000  39.102058
28898.000000  45.238106
29182.000000  48.163170
29354.000000  42.932178
29580.000000  55.182285
29745.000000  44.868465
29929.000000  47.589478
30136.000000  49.675083
30236.000000  30.903444
30337.000000  28.581888
30473.000000  33.113010
30580.000000  33.256878
30664.000000  32.093601
30784.000000  26.812119
30928.000000  34.164516
31107.000000  32.011269
31353.000000  37.411003
31679.000000  40.271515
31986.000000  40.295742
32223.000000  44.936848
32461.000000  48.461647
32641.000000  46.862873
32825.000000  48.091091
33038.000000  54.561741
33213.000000  65.979706
33373.000000  27.106068
33495.000000  26.060778
33563.000000  21.833303
33639.000000  22.729685
33724.000000  12.872624
33812.000000  56.528038
33907.000000  55.697006
33998.000000  55.918373
34085.000000  57.560314
34166.000000  13.637129
34247.000000  16.278851
34347.000000  16.918659
34504.000000  22.548441
34640.000000  18.364166
34713.000000  7.433449
34770.000000  10.454677
34896.000000  17.882479
35015.000000  20.590614
35094.000000  17.605272
35180.000000  14.669655
35288.000000  18.173977
35398.000000  16.766653
35596.000000  15.225002
35720.000000  14.070612
35755.000000  10.503979
35827.000000  10.899726
35876.000000  5.281287
35946.000000  11.958068
36043.000000  9.533630
36140.000000  8.215827
36232.000000  6.899664
36288.000000  5.577978
36362.000000  7.677396
36398.000000  3.795640
36466.000000  4.521526
36519.000000  6.822659
36642.000000  13.070388
36814.000000  19.151007
36909.000000  13.656280
37013.000000  15.422322
37114.000000  19.545088
37245.000000  23.805635
37353.000000  17.264778
37430.000000  13.538806
37520.000000  18.496775
37603.000000  12.197600
37829.000000  21.953691
37977.000000  35.450405
38130.000000  38.484142
38281.000000  35.353027
38364.000000  38.718433
38412.000000  43.517258
38507.000000  7.208550
38579.000000  10.980767
38694.000000  11.919323
38797.000000  9.007814
38844.000000  35.093353
38849.000000  28.949526
38863.000000  35.253136
38891.000000  37.168892
38921.000000  32.312759
38924.000000  26.134237
38935.000000  2.506262
38978.000000  8.748284
39061.000000  9.010835
39152.000000  9.034442
39269.000000  13.847296
39340.000000  14.958343
39518.000000  20.746532
39616.000000  18.587503
39786.000000  18.060465
39918.000000  19.870958
40113.000000  24.251417
40249.000000  24.135668
40281.000000  9.431057
40300.000000  11.343202
40322.000000  4.830813
40375.000000  3.745727
40487.000000  8.922824
40595.000000  11.001785
40722.000000  13.277767
40725.000000  0.922772
40801.000000  10.888388
40816.000000  6.916356
40818.000000  0.533299
