4067.000000  0.619699
4741.000000  0.510628
5498.000000  0.249805
6174.000000  0.292020
7228.000000  0.487958
8679.000000  0.680857
10205.000000  0.796890
11779.000000  0.894726
13134.000000  0.959494
14510.000000  0.841640
15868.000000  0.891075
16781.000000  0.566660
17613.000000  0.606597
18836.000000  0.859219
19672.000000  0.685484
20090.000000  0.546535
20476.000000  0.230017
21086.000000  0.474918
21524.000000  0.506734
22043.000000  0.518937
22607.000000  0.626816
23519.000000  0.700581
24386.000000  0.644248
25211.000000  0.448937
26019.000000  0.471493
26830.000000  0.515750
27676.000000  0.437946
28555.000000  0.460233
29727.000000  0.585214
30641.000000  0.591519
31497.000000  0.395307
33020.000000  0.607303
34301.000000  0.692758
35376.000000  0.857263
35937.000000  0.555302
36572.000000  0.385138
37121.000000  0.350553
37743.000000  0.425076
38289.000000  0.537268
38793.000000  0.342040
39419.000000  0.557588
40075.000000  0.435395
40946.000000  0.754356
41735.000000  0.773758
42544.000000  0.462636
43341.000000  0.549945
44300.000000  0.651513
45045.000000  0.693820
45868.000000  0.652522
46494.000000  0.519303
47315.000000  0.587610
47798.000000  0.486149
48587.000000  0.592733
49605.000000  1.181776
50618.000000  0.942345
51306.000000  0.692799
52362.000000  0.616203
53778.000000  0.778569
54745.000000  0.818888
55413.000000  0.425350
56605.000000  0.932472
57462.000000  1.321601
58184.000000  1.021802
59146.000000  0.511363
59918.000000  0.431398
60709.000000  0.486085
61458.000000  0.578897
62139.000000  0.448774
62675.000000  0.319176
62995.000000  0.108493
63547.000000  0.183443
64302.000000  0.663978
65329.000000  0.635978
66467.000000  0.739923
67982.000000  0.739486
69357.000000  0.777312
70293.000000  0.629045
71097.000000  0.501174
71726.000000  0.455933
72437.000000  0.421121
73279.000000  0.512458
74150.000000  0.721302
75161.000000  0.790872
76551.000000  1.111640
77828.000000  1.110821
78840.000000  1.287262
79885.000000  1.140591
81287.000000  1.320997
82720.000000  1.446373
84191.000000  1.761935
85766.000000  1.905523
86875.000000  1.201179
87939.000000  1.031250
89201.000000  0.983911
90163.000000  0.987316
91453.000000  1.209459
93123.000000  1.167698
94545.000000  1.170420
96291.000000  1.174525
97752.000000  1.078273
99280.000000  1.279623
100466.000000  1.119899
101605.000000  1.166928
103398.000000  1.295969
104898.000000  1.199681
106222.000000  1.154103
108069.000000  1.126425
109404.000000  1.030149
110467.000000  1.235444
111362.000000  0.957242
112081.000000  0.867868
113274.000000  1.727285
115201.000000  1.956083
116257.000000  1.585533
117765.000000  1.078624
118676.000000  0.851478
119564.000000  1.932158
120212.000000  2.055007
121370.000000  3.322714
123215.000000  1.468184
124037.000000  1.932944
125091.000000  1.891626
125605.000000  1.510483
126025.000000  1.313640
126860.000000  1.490423
127260.000000  1.632226
127929.000000  1.148434
128532.000000  0.981882
129284.000000  1.218773
130973.000000  1.291134
132179.000000  1.660419
133600.000000  1.257419
134909.000000  2.012642
136381.000000  3.287374
136898.000000  2.386526
137702.000000  3.775923
137839.000000  0.447893
138072.000000  0.106086
138517.000000  3.775347
139131.000000  3.950983
139428.000000  2.415231
141010.000000  2.735812
142236.000000  1.894211
142610.000000  0.237356
143135.000000  1.815925
143678.000000  1.247890
144620.000000  0.301253
145012.000000  0.213113
145666.000000  0.302164
146209.000000  0.247145
146739.000000  0.168290
146757.000000  0.232568
147306.000000  0.162320
147422.000000  0.293965
147584.000000  0.177204
147829.000000  0.095341
148227.000000  0.161362
148580.000000  0.202893
148931.000000  0.189597
149183.000000  0.421954
149441.000000  0.080761
149646.000000  0.099002
149938.000000  0.152553
150325.000000  0.142695
150724.000000  0.120706
150994.000000  0.144617
151228.000000  0.224421
151529.000000  0.379823
152002.000000  0.220236
152354.000000  0.198829
152796.000000  0.201374
153183.000000  0.285343
153333.000000  0.109527
153718.000000  0.091271
154096.000000  0.133232
154590.000000  0.158089
154906.000000  0.133858
155113.000000  0.060614
155337.000000  0.133041
155388.000000  0.256373
155812.000000  0.135860
156204.000000  0.228752
156579.000000  0.212975
156709.000000  0.139532
157191.000000  0.123113
157789.000000  0.251031
158469.000000  0.322883
158819.000000  0.328562
159661.000000  0.401424
160266.000000  0.387305
160499.000000  0.206670
160501.000000  0.002556
160513.000000  0.010058
