576.000000  0.165517
714.000000  0.153224
898.000000  0.161017
1073.000000  0.168593
1254.000000  0.195307
1357.000000  0.172107
1516.000000  0.152553
1642.000000  0.133037
1795.000000  0.161955
1999.000000  0.192612
2245.000000  0.230935
2486.000000  0.252273
2733.000000  0.232871
2940.000000  0.243554
3130.000000  0.246141
3361.000000  0.256646
3558.000000  0.252565
3682.000000  0.190291
3735.000000  0.160335
3793.000000  0.155367
3858.000000  0.176861
3962.000000  0.202621
4028.000000  0.190331
4107.000000  0.152288
4220.000000  0.178142
4360.000000  0.185651
4497.000000  0.213552
4638.000000  0.156825
4792.000000  0.210195
4977.000000  0.211256
5113.000000  0.210308
5318.000000  0.237947
5500.000000  0.215177
5663.000000  0.210797
5829.000000  0.207864
5992.000000  0.221172
6144.000000  0.225058
6238.000000  0.203013
6283.000000  0.189962
6340.000000  0.159554
6481.000000  0.233223
6685.000000  0.242426
6835.000000  0.251902
6965.000000  0.271070
7121.000000  0.264418
7270.000000  0.408913
7427.000000  0.413848
7606.000000  0.390621
7789.000000  0.304840
7937.000000  0.363102
8137.000000  0.417110
8366.000000  0.482543
8624.000000  0.393186
8807.000000  0.259600
8821.000000  0.150546
8984.000000  0.616652
9144.000000  0.525935
9339.000000  0.775389
9548.000000  0.689390
9755.000000  0.336524
9985.000000  0.367429
10179.000000  0.315669
10358.000000  0.335228
10574.000000  0.350615
10817.000000  0.355939
11044.000000  0.374357
11277.000000  0.421870
11446.000000  0.328573
11561.000000  0.319945
11694.000000  0.352832
11811.000000  0.351942
11948.000000  0.302713
12067.000000  0.307196
12220.000000  0.324874
12340.000000  0.385228
12485.000000  0.434075
12651.000000  0.347556
12799.000000  0.326359
12961.000000  0.611782
13131.000000  0.426947
13303.000000  0.352542
13427.000000  0.339277
13590.000000  0.335298
13732.000000  0.450104
13820.000000  0.287947
13945.000000  0.456115
14022.000000  0.415434
14105.000000  0.301949
14199.000000  0.460730
14337.000000  0.431242
14526.000000  0.481003
14723.000000  0.439752
14918.000000  0.469196
15120.000000  0.439155
15285.000000  0.445103
15429.000000  0.325413
15538.000000  0.351977
15690.000000  0.382208
15913.000000  0.363343
16082.000000  0.383668
16210.000000  0.356473
16356.000000  0.360040
16541.000000  0.443612
16646.000000  0.388311
16778.000000  0.454458
16921.000000  0.439400
17040.000000  0.319968
17149.000000  0.287047
17237.000000  0.282739
17371.000000  0.312868
17493.000000  0.385234
17656.000000  0.474161
17848.000000  0.471005
18040.000000  0.470539
18185.000000  0.421310
18387.000000  0.476989
18573.000000  0.493239
18748.000000  0.506078
18914.000000  0.605392
19032.000000  0.548357
19135.000000  0.359234
19226.000000  0.322386
19286.000000  0.309989
19329.000000  0.284201
19367.000000  0.301474
19491.000000  0.462438
19560.000000  0.287013
19630.000000  0.274210
19744.000000  0.303805
19840.000000  0.293580
19949.000000  0.283489
20069.000000  0.301984
20187.000000  0.303087
20292.000000  0.286733
20438.000000  0.278094
20457.000000  0.242700
20591.000000  0.322873
20734.000000  0.332440
20920.000000  0.351025
21068.000000  0.359196
21198.000000  0.354602
21228.000000  0.286181
21394.000000  0.359857
21532.000000  0.374211
21670.000000  0.340176
21812.000000  0.369484
21940.000000  0.357155
22014.000000  0.328128
22095.000000  0.341902
22153.000000  0.346695
22237.000000  0.388467
22398.000000  0.385778
22577.000000  0.390046
22770.000000  0.384065
22953.000000  0.404593
23084.000000  0.363491
23140.000000  0.308254
23291.000000  0.378866
23346.000000  0.320963
23521.000000  0.398674
23650.000000  0.383248
23762.000000  0.379821
23920.000000  0.409814
24089.000000  0.434239
24283.000000  0.465931
24481.000000  0.432477
24640.000000  0.424181
24780.000000  0.413130
24884.000000  0.386158
25045.000000  0.414932
25198.000000  0.431793
25405.000000  0.492502
25530.000000  0.457957
25641.000000  0.443223
25762.000000  0.447869
25866.000000  0.429569
25907.000000  0.344593
25971.000000  0.328057
26025.000000  0.323133
26131.000000  0.391723
26197.000000  0.385432
26249.000000  0.393014
26320.000000  0.332536
26430.000000  0.329206
26481.000000  0.354696
26488.000000  0.329841
26499.000000  0.313595
26570.000000  0.326858
26649.000000  0.343419
26731.000000  0.362252
26837.000000  0.359847
26920.000000  0.363414
26928.000000  0.334572
26975.000000  0.315296
27040.000000  0.337473
27132.000000  0.346238
27157.000000  0.336576
27189.000000  0.325293
27204.000000  0.323364
27300.000000  0.473063
27534.000000  0.537311
27660.000000  0.517112
27870.000000  0.565581
28021.000000  0.530809
28169.000000  0.630522
28335.000000  0.670963
28474.000000  0.620307
28583.000000  0.695300
28666.000000  0.348688
28746.000000  0.376115
28845.000000  0.349502
28927.000000  0.363247
28988.000000  0.396528
29031.000000  0.673455
29089.000000  0.666996
29198.000000  0.749723
29239.000000  0.647200
29337.000000  0.908821
29432.000000  0.358286
29505.000000  0.376896
29569.000000  0.452356
29681.000000  0.955789
29738.000000  0.588724
29845.000000  0.818167
29911.000000  0.647268
29959.000000  0.527846
30102.000000  0.375930
30142.000000  0.305198
30230.000000  0.347714
30300.000000  0.363750
30484.000000  0.427551
30640.000000  0.427008
30720.000000  0.394005
30846.000000  0.414363
30940.000000  0.407697
31051.000000  0.400516
31208.000000  0.425438
31321.000000  0.432133
31425.000000  0.419091
31580.000000  0.483046
31769.000000  0.468265
31902.000000  0.467955
31997.000000  0.438853
32067.000000  0.398271
32134.000000  0.399450
32175.000000  0.394165
32214.000000  0.392313
32259.000000  0.385326
32262.000000  0.331631
32285.000000  0.347328
32334.000000  0.361440
32410.000000  0.374940
32443.000000  0.327299
32539.000000  0.368088
32654.000000  0.365594
32784.000000  0.373155
32939.000000  0.430704
33065.000000  0.435183
33173.000000  0.438183
33230.000000  0.406235
33391.000000  0.434643
33493.000000  0.412677
33591.000000  0.405363
33708.000000  0.417571
33807.000000  0.408519
33822.000000  0.377922
33841.000000  0.371556
33912.000000  0.370299
33980.000000  0.371810
34066.000000  0.412701
34213.000000  0.427593
34309.000000  0.418153
34432.000000  0.436134
34565.000000  0.422413
34700.000000  0.439445
34717.000000  0.360520
34793.000000  0.367620
34844.000000  0.354194
34921.000000  0.382988
35020.000000  0.401380
35049.000000  0.360635
35153.000000  0.409462
35233.000000  0.417355
35351.000000  0.421885
35498.000000  0.448655
35618.000000  0.428656
35739.000000  0.433287
35837.000000  0.432159
35916.000000  0.463269
36009.000000  0.432198
36107.000000  0.446463
36266.000000  0.468508
36380.000000  0.463393
36533.000000  0.489723
36708.000000  0.529849
36850.000000  0.483839
36938.000000  0.469207
37047.000000  0.512428
37142.000000  0.442111
37229.000000  0.458382
37324.000000  0.449140
37359.000000  0.408359
37433.000000  0.467428
37517.000000  0.438121
37604.000000  0.446281
37690.000000  0.464552
37747.000000  0.443080
37799.000000  0.414384
37831.000000  0.420717
37895.000000  0.452082
37997.000000  0.467465
38192.000000  0.596315
38410.000000  0.624495
38609.000000  0.704805
38651.000000  0.686456
38716.000000  0.480323
38790.000000  0.494518
38839.000000  0.544295
38934.000000  0.557703
39035.000000  0.576258
39133.000000  0.518352
39239.000000  0.504955
39408.000000  0.642713
39625.000000  0.596658
39750.000000  0.485596
39918.000000  0.490144
40000.000000  0.465870
40019.000000  0.418022
40079.000000  0.446833
40134.000000  0.434723
40137.000000  0.399895
40209.000000  0.675987
40221.000000  0.715172
40299.000000  0.457728
40357.000000  0.436822
40392.000000  0.421187
40427.000000  0.401297
40442.000000  0.404202
40515.000000  0.423780
40598.000000  0.425305
40619.000000  0.412190
40679.000000  0.421629
40683.000000  0.397272
40693.000000  0.395852
40696.000000  0.402379
40734.000000  0.407117
40760.000000  0.400412
40795.000000  0.412215
40799.000000  0.502074
40802.000000  0.412262
40808.000000  0.441698
40819.000000  0.418723
40822.000000  0.402800
