995.000000  70.884155
1243.000000  77.608879
1535.000000  78.643951
1791.000000  74.989342
2063.000000  74.649826
2317.000000  74.447281
2511.000000  65.765671
2768.000000  69.924118
2825.000000  64.950821
3096.000000  73.291855
3416.000000  79.440414
3710.000000  74.048004
3946.000000  72.611916
4187.000000  72.488663
4440.000000  74.134773
4682.000000  72.761673
4970.000000  75.663918
5217.000000  71.700005
5454.000000  73.039658
5687.000000  68.917732
5923.000000  71.119766
6131.000000  67.660400
6328.000000  66.178146
6591.000000  66.717690
6831.000000  60.276897
7043.000000  63.661789
7304.000000  64.545479
7581.000000  63.780529
7872.000000  64.413399
8149.000000  65.941711
8227.000000  55.492561
8524.000000  65.830971
8806.000000  66.541130
9065.000000  61.323185
9311.000000  53.928925
9472.000000  56.939583
9623.000000  55.514866
9762.000000  51.581062
9871.000000  33.607746
10013.000000  28.825417
10211.000000  52.580135
10439.000000  56.809479
10673.000000  60.670044
10897.000000  58.430904
11081.000000  53.354084
11300.000000  54.731770
11342.000000  25.986921
11539.000000  53.572487
11646.000000  57.649292
11736.000000  23.516010
11918.000000  50.810074
12156.000000  35.110001
12331.000000  41.734676
12393.000000  40.025303
12663.000000  47.598602
12855.000000  59.409027
13047.000000  64.136765
13283.000000  48.000816
13524.000000  57.969540
13755.000000  56.501625
13981.000000  54.564087
14169.000000  39.530090
14412.000000  52.725388
14578.000000  35.767128
14696.000000  30.187807
14837.000000  32.486210
15006.000000  36.209900
15205.000000  45.737873
15417.000000  43.272842
15604.000000  44.279518
15778.000000  43.297234
15918.000000  41.344177
16047.000000  41.700165
16209.000000  42.042156
16419.000000  44.550182
16669.000000  53.647602
16844.000000  44.762676
16980.000000  40.570843
17017.000000  31.175882
17128.000000  43.142994
17226.000000  30.696859
17347.000000  30.130381
17504.000000  35.092289
17653.000000  29.870039
17756.000000  42.520939
17834.000000  43.305023
17957.000000  43.944778
18177.000000  54.681755
18406.000000  59.582077
18616.000000  63.719265
18839.000000  61.151306
19009.000000  63.541676
19178.000000  62.131721
19269.000000  57.423496
19484.000000  62.932228
19701.000000  63.510597
19954.000000  55.012184
20178.000000  48.529823
20352.000000  60.280109
20430.000000  53.734909
20673.000000  57.263256
20930.000000  56.988071
21040.000000  36.264557
21185.000000  32.304893
21321.000000  38.563015
21465.000000  28.962427
21588.000000  37.061996
21746.000000  47.969749
21843.000000  52.545536
22000.000000  30.346819
22150.000000  40.084667
22306.000000  35.272369
22353.000000  29.821220
22508.000000  50.183971
22783.000000  54.514183
23044.000000  51.451492
23257.000000  45.513474
23487.000000  36.053478
23629.000000  38.012177
23809.000000  39.144947
23963.000000  39.294605
24165.000000  59.029381
24371.000000  59.961040
24629.000000  66.082161
24852.000000  67.257179
25031.000000  60.111118
25261.000000  62.880886
25484.000000  61.746494
25699.000000  47.907192
25878.000000  57.489372
26084.000000  46.074413
26300.000000  60.784946
26397.000000  57.283028
26478.000000  47.493145
26537.000000  66.763756
26594.000000  53.320312
26642.000000  46.074558
26796.000000  55.546154
26972.000000  46.616684
27240.000000  49.100220
27415.000000  54.554333
27615.000000  51.744080
27793.000000  48.274612
27990.000000  50.321835
28199.000000  49.026104
28462.000000  62.042896
28665.000000  57.108021
28824.000000  53.597416
28980.000000  50.480282
29176.000000  59.578335
29399.000000  69.231270
29596.000000  69.347549
29788.000000  30.274530
29978.000000  24.903921
30155.000000  29.190523
30364.000000  32.780174
30562.000000  35.773762
30756.000000  46.728390
31024.000000  46.486057
31194.000000  31.958363
31352.000000  27.473482
31519.000000  31.939274
31715.000000  37.881832
31968.000000  33.126419
32219.000000  28.395426
32424.000000  31.574631
32647.000000  33.255943
32835.000000  26.099895
33101.000000  33.548050
33303.000000  33.635338
33444.000000  30.023256
33630.000000  30.178991
33818.000000  42.315701
33847.000000  27.984470
33924.000000  36.615921
34035.000000  12.285700
34183.000000  14.740762
34247.000000  11.211487
34360.000000  25.006723
34608.000000  32.888206
34811.000000  32.273003
35007.000000  28.345697
35224.000000  29.861275
35417.000000  27.892410
35535.000000  25.504452
35617.000000  18.438101
35711.000000  17.565788
35753.000000  12.181122
35876.000000  12.967558
35974.000000  20.888317
36045.000000  19.386829
36187.000000  29.142097
36396.000000  36.015530
36508.000000  20.035345
36640.000000  20.747128
36746.000000  18.086414
36825.000000  11.936396
36951.000000  24.359461
36996.000000  17.647274
37070.000000  23.932716
37085.000000  14.821508
37159.000000  6.653477
37289.000000  29.827318
37397.000000  32.616940
37477.000000  37.868896
37560.000000  34.050362
37684.000000  70.158882
37774.000000  43.400707
37827.000000  42.292847
37888.000000  46.331875
37901.000000  2.040820
37960.000000  4.572734
37971.000000  5.520589
38063.000000  14.431087
38142.000000  11.670739
38167.000000  6.398420
38229.000000  7.662805
38301.000000  7.923492
38322.000000  5.818799
38386.000000  5.064766
38450.000000  6.920031
38506.000000  8.786469
38572.000000  4.632765
38633.000000  4.161400
38644.000000  1.361334
38684.000000  4.716399
38715.000000  5.550942
38804.000000  6.267814
38887.000000  11.375452
38988.000000  13.071907
39071.000000  14.585646
39117.000000  7.741450
39227.000000  8.010375
39298.000000  6.686051
39349.000000  4.851373
39414.000000  14.435333
39503.000000  22.774652
39582.000000  25.839737
39692.000000  20.260847
39761.000000  11.635670
39817.000000  7.358347
39856.000000  9.500067
39886.000000  9.444020
39987.000000  9.881943
40057.000000  10.541270
40127.000000  11.586839
40206.000000  15.350432
40283.000000  19.244730
40309.000000  16.370687
40323.000000  2.625441
40407.000000  7.163183
40499.000000  9.903639
40564.000000  13.924013
40657.000000  13.276831
40732.000000  11.873546
40793.000000  10.284292
40818.000000  5.619845
