269.000000  0.072105
319.000000  -0.028868
337.000000  -0.022378
365.000000  0.012786
417.000000  0.012007
458.000000  0.015516
527.000000  -0.000003
572.000000  -0.021773
626.000000  0.027486
674.000000  -0.010447
726.000000  0.007917
771.000000  -0.013764
854.000000  0.036466
936.000000  -0.017783
1029.000000  0.004137
1095.000000  0.006351
1139.000000  -0.012089
1169.000000  -0.020065
1214.000000  0.000350
1255.000000  0.007300
1303.000000  0.016282
1356.000000  -0.007326
1394.000000  -0.005215
1429.000000  0.025548
1462.000000  -0.002648
1491.000000  -0.014822
1524.000000  0.000448
1547.000000  -0.017676
1584.000000  0.019536
1618.000000  -0.012041
1630.000000  -0.010856
1676.000000  0.005257
1717.000000  0.004195
1750.000000  -0.001447
1774.000000  0.002960
1816.000000  0.001614
1852.000000  0.002981
1874.000000  -0.007479
1910.000000  0.015732
1949.000000  -0.008242
1963.000000  -0.005606
1988.000000  0.000490
2036.000000  0.024598
2081.000000  -0.009446
2132.000000  0.001094
2192.000000  0.008967
2232.000000  -0.016376
2272.000000  0.019145
2321.000000  -0.017575
2379.000000  0.010122
2429.000000  -0.007776
2461.000000  0.003165
2507.000000  -0.000935
2531.000000  -0.020344
2568.000000  0.011572
2590.000000  -0.002472
2626.000000  0.006200
2626.000000  -0.032071
2664.000000  0.029549
2705.000000  0.008273
2746.000000  -0.001578
2791.000000  0.020975
2829.000000  -0.005428
2858.000000  -0.001138
2888.000000  -0.012072
2888.000000  -0.030133
2914.000000  0.035918
2943.000000  0.002538
2988.000000  -0.008854
3001.000000  -0.017200
3031.000000  0.008402
3071.000000  0.014084
3076.000000  -0.012741
3115.000000  0.020349
3144.000000  0.031000
3171.000000  -0.029834
3199.000000  0.027338
3242.000000  0.001713
3281.000000  -0.001707
3325.000000  0.001165
3358.000000  -0.026941
3404.000000  -0.005135
3431.000000  -0.009771
3451.000000  0.039258
3485.000000  -0.035853
3509.000000  0.022669
3511.000000  -0.050596
3525.000000  0.082914
3565.000000  -0.056964
3588.000000  -0.004058
3610.000000  0.011786
3651.000000  -0.020173
3686.000000  -0.001952
3734.000000  0.010090
3773.000000  0.028236
3818.000000  -0.028046
3823.000000  -0.028463
3855.000000  0.038704
3879.000000  -0.014785
3904.000000  -0.001709
3934.000000  0.019457
3962.000000  -0.013105
3984.000000  -0.002819
4006.000000  -0.003398
4026.000000  -0.002142
4057.000000  -0.000521
4097.000000  0.007599
4139.000000  -0.007529
4185.000000  0.013423
4239.000000  0.020129
4283.000000  0.026759
4323.000000  -0.011569
4332.000000  -0.010924
4364.000000  0.053958
4395.000000  -0.000371
4432.000000  0.014003
4471.000000  -0.018775
4501.000000  -0.056174
4519.000000  -0.017270
4547.000000  0.009684
4582.000000  0.018153
4633.000000  -0.009266
4666.000000  -0.009217
4722.000000  0.019110
4777.000000  0.009781
4817.000000  0.012652
4861.000000  -0.014812
4915.000000  0.033175
4968.000000  -0.002364
5037.000000  0.005780
5091.000000  0.001679
5145.000000  -0.029846
5203.000000  0.029111
5223.000000  -0.040426
5268.000000  0.009973
5324.000000  0.001663
5358.000000  -0.008034
5376.000000  -0.008122
5405.000000  0.019541
5449.000000  -0.000156
5470.000000  -0.005014
5501.000000  -0.025344
5541.000000  0.015390
5588.000000  0.033122
5619.000000  0.002977
5666.000000  -0.020039
5666.000000  -0.044248
5725.000000  0.102167
5771.000000  0.027588
5826.000000  0.008002
5862.000000  -0.094847
5879.000000  -0.020055
5901.000000  0.019347
5935.000000  -0.021465
5961.000000  0.025157
5985.000000  -0.006111
6020.000000  0.011519
6036.000000  -0.015516
6073.000000  0.021586
6109.000000  0.015547
6143.000000  0.012192
6188.000000  0.018716
6218.000000  -0.023428
6235.000000  -0.008731
6263.000000  0.002590
6279.000000  -0.053546
6296.000000  0.035864
6328.000000  0.009437
6356.000000  0.020901
6392.000000  0.007596
6435.000000  0.017791
6463.000000  -0.012574
6493.000000  0.020738
6507.000000  -0.051961
6522.000000  0.045735
6535.000000  -0.056177
6551.000000  0.000804
6576.000000  0.006797
6591.000000  -0.008553
6622.000000  0.014250
6638.000000  -0.014125
6666.000000  0.000797
6699.000000  0.035935
6774.000000  -0.014560
6776.000000  -0.029978
6819.000000  0.025493
6856.000000  -0.024545
6898.000000  0.009605
6909.000000  -0.060885
6940.000000  0.072840
6978.000000  -0.016007
7028.000000  0.024870
7080.000000  0.004537
7123.000000  -0.061822
7136.000000  -0.005432
7160.000000  0.005771
7171.000000  -0.020185
7196.000000  0.008208
7217.000000  0.005603
7235.000000  -0.008046
7262.000000  -0.004854
7281.000000  0.003586
7300.000000  0.013138
7327.000000  -0.003183
7351.000000  -0.005481
7353.000000  -0.009066
7377.000000  0.017588
7403.000000  0.002595
7419.000000  0.062487
7434.000000  -0.082698
7456.000000  0.094222
7479.000000  -0.011991
7509.000000  0.004351
7524.000000  -0.076759
7547.000000  0.077241
7580.000000  0.001282
7607.000000  0.006782
7633.000000  -0.008127
7653.000000  -0.008765
7671.000000  0.029455
7683.000000  -0.014143
7706.000000  0.007819
7750.000000  0.077790
7787.000000  -0.164247
7793.000000  -0.002867
7824.000000  0.005071
7853.000000  0.017026
7877.000000  -0.029801
7907.000000  -0.003410
7946.000000  0.018133
7982.000000  -0.008948
8019.000000  0.001052
8052.000000  0.004548
8098.000000  0.042961
8155.000000  -0.003912
8221.000000  -0.019656
8271.000000  0.022512
8271.000000  -0.053195
8331.000000  0.052519
8365.000000  0.003772
8414.000000  0.014275
8452.000000  -0.035800
8487.000000  -0.009928
8577.000000  0.015976
8645.000000  0.009281
8710.000000  -0.001650
8713.000000  -0.048719
8772.000000  0.037228
8787.000000  -0.026235
8815.000000  0.017167
8833.000000  -0.013474
8858.000000  0.024138
8877.000000  -0.031608
8900.000000  -0.004853
8927.000000  0.028647
8949.000000  -0.010276
8982.000000  -0.002800
9002.000000  0.006320
9013.000000  -0.009475
9026.000000  -0.004829
9036.000000  0.009188
9062.000000  0.008708
9083.000000  -0.012084
9111.000000  0.023407
9138.000000  0.008036
9152.000000  -0.039099
9179.000000  0.015877
9198.000000  -0.011097
9228.000000  -0.001025
9244.000000  0.007814
9259.000000  -0.015181
9278.000000  0.033991
9293.000000  -0.016607
9309.000000  0.031787
9333.000000  -0.019321
9352.000000  -0.028571
9379.000000  -0.003172
9390.000000  0.028586
9412.000000  0.001796
9453.000000  0.027090
9480.000000  -0.049675
9502.000000  0.018177
9532.000000  -0.003085
9557.000000  0.000873
9575.000000  -0.009878
9602.000000  0.002262
9631.000000  0.021282
9646.000000  0.032128
9685.000000  -0.011035
9704.000000  -0.031554
9718.000000  -0.003490
9756.000000  0.021557
9786.000000  0.006285
9798.000000  -0.001661
9804.000000  0.005229
9830.000000  0.027260
9852.000000  0.053103
9867.000000  -0.127877
9874.000000  0.005700
9886.000000  -0.007864
9907.000000  0.002270
9925.000000  0.005925
9961.000000  0.012847
10000.000000  -0.006469
10016.000000  -0.013125
10047.000000  0.014006
10071.000000  -0.004425
10087.000000  -0.007190
10091.000000  -0.005757
10097.000000  0.007305
10100.000000  -0.001218
10141.000000  -0.002861
10153.000000  -0.005489
10173.000000  0.014661
10195.000000  -0.004793
10199.000000  -0.003587
10218.000000  0.010216
10223.000000  -0.007205
10244.000000  -0.002603
10262.000000  0.000729
10277.000000  0.006967
10292.000000  0.002535
10322.000000  0.013777
10335.000000  -0.020872
10342.000000  -0.007297
10359.000000  0.174225
10366.000000  -0.152869
10377.000000  -0.000800
10378.000000  -0.014298
