269.000000  0.003391
319.000000  0.003690
337.000000  0.004046
365.000000  0.004770
417.000000  0.003387
458.000000  0.004281
527.000000  0.003475
572.000000  0.003459
626.000000  0.003559
674.000000  0.003504
726.000000  0.004111
771.000000  0.003480
854.000000  0.004085
936.000000  0.005122
1029.000000  0.004240
1095.000000  0.004860
1139.000000  0.004697
1169.000000  0.003962
1214.000000  0.004133
1255.000000  0.003783
1303.000000  0.007006
1356.000000  0.004667
1394.000000  0.004452
1429.000000  0.005407
1462.000000  0.005021
1491.000000  0.004047
1524.000000  0.003967
1547.000000  0.004698
1584.000000  0.004895
1618.000000  0.005233
1630.000000  0.004684
1676.000000  0.005059
1717.000000  0.005161
1750.000000  0.005019
1774.000000  0.004896
1816.000000  0.005988
1852.000000  0.005632
1874.000000  0.005040
1910.000000  0.006312
1949.000000  0.007236
1963.000000  0.005736
1988.000000  0.005798
2036.000000  0.006330
2081.000000  0.006220
2132.000000  0.006271
2192.000000  0.007112
2232.000000  0.010589
2272.000000  0.016709
2321.000000  0.009345
2379.000000  0.010587
2429.000000  0.010978
2461.000000  0.007734
2507.000000  0.015074
2531.000000  0.006569
2568.000000  0.007079
2590.000000  0.008630
2626.000000  0.010893
2626.000000  0.011224
2664.000000  0.009543
2705.000000  0.010331
2746.000000  0.009809
2791.000000  0.014778
2829.000000  0.020511
2858.000000  0.016152
2888.000000  0.014305
2888.000000  0.014974
2914.000000  0.013177
2943.000000  0.022919
2988.000000  0.012763
3001.000000  0.012876
3031.000000  0.012893
3071.000000  0.020624
3076.000000  0.022309
3115.000000  0.010779
3144.000000  0.057721
3171.000000  0.015869
3199.000000  0.018070
3242.000000  0.016279
3281.000000  0.011880
3325.000000  0.013951
3358.000000  0.012584
3404.000000  0.007074
3431.000000  0.008878
3451.000000  0.048244
3485.000000  0.008096
3509.000000  0.009307
3511.000000  0.012771
3525.000000  0.057101
3565.000000  0.008546
3588.000000  0.007295
3610.000000  0.008264
3651.000000  0.006315
3686.000000  0.007530
3734.000000  0.006778
3773.000000  0.014472
3818.000000  0.005786
3823.000000  0.007541
3855.000000  0.008068
3879.000000  0.006401
3904.000000  0.006943
3934.000000  0.006471
3962.000000  0.005991
3984.000000  0.011778
4006.000000  0.005784
4026.000000  0.006939
4057.000000  0.007899
4097.000000  0.007593
4139.000000  0.006342
4185.000000  0.009485
4239.000000  0.007251
4283.000000  0.046007
4323.000000  0.040251
4332.000000  0.051282
4364.000000  0.080973
4395.000000  0.092582
4432.000000  0.096551
4471.000000  0.076372
4501.000000  0.019133
4519.000000  0.019790
4547.000000  0.022263
4582.000000  0.030814
4633.000000  0.017264
4666.000000  0.010066
4722.000000  0.012843
4777.000000  0.009722
4817.000000  0.014615
4861.000000  0.009472
4915.000000  0.011546
4968.000000  0.012304
5037.000000  0.009201
5091.000000  0.013684
5145.000000  0.011910
5203.000000  0.024539
5223.000000  0.014687
5268.000000  0.009912
5324.000000  0.014143
5358.000000  0.013122
5376.000000  0.015269
5405.000000  0.019057
5449.000000  0.015016
5470.000000  0.019338
5501.000000  0.013423
5541.000000  0.011966
5588.000000  0.020917
5619.000000  0.036373
5666.000000  0.018913
5666.000000  0.019595
5725.000000  0.077148
5771.000000  0.091822
5826.000000  0.089414
5862.000000  0.016943
5879.000000  0.009997
5901.000000  0.009484
5935.000000  0.018801
5961.000000  0.017402
5985.000000  0.010633
6020.000000  0.016744
6036.000000  0.009423
6073.000000  0.010345
6109.000000  0.009014
6143.000000  0.011758
6188.000000  0.009370
6218.000000  0.009642
6235.000000  0.008691
6263.000000  0.009066
6279.000000  0.008044
6296.000000  0.007973
6328.000000  0.007992
6356.000000  0.016045
6392.000000  0.007662
6435.000000  0.007870
6463.000000  0.008304
6493.000000  0.007907
6507.000000  0.006870
6522.000000  0.006858
6535.000000  0.007111
6551.000000  0.006490
6576.000000  0.005201
6591.000000  0.005700
6622.000000  0.005242
6638.000000  0.004911
6666.000000  0.009108
6699.000000  0.005525
6774.000000  0.005767
6776.000000  0.006399
6819.000000  0.005089
6856.000000  0.005334
6898.000000  0.005348
6909.000000  0.005707
6940.000000  0.005556
6978.000000  0.006011
7028.000000  0.005234
7080.000000  0.008440
7123.000000  0.005221
7136.000000  0.005242
7160.000000  0.006177
7171.000000  0.005936
7196.000000  0.008215
7217.000000  0.005385
7235.000000  0.005306
7262.000000  0.005420
7281.000000  0.004909
7300.000000  0.005453
7327.000000  0.005661
7351.000000  0.004893
7353.000000  0.004987
7377.000000  0.005628
7403.000000  0.005768
7419.000000  0.006065
7434.000000  0.005783
7456.000000  0.004817
7479.000000  0.004745
7509.000000  0.004815
7524.000000  0.004946
7547.000000  0.005295
7580.000000  0.004653
7607.000000  0.004200
7633.000000  0.004286
7653.000000  0.004757
7671.000000  0.004593
7683.000000  0.003924
7706.000000  0.006567
7750.000000  0.003688
7787.000000  0.004477
7793.000000  0.004679
7824.000000  0.003909
7853.000000  0.004434
7877.000000  0.003872
7907.000000  0.003986
7946.000000  0.004789
7982.000000  0.004565
8019.000000  0.003959
8052.000000  0.006210
8098.000000  0.004522
8155.000000  0.004680
8221.000000  0.004784
8271.000000  0.004232
8271.000000  0.006933
8331.000000  0.005152
8365.000000  0.004362
8414.000000  0.008327
8452.000000  0.004682
8487.000000  0.005332
8577.000000  0.005556
8645.000000  0.004834
8710.000000  0.005449
8713.000000  0.005400
8772.000000  0.004842
8787.000000  0.004677
8815.000000  0.004885
8833.000000  0.004487
8858.000000  0.009425
8877.000000  0.004914
8900.000000  0.004422
8927.000000  0.004390
8949.000000  0.004587
8982.000000  0.005351
9002.000000  0.005184
9013.000000  0.004757
9026.000000  0.004948
9036.000000  0.004559
9062.000000  0.004568
9083.000000  0.005097
9111.000000  0.004681
9138.000000  0.004414
9152.000000  0.005012
9179.000000  0.004617
9198.000000  0.005272
9228.000000  0.005041
9244.000000  0.005936
9259.000000  0.005175
9278.000000  0.007702
9293.000000  0.005426
9309.000000  0.004719
9333.000000  0.005370
9352.000000  0.005882
9379.000000  0.004849
9390.000000  0.004450
9412.000000  0.004567
9453.000000  0.004916
9480.000000  0.004795
9502.000000  0.006032
9532.000000  0.005414
9557.000000  0.005846
9575.000000  0.005035
9602.000000  0.004875
9631.000000  0.006348
9646.000000  0.005115
9685.000000  0.011410
9704.000000  0.005230
9718.000000  0.004127
9756.000000  0.004574
9786.000000  0.004023
9798.000000  0.003985
9804.000000  0.004062
9830.000000  0.004027
9852.000000  0.004616
9867.000000  0.003864
9874.000000  0.004392
9886.000000  0.003925
9907.000000  0.004126
9925.000000  0.003655
9961.000000  0.003966
10000.000000  0.003471
10016.000000  0.003874
10047.000000  0.003972
10071.000000  0.003722
10087.000000  0.003692
10091.000000  0.004135
10097.000000  0.004657
10100.000000  0.003255
10141.000000  0.003575
10153.000000  0.003544
10173.000000  0.003554
10195.000000  0.004280
10199.000000  0.004443
10218.000000  0.003338
10223.000000  0.004667
10244.000000  0.003754
10262.000000  0.003460
10277.000000  0.004396
10292.000000  0.004023
10322.000000  0.003249
10335.000000  0.003656
10342.000000  0.003285
10359.000000  0.002932
10366.000000  0.002927
10377.000000  0.002862
10378.000000  0.003398
