4067.000000  2.955147
4767.000000  0.249674
5572.000000  0.017212
6058.000000  -0.022358
7197.000000  0.247234
8753.000000  0.241936
10270.000000  0.103364
11960.000000  0.383661
13386.000000  0.078649
14756.000000  0.260198
16507.000000  0.108773
17413.000000  0.255269
18778.000000  0.136658
19932.000000  0.087088
21660.000000  0.369936
23597.000000  0.091697
25248.000000  0.141902
25565.000000  0.181309
27140.000000  0.256689
28365.000000  0.124723
30549.000000  0.338503
32367.000000  0.127761
34576.000000  0.435430
36136.000000  0.367220
38566.000000  0.245403
40873.000000  0.258947
42964.000000  0.408204
45083.000000  0.115690
46537.000000  0.290733
49576.000000  0.689144
50462.000000  -0.135929
52702.000000  0.410055
54631.000000  0.098617
56207.000000  0.312281
59182.000000  0.683141
61666.000000  0.448490
62585.000000  -0.088196
64644.000000  0.361912
65705.000000  0.238589
67355.000000  -0.064697
68465.000000  0.415836
70280.000000  0.060976
72657.000000  0.146561
74132.000000  0.501870
75842.000000  0.080899
76975.000000  0.383795
78728.000000  0.276250
80371.000000  0.050546
81728.000000  0.164001
82617.000000  0.021756
84920.000000  0.370424
86558.000000  0.277514
87701.000000  0.177517
90857.000000  0.392040
93559.000000  0.098927
95578.000000  0.374753
97443.000000  0.357339
98453.000000  0.236082
100638.000000  -0.099417
103061.000000  0.424259
105671.000000  0.419907
106991.000000  0.032244
107892.000000  0.041430
109450.000000  0.360903
111403.000000  -0.004976
113395.000000  0.558859
114317.000000  0.055559
116280.000000  -0.130066
117197.000000  0.231903
118713.000000  0.297068
119005.000000  0.093081
120752.000000  0.072861
123611.000000  0.131727
125110.000000  1.031170
126049.000000  -0.389662
126330.000000  0.314215
127151.000000  -0.178259
128026.000000  0.030041
129485.000000  0.370911
130544.000000  0.003834
132320.000000  0.233616
133498.000000  0.103664
134234.000000  0.172812
135392.000000  0.273571
136272.000000  -0.146595
136943.000000  -0.011198
137628.000000  0.243156
138315.000000  -0.213537
139000.000000  0.346046
140502.000000  0.038792
142102.000000  0.314358
143434.000000  0.441969
143632.000000  -0.071497
143878.000000  -0.056370
144262.000000  -0.033621
144334.000000  0.392750
145532.000000  -0.335432
147241.000000  0.145052
149717.000000  0.904846
151740.000000  -0.282309
153304.000000  0.075180
153693.000000  0.645887
154950.000000  -0.257132
155518.000000  -0.021406
157083.000000  1.545191
157616.000000  -0.588636
158533.000000  -0.326544
159301.000000  -0.062666
159603.000000  0.384478
160484.000000  -0.301617
160516.000000  -0.107323
