816.000000  0.135961
1080.000000  0.135541
1284.000000  0.114106
1350.000000  0.076782
1643.000000  0.121831
1890.000000  0.134790
2150.000000  0.160135
2431.000000  0.171389
2656.000000  0.149624
2919.000000  0.168380
3134.000000  0.148898
3316.000000  0.151395
3480.000000  0.157014
3682.000000  0.146688
3726.000000  0.082289
3885.000000  0.109793
4005.000000  0.052040
4152.000000  0.059102
4306.000000  0.120634
4460.000000  0.114265
4628.000000  0.099965
4831.000000  0.121613
5002.000000  0.109465
5150.000000  0.080632
5356.000000  0.151882
5612.000000  0.151175
5822.000000  0.144205
5980.000000  0.116523
6161.000000  0.106615
6343.000000  0.121054
6474.000000  0.107164
6650.000000  0.098397
6774.000000  0.092734
6949.000000  0.117173
7102.000000  0.101737
7241.000000  0.106397
7403.000000  0.124576
7568.000000  0.131663
7660.000000  0.099022
7755.000000  0.101507
7859.000000  0.125903
8013.000000  0.137198
8157.000000  0.123590
8344.000000  0.117064
8546.000000  0.102328
8717.000000  0.101350
8916.000000  0.113384
9029.000000  0.091981
9163.000000  0.132471
9326.000000  0.175205
9437.000000  0.196590
9604.000000  0.211124
9815.000000  0.175765
9991.000000  0.176456
10192.000000  0.173718
10398.000000  0.140275
10569.000000  0.143922
10738.000000  0.128466
10893.000000  0.110638
11021.000000  0.151233
11159.000000  0.124539
11238.000000  0.066279
11323.000000  0.092292
11472.000000  0.125409
11616.000000  0.115952
11731.000000  0.111132
11874.000000  0.103381
12035.000000  0.136548
12302.000000  0.164236
12535.000000  0.156957
12751.000000  0.136337
12902.000000  0.132988
13048.000000  0.120716
13225.000000  0.158006
13462.000000  0.168368
13700.000000  0.152706
13953.000000  0.177491
14204.000000  0.178282
14377.000000  0.134617
14569.000000  0.123613
14787.000000  0.154985
14987.000000  0.168483
15094.000000  0.106087
15206.000000  0.181957
15330.000000  0.160690
15489.000000  0.196025
15680.000000  0.293702
15812.000000  0.269490
15951.000000  0.310084
16052.000000  0.047487
16111.000000  0.030160
16225.000000  0.041923
16386.000000  0.058363
16547.000000  0.082400
16721.000000  0.098579
16752.000000  0.053628
16929.000000  0.094110
17119.000000  0.089801
17323.000000  0.080930
17438.000000  0.068037
17572.000000  0.079462
17686.000000  0.057487
17842.000000  0.051573
17974.000000  0.046966
18093.000000  0.054114
18231.000000  0.059092
18302.000000  0.037650
18431.000000  0.056756
18457.000000  0.033622
18621.000000  0.068254
18784.000000  0.078288
18972.000000  0.089694
19037.000000  0.068954
19267.000000  0.103453
19453.000000  0.087059
19508.000000  0.032314
19648.000000  0.044988
19879.000000  0.089776
20184.000000  0.115218
20384.000000  0.112150
20425.000000  0.066373
20583.000000  0.104811
20781.000000  0.123039
20986.000000  0.133906
21216.000000  0.140724
21507.000000  0.171130
21704.000000  0.144377
21871.000000  0.150611
22049.000000  0.171020
22264.000000  0.194702
22511.000000  0.192287
22731.000000  0.206200
22902.000000  0.168006
23034.000000  0.137553
23232.000000  0.184091
23548.000000  0.273832
23853.000000  0.312580
24138.000000  0.271344
24440.000000  0.270644
24658.000000  0.191890
24925.000000  0.218849
25150.000000  0.244496
25394.000000  0.211832
25655.000000  0.200713
25900.000000  0.211545
26186.000000  0.192841
26394.000000  0.240073
26585.000000  0.211927
26713.000000  0.185633
26801.000000  0.149724
26887.000000  0.141839
27012.000000  0.195921
27149.000000  0.353793
27293.000000  0.194220
27432.000000  0.113530
27507.000000  0.056680
27637.000000  0.207899
27762.000000  0.082105
27848.000000  0.061001
27925.000000  0.054840
27982.000000  0.086720
28105.000000  0.096427
28239.000000  0.121810
28396.000000  0.117423
28547.000000  0.106354
28723.000000  0.103615
28886.000000  0.137244
29026.000000  0.131392
29131.000000  0.197088
29251.000000  0.200966
29416.000000  0.213125
29504.000000  0.228345
29616.000000  0.284953
29754.000000  0.105301
29889.000000  0.092771
30030.000000  0.075646
30145.000000  0.222970
30177.000000  0.255952
30266.000000  0.265827
30328.000000  0.262511
30442.000000  0.277965
30600.000000  0.290738
30676.000000  0.284033
30712.000000  0.175588
30713.000000  0.106518
30793.000000  0.030472
30906.000000  0.057325
30960.000000  0.030102
31081.000000  0.049905
31169.000000  0.053735
31287.000000  0.066996
31312.000000  0.028439
31402.000000  0.062194
31488.000000  0.075407
31641.000000  0.095280
31746.000000  0.078047
31862.000000  0.066183
31946.000000  0.036422
31972.000000  0.046389
32091.000000  0.029823
32174.000000  0.022279
32246.000000  0.020360
32265.000000  0.007530
32295.000000  0.086008
32382.000000  0.123839
32415.000000  0.108781
32490.000000  0.118779
32640.000000  0.119540
32763.000000  0.154650
32891.000000  0.115623
33054.000000  0.113126
33138.000000  0.101774
33219.000000  0.078658
33324.000000  0.069975
33430.000000  0.109876
33545.000000  0.091481
33681.000000  0.090404
33863.000000  0.117039
34014.000000  0.152268
34109.000000  0.165769
34234.000000  0.211919
34348.000000  0.246997
34460.000000  0.282119
34565.000000  0.317878
34672.000000  0.392293
34802.000000  0.082601
34881.000000  0.043404
34907.000000  0.036094
34977.000000  0.234378
35037.000000  0.144689
35194.000000  0.354538
35281.000000  0.214518
35374.000000  0.135048
35458.000000  0.137176
35562.000000  0.091244
35659.000000  0.130980
35771.000000  0.096157
35857.000000  0.146568
35940.000000  0.070394
36029.000000  0.065526
36123.000000  0.077376
36213.000000  0.099469
36382.000000  0.095664
36632.000000  0.172984
36857.000000  0.141145
37061.000000  0.145512
37186.000000  0.130188
37273.000000  0.081511
37296.000000  0.068138
37381.000000  0.090862
37442.000000  0.073217
37508.000000  0.089507
37586.000000  0.087065
37668.000000  0.104267
37747.000000  0.071692
37827.000000  0.076664
37919.000000  0.115987
38025.000000  0.172538
38152.000000  0.151491
38285.000000  0.186762
38431.000000  0.203474
38627.000000  0.221125
38777.000000  0.135133
38972.000000  0.179564
39126.000000  0.166856
39266.000000  0.126554
39365.000000  0.101592
39438.000000  0.150894
39494.000000  0.297355
39522.000000  0.011010
39623.000000  0.036660
39709.000000  0.042926
39883.000000  0.367677
40046.000000  0.533769
40060.000000  0.368138
40064.000000  0.414400
40109.000000  0.038523
40116.000000  0.008853
40132.000000  0.310420
40317.000000  0.404742
40408.000000  0.420128
40505.000000  0.163636
40629.000000  0.081136
40664.000000  0.080064
40698.000000  0.084329
40740.000000  0.380302
40743.000000  0.346538
40753.000000  0.362877
40779.000000  0.674807
40818.000000  0.681166
40821.000000  0.615870
