4067.000000  2.641374
4763.000000  2.963018
5591.000000  2.954607
6081.000000  2.965097
7264.000000  3.053571
8219.000000  3.207024
10108.000000  3.536497
11061.000000  3.579628
12518.000000  3.736894
13987.000000  3.910789
16178.000000  4.049146
16996.000000  4.268408
19622.000000  4.437790
21782.000000  4.916442
24016.000000  5.194419
26633.000000  5.375319
29245.000000  5.659357
32082.000000  6.024257
34571.000000  6.351678
36735.000000  6.682071
37834.000000  6.794872
39621.000000  7.086638
41046.000000  7.216892
41952.000000  7.321883
43107.000000  7.583194
44260.000000  7.694565
45912.000000  7.831094
47751.000000  7.963034
49544.000000  8.399843
52869.000000  8.563612
55713.000000  9.098553
58186.000000  9.346124
58923.000000  9.184793
60758.000000  9.822413
61359.000000  9.723816
63165.000000  9.797090
65464.000000  9.972122
67190.000000  10.350492
67754.000000  10.507197
70050.000000  10.878156
72267.000000  11.049000
74547.000000  11.381964
75822.000000  11.390551
77886.000000  11.765900
79390.000000  12.039258
81963.000000  12.230787
82832.000000  12.237051
85223.000000  12.642104
86451.000000  13.024514
90699.000000  13.268679
93048.000000  13.337052
95912.000000  13.951651
97262.000000  13.977057
99033.000000  14.134533
101378.000000  14.176951
103343.000000  14.445300
105355.000000  15.035018
106079.000000  15.307852
108185.000000  15.499210
108928.000000  15.579221
111243.000000  15.835736
112265.000000  15.534046
113398.000000  16.129213
114685.000000  16.488628
115505.000000  16.146259
116068.000000  16.446636
117530.000000  16.623652
118873.000000  17.158922
119907.000000  16.758743
120270.000000  17.052324
121106.000000  17.069918
121875.000000  17.438847
123448.000000  17.246212
127968.000000  17.689043
129237.000000  17.863781
130170.000000  18.203199
131312.000000  18.102440
131406.000000  18.658554
133048.000000  18.723944
133712.000000  18.141937
134830.000000  18.316759
135164.000000  18.179373
136082.000000  18.995316
137611.000000  18.841476
138832.000000  18.644970
140322.000000  19.210573
140931.000000  19.448011
142200.000000  19.565248
143062.000000  19.460264
143976.000000  19.506533
145459.000000  20.198204
146346.000000  19.929974
147447.000000  20.014681
148649.000000  19.968281
150137.000000  20.338434
152620.000000  20.487267
153349.000000  20.888977
154814.000000  21.147005
155791.000000  20.851742
156015.000000  21.040276
157106.000000  21.405319
158210.000000  21.121933
158706.000000  21.501230
159441.000000  21.824100
160027.000000  21.537842
160378.000000  21.499939
160490.000000  21.175369
160491.000000  21.839680
