399.000000  0.175935
524.000000  -0.049192
632.000000  -0.034255
733.000000  0.029488
849.000000  0.017504
984.000000  -0.003206
1103.000000  0.010418
1232.000000  0.008375
1383.000000  -0.007693
1547.000000  0.013929
1655.000000  -0.008317
1788.000000  -0.008118
1896.000000  -0.012822
1995.000000  -0.011058
2087.000000  0.001702
2098.000000  -0.084460
2217.000000  0.087920
2219.000000  -0.091808
2309.000000  0.097593
2412.000000  0.005116
2545.000000  -0.004969
2640.000000  -0.024108
2758.000000  0.027355
2842.000000  -0.016671
2914.000000  0.021617
3004.000000  0.032115
3088.000000  0.008480
3152.000000  -0.069550
3237.000000  0.024689
3311.000000  0.003679
3384.000000  -0.000370
3504.000000  0.020065
3617.000000  0.018151
3773.000000  0.004197
3786.000000  -0.094185
3892.000000  0.106616
4001.000000  0.002626
4110.000000  -0.007803
4230.000000  -0.007811
4297.000000  -0.011109
4355.000000  0.005103
4446.000000  0.018909
4523.000000  -0.036722
4603.000000  -0.006767
4660.000000  -0.016139
4683.000000  -0.018269
4695.000000  -0.005719
4753.000000  0.013854
4790.000000  -0.004032
4961.000000  0.091847
5004.000000  0.003264
5040.000000  -0.105505
5114.000000  -0.011136
5157.000000  0.038249
5191.000000  -0.002734
5241.000000  -0.009511
5281.000000  0.004778
5336.000000  -0.007775
5404.000000  0.016808
5471.000000  -0.000820
5529.000000  -0.004372
5584.000000  -0.002198
5641.000000  0.003409
5681.000000  -0.031981
5718.000000  0.014271
5764.000000  0.014909
5812.000000  -0.003049
5857.000000  0.002667
5934.000000  -0.003585
6070.000000  0.039331
6153.000000  0.026784
6282.000000  0.004798
6434.000000  0.011185
6471.000000  -0.070573
6638.000000  0.069826
6814.000000  0.040042
6979.000000  0.004859
7112.000000  -0.023568
7277.000000  0.001722
7318.000000  -0.076041
7437.000000  0.085988
7560.000000  0.014958
7692.000000  -0.034322
7825.000000  0.015945
7900.000000  -0.012963
7960.000000  -0.067170
7961.000000  -0.081935
8017.000000  0.058168
8083.000000  -0.008885
8175.000000  0.099084
8231.000000  -0.001400
8262.000000  0.014115
8300.000000  -0.062132
8345.000000  0.040607
8390.000000  -0.000086
8434.000000  -0.038444
8485.000000  -0.000283
8535.000000  0.027424
8595.000000  -0.001575
8707.000000  0.009534
8819.000000  0.007895
8907.000000  0.012650
9039.000000  -0.006675
9159.000000  0.025088
9274.000000  -0.031322
9372.000000  -0.006971
9464.000000  -0.011523
9483.000000  -0.066162
9558.000000  0.078301
9668.000000  0.018819
9754.000000  -0.008983
9817.000000  -0.052240
9877.000000  0.008596
9938.000000  -0.003052
10010.000000  0.024484
10058.000000  -0.036211
10102.000000  0.017625
10146.000000  -0.002061
10171.000000  0.065068
10227.000000  -0.006051
10280.000000  0.029937
10354.000000  -0.000816
10424.000000  0.047109
10494.000000  0.068002
10547.000000  -0.015995
10586.000000  -0.200599
10650.000000  0.014605
10700.000000  0.005247
10739.000000  0.005286
10770.000000  0.011923
10800.000000  -0.002642
10907.000000  -0.011480
10966.000000  0.003962
11026.000000  -0.018148
11106.000000  0.015533
11201.000000  0.016010
11294.000000  0.009737
11402.000000  0.039942
11549.000000  0.023535
11708.000000  -0.013813
11736.000000  -0.093840
11892.000000  0.113218
12062.000000  0.015505
12236.000000  -0.016879
12394.000000  0.015626
12556.000000  0.002830
12736.000000  0.002245
12877.000000  -0.013234
13061.000000  0.011179
13232.000000  0.021612
13389.000000  -0.019722
13526.000000  -0.005067
13691.000000  0.016794
13832.000000  -0.014224
13883.000000  -0.091305
13987.000000  0.048726
14095.000000  0.010213
14212.000000  -0.009140
14342.000000  0.043521
14448.000000  -0.005244
14583.000000  0.082063
14739.000000  -0.046551
14885.000000  -0.033648
15007.000000  0.042326
15104.000000  -0.064698
15217.000000  -0.008700
15362.000000  -0.023138
15482.000000  0.010607
15599.000000  0.014245
15718.000000  -0.005556
15812.000000  0.007423
15905.000000  -0.019506
16025.000000  0.020236
16210.000000  0.031943
16369.000000  0.045453
16459.000000  -0.039649
16536.000000  0.004339
16608.000000  -0.010056
16648.000000  0.043887
16689.000000  -0.002154
16740.000000  -0.000474
16803.000000  0.090998
16833.000000  -0.243455
16893.000000  0.096085
16952.000000  -0.079243
17013.000000  0.037380
17111.000000  0.080863
17161.000000  -0.029194
17236.000000  -0.012032
17366.000000  0.059782
17509.000000  0.000259
17642.000000  -0.041028
17721.000000  -0.077456
17795.000000  0.045217
17844.000000  -0.009277
17880.000000  -0.014998
17990.000000  0.069083
18101.000000  0.075740
18197.000000  -0.017011
18306.000000  0.008205
18421.000000  0.014004
18505.000000  -0.123617
18591.000000  -0.036688
18646.000000  0.030957
18653.000000  -0.010078
18697.000000  0.077152
18793.000000  0.071157
18896.000000  0.047598
18989.000000  -0.064325
19079.000000  -0.019617
19127.000000  0.012442
19140.000000  -0.106960
19147.000000  -0.057734
19191.000000  0.078276
19251.000000  0.016422
19320.000000  -0.018642
19396.000000  0.030263
19475.000000  0.001052
19556.000000  0.003127
19639.000000  -0.002290
19744.000000  -0.044731
19844.000000  -0.010149
19935.000000  -0.000333
20022.000000  0.005712
20100.000000  -0.003322
20170.000000  0.002033
20252.000000  0.005597
20341.000000  -0.004571
20434.000000  0.013053
20510.000000  -0.022653
20622.000000  0.017837
20711.000000  -0.000518
20800.000000  0.029740
20856.000000  -0.012765
20880.000000  0.006227
20949.000000  0.004663
20997.000000  -0.008583
21055.000000  -0.012762
21087.000000  0.005660
21142.000000  0.000554
21157.000000  0.028947
21188.000000  -0.049329
21236.000000  0.062938
21277.000000  -0.068134
21323.000000  0.006251
21371.000000  0.040450
21419.000000  0.001851
21467.000000  -0.048620
21526.000000  0.026192
21587.000000  0.026078
21664.000000  -0.038343
21727.000000  0.000990
21788.000000  0.014224
21841.000000  -0.008683
21900.000000  -0.002343
21963.000000  0.022882
22010.000000  -0.001756
22050.000000  0.037507
22133.000000  0.050468
22187.000000  -0.021139
22240.000000  -0.015914
22315.000000  0.052335
22374.000000  0.015564
22435.000000  0.001335
22486.000000  0.010690
22565.000000  0.014814
22670.000000  0.033421
22760.000000  0.009486
22776.000000  -0.056079
22791.000000  0.012191
22811.000000  -0.038169
22834.000000  0.034874
22900.000000  0.122446
22939.000000  -0.355618
23033.000000  0.057817
23107.000000  0.128242
23204.000000  0.043581
23249.000000  -0.004983
23298.000000  -0.014715
23349.000000  0.045559
23380.000000  0.021082
23466.000000  0.098121
23483.000000  -0.054009
23535.000000  0.054107
23623.000000  0.068730
23679.000000  0.008372
23738.000000  0.128663
23792.000000  -0.518696
23842.000000  0.003460
23903.000000  -0.002375
23961.000000  0.077434
24074.000000  0.231032
24211.000000  0.049878
24332.000000  -0.216707
24466.000000  -0.034516
24623.000000  -0.016049
24746.000000  0.020711
24780.000000  -0.083428
24854.000000  0.064560
24938.000000  0.001309
25042.000000  0.131580
25096.000000  -0.018631
25144.000000  -0.194703
25206.000000  0.010183
25265.000000  0.013750
25326.000000  -0.046938
25386.000000  0.038681
25446.000000  -0.034012
25528.000000  0.246304
25623.000000  0.140483
25718.000000  0.033550
25805.000000  -0.059627
25881.000000  -0.023799
25959.000000  -0.075052
25996.000000  0.012309
26049.000000  -0.078398
26118.000000  0.019443
26182.000000  -0.067231
26273.000000  0.020958
26356.000000  -0.025238
26427.000000  -0.029371
26520.000000  0.001649
26627.000000  0.049039
26737.000000  -0.025115
26844.000000  0.017526
26975.000000  0.004620
27061.000000  -0.017886
27144.000000  -0.047780
27228.000000  0.018863
27317.000000  -0.018504
27417.000000  -0.000974
27501.000000  0.258375
27572.000000  0.508291
27599.000000  -0.794383
27616.000000  -0.003319
27637.000000  0.009172
27671.000000  0.018308
27713.000000  -0.023243
27762.000000  0.016192
27814.000000  -0.022091
27870.000000  0.031769
27922.000000  -0.019174
27947.000000  -0.024785
28002.000000  0.010202
28102.000000  0.014559
28250.000000  0.005196
28360.000000  0.021537
28486.000000  0.000459
28642.000000  0.000751
28813.000000  0.078624
28862.000000  -0.046746
28915.000000  -0.066791
28962.000000  0.077063
29036.000000  0.035849
29108.000000  0.040275
29181.000000  -0.137458
29267.000000  0.063881
29371.000000  0.011190
29399.000000  -0.082474
29495.000000  0.101392
29568.000000  -0.042958
29613.000000  -0.109367
29614.000000  -0.004071
29672.000000  0.022811
29723.000000  0.033807
29754.000000  -0.016236
29791.000000  -0.009913
29870.000000  0.005395
29927.000000  -0.012556
29998.000000  0.012388
30045.000000  -0.013359
30093.000000  0.005075
30133.000000  0.005684
30187.000000  -0.004439
30256.000000  -0.002609
30380.000000  0.038789
30481.000000  0.047260
30577.000000  -0.030771
30684.000000  0.015473
30809.000000  -0.021209
30834.000000  -0.049531
30973.000000  0.074293
31057.000000  -0.020895
31150.000000  0.025403
31228.000000  -0.025792
31280.000000  -0.022644
31341.000000  0.006537
31438.000000  0.012471
31501.000000  0.011640
31596.000000  0.001482
31663.000000  -0.007022
31746.000000  0.028778
31858.000000  0.006246
31952.000000  0.000157
32042.000000  -0.026451
32137.000000  0.015275
32207.000000  -0.021928
32219.000000  -0.062879
32251.000000  0.051117
32310.000000  0.008871
32367.000000  -0.009713
32424.000000  0.023119
32496.000000  0.000653
32584.000000  0.004865
32667.000000  0.044920
32724.000000  -0.021773
32775.000000  0.037709
32816.000000  -0.043480
32857.000000  -0.014231
32874.000000  -0.029864
32887.000000  0.001334
32898.000000  -0.008599
32902.000000  -0.038171
32922.000000  0.013728
32935.000000  0.082318
32953.000000  0.026380
32974.000000  0.061950
32976.000000  -0.021858
32995.000000  -0.131645
33016.000000  0.058463
33037.000000  0.005551
33066.000000  0.005173
33146.000000  -0.033376
33180.000000  0.005171
33261.000000  0.001753
33325.000000  -0.019963
33388.000000  -0.004501
33446.000000  0.014459
33524.000000  -0.007542
33675.000000  0.036072
33820.000000  0.014193
33971.000000  0.008805
34102.000000  0.011133
34204.000000  -0.047252
34323.000000  0.013211
34433.000000  0.014280
34538.000000  -0.007089
34603.000000  -0.026199
34683.000000  0.010869
34736.000000  0.023884
34797.000000  -0.031804
34871.000000  0.027706
34922.000000  -0.003102
34977.000000  0.005786
35037.000000  0.018541
35060.000000  0.004207
35065.000000  -0.071415
35098.000000  -0.002359
35155.000000  0.006671
35169.000000  -0.039052
35212.000000  0.050132
35286.000000  -0.011633
35344.000000  0.002355
35394.000000  -0.010118
35441.000000  0.024287
35472.000000  -0.028763
35527.000000  -0.011109
35593.000000  0.042880
35627.000000  0.000078
35671.000000  -0.004015
35681.000000  -0.055955
35684.000000  -0.012777
35712.000000  0.029666
35747.000000  0.005904
35782.000000  -0.004413
35828.000000  0.014062
35862.000000  -0.013271
35973.000000  0.016427
36066.000000  0.001238
36095.000000  -0.028925
36153.000000  0.024334
36225.000000  0.033225
36259.000000  -0.067017
36316.000000  0.050526
36371.000000  -0.030784
36409.000000  -0.012239
36444.000000  -0.014416
36477.000000  0.039992
36495.000000  -0.000519
36512.000000  0.002907
36518.000000  -0.027348
36528.000000  0.013805
36606.000000  0.007468
36677.000000  -0.023537
36752.000000  0.003360
36812.000000  0.018153
36869.000000  -0.018097
36919.000000  0.031923
36954.000000  -0.029356
36985.000000  0.037330
37095.000000  -0.004233
37222.000000  0.029715
37356.000000  0.065077
37494.000000  -0.035239
37618.000000  0.002157
37686.000000  -0.023478
37768.000000  0.013520
37831.000000  -0.045623
37879.000000  0.034655
37926.000000  -0.036724
37981.000000  0.006799
38027.000000  -0.022993
38063.000000  -0.009483
38104.000000  0.023768
38171.000000  0.033279
38222.000000  0.044698
38271.000000  -0.044769
38277.000000  -0.038528
38343.000000  0.009730
38400.000000  -0.013990
38456.000000  0.009040
38502.000000  0.011125
38538.000000  0.001178
38609.000000  0.006137
38650.000000  -0.016613
38689.000000  -0.003799
38737.000000  0.030814
38770.000000  -0.063824
38845.000000  0.046955
38902.000000  0.009880
38952.000000  -0.025517
39004.000000  0.020385
39061.000000  -0.041076
39094.000000  0.055259
39141.000000  -0.006561
39179.000000  -0.048669
39212.000000  0.001509
39242.000000  0.016580
39270.000000  0.002342
39313.000000  0.021634
39409.000000  -0.017278
39486.000000  0.037586
39521.000000  -0.007506
39569.000000  -0.009835
39630.000000  0.002578
39697.000000  -0.006753
39823.000000  0.058222
39894.000000  -0.011639
39965.000000  -0.022215
40022.000000  -0.047394
40085.000000  0.007470
40123.000000  0.018150
40159.000000  0.005685
40214.000000  -0.020041
40238.000000  0.038296
40293.000000  -0.010157
40373.000000  0.005566
40445.000000  0.037770
40508.000000  -0.060492
40549.000000  -0.007337
40581.000000  0.007054
40597.000000  -0.003262
40674.000000  0.015597
40714.000000  -0.021391
40722.000000  -0.007473
40771.000000  0.029084
40818.000000  -0.014131
40823.000000  -0.014491
