576.000000  0.181566
709.000000  -0.044141
894.000000  -0.002446
1122.000000  0.037696
1153.000000  -0.077983
1398.000000  0.107285
1542.000000  -0.024743
1708.000000  0.015839
1825.000000  -0.017689
1933.000000  0.007162
2047.000000  -0.054562
2221.000000  0.053652
2414.000000  -0.008350
2567.000000  0.002869
2750.000000  0.076862
2979.000000  0.014379
3103.000000  -0.030879
3225.000000  -0.058231
3319.000000  0.005591
3408.000000  -0.006690
3426.000000  -0.056908
3479.000000  -0.011085
3603.000000  0.000919
3709.000000  -0.007187
3835.000000  0.025885
3991.000000  0.007856
4145.000000  0.021832
4309.000000  0.006661
4328.000000  -0.066471
4473.000000  0.091555
4628.000000  0.038289
4739.000000  -0.030553
4873.000000  0.004544
4981.000000  0.000398
5178.000000  0.024714
5338.000000  0.026190
5526.000000  -0.025259
5697.000000  -0.002005
5860.000000  -0.011679
6005.000000  -0.022055
6175.000000  0.051823
6286.000000  -0.016947
6389.000000  -0.020268
6556.000000  0.033854
6753.000000  0.118161
6954.000000  -0.004845
7099.000000  -0.007966
7245.000000  -0.045914
7398.000000  -0.037606
7541.000000  0.082444
7690.000000  -0.120470
7825.000000  0.063606
7964.000000  -0.050446
8093.000000  0.134373
8214.000000  0.073480
8360.000000  0.040936
8479.000000  -0.040822
8677.000000  0.208387
8908.000000  -0.344304
9137.000000  0.023215
9341.000000  -0.032637
9563.000000  0.035973
9771.000000  -0.008468
9951.000000  -0.000898
10065.000000  -0.049978
10193.000000  0.013728
10338.000000  -0.015340
10510.000000  0.064006
10686.000000  -0.018196
10817.000000  0.002053
10996.000000  0.095123
11151.000000  -0.022702
11287.000000  -0.112653
11405.000000  -0.037931
11459.000000  -0.036829
11579.000000  -0.015114
11728.000000  0.079832
11768.000000  -0.053433
11945.000000  0.097997
12097.000000  0.004455
12125.000000  -0.087831
12285.000000  0.086389
12417.000000  -0.016420
12552.000000  -0.022556
12667.000000  0.010159
12808.000000  -0.029549
12907.000000  -0.043718
13045.000000  0.026908
13234.000000  0.098754
13401.000000  0.001263
13567.000000  0.006095
13743.000000  0.016349
13899.000000  0.028210
14094.000000  0.000510
14264.000000  -0.030874
14423.000000  0.052595
14598.000000  0.026176
14752.000000  -0.029948
14908.000000  -0.086521
15040.000000  0.006884
15143.000000  0.000832
15236.000000  -0.074425
15345.000000  0.026504
15514.000000  -0.005697
15650.000000  -0.000984
15756.000000  0.088348
15999.000000  0.080551
16227.000000  -0.075714
16405.000000  0.024838
16449.000000  -0.106384
16533.000000  0.063047
16681.000000  -0.019505
16838.000000  0.001460
17010.000000  0.016294
17171.000000  -0.006089
17333.000000  -0.006796
17560.000000  -0.000239
17785.000000  0.001769
17962.000000  -0.016219
18137.000000  0.032674
18303.000000  0.001673
18420.000000  -0.037479
18523.000000  -0.004046
18641.000000  0.004991
18779.000000  0.029870
18920.000000  -0.022878
19069.000000  0.023930
19239.000000  -0.009267
19364.000000  -0.030936
19473.000000  0.020500
19607.000000  0.041272
19732.000000  0.015534
19780.000000  -0.078016
19933.000000  0.131039
20045.000000  0.005082
20139.000000  -0.161647
20226.000000  0.004525
20334.000000  0.097700
20502.000000  0.040275
20657.000000  -0.093481
20698.000000  -0.056311
20858.000000  0.043730
21008.000000  -0.018264
21115.000000  0.001195
21211.000000  -0.008851
21296.000000  -0.016856
21390.000000  0.009641
21538.000000  0.036779
21702.000000  -0.003047
21823.000000  0.005420
22032.000000  0.038914
22274.000000  0.015880
22408.000000  -0.047170
22547.000000  0.012189
22619.000000  0.019766
22663.000000  -0.083542
22754.000000  0.030611
22845.000000  0.042160
22924.000000  0.005900
23016.000000  -0.019917
23137.000000  0.019266
23243.000000  0.023875
23321.000000  -0.035491
23374.000000  -0.026802
23456.000000  -0.002859
23543.000000  0.140445
23756.000000  0.066334
23892.000000  0.053709
23989.000000  -0.098872
24067.000000  0.050176
24156.000000  -0.202485
24236.000000  -0.004382
24303.000000  -0.000537
24373.000000  0.007696
24441.000000  0.009257
24516.000000  -0.024126
24567.000000  0.012949
24637.000000  0.130712
24675.000000  -0.131955
24736.000000  0.187941
24766.000000  -0.033352
24819.000000  -0.174640
24868.000000  -0.001157
24916.000000  -0.016541
24968.000000  0.023591
25066.000000  0.040312
25201.000000  0.117988
25359.000000  -0.005556
25507.000000  0.055109
25684.000000  0.018348
25797.000000  -0.025904
25863.000000  0.152026
25974.000000  -0.107876
26141.000000  0.043502
26261.000000  -0.097956
26429.000000  0.067845
26606.000000  -0.003093
26734.000000  0.001505
26817.000000  0.012943
26911.000000  -0.029292
27016.000000  -0.002754
27125.000000  -0.002891
27242.000000  -0.048472
27295.000000  -0.111041
27414.000000  0.065688
27503.000000  -0.047014
27599.000000  -0.023683
27645.000000  -0.004769
27724.000000  0.166852
27831.000000  0.047579
27931.000000  0.053151
28025.000000  -0.032510
28119.000000  -0.039051
28224.000000  0.149556
28347.000000  -0.003708
28449.000000  0.121730
28524.000000  -0.485817
28636.000000  -0.005438
28754.000000  0.010139
28814.000000  0.016233
28873.000000  0.038931
28988.000000  0.023846
29119.000000  0.112865
29206.000000  -0.011493
29257.000000  -0.050695
29277.000000  0.081626
29282.000000  -0.254233
29333.000000  0.038800
29369.000000  -0.007464
29424.000000  -0.025548
29499.000000  0.018004
29551.000000  -0.008598
29591.000000  0.024505
29667.000000  -0.036646
29790.000000  0.485324
29877.000000  0.080374
29889.000000  0.064420
29982.000000  -0.605936
30057.000000  0.014910
30142.000000  -0.000219
30235.000000  -0.010217
30324.000000  0.005539
30333.000000  -0.030355
30375.000000  0.018886
30448.000000  -0.001054
30548.000000  0.013048
30584.000000  -0.019459
30610.000000  0.001155
30701.000000  -0.030767
30814.000000  0.039865
30924.000000  0.045450
30974.000000  -0.040178
31053.000000  -0.009231
31113.000000  0.014192
31209.000000  0.006868
31300.000000  0.001575
31399.000000  0.000208
31486.000000  0.016777
31594.000000  0.004220
31674.000000  -0.018577
31713.000000  0.016594
31720.000000  -0.021675
31802.000000  -0.021034
31882.000000  0.000498
31938.000000  0.014277
31962.000000  -0.015749
32057.000000  0.023729
32155.000000  -0.015848
32251.000000  0.040089
32370.000000  0.028561
32553.000000  -0.010054
32661.000000  -0.005085
32692.000000  -0.065168
32842.000000  0.067324
32980.000000  0.015831
33097.000000  0.044634
33211.000000  -0.052805
33317.000000  0.028077
33379.000000  -0.032624
33512.000000  0.054509
33598.000000  -0.034610
33646.000000  -0.070547
33718.000000  0.010319
33818.000000  0.042090
33906.000000  -0.007045
33988.000000  0.005930
34068.000000  -0.008478
34159.000000  0.030801
34259.000000  -0.010891
34347.000000  0.008636
34427.000000  -0.002880
34498.000000  0.007807
34570.000000  -0.002255
34650.000000  0.013551
34741.000000  -0.016976
34778.000000  -0.057324
34908.000000  0.009762
35047.000000  0.012347
35151.000000  0.011741
35300.000000  0.015381
35353.000000  -0.045770
35402.000000  0.003105
35501.000000  0.055596
35544.000000  -0.043991
35737.000000  0.111228
35833.000000  -0.073889
35955.000000  0.010216
36096.000000  0.013219
36198.000000  -0.008152
36306.000000  -0.002780
36417.000000  0.020900
36452.000000  -0.038515
36557.000000  0.090364
36585.000000  -0.128493
36675.000000  0.017213
36759.000000  0.009732
36867.000000  0.006046
36977.000000  0.010284
37053.000000  0.019150
37157.000000  0.042516
37242.000000  0.012189
37390.000000  0.015307
37474.000000  -0.036448
37622.000000  0.025376
37782.000000  -0.030255
37938.000000  -0.017363
38007.000000  -0.026479
38191.000000  0.058622
38244.000000  -0.072956
38247.000000  -0.048477
38359.000000  0.104302
38403.000000  -0.046251
38570.000000  0.092082
38707.000000  0.023489
38902.000000  -0.026726
39007.000000  -0.035753
39115.000000  0.009365
39224.000000  0.026228
39299.000000  0.006712
39358.000000  0.032130
39384.000000  -0.033970
39420.000000  0.019446
39457.000000  0.019807
39505.000000  0.056664
39620.000000  0.002225
39734.000000  0.023404
39819.000000  0.100234
39943.000000  -0.299038
39967.000000  -0.004640
40041.000000  0.003624
40157.000000  0.038082
40247.000000  -0.036848
40319.000000  -0.040133
40365.000000  -0.016549
40478.000000  0.043713
40551.000000  -0.004545
40648.000000  0.027413
40720.000000  0.000207
40742.000000  -0.029746
40788.000000  -0.009472
40807.000000  0.016097
40810.000000  -0.029807
40821.000000  0.047797
