995.000000  0.225777
1186.000000  -0.077838
1376.000000  0.011639
1606.000000  -0.008342
1816.000000  0.025977
1863.000000  -0.059476
2087.000000  0.051814
2140.000000  -0.024547
2209.000000  0.008153
2435.000000  0.065565
2685.000000  -0.014802
2985.000000  0.069342
3269.000000  0.000064
3402.000000  -0.035794
3788.000000  0.051025
4111.000000  0.003514
4444.000000  -0.011348
4708.000000  0.027937
4923.000000  -0.042187
5122.000000  -0.042480
5387.000000  0.073093
5726.000000  0.071227
5897.000000  -0.117229
6047.000000  -0.039615
6184.000000  -0.012608
6410.000000  0.045880
6644.000000  0.041884
6874.000000  0.032049
6948.000000  -0.012143
7128.000000  0.036999
7209.000000  -0.108763
7235.000000  -0.036566
7354.000000  0.045479
7461.000000  0.005223
7534.000000  -0.069542
7662.000000  0.019049
7817.000000  0.030061
7848.000000  -0.044828
7985.000000  0.066503
8192.000000  0.004724
8388.000000  -0.019167
8471.000000  -0.031086
8596.000000  0.003460
8724.000000  -0.011149
8816.000000  0.005345
8849.000000  -0.045599
8974.000000  0.060764
9104.000000  0.001158
9214.000000  0.012575
9402.000000  0.046499
9628.000000  0.026253
9826.000000  -0.002825
9885.000000  0.003714
10034.000000  -0.011698
10190.000000  0.083005
10289.000000  0.007132
10430.000000  -0.081468
10546.000000  0.002607
10594.000000  -0.024421
10655.000000  -0.049164
10724.000000  -0.022703
10770.000000  0.009693
10772.000000  -0.043830
10829.000000  -0.036380
10942.000000  0.041226
11037.000000  -0.004604
11196.000000  0.116089
11400.000000  0.061563
11630.000000  0.009934
11741.000000  -0.045043
12026.000000  0.028870
12326.000000  -0.005976
12614.000000  0.005588
12828.000000  0.006258
12946.000000  -0.070281
13088.000000  -0.020804
13180.000000  0.001901
13287.000000  0.037367
13463.000000  0.032000
13533.000000  -0.010402
13681.000000  0.094439
13832.000000  -0.012078
13981.000000  -0.000457
14207.000000  -0.001213
14404.000000  0.006822
14508.000000  -0.117423
14675.000000  0.078467
14852.000000  0.008803
14990.000000  -0.007459
15145.000000  0.027325
15281.000000  0.024912
15439.000000  -0.002463
15604.000000  0.001595
15767.000000  -0.018062
15910.000000  -0.029053
16083.000000  -0.073520
16286.000000  0.025831
16475.000000  0.011582
16690.000000  0.011202
16846.000000  -0.038417
16999.000000  -0.015012
17077.000000  -0.036025
17169.000000  0.020744
17298.000000  0.031216
17475.000000  0.013228
17686.000000  0.058205
17881.000000  -0.017979
18018.000000  0.082617
18140.000000  0.028797
18252.000000  -0.079129
18328.000000  0.050478
18478.000000  0.032800
18627.000000  0.028397
18801.000000  0.022627
18961.000000  -0.024246
19121.000000  0.045078
19350.000000  0.012676
19516.000000  -0.099215
19677.000000  -0.016343
19851.000000  0.006533
20046.000000  -0.022631
20270.000000  -0.030907
20422.000000  -0.031268
20532.000000  -0.004126
20617.000000  -0.020195
20745.000000  0.045759
20849.000000  -0.038598
20947.000000  0.016681
21043.000000  0.153920
21122.000000  -0.104801
21203.000000  0.003575
21277.000000  -0.034517
21408.000000  0.039239
21595.000000  -0.088014
21764.000000  0.070541
21984.000000  0.031343
22243.000000  0.051119
22565.000000  0.132127
22800.000000  -0.141271
23058.000000  0.026172
23312.000000  -0.053963
23602.000000  0.016333
23899.000000  0.034719
24061.000000  0.035038
24308.000000  0.014205
24579.000000  0.072753
24748.000000  -0.113822
24930.000000  -0.080511
25091.000000  -0.041242
25270.000000  0.030241
25519.000000  0.207852
25724.000000  0.119554
25952.000000  0.030518
26260.000000  -0.032549
26371.000000  -0.018229
26519.000000  0.099251
26634.000000  -0.012257
26763.000000  0.062185
26865.000000  -0.010726
26966.000000  -0.376943
27126.000000  0.008618
27282.000000  0.158793
27340.000000  -0.254630
27456.000000  0.247638
27609.000000  -0.016301
27809.000000  -0.087614
28022.000000  0.039418
28220.000000  -0.126426
28363.000000  -0.030461
28511.000000  -0.010106
28644.000000  0.134622
28778.000000  -0.140257
28915.000000  -0.015115
29122.000000  0.025215
29255.000000  -0.001470
29375.000000  0.176532
29512.000000  0.065490
29671.000000  -0.036102
29789.000000  -0.060697
29915.000000  -0.102803
30033.000000  -0.027952
30111.000000  -0.039617
30205.000000  0.013419
30329.000000  0.045564
30399.000000  -0.026063
30504.000000  0.073917
30670.000000  -0.034822
30797.000000  0.015043
30920.000000  -0.059067
31054.000000  -0.037515
31212.000000  0.039471
31353.000000  0.207155
31513.000000  0.091726
31671.000000  -0.043325
31875.000000  -0.000588
32048.000000  0.020160
32224.000000  0.028079
32395.000000  -0.060264
32542.000000  0.161462
32683.000000  0.010924
32774.000000  -0.068993
32813.000000  0.073366
32854.000000  0.393663
32933.000000  -0.868125
33015.000000  0.015255
33100.000000  0.013860
33172.000000  0.000813
33239.000000  0.120630
33385.000000  0.200056
33513.000000  -0.050686
33604.000000  -0.030339
33695.000000  0.541705
33807.000000  -0.732874
33885.000000  -0.017058
33993.000000  -0.011871
34125.000000  0.014937
34171.000000  -0.035700
34230.000000  -0.009023
34266.000000  -0.019765
34369.000000  0.021894
34473.000000  0.055518
34547.000000  -0.034063
34605.000000  0.004123
34728.000000  0.006598
34899.000000  0.009883
35086.000000  -0.012018
35293.000000  0.041814
35458.000000  -0.031386
35607.000000  0.027644
35723.000000  0.005389
35771.000000  -0.046032
35958.000000  0.068579
36145.000000  0.044079
36314.000000  0.026046
36497.000000  -0.019097
36649.000000  -0.056316
36751.000000  -0.054334
36843.000000  -0.017874
36886.000000  0.053455
36950.000000  0.028599
37022.000000  0.030119
37082.000000  -0.002207
37099.000000  0.158714
37102.000000  -0.044398
37151.000000  -0.233023
37167.000000  -0.021896
37211.000000  0.025607
37236.000000  -0.024433
37330.000000  0.044986
37402.000000  -0.021983
37450.000000  0.045912
37506.000000  -0.022106
37556.000000  -0.045855
37597.000000  -0.004221
37629.000000  0.011018
37702.000000  0.054900
37818.000000  0.045267
37877.000000  -0.035937
37901.000000  -0.067479
37941.000000  -0.000142
37971.000000  -0.008520
38042.000000  0.033348
38119.000000  -0.001986
38266.000000  0.001143
38420.000000  0.026240
38575.000000  0.009824
38717.000000  0.059536
38787.000000  -0.063762
38837.000000  -0.008862
38981.000000  0.012224
39149.000000  0.027523
39226.000000  -0.031764
39301.000000  -0.002678
39343.000000  -0.029910
39402.000000  0.025025
39429.000000  0.017026
39489.000000  -0.006007
39550.000000  -0.030634
39609.000000  0.011725
39682.000000  0.024902
39705.000000  -0.040374
39751.000000  -0.001737
39817.000000  0.031546
39856.000000  -0.014826
39892.000000  -0.009690
39911.000000  0.006646
39914.000000  -0.010323
39955.000000  -0.010445
40037.000000  0.037577
40106.000000  -0.027915
40169.000000  -0.011202
40179.000000  -0.016689
40202.000000  0.014617
40270.000000  -0.005643
40324.000000  0.013651
40362.000000  -0.007354
40407.000000  -0.017496
40413.000000  0.009614
40485.000000  0.017932
40540.000000  0.014084
40609.000000  0.017628
40706.000000  -0.001491
40788.000000  0.012663
40823.000000  -0.046317
40828.000000  -0.011434
