995.000000  0.222117
1209.000000  -0.034755
1403.000000  -0.032606
1537.000000  -0.012675
1796.000000  0.064814
2048.000000  -0.020375
2353.000000  0.050223
2668.000000  0.010661
2957.000000  0.026678
3220.000000  0.012656
3557.000000  0.045743
3894.000000  0.007412
4185.000000  0.014475
4442.000000  -0.074625
4721.000000  0.036088
4954.000000  -0.018570
5169.000000  0.036287
5434.000000  0.000051
5714.000000  0.006469
5881.000000  -0.102209
6065.000000  0.015797
6248.000000  -0.022112
6477.000000  0.002293
6674.000000  0.045460
6885.000000  0.013245
6959.000000  0.030745
7187.000000  -0.018461
7445.000000  0.008061
7686.000000  0.016079
7921.000000  -0.004620
8214.000000  0.023881
8517.000000  0.039393
8769.000000  -0.031652
8953.000000  -0.076066
9153.000000  -0.032986
9325.000000  0.025736
9533.000000  0.050115
9684.000000  -0.052022
9788.000000  -0.005197
9929.000000  0.005305
10049.000000  -0.001453
10183.000000  -0.031336
10340.000000  0.047524
10568.000000  0.048001
10805.000000  0.010068
11038.000000  -0.005666
11089.000000  -0.078778
11337.000000  0.111846
11512.000000  -0.024410
11620.000000  -0.045891
11750.000000  0.004998
11941.000000  0.033289
12185.000000  0.155275
12370.000000  -0.038830
12591.000000  -0.001325
12751.000000  -0.036161
12912.000000  -0.025755
13022.000000  -0.085610
13116.000000  -0.074605
13150.000000  -0.040462
13262.000000  0.354659
13390.000000  -0.191351
13505.000000  -0.007568
13597.000000  0.076583
13745.000000  -0.054955
13929.000000  -0.040729
14110.000000  0.067928
14317.000000  -0.010733
14495.000000  -0.037056
14721.000000  -0.000249
14956.000000  0.077147
15114.000000  -0.037713
15311.000000  -0.057578
15477.000000  0.015682
15558.000000  -0.078601
15669.000000  -0.013542
15816.000000  0.046684
15931.000000  0.019248
16105.000000  -0.036082
16250.000000  -0.031792
16370.000000  0.027952
16518.000000  0.038241
16676.000000  -0.016673
17000.000000  0.102932
17301.000000  0.016199
17636.000000  0.077529
17944.000000  -0.050271
18194.000000  -0.004277
18401.000000  -0.033123
18587.000000  0.005430
18772.000000  0.000646
18954.000000  0.026803
19079.000000  -0.003444
19217.000000  0.003645
19318.000000  0.042001
19431.000000  -0.043134
19561.000000  -0.022868
19696.000000  -0.058985
19860.000000  0.021648
19962.000000  -0.004697
20053.000000  0.031438
20138.000000  0.017673
20270.000000  -0.006724
20434.000000  0.055580
20625.000000  0.043716
20827.000000  -0.017260
21067.000000  -0.029807
21258.000000  0.036127
21447.000000  0.055267
21573.000000  -0.084079
21778.000000  0.091935
21867.000000  0.008414
21975.000000  0.008520
22100.000000  -0.194576
22214.000000  0.156459
22366.000000  -0.124900
22529.000000  -0.023887
22580.000000  0.017586
22725.000000  0.050317
22787.000000  -0.046269
23002.000000  0.102520
23265.000000  -0.027659
23393.000000  0.058659
23537.000000  0.018448
23712.000000  0.083274
23957.000000  -0.104809
24181.000000  0.106262
24416.000000  0.065338
24553.000000  -0.168058
24684.000000  0.061418
24773.000000  0.039536
24814.000000  -0.360254
24874.000000  -0.003187
24978.000000  0.064246
25049.000000  0.010857
25087.000000  0.004058
25250.000000  -0.000199
25435.000000  0.305028
25574.000000  0.084822
25673.000000  0.110539
25816.000000  0.177061
25926.000000  -0.730196
26055.000000  0.020420
26235.000000  0.036025
26347.000000  0.029770
26490.000000  -0.002327
26687.000000  0.040086
26916.000000  0.017474
27109.000000  -0.065731
27401.000000  0.289252
27697.000000  0.116026
28017.000000  0.081268
28236.000000  0.020498
28470.000000  -0.259219
28706.000000  -0.039078
28938.000000  -0.021354
29142.000000  -0.002019
29342.000000  0.036166
29493.000000  0.019880
29585.000000  -0.228951
29626.000000  -0.010515
29727.000000  0.048543
29826.000000  0.000760
29899.000000  -0.031998
29968.000000  -0.007864
30029.000000  0.133448
30172.000000  0.258595
30342.000000  -0.336926
30534.000000  0.017721
30681.000000  0.028919
30902.000000  0.081660
31164.000000  0.213126
31437.000000  0.422366
31714.000000  -0.096823
31993.000000  -0.126731
32240.000000  -0.159451
32493.000000  -0.030102
32693.000000  -0.314294
32793.000000  -0.023307
32863.000000  -0.062334
32960.000000  0.088241
33102.000000  0.088533
33279.000000  0.041756
33421.000000  0.063585
33567.000000  0.042080
33707.000000  -0.287004
33837.000000  0.004808
33963.000000  0.025588
34144.000000  -0.015860
34256.000000  0.113013
34330.000000  -0.017938
34435.000000  -0.048308
34579.000000  -0.017697
34687.000000  0.047502
34858.000000  0.064130
34974.000000  0.001267
35074.000000  -0.190244
35161.000000  0.184865
35389.000000  0.159155
35539.000000  -0.065785
35774.000000  0.035520
35850.000000  -0.045680
35924.000000  -0.279797
35957.000000  0.026023
36021.000000  -0.013614
36139.000000  0.033064
36258.000000  -0.002784
36408.000000  0.014333
36453.000000  -0.044573
36631.000000  0.091042
36778.000000  -0.032773
36964.000000  0.018812
37106.000000  -0.010835
37178.000000  -0.036697
37222.000000  -0.021570
37287.000000  -0.000364
37396.000000  -0.004909
37498.000000  -0.017556
37540.000000  -0.011959
37582.000000  -0.017768
37591.000000  0.000540
37634.000000  0.006785
37766.000000  0.020175
37910.000000  0.027938
38034.000000  0.045809
38176.000000  -0.037779
38325.000000  0.029832
38401.000000  -0.060449
38433.000000  -0.010576
38515.000000  0.029615
38579.000000  0.027643
38653.000000  -0.016345
38682.000000  -0.023628
38696.000000  -0.037755
38699.000000  0.100770
38752.000000  -0.087833
38839.000000  0.045307
38922.000000  0.021531
39060.000000  0.056967
39114.000000  -0.003315
39187.000000  -0.054351
39258.000000  -0.043422
39304.000000  0.020005
39392.000000  -0.024182
39463.000000  0.034219
39548.000000  0.045334
39660.000000  -0.022257
39736.000000  -0.033429
39818.000000  0.007336
39919.000000  0.022007
40042.000000  0.009564
40104.000000  -0.011650
40164.000000  -0.018758
40260.000000  0.067449
40376.000000  0.015304
40501.000000  0.089988
40597.000000  -0.133704
40626.000000  -0.049888
40707.000000  0.046132
40768.000000  0.007310
40773.000000  -0.054363
40815.000000  0.037551
40817.000000  -0.053256
40818.000000  0.185909
40820.000000  -0.177063
