995.000000  0.160100
1209.000000  -0.019647
1403.000000  -0.027206
1537.000000  -0.017671
1796.000000  0.063562
2048.000000  -0.021213
2353.000000  0.048067
2668.000000  0.006817
2957.000000  0.022305
3220.000000  0.005279
3557.000000  0.037408
3894.000000  0.006353
4185.000000  0.019412
4442.000000  -0.074225
4721.000000  0.024802
4954.000000  -0.015848
5169.000000  0.017137
5434.000000  0.002162
5714.000000  0.015295
5881.000000  -0.110128
6065.000000  0.014963
6248.000000  -0.026078
6477.000000  0.011855
6674.000000  0.039556
6885.000000  0.007817
6959.000000  0.013112
7187.000000  0.000371
7445.000000  -0.002732
7686.000000  0.010296
7921.000000  -0.006879
8214.000000  0.021256
8517.000000  0.034213
8769.000000  -0.025561
8953.000000  -0.070378
9153.000000  -0.033793
9325.000000  0.015254
9533.000000  0.053631
9684.000000  -0.057790
9788.000000  -0.006961
9929.000000  0.009326
10049.000000  -0.007858
10183.000000  -0.022727
10340.000000  0.040464
10568.000000  0.034764
10805.000000  0.017395
11038.000000  -0.012000
11089.000000  -0.076559
11337.000000  0.101846
11512.000000  -0.063391
11620.000000  -0.040074
11750.000000  0.042521
11941.000000  0.025500
12185.000000  0.115361
12370.000000  0.002031
12591.000000  -0.012419
12751.000000  -0.082887
12912.000000  0.017757
13022.000000  -0.075098
13116.000000  -0.078862
13150.000000  -0.028376
13262.000000  0.124082
13390.000000  0.027427
13505.000000  -0.007177
13597.000000  -0.000150
13745.000000  -0.045224
13929.000000  0.025984
14110.000000  0.003912
14317.000000  -0.019175
14495.000000  -0.000418
14721.000000  0.014058
14956.000000  0.007027
15114.000000  -0.045001
15311.000000  0.002402
15477.000000  0.014476
15558.000000  -0.068873
15669.000000  -0.004911
15816.000000  0.016486
15931.000000  0.038699
16105.000000  -0.031324
16250.000000  -0.023540
16370.000000  0.017423
16518.000000  0.028484
16676.000000  0.000303
17000.000000  0.092689
17301.000000  -0.001969
17636.000000  0.071595
17944.000000  -0.050128
18194.000000  0.009045
18401.000000  -0.038479
18587.000000  0.001679
18772.000000  0.005843
18954.000000  0.027769
19079.000000  -0.024791
19217.000000  0.021573
19318.000000  0.042131
19431.000000  -0.067146
19561.000000  -0.014919
19696.000000  -0.049429
19860.000000  0.008271
19962.000000  -0.003961
20053.000000  0.025101
20138.000000  0.042145
20270.000000  -0.006488
20434.000000  0.027235
20625.000000  0.046797
20827.000000  -0.007752
21067.000000  -0.032093
21258.000000  0.012218
21447.000000  0.079746
21573.000000  -0.085132
21778.000000  0.088157
21867.000000  -0.004737
21975.000000  0.000259
22100.000000  -0.166944
22214.000000  0.137306
22366.000000  -0.112084
22529.000000  -0.021054
22580.000000  0.010052
22725.000000  0.036241
22787.000000  -0.037437
23002.000000  0.103404
23265.000000  -0.030873
23393.000000  0.047943
23537.000000  0.020400
23712.000000  0.086424
23957.000000  -0.100657
24181.000000  0.077059
24416.000000  0.078817
24553.000000  -0.179024
24684.000000  0.054622
24773.000000  0.056643
24814.000000  -0.379064
24874.000000  0.015155
24978.000000  0.066592
25049.000000  0.009938
25087.000000  -0.020307
25250.000000  0.030136
25435.000000  0.302802
25574.000000  0.081309
25673.000000  0.092465
25816.000000  0.180945
25926.000000  -0.713208
26055.000000  0.004358
26235.000000  0.037960
26347.000000  0.015778
26490.000000  0.014780
26687.000000  0.045160
26916.000000  0.007527
27109.000000  -0.064763
27401.000000  0.280819
27697.000000  0.115640
28017.000000  0.068275
28236.000000  0.013211
28470.000000  -0.244339
28706.000000  -0.065229
28938.000000  -0.023950
29142.000000  0.022274
29342.000000  0.023030
29493.000000  0.019876
29585.000000  -0.237928
29626.000000  -0.025341
29727.000000  0.069256
29826.000000  -0.006464
29899.000000  -0.021129
29968.000000  -0.015344
30029.000000  0.134678
30172.000000  0.249316
30342.000000  -0.330718
30534.000000  0.002739
30681.000000  0.028346
30902.000000  0.096222
31164.000000  0.208128
31437.000000  0.402002
31714.000000  -0.101406
31993.000000  -0.136615
32240.000000  -0.144879
32493.000000  -0.022574
32693.000000  -0.314873
32793.000000  -0.027264
32863.000000  -0.063859
32960.000000  0.076920
33102.000000  0.086638
33279.000000  0.034673
33421.000000  0.089358
33567.000000  -0.007346
33707.000000  -0.265885
33837.000000  0.004070
33963.000000  0.016708
34144.000000  -0.009429
34256.000000  0.134801
34330.000000  -0.022901
34435.000000  -0.046542
34579.000000  -0.013477
34687.000000  0.041823
34858.000000  0.037838
34974.000000  -0.014210
35074.000000  -0.156692
35161.000000  0.177936
35389.000000  0.173451
35539.000000  -0.116372
35774.000000  0.043748
35850.000000  -0.026409
35924.000000  -0.250531
35957.000000  -0.017456
36021.000000  0.009660
36139.000000  0.024117
36258.000000  0.009451
36408.000000  -0.000731
36453.000000  -0.020311
36631.000000  0.051723
36778.000000  -0.003536
36964.000000  0.017426
37106.000000  -0.022338
37178.000000  -0.024124
37222.000000  -0.018041
37287.000000  -0.020703
37396.000000  -0.001014
37498.000000  -0.006590
37540.000000  -0.018705
37582.000000  -0.008187
37591.000000  -0.005498
37634.000000  0.007791
37766.000000  0.032678
37910.000000  0.009983
38034.000000  0.008939
38176.000000  0.009510
38325.000000  0.016726
38401.000000  -0.051540
38433.000000  -0.006881
38515.000000  0.017130
38579.000000  0.008176
38653.000000  -0.004457
38682.000000  -0.014198
38696.000000  -0.027974
38699.000000  0.083800
38752.000000  -0.079707
38839.000000  0.012777
38922.000000  0.053499
39060.000000  0.052987
39114.000000  -0.008828
39187.000000  -0.042066
39258.000000  -0.042955
39304.000000  -0.001370
39392.000000  -0.014619
39463.000000  0.025654
39548.000000  0.039948
39660.000000  -0.017390
39736.000000  -0.017742
39818.000000  0.003586
39919.000000  0.014390
40042.000000  0.007832
40104.000000  -0.010694
40164.000000  -0.013060
40260.000000  0.042510
40376.000000  0.022463
40501.000000  0.072354
40597.000000  -0.124255
40626.000000  -0.036198
40707.000000  0.054975
40768.000000  0.004240
40773.000000  -0.066650
40815.000000  0.025593
40817.000000  -0.049616
40818.000000  0.205197
40820.000000  -0.189677
