995.000000  5.559729
1209.000000  7.261644
1403.000000  7.990922
1537.000000  12.292219
1796.000000  7.812363
2048.000000  7.878230
2353.000000  5.862937
2668.000000  5.612069
2957.000000  5.656066
3220.000000  7.537159
3557.000000  7.695062
3894.000000  4.480032
4185.000000  4.523603
4442.000000  5.294565
4721.000000  4.542280
4954.000000  5.746660
5169.000000  7.271875
5434.000000  5.546278
5714.000000  5.324908
5881.000000  9.718311
6065.000000  8.519854
6248.000000  12.302011
6477.000000  7.480998
6674.000000  6.858004
6885.000000  6.810310
6959.000000  7.432523
7187.000000  6.043746
7445.000000  6.441882
7686.000000  5.634461
7921.000000  6.611396
8214.000000  5.468650
8517.000000  5.013730
8769.000000  6.767014
8953.000000  7.613540
9153.000000  7.546025
9325.000000  7.465173
9533.000000  6.047137
9684.000000  7.025405
9788.000000  8.630547
9929.000000  8.632356
10049.000000  7.975687
10183.000000  8.768139
10340.000000  8.701344
10568.000000  7.583542
10805.000000  6.708710
11038.000000  9.147319
11089.000000  8.702992
11337.000000  6.394169
11512.000000  15.197820
11620.000000  20.170208
11750.000000  8.839017
11941.000000  7.272943
12185.000000  13.582773
12370.000000  5.587805
12591.000000  6.989820
12751.000000  19.627920
12912.000000  5.773961
13022.000000  7.503369
13116.000000  9.935628
13150.000000  11.542918
13262.000000  4.392034
13390.000000  7.774070
13505.000000  7.854364
13597.000000  19.855541
13745.000000  24.336403
13929.000000  7.064626
14110.000000  20.303207
14317.000000  20.441071
14495.000000  14.749798
14721.000000  10.248309
14956.000000  24.492237
15114.000000  28.014738
15311.000000  11.831176
15477.000000  8.468925
15558.000000  11.223001
15669.000000  10.572223
15816.000000  16.625160
15931.000000  8.044529
16105.000000  11.252103
16250.000000  9.252220
16370.000000  8.395524
16518.000000  9.074559
16676.000000  7.611814
17000.000000  7.257082
17301.000000  5.755517
17636.000000  8.745593
17944.000000  8.275827
18194.000000  5.467262
18401.000000  5.760326
18587.000000  5.828434
18772.000000  5.694085
18954.000000  5.032133
19079.000000  7.363526
19217.000000  5.266533
19318.000000  5.128445
19431.000000  5.744390
19561.000000  6.137941
19696.000000  7.709290
19860.000000  6.497952
19962.000000  6.644105
20053.000000  9.483976
20138.000000  5.263518
20270.000000  5.412651
20434.000000  5.864745
20625.000000  4.539697
20827.000000  5.170795
21067.000000  5.694394
21258.000000  7.268363
21447.000000  4.085802
21573.000000  4.208523
21778.000000  3.705333
21867.000000  5.511642
21975.000000  3.779334
22100.000000  4.911783
22214.000000  4.286494
22366.000000  4.692569
22529.000000  4.846037
22580.000000  5.261804
22725.000000  4.589249
22787.000000  4.911908
23002.000000  4.231730
23265.000000  4.561075
23393.000000  3.908269
23537.000000  3.586827
23712.000000  2.855544
23957.000000  3.698528
24181.000000  3.391596
24416.000000  2.554761
24553.000000  4.795333
24684.000000  2.885762
24773.000000  2.833117
24814.000000  10.564782
24874.000000  7.336733
24978.000000  4.954169
25049.000000  5.186818
25087.000000  5.083759
25250.000000  5.290709
25435.000000  2.652302
25574.000000  2.270015
25673.000000  2.003937
25816.000000  1.707643
25926.000000  5.498567
26055.000000  5.175022
26235.000000  5.283977
26347.000000  4.314896
26490.000000  4.633145
26687.000000  4.038846
26916.000000  4.597133
27109.000000  4.469739
27401.000000  3.052788
27697.000000  2.426681
28017.000000  2.049989
28236.000000  2.450528
28470.000000  2.917266
28706.000000  3.226089
28938.000000  3.203481
29142.000000  2.972001
29342.000000  3.354173
29493.000000  3.059186
29585.000000  4.692553
29626.000000  8.151134
29727.000000  4.070484
29826.000000  5.579257
29899.000000  5.504010
29968.000000  4.533298
30029.000000  3.156240
30172.000000  2.325448
30342.000000  3.898681
30534.000000  5.569971
30681.000000  5.037439
30902.000000  3.004149
31164.000000  2.235738
31437.000000  1.672913
31714.000000  2.418017
31993.000000  1.854416
32240.000000  3.457715
32493.000000  2.184169
32693.000000  3.505093
32793.000000  4.827171
32863.000000  4.064392
32960.000000  3.945963
33102.000000  2.812600
33279.000000  3.854612
33421.000000  2.407337
33567.000000  3.307760
33707.000000  4.028623
33837.000000  3.870736
33963.000000  6.663296
34144.000000  3.459873
34256.000000  3.090446
34330.000000  2.987040
34435.000000  3.328118
34579.000000  3.348394
34687.000000  3.074572
34858.000000  2.488945
34974.000000  2.657076
35074.000000  3.535191
35161.000000  3.675560
35389.000000  1.927034
35539.000000  2.461384
35774.000000  2.423213
35850.000000  2.252949
35924.000000  3.431494
35957.000000  5.016419
36021.000000  3.580997
36139.000000  5.328469
36258.000000  3.191845
36408.000000  3.054690
36453.000000  3.568244
36631.000000  3.124317
36778.000000  2.953239
36964.000000  2.804462
37106.000000  3.529514
37178.000000  3.046919
37222.000000  3.316400
37287.000000  3.818664
37396.000000  3.340696
37498.000000  3.340738
37540.000000  3.803374
37582.000000  4.031903
37591.000000  3.457358
37634.000000  4.565278
37766.000000  3.750142
37910.000000  3.413269
38034.000000  3.139130
38176.000000  3.115646
38325.000000  2.808204
38401.000000  3.331678
38433.000000  3.242319
38515.000000  3.441073
38579.000000  3.668163
38653.000000  2.813792
38682.000000  3.527352
38696.000000  3.756242
38699.000000  2.718496
38752.000000  3.702383
38839.000000  3.892023
38922.000000  3.552528
39060.000000  3.013460
39114.000000  2.855317
39187.000000  2.967690
39258.000000  3.164391
39304.000000  3.021158
39392.000000  3.193830
39463.000000  2.924791
39548.000000  2.776547
39660.000000  2.989982
39736.000000  3.282938
39818.000000  3.087205
39919.000000  3.230615
40042.000000  2.643058
40104.000000  2.713525
40164.000000  3.634127
40260.000000  2.701794
40376.000000  3.815910
40501.000000  1.989910
40597.000000  2.619922
40626.000000  2.998560
40707.000000  3.176335
40768.000000  2.345555
40773.000000  3.682112
40815.000000  2.802276
40817.000000  2.905310
40818.000000  2.111408
40820.000000  3.077340
