995.000000  0.234888
1266.000000  -0.051355
1568.000000  0.036467
1605.000000  -0.119320
1866.000000  0.108775
2184.000000  0.018110
2432.000000  0.015626
2719.000000  0.021616
3055.000000  0.030352
3330.000000  -0.001877
3629.000000  0.022346
3921.000000  -0.006851
4122.000000  -0.093360
4326.000000  0.052530
4552.000000  -0.016406
4742.000000  -0.031121
4967.000000  0.065416
4979.000000  -0.161908
5160.000000  0.100786
5374.000000  0.002138
5535.000000  -0.002536
5724.000000  0.050640
5939.000000  -0.013805
6140.000000  -0.019780
6356.000000  -0.001214
6415.000000  -0.051482
6647.000000  0.066644
6917.000000  0.020787
7124.000000  0.009834
7352.000000  0.018524
7587.000000  -0.035516
7630.000000  -0.043939
7817.000000  0.038933
8057.000000  0.037978
8100.000000  -0.086305
8367.000000  0.072737
8649.000000  0.036778
8870.000000  -0.002107
9066.000000  0.009233
9262.000000  -0.005608
9486.000000  0.039956
9735.000000  0.007788
9978.000000  0.011029
10019.000000  -0.064207
10239.000000  0.074661
10469.000000  0.040698
10664.000000  -0.116301
10847.000000  0.024616
11042.000000  0.038062
11227.000000  0.073487
11489.000000  -0.027948
11709.000000  0.280938
11918.000000  -0.267647
12124.000000  -0.102836
12323.000000  0.035190
12538.000000  -0.006616
12697.000000  0.052278
12864.000000  0.003965
13000.000000  0.076005
13111.000000  -0.199680
13189.000000  -0.031377
13245.000000  0.031585
13311.000000  -0.039608
13390.000000  0.026957
13517.000000  0.088222
13677.000000  0.032973
13898.000000  0.001702
14050.000000  -0.017158
14213.000000  -0.004156
14413.000000  -0.092825
14592.000000  0.023165
14717.000000  0.006706
14888.000000  0.148247
15126.000000  0.051875
15266.000000  0.057460
15482.000000  -0.157598
15647.000000  -0.117956
15775.000000  0.044918
15883.000000  -0.047961
15998.000000  -0.042005
16049.000000  -0.034977
16127.000000  -0.012332
16231.000000  0.065895
16353.000000  0.010146
16482.000000  0.007004
16644.000000  0.029377
16768.000000  -0.000555
16860.000000  0.003379
16984.000000  0.019255
17139.000000  -0.019601
17278.000000  0.009780
17515.000000  0.042264
17723.000000  0.008087
17900.000000  -0.010440
18146.000000  0.028731
18346.000000  -0.007679
18585.000000  -0.010723
18763.000000  0.020429
18913.000000  -0.080063
19064.000000  0.054707
19251.000000  0.007641
19401.000000  0.013320
19577.000000  0.003737
19714.000000  -0.068852
19843.000000  0.024562
19989.000000  0.032947
20032.000000  -0.047769
20202.000000  0.090100
20367.000000  0.046972
20591.000000  -0.006323
20792.000000  0.005474
20882.000000  -0.052442
21127.000000  0.112554
21389.000000  -0.007685
21603.000000  -0.035581
21862.000000  0.010892
22132.000000  0.015776
22498.000000  0.121393
22802.000000  -0.120948
23077.000000  -0.008165
23284.000000  -0.011058
23527.000000  0.004056
23691.000000  -0.045461
23753.000000  0.065312
23905.000000  0.069970
24080.000000  0.029930
24223.000000  -0.062291
24359.000000  0.059108
24511.000000  -0.018718
24668.000000  0.060951
24842.000000  -0.045459
25072.000000  0.053670
25260.000000  -0.073957
25483.000000  0.025015
25643.000000  0.016584
25845.000000  0.101193
25982.000000  -0.065391
26141.000000  -0.001045
26331.000000  0.105811
26502.000000  0.315126
26793.000000  -0.111641
26945.000000  -0.526169
27104.000000  -0.052622
27305.000000  0.010610
27501.000000  0.005550
27729.000000  0.227110
28010.000000  0.484654
28250.000000  0.038620
28421.000000  -0.379391
28621.000000  0.127171
28752.000000  0.093193
28944.000000  -0.566109
29089.000000  0.007451
29289.000000  0.077206
29438.000000  -0.048516
29538.000000  -0.022587
29691.000000  0.014576
29929.000000  -0.005574
30186.000000  0.058816
30402.000000  -0.090384
30705.000000  0.016186
30993.000000  0.022412
31248.000000  -0.000274
31514.000000  -0.013992
31783.000000  0.022939
32035.000000  0.021513
32209.000000  -0.057286
32379.000000  -0.028280
32540.000000  -0.006568
32664.000000  0.011259
32849.000000  -0.000286
33081.000000  0.066127
33320.000000  0.011766
33501.000000  -0.016019
33680.000000  -0.012527
33724.000000  -0.086969
33862.000000  0.029007
34072.000000  0.057589
34176.000000  -0.011540
34281.000000  -0.026372
34300.000000  -0.063146
34400.000000  0.065026
34498.000000  0.051575
34637.000000  0.015309
34756.000000  -0.042476
34853.000000  -0.013810
34940.000000  -0.013360
35027.000000  -0.011738
35177.000000  0.031382
35347.000000  0.014348
35385.000000  -0.008585
35584.000000  0.079091
35688.000000  -0.007790
35745.000000  0.052944
35826.000000  -0.021821
35929.000000  0.032381
36045.000000  0.042283
36257.000000  0.107812
36411.000000  0.018286
36515.000000  -0.360667
36623.000000  0.001313
36694.000000  0.023881
36790.000000  0.022757
36851.000000  -0.045321
36968.000000  0.030655
37107.000000  -0.007126
37175.000000  -0.031967
37263.000000  0.016058
37379.000000  -0.006356
37524.000000  0.127459
37658.000000  0.178958
37805.000000  -0.303875
37948.000000  0.026295
38085.000000  -0.030639
38166.000000  -0.006553
38222.000000  -0.024775
38288.000000  -0.004728
38375.000000  0.048667
38466.000000  -0.008854
38566.000000  0.006294
38654.000000  0.015069
38675.000000  -0.038686
38719.000000  0.382610
38740.000000  0.178043
38829.000000  -0.550780
38917.000000  0.007206
38992.000000  -0.008471
39086.000000  0.011252
39203.000000  0.018473
39428.000000  0.144813
39581.000000  0.125049
39613.000000  -0.156544
39661.000000  -0.102527
39733.000000  0.068680
39795.000000  -0.054831
39839.000000  -0.078753
39873.000000  0.022800
39873.000000  -0.032952
39877.000000  -0.007168
39925.000000  0.018291
40013.000000  0.024408
40097.000000  0.033439
40192.000000  -0.012665
40274.000000  0.005187
40344.000000  0.033437
40375.000000  -0.058655
40375.000000  -0.035814
40447.000000  0.055569
40518.000000  0.006613
40584.000000  0.059840
40657.000000  -0.033973
40728.000000  -0.009641
40802.000000  0.019492
40818.000000  -0.079250
