995.000000  0.164740
1266.000000  0.142838
1568.000000  0.173193
1605.000000  0.053742
1866.000000  0.147494
2184.000000  0.176988
2432.000000  0.182309
2719.000000  0.201950
3055.000000  0.235272
3330.000000  0.229707
3629.000000  0.247356
3921.000000  0.239320
4122.000000  0.147849
4326.000000  0.193960
4552.000000  0.180300
4742.000000  0.146277
4967.000000  0.191807
4979.000000  0.045731
5160.000000  0.147599
5374.000000  0.145450
5535.000000  0.146094
5724.000000  0.193843
5939.000000  0.178321
6140.000000  0.153850
6356.000000  0.138203
6415.000000  0.098814
6647.000000  0.155124
6917.000000  0.182158
7124.000000  0.189041
7352.000000  0.203427
7587.000000  0.168982
7630.000000  0.109130
7817.000000  0.157288
8057.000000  0.188550
8100.000000  0.106453
8367.000000  0.177892
8649.000000  0.205464
8870.000000  0.204219
9066.000000  0.213952
9262.000000  0.199116
9486.000000  0.224533
9735.000000  0.246589
9978.000000  0.233443
10019.000000  0.127039
10239.000000  0.246216
10469.000000  0.217571
10664.000000  0.127781
10847.000000  0.147077
11042.000000  0.223441
11227.000000  0.233232
11489.000000  0.269555
11709.000000  0.289520
11918.000000  0.223269
12124.000000  0.152565
12323.000000  0.216591
12538.000000  0.177215
12697.000000  0.191640
12864.000000  0.212978
13000.000000  0.275898
13111.000000  0.110800
13189.000000  0.078078
13245.000000  0.106597
13311.000000  0.071988
13390.000000  0.088908
13517.000000  0.183652
13677.000000  0.215354
13898.000000  0.212329
14050.000000  0.184072
14213.000000  0.135253
14413.000000  0.122097
14592.000000  0.138687
14717.000000  0.124040
14888.000000  0.242190
15126.000000  0.300225
15266.000000  0.227115
15482.000000  0.186990
15647.000000  0.134064
15775.000000  0.151716
15883.000000  0.123544
15998.000000  0.081522
16049.000000  0.041907
16127.000000  0.034967
16231.000000  0.078382
16353.000000  0.104665
16482.000000  0.099644
16644.000000  0.112465
16768.000000  0.116929
16860.000000  0.106070
16984.000000  0.105279
17139.000000  0.123788
17278.000000  0.121841
17515.000000  0.180691
17723.000000  0.175016
17900.000000  0.176739
18146.000000  0.197685
18346.000000  0.174941
18585.000000  0.190984
18763.000000  0.191925
18913.000000  0.122645
19064.000000  0.162187
19251.000000  0.188046
19401.000000  0.180983
19577.000000  0.193989
19714.000000  0.129076
19843.000000  0.150051
19989.000000  0.180293
20032.000000  0.132630
20202.000000  0.218429
20367.000000  0.239625
20591.000000  0.249433
20792.000000  0.246351
20882.000000  0.202911
21127.000000  0.296094
21389.000000  0.275051
21603.000000  0.244038
21862.000000  0.259281
22132.000000  0.285600
22498.000000  0.401024
22802.000000  0.281984
23077.000000  0.240661
23284.000000  0.253958
23527.000000  0.243614
23691.000000  0.199087
23753.000000  0.264184
23905.000000  0.348608
24080.000000  0.370380
24223.000000  0.308844
24359.000000  0.373449
24511.000000  0.349688
24668.000000  0.405647
24842.000000  0.365377
25072.000000  0.409441
25260.000000  0.342255
25483.000000  0.359915
25643.000000  0.374401
25845.000000  0.472773
25982.000000  0.410353
26141.000000  0.400947
26331.000000  0.496612
26502.000000  0.822222
26793.000000  0.705468
26945.000000  0.178718
27104.000000  0.132822
27305.000000  0.139863
27501.000000  0.156523
27729.000000  0.375895
28010.000000  0.819969
28250.000000  0.862363
28421.000000  0.482751
28621.000000  0.619312
28752.000000  0.701288
28944.000000  0.167506
29089.000000  0.169378
29289.000000  0.192815
29438.000000  0.152449
29538.000000  0.148749
29691.000000  0.179135
29929.000000  0.178180
30186.000000  0.213042
30402.000000  0.144338
30705.000000  0.155285
30993.000000  0.147938
31248.000000  0.165482
31514.000000  0.154073
31783.000000  0.166046
32035.000000  0.187442
32209.000000  0.122348
32379.000000  0.109447
32540.000000  0.080919
32664.000000  0.094229
32849.000000  0.115329
33081.000000  0.170657
33320.000000  0.167406
33501.000000  0.163217
33680.000000  0.135945
33724.000000  0.071632
33862.000000  0.101629
34072.000000  0.151211
34176.000000  0.107665
34281.000000  0.094230
34300.000000  0.025071
34400.000000  0.109009
34498.000000  0.147556
34637.000000  0.172571
34756.000000  0.126434
34853.000000  0.105731
34940.000000  0.093191
35027.000000  0.080647
35177.000000  0.092822
35347.000000  0.136506
35385.000000  0.118640
35584.000000  0.190089
35688.000000  0.191788
35745.000000  0.241471
35826.000000  0.220987
35929.000000  0.251333
36045.000000  0.281727
36257.000000  0.381596
36411.000000  0.383215
36515.000000  0.062356
36623.000000  0.056834
36694.000000  0.068322
36790.000000  0.081105
36851.000000  0.052923
36968.000000  0.076566
37107.000000  0.062775
37175.000000  0.042277
37263.000000  0.050405
37379.000000  0.060927
37524.000000  0.182395
37658.000000  0.343392
37805.000000  0.061610
37948.000000  0.076400
38085.000000  0.050904
38166.000000  0.039636
38222.000000  0.029718
38288.000000  0.020941
38375.000000  0.031429
38466.000000  0.049500
38566.000000  0.054814
38654.000000  0.043321
38675.000000  0.022314
38719.000000  0.367807
38740.000000  0.556041
38829.000000  0.037138
38917.000000  0.038306
38992.000000  0.049585
39086.000000  0.050352
39203.000000  0.064485
39428.000000  0.209260
39581.000000  0.326271
39613.000000  0.170893
39661.000000  0.050366
39733.000000  0.118630
39795.000000  0.083277
39839.000000  0.016553
39873.000000  0.021274
39873.000000  0.000071
39877.000000  0.003293
39925.000000  0.018043
40013.000000  0.030320
40097.000000  0.051006
40192.000000  0.055538
40274.000000  0.061884
40344.000000  0.082761
40375.000000  0.031364
40375.000000  0.000085
40447.000000  0.043760
40518.000000  0.044402
40584.000000  0.050700
40657.000000  0.058015
40728.000000  0.069388
40802.000000  0.082414
40818.000000  0.009536
