995.000000  70.135345
1266.000000  77.827103
1568.000000  78.724052
1605.000000  53.379112
1866.000000  70.418030
2184.000000  77.774628
2432.000000  74.965057
2719.000000  76.262711
3055.000000  79.710075
3330.000000  78.322830
3629.000000  78.369209
3921.000000  77.505592
4122.000000  68.633743
4326.000000  72.387299
4552.000000  71.678017
4742.000000  66.362816
4967.000000  67.103699
4979.000000  36.901360
5160.000000  65.682953
5374.000000  64.116463
5535.000000  65.128426
5724.000000  70.499542
5939.000000  68.282539
6140.000000  63.739895
6356.000000  57.546913
6415.000000  52.372627
6647.000000  60.756989
6917.000000  65.973656
7124.000000  66.111900
7352.000000  66.814850
7587.000000  62.830711
7630.000000  48.500275
7817.000000  59.591591
8057.000000  62.450199
8100.000000  49.371746
8367.000000  61.692707
8649.000000  63.194283
8870.000000  63.221050
9066.000000  64.393723
9262.000000  60.957390
9486.000000  61.246593
9735.000000  65.863876
9978.000000  60.568100
10019.000000  39.549549
10239.000000  62.195309
10469.000000  49.836044
10664.000000  39.897530
10847.000000  42.644920
11042.000000  58.347340
11227.000000  51.098461
11489.000000  62.908321
11709.000000  40.810425
11918.000000  50.538731
12124.000000  45.011951
12323.000000  57.891457
12538.000000  48.219494
12697.000000  45.650806
12864.000000  50.259197
13000.000000  55.205750
13111.000000  36.922909
13189.000000  29.056862
13245.000000  35.497658
13311.000000  27.615129
13390.000000  30.909306
13517.000000  48.861355
13677.000000  52.674858
13898.000000  51.719772
14050.000000  46.792465
14213.000000  34.749329
14413.000000  41.193588
14592.000000  43.398960
14717.000000  38.017609
14888.000000  51.039429
15126.000000  57.034580
15266.000000  38.899509
15482.000000  43.868450
15647.000000  43.485363
15775.000000  42.953144
15883.000000  40.472675
15998.000000  30.967888
16049.000000  18.358240
16127.000000  16.193066
16231.000000  27.811226
16353.000000  35.846722
16482.000000  33.327682
16644.000000  34.250465
16768.000000  35.670322
16860.000000  32.027287
16984.000000  30.041918
17139.000000  37.416477
17278.000000  35.770473
17515.000000  47.192318
17723.000000  44.764702
17900.000000  46.445518
18146.000000  48.303059
18346.000000  43.563007
18585.000000  48.862644
18763.000000  46.664333
18913.000000  37.027695
19064.000000  42.024830
19251.000000  47.779339
19401.000000  44.479309
19577.000000  47.241852
19714.000000  37.766193
19843.000000  40.959644
19989.000000  45.153652
20032.000000  37.730721
20202.000000  49.461071
20367.000000  49.044098
20591.000000  51.720947
20792.000000  50.508644
20882.000000  46.614231
21127.000000  54.046261
21389.000000  50.919540
21603.000000  48.364029
21862.000000  50.299080
22132.000000  53.759499
22498.000000  61.445702
22802.000000  53.034431
23077.000000  45.968498
23284.000000  49.554993
23527.000000  47.163403
23691.000000  42.262573
23753.000000  49.252781
23905.000000  57.492477
24080.000000  58.209938
24223.000000  53.806339
24359.000000  58.987301
24511.000000  56.917053
24668.000000  60.066128
24842.000000  58.007915
25072.000000  59.899605
25260.000000  56.145401
25483.000000  56.715096
25643.000000  57.495182
25845.000000  62.837059
25982.000000  59.732246
26141.000000  58.452023
26331.000000  62.723000
26502.000000  74.282875
26793.000000  70.884300
26945.000000  38.100468
27104.000000  31.893927
27305.000000  32.750317
27501.000000  36.181416
27729.000000  56.978123
28010.000000  71.652382
28250.000000  72.896820
28421.000000  60.073441
28621.000000  66.537453
28752.000000  68.487503
28944.000000  36.584946
29089.000000  36.401306
29289.000000  35.541065
29438.000000  30.860418
29538.000000  31.554058
29691.000000  36.860153
29929.000000  37.089081
30186.000000  39.508869
30402.000000  32.157879
30705.000000  33.392670
30993.000000  30.349939
31248.000000  33.968319
31514.000000  32.561516
31783.000000  33.469368
32035.000000  36.211948
32209.000000  26.577673
32379.000000  25.331470
32540.000000  19.017780
32664.000000  21.575050
32849.000000  26.423576
33081.000000  33.955536
33320.000000  32.546677
33501.000000  32.752373
33680.000000  27.983212
33724.000000  17.960009
33862.000000  23.753563
34072.000000  31.149431
34176.000000  22.719040
34281.000000  21.055876
34300.000000  6.522502
34400.000000  24.256245
34498.000000  29.453531
34637.000000  33.425247
34756.000000  26.684471
34853.000000  22.984835
34940.000000  20.864872
35027.000000  18.543623
35177.000000  19.906624
35347.000000  28.401161
35385.000000  25.132900
35584.000000  34.490063
35688.000000  35.297253
35745.000000  40.495243
35826.000000  38.467812
35929.000000  41.415718
36045.000000  43.400208
36257.000000  50.412380
36411.000000  49.432114
36515.000000  15.041198
36623.000000  13.665930
36694.000000  15.536131
36790.000000  17.535515
36851.000000  12.685458
36968.000000  17.096224
37107.000000  14.243529
37175.000000  10.342657
37263.000000  11.864957
37379.000000  14.559650
37524.000000  33.410397
37658.000000  47.372269
37805.000000  14.634056
37948.000000  17.080297
38085.000000  12.217104
38166.000000  9.664700
38222.000000  7.712322
38288.000000  5.502086
38375.000000  7.321361
38466.000000  11.774060
38566.000000  12.845757
38654.000000  9.806112
38675.000000  5.535631
38719.000000  46.812401
38740.000000  57.695705
38829.000000  8.992871
38917.000000  9.116762
38992.000000  12.043869
39086.000000  11.904865
39203.000000  14.608413
39428.000000  35.695316
39581.000000  45.870445
39613.000000  30.805693
39661.000000  11.137657
39733.000000  22.774233
39795.000000  17.868021
39839.000000  4.273698
39873.000000  5.187340
39873.000000  0.018864
39877.000000  0.889895
39925.000000  4.646786
40013.000000  7.346993
40097.000000  11.432934
40192.000000  12.812651
40274.000000  14.107837
40344.000000  17.530697
40375.000000  7.586195
40375.000000  0.022609
40447.000000  10.101742
40518.000000  10.095828
40584.000000  10.147305
40657.000000  12.458426
40728.000000  15.215750
40802.000000  17.331259
40818.000000  2.406385
