995.000000  0.164740
1266.000000  -0.021901
1568.000000  0.030354
1605.000000  -0.119451
1866.000000  0.093752
2184.000000  0.029494
2432.000000  0.005321
2719.000000  0.019641
3055.000000  0.033322
3330.000000  -0.005565
3629.000000  0.017649
3921.000000  -0.008035
4122.000000  -0.091471
4326.000000  0.046111
4552.000000  -0.013660
4742.000000  -0.034023
4967.000000  0.045530
4979.000000  -0.146076
5160.000000  0.101868
5374.000000  -0.002149
5535.000000  0.000644
5724.000000  0.047749
5939.000000  -0.015522
6140.000000  -0.024471
6356.000000  -0.015647
6415.000000  -0.039389
6647.000000  0.056310
6917.000000  0.027033
7124.000000  0.006883
7352.000000  0.014387
7587.000000  -0.034445
7630.000000  -0.059852
7817.000000  0.048157
8057.000000  0.031263
8100.000000  -0.082097
8367.000000  0.071439
8649.000000  0.027572
8870.000000  -0.001245
9066.000000  0.009734
9262.000000  -0.014836
9486.000000  0.025416
9735.000000  0.022056
9978.000000  -0.013147
10019.000000  -0.106404
10239.000000  0.119177
10469.000000  -0.028645
10664.000000  -0.089790
10847.000000  0.019297
11042.000000  0.076364
11227.000000  0.009791
11489.000000  0.036323
11709.000000  0.019965
11918.000000  -0.066250
12124.000000  -0.070704
12323.000000  0.064026
12538.000000  -0.039376
12697.000000  0.014425
12864.000000  0.021338
13000.000000  0.062920
13111.000000  -0.165099
13189.000000  -0.032722
13245.000000  0.028519
13311.000000  -0.034608
13390.000000  0.016920
13517.000000  0.094744
13677.000000  0.031702
13898.000000  -0.003025
14050.000000  -0.028257
14213.000000  -0.048820
14413.000000  -0.013156
14592.000000  0.016590
14717.000000  -0.014647
14888.000000  0.118150
15126.000000  0.058035
15266.000000  -0.073110
15482.000000  -0.040125
15647.000000  -0.052927
15775.000000  0.017653
15883.000000  -0.028172
15998.000000  -0.042022
16049.000000  -0.039616
16127.000000  -0.006939
16231.000000  0.043414
16353.000000  0.026284
16482.000000  -0.005021
16644.000000  0.012821
16768.000000  0.004464
16860.000000  -0.010860
16984.000000  -0.000791
17139.000000  0.018509
17278.000000  -0.001947
17515.000000  0.058850
17723.000000  -0.005675
17900.000000  0.001722
18146.000000  0.020946
18346.000000  -0.022744
18585.000000  0.016043
18763.000000  0.000941
18913.000000  -0.069280
19064.000000  0.039542
19251.000000  0.025859
19401.000000  -0.007063
19577.000000  0.013006
19714.000000  -0.064913
19843.000000  0.020975
19989.000000  0.030241
20032.000000  -0.047662
20202.000000  0.085799
20367.000000  0.021196
20591.000000  0.009808
20792.000000  -0.003082
20882.000000  -0.043440
21127.000000  0.093183
21389.000000  -0.021043
21603.000000  -0.031013
21862.000000  0.015243
22132.000000  0.026319
22498.000000  0.115424
22802.000000  -0.119040
23077.000000  -0.041323
23284.000000  0.013297
23527.000000  -0.010343
23691.000000  -0.044527
23753.000000  0.065097
23905.000000  0.084424
24080.000000  0.021772
24223.000000  -0.061536
24359.000000  0.064605
24511.000000  -0.023760
24668.000000  0.055958
24842.000000  -0.040270
25072.000000  0.044064
25260.000000  -0.067185
25483.000000  0.017660
25643.000000  0.014485
25845.000000  0.098372
25982.000000  -0.062420
26141.000000  -0.009406
26331.000000  0.095664
26502.000000  0.325610
26793.000000  -0.116754
26945.000000  -0.526750
27104.000000  -0.045896
27305.000000  0.007041
27501.000000  0.016661
27729.000000  0.219371
28010.000000  0.444075
28250.000000  0.042394
28421.000000  -0.379612
28621.000000  0.136561
28752.000000  0.081976
28944.000000  -0.533782
29089.000000  0.001871
29289.000000  0.023437
29438.000000  -0.040365
29538.000000  -0.003701
29691.000000  0.030386
29929.000000  -0.000955
30186.000000  0.034862
30402.000000  -0.068704
30705.000000  0.010947
30993.000000  -0.007348
31248.000000  0.017544
31514.000000  -0.011409
31783.000000  0.011973
32035.000000  0.021397
32209.000000  -0.065095
32379.000000  -0.012901
32540.000000  -0.028528
32664.000000  0.013310
32849.000000  0.021100
33081.000000  0.055328
33320.000000  -0.003251
33501.000000  -0.004189
33680.000000  -0.027272
33724.000000  -0.064313
33862.000000  0.029997
34072.000000  0.049582
34176.000000  -0.043546
34281.000000  -0.013435
34300.000000  -0.069159
34400.000000  0.083938
34498.000000  0.038548
34637.000000  0.025015
34756.000000  -0.046136
34853.000000  -0.020704
34940.000000  -0.012539
35027.000000  -0.012544
35177.000000  0.012175
35347.000000  0.043684
35385.000000  -0.017866
35584.000000  0.071449
35688.000000  0.001699
35745.000000  0.049683
35826.000000  -0.020484
35929.000000  0.030346
36045.000000  0.030394
36257.000000  0.099869
36411.000000  0.001619
36515.000000  -0.320859
36623.000000  -0.005522
36694.000000  0.011488
36790.000000  0.012783
36851.000000  -0.028182
36968.000000  0.023642
37107.000000  -0.013791
37175.000000  -0.020498
37263.000000  0.008128
37379.000000  0.010522
37524.000000  0.121468
37658.000000  0.160997
37805.000000  -0.281782
37948.000000  0.014790
38085.000000  -0.025496
38166.000000  -0.011268
38222.000000  -0.009918
38288.000000  -0.008777
38375.000000  0.010487
38466.000000  0.018072
38566.000000  0.005314
38654.000000  -0.011493
38675.000000  -0.021008
38719.000000  0.345493
38740.000000  0.188234
38829.000000  -0.518903
38917.000000  0.001169
38992.000000  0.011279
39086.000000  0.000767
39203.000000  0.014133
39428.000000  0.144775
39581.000000  0.117011
39613.000000  -0.155378
39661.000000  -0.120526
39733.000000  0.068264
39795.000000  -0.035354
39839.000000  -0.066724
39873.000000  0.004721
39873.000000  -0.021203
39877.000000  0.003221
39925.000000  0.014750
40013.000000  0.012278
40097.000000  0.020685
40192.000000  0.004533
40274.000000  0.006346
40344.000000  0.020876
40375.000000  -0.051397
40375.000000  -0.031279
40447.000000  0.043674
40518.000000  0.000642
40584.000000  0.006299
40657.000000  0.007315
40728.000000  0.011373
40802.000000  0.013026
40818.000000  -0.072878
