995.000000  5.376050
1266.000000  7.125999
1568.000000  6.937349
1605.000000  17.624809
1866.000000  7.540737
2184.000000  5.893599
2432.000000  7.752646
2719.000000  8.194965
3055.000000  4.804755
3330.000000  4.572849
3629.000000  4.798404
3921.000000  4.985048
4122.000000  7.118256
4326.000000  5.564641
4552.000000  5.711596
4742.000000  6.329597
4967.000000  8.203874
4979.000000  12.088696
5160.000000  7.048790
5374.000000  7.156262
5535.000000  6.365915
5724.000000  5.557547
5939.000000  5.586357
6140.000000  6.677026
6356.000000  11.720129
6415.000000  9.986000
6647.000000  6.404910
6917.000000  6.317678
7124.000000  5.803629
7352.000000  5.462265
7587.000000  6.375174
7630.000000  12.618497
7817.000000  8.480177
8057.000000  6.280389
8100.000000  9.331452
8367.000000  7.133035
8649.000000  5.728221
8870.000000  5.588047
9066.000000  6.297966
9262.000000  9.218448
9486.000000  6.714243
9735.000000  6.265778
9978.000000  12.205768
10019.000000  26.244051
10239.000000  8.759274
10469.000000  24.875387
10664.000000  26.538029
10847.000000  24.532970
11042.000000  7.631815
11227.000000  22.813848
11489.000000  8.210164
11709.000000  41.715763
11918.000000  18.588194
12124.000000  17.454611
12323.000000  8.520415
12538.000000  17.343477
12697.000000  22.967958
12864.000000  18.651829
13000.000000  13.731359
13111.000000  18.661121
13189.000000  21.483219
13245.000000  20.731445
13311.000000  21.995913
13390.000000  20.247803
13517.000000  13.032465
13677.000000  12.716370
13898.000000  12.709197
14050.000000  17.322659
14213.000000  29.267174
14413.000000  10.353287
14592.000000  8.468113
14717.000000  18.458498
14888.000000  17.580526
15126.000000  14.180261
15266.000000  35.129906
15482.000000  18.121567
15647.000000  8.211298
15775.000000  8.493943
15883.000000  10.115937
15998.000000  11.237105
16049.000000  12.961793
16127.000000  13.668760
16231.000000  11.167009
16353.000000  11.005469
16482.000000  14.136310
16644.000000  12.443736
16768.000000  10.402919
16860.000000  17.041273
16984.000000  22.489265
17139.000000  10.997618
17278.000000  11.955843
17515.000000  8.635691
17723.000000  9.820948
17900.000000  8.600103
18146.000000  9.691349
18346.000000  9.376712
18585.000000  5.574361
18763.000000  6.524780
18913.000000  8.381707
19064.000000  6.092054
19251.000000  4.690657
19401.000000  5.941178
19577.000000  5.942926
19714.000000  6.898457
19843.000000  6.199364
19989.000000  7.640220
20032.000000  7.125812
20202.000000  6.760892
20367.000000  4.429697
20591.000000  4.464243
20792.000000  6.642484
20882.000000  5.174371
21127.000000  6.277070
21389.000000  8.689797
21603.000000  5.311901
21862.000000  5.627747
22132.000000  5.053970
22498.000000  3.905302
22802.000000  4.954296
23077.000000  4.857875
23284.000000  6.211461
23527.000000  7.219059
23691.000000  8.941066
23753.000000  4.670764
23905.000000  3.626134
24080.000000  3.782749
24223.000000  5.035832
24359.000000  3.763765
24511.000000  4.154361
24668.000000  2.936282
24842.000000  3.760529
25072.000000  4.581018
25260.000000  3.532491
25483.000000  3.933501
25643.000000  3.133498
25845.000000  2.442810
25982.000000  2.509217
26141.000000  2.456427
26331.000000  3.153754
26502.000000  1.416490
26793.000000  1.559584
26945.000000  4.364275
27104.000000  4.357112
27305.000000  3.619874
27501.000000  3.757609
27729.000000  2.325750
28010.000000  1.601545
28250.000000  1.357527
28421.000000  1.932640
28621.000000  2.741581
28752.000000  2.379239
28944.000000  3.541317
29089.000000  3.480268
29289.000000  2.828638
29438.000000  4.511808
29538.000000  3.122121
29691.000000  3.428996
29929.000000  3.411442
30186.000000  4.422791
30402.000000  4.217677
30705.000000  5.689384
30993.000000  3.342291
31248.000000  3.404272
31514.000000  3.915970
31783.000000  3.445664
32035.000000  3.170792
32209.000000  3.777278
32379.000000  4.906730
32540.000000  3.974552
32664.000000  4.022655
32849.000000  4.010858
33081.000000  3.374475
33320.000000  3.733485
33501.000000  3.651042
33680.000000  4.532944
33724.000000  5.255455
33862.000000  4.177258
34072.000000  3.525549
34176.000000  3.603308
34281.000000  4.151290
34300.000000  6.159657
34400.000000  3.491831
34498.000000  3.380263
34637.000000  3.640256
34756.000000  3.653270
34853.000000  3.919713
34940.000000  5.095777
35027.000000  5.076188
35177.000000  4.395891
35347.000000  3.336529
35385.000000  3.339614
35584.000000  2.753227
35688.000000  2.828661
35745.000000  2.698436
35826.000000  3.168591
35929.000000  2.511419
36045.000000  2.332373
36257.000000  2.032979
36411.000000  1.907945
36515.000000  3.384377
36623.000000  5.396521
36694.000000  3.941614
36790.000000  5.152729
36851.000000  3.278561
36968.000000  3.242435
37107.000000  4.066766
37175.000000  3.446593
37263.000000  4.287251
37379.000000  3.557216
37524.000000  2.624943
37658.000000  1.813612
37805.000000  3.317353
37948.000000  3.108557
38085.000000  4.476913
38166.000000  3.274203
38222.000000  4.396498
38288.000000  3.605714
38375.000000  5.323551
38466.000000  5.134367
38566.000000  3.557158
38654.000000  3.175147
38675.000000  3.460189
38719.000000  1.960452
38740.000000  1.436576
38829.000000  3.859527
38917.000000  3.372523
38992.000000  3.633614
39086.000000  3.295219
39203.000000  2.910716
39428.000000  2.844890
39581.000000  1.965718
39613.000000  2.406802
39661.000000  6.653700
39733.000000  2.752211
39795.000000  2.996531
39839.000000  3.038420
39873.000000  2.833787
39873.000000  4.074770
39877.000000  3.166298
39925.000000  3.155511
40013.000000  3.165349
40097.000000  2.636177
40192.000000  2.961196
40274.000000  3.102973
40344.000000  2.649226
40375.000000  3.006414
40375.000000  3.238008
40447.000000  2.868698
40518.000000  2.636997
40584.000000  2.698428
40657.000000  2.527039
40728.000000  2.899924
40802.000000  2.518691
40818.000000  2.839333
