399.000000  35.949211
553.000000  43.351639
668.000000  40.350700
730.000000  17.030125
800.000000  25.792509
904.000000  31.898937
1050.000000  28.949160
1213.000000  37.972012
1329.000000  36.035595
1458.000000  33.323151
1644.000000  35.182198
1792.000000  37.241917
1898.000000  31.699593
1962.000000  19.873362
2078.000000  32.578312
2205.000000  36.238380
2265.000000  26.978844
2323.000000  11.851725
2379.000000  12.347946
2498.000000  30.880896
2602.000000  37.223660
2730.000000  38.429131
2800.000000  19.746103
2878.000000  14.453478
2973.000000  18.616755
3053.000000  20.861908
3105.000000  17.775408
3152.000000  17.783495
3212.000000  21.989950
3317.000000  26.574829
3414.000000  33.670624
3565.000000  31.073362
3733.000000  37.276314
3764.000000  39.900051
3877.000000  35.583908
3974.000000  32.138470
4092.000000  33.498684
4227.000000  37.039173
4385.000000  34.846973
4545.000000  34.179451
4687.000000  33.763481
4784.000000  25.158844
4920.000000  27.384399
5022.000000  27.787712
5062.000000  22.338993
5220.000000  27.245716
5369.000000  27.047506
5547.000000  33.163708
5703.000000  31.531181
5817.000000  26.133472
5947.000000  32.508747
6054.000000  24.443533
6101.000000  19.547394
6173.000000  18.316473
6252.000000  24.265266
6331.000000  27.510756
6415.000000  24.248308
6500.000000  23.762985
6568.000000  18.832319
6678.000000  29.281759
6823.000000  33.747185
6965.000000  31.001686
7128.000000  32.244358
7269.000000  32.422726
7430.000000  33.647976
7554.000000  34.397472
7697.000000  31.089670
7830.000000  32.812134
7990.000000  33.201939
8161.000000  26.500097
8296.000000  32.357807
8383.000000  40.032761
8496.000000  32.924267
8625.000000  23.764334
8797.000000  35.404675
8936.000000  36.691536
8985.000000  28.652365
9147.000000  35.484669
9304.000000  32.974331
9419.000000  36.084930
9488.000000  32.581120
9575.000000  32.863354
9646.000000  31.974400
9727.000000  34.173946
9850.000000  21.232801
9907.000000  21.190128
10043.000000  23.962688
10185.000000  21.380369
10294.000000  20.212132
10412.000000  20.816982
10554.000000  18.895784
10681.000000  18.912689
10806.000000  23.224474
10925.000000  21.031115
11058.000000  18.898205
11242.000000  24.231562
11394.000000  23.063972
11548.000000  19.526632
11698.000000  21.919592
11718.000000  4.702296
11813.000000  18.329317
11958.000000  21.708286
12096.000000  24.093937
12256.000000  20.634552
12377.000000  15.755910
12540.000000  19.375156
12623.000000  14.758208
12706.000000  9.312144
12824.000000  16.682196
13016.000000  22.336485
13161.000000  17.501938
13299.000000  17.359407
13332.000000  17.554037
13484.000000  17.041203
13616.000000  16.148748
13770.000000  18.594425
13935.000000  20.529696
14060.000000  17.312756
14165.000000  17.035444
14236.000000  11.030211
14347.000000  13.041689
14487.000000  18.034613
14626.000000  19.769754
14784.000000  20.282354
14919.000000  18.370661
15054.000000  18.696217
15107.000000  12.527739
15249.000000  17.999189
15414.000000  20.323076
15550.000000  19.154762
15682.000000  19.366425
15805.000000  21.449543
15954.000000  21.714764
16140.000000  25.167788
16289.000000  32.226467
16447.000000  32.810421
16585.000000  34.086315
16664.000000  27.392029
16755.000000  28.623999
16886.000000  26.070457
17040.000000  22.157654
17189.000000  23.189453
17336.000000  24.105227
17491.000000  19.733603
17651.000000  18.624193
17711.000000  20.726128
17875.000000  22.410292
17975.000000  16.285233
18110.000000  18.516655
18232.000000  29.942852
18354.000000  33.671001
18504.000000  35.172100
18550.000000  39.042683
18669.000000  40.899380
18745.000000  43.895332
18832.000000  11.654873
18936.000000  12.832269
19042.000000  42.549686
19141.000000  45.097775
19227.000000  49.947750
19311.000000  14.246398
19390.000000  12.349321
19488.000000  12.816149
19581.000000  16.676134
19611.000000  44.757820
19624.000000  22.307993
19638.000000  47.005730
19645.000000  44.274200
19655.000000  47.916157
19664.000000  40.963600
19677.000000  41.209774
19708.000000  41.874180
19781.000000  37.180077
19890.000000  37.414658
20013.000000  41.012936
20105.000000  45.369919
20198.000000  45.756359
20314.000000  48.613018
20418.000000  55.707134
20459.000000  54.009670
20491.000000  54.501915
20526.000000  50.732052
20572.000000  51.927715
20584.000000  64.269310
20660.000000  14.698564
20795.000000  13.373520
20827.000000  15.880573
20947.000000  16.230850
21114.000000  20.123093
21288.000000  20.443735
21438.000000  22.577673
21523.000000  18.979511
21561.000000  19.950901
21635.000000  20.862923
21725.000000  17.997847
21797.000000  15.906802
21890.000000  22.607527
21969.000000  24.063229
22044.000000  21.592831
22117.000000  12.794095
22156.000000  17.372313
22204.000000  10.668763
22290.000000  23.241339
22384.000000  30.269447
22477.000000  23.203363
22611.000000  26.371080
22707.000000  17.786484
22790.000000  14.286322
22876.000000  14.449030
22956.000000  15.471239
23039.000000  14.400628
23052.000000  4.254100
23124.000000  11.550427
23215.000000  14.330162
23321.000000  18.008835
23409.000000  15.823118
23493.000000  14.700029
23569.000000  14.894445
23659.000000  11.822343
23738.000000  17.564102
23798.000000  14.127606
23872.000000  15.497771
23971.000000  15.571589
24034.000000  11.585608
24113.000000  14.709994
24182.000000  23.686548
24252.000000  25.480589
24310.000000  31.227217
24412.000000  20.868799
24537.000000  25.667309
24645.000000  23.750530
24814.000000  25.761784
24897.000000  10.568539
25008.000000  10.886788
25044.000000  9.893569
25128.000000  6.794734
25229.000000  9.480895
25230.000000  0.862585
25255.000000  3.504813
25330.000000  6.020208
25419.000000  6.930007
25492.000000  4.650183
25561.000000  4.359563
25624.000000  8.169074
25742.000000  10.943023
25917.000000  13.609740
26064.000000  13.425930
26148.000000  17.020235
26312.000000  18.830425
26473.000000  17.680164
26635.000000  17.818365
26725.000000  18.760574
26755.000000  18.108706
26777.000000  15.241986
26845.000000  18.009966
26927.000000  18.381386
27010.000000  17.343546
27111.000000  15.443291
27196.000000  12.065534
27298.000000  14.862950
27396.000000  12.619183
27491.000000  11.983324
27584.000000  16.310410
27692.000000  17.402927
27706.000000  6.690741
27773.000000  4.637126
27863.000000  11.663373
28011.000000  26.147873
28127.000000  32.938236
28210.000000  31.205299
28260.000000  7.085458
28262.000000  10.850842
28329.000000  29.583857
28403.000000  26.915279
28489.000000  27.726862
28587.000000  23.831827
28676.000000  23.220100
28769.000000  27.433666
28795.000000  27.202717
28832.000000  24.097904
28881.000000  36.083076
28979.000000  32.679146
29039.000000  15.661968
29078.000000  11.194677
29156.000000  14.496094
29226.000000  9.632385
29270.000000  6.487015
29347.000000  5.418780
29413.000000  4.524916
29450.000000  2.335526
29482.000000  1.942488
29484.000000  2.565986
29575.000000  5.382006
29661.000000  7.518338
29753.000000  9.975891
29865.000000  9.806005
29894.000000  6.609097
30072.000000  8.277813
30218.000000  9.998843
30334.000000  9.367170
30347.000000  8.304979
30498.000000  12.379835
30574.000000  8.809275
30625.000000  9.256440
30649.000000  7.108113
30660.000000  1.657175
30716.000000  4.621520
30738.000000  2.249996
30784.000000  3.601221
30877.000000  6.405227
30965.000000  8.998801
31060.000000  10.877992
31160.000000  12.137426
31226.000000  10.072004
31238.000000  5.281230
31267.000000  9.219234
31341.000000  7.278556
31367.000000  4.221005
31489.000000  9.062996
31679.000000  15.622332
31871.000000  18.169058
32061.000000  22.420950
32191.000000  16.547087
32287.000000  17.279890
32446.000000  19.567282
32593.000000  18.757982
32768.000000  21.028790
32908.000000  21.054968
33025.000000  23.084887
33073.000000  18.348061
33078.000000  3.145860
33122.000000  10.225757
33175.000000  8.052989
33177.000000  1.095159
33177.000000  0.012120
33213.000000  6.931136
33286.000000  5.824408
33394.000000  8.820609
33491.000000  9.637909
33613.000000  13.538170
33637.000000  7.894018
33725.000000  11.402315
33834.000000  14.224848
33889.000000  10.571191
33923.000000  3.356419
33982.000000  4.891261
34074.000000  7.153374
34213.000000  11.880147
34370.000000  15.910361
34507.000000  15.530608
34641.000000  13.657715
34714.000000  13.196337
34741.000000  8.375664
34752.000000  3.427973
34901.000000  18.060772
35038.000000  10.628799
35181.000000  10.186592
35320.000000  13.715392
35461.000000  14.042856
35519.000000  15.171419
35655.000000  14.866321
35829.000000  15.701567
35923.000000  16.215698
36026.000000  18.557823
36174.000000  18.046385
36332.000000  19.169264
36523.000000  21.175455
36618.000000  11.541146
36723.000000  15.129277
36824.000000  13.177562
36913.000000  12.458996
37026.000000  18.447313
37113.000000  23.174259
37270.000000  25.088284
37517.000000  29.161369
37639.000000  26.437122
37771.000000  28.843081
37940.000000  30.650122
38088.000000  22.517654
38178.000000  25.756111
38244.000000  26.080084
38327.000000  27.864834
38375.000000  28.731409
38387.000000  29.567024
38438.000000  23.700478
38538.000000  26.321709
38612.000000  14.419834
38716.000000  28.916794
38722.000000  13.310737
38773.000000  36.368622
38821.000000  41.143913
38919.000000  42.464390
38985.000000  10.198033
39077.000000  14.260348
39179.000000  17.213404
39261.000000  18.901890
39279.000000  9.974567
39290.000000  1.733858
39334.000000  4.782114
39356.000000  2.528723
39438.000000  13.233909
39583.000000  15.518610
39775.000000  15.367690
39979.000000  19.229664
40148.000000  20.249706
40235.000000  15.875255
40274.000000  14.991938
40332.000000  9.988894
40356.000000  13.446084
40361.000000  3.756426
40363.000000  1.212361
40432.000000  9.155629
40533.000000  11.718128
40626.000000  12.833849
40716.000000  16.901976
40788.000000  13.135025
40811.000000  8.312468
40816.000000  2.026775
40818.000000  1.295231
