995.000000  0.165570
1210.000000  0.124256
1372.000000  0.112174
1577.000000  0.112441
1791.000000  0.132347
2007.000000  0.146115
2274.000000  0.153524
2516.000000  0.151109
2801.000000  0.180739
2890.000000  0.165212
3235.000000  0.220842
3566.000000  0.245645
3944.000000  0.276917
4271.000000  0.266551
4506.000000  0.218884
4770.000000  0.198485
4973.000000  0.183768
5242.000000  0.205743
5476.000000  0.177934
5550.000000  0.153724
5731.000000  0.163825
5883.000000  0.160537
6040.000000  0.133053
6228.000000  0.140224
6464.000000  0.163169
6646.000000  0.169098
6801.000000  0.189689
6966.000000  0.197235
7055.000000  0.169938
7154.000000  0.090030
7264.000000  0.090820
7363.000000  0.099490
7482.000000  0.087592
7642.000000  0.121078
7800.000000  0.121399
7972.000000  0.107107
8134.000000  0.113746
8314.000000  0.155201
8508.000000  0.165090
8689.000000  0.132447
8857.000000  0.161700
9037.000000  0.180918
9237.000000  0.142543
9512.000000  0.161559
9728.000000  0.135646
9909.000000  0.130118
10103.000000  0.152516
10271.000000  0.124449
10437.000000  0.179897
10515.000000  0.139207
10622.000000  0.098049
10765.000000  0.106431
10888.000000  0.101946
10939.000000  0.105146
11081.000000  0.122165
11175.000000  0.110357
11270.000000  0.094775
11342.000000  0.104805
11402.000000  0.116860
11493.000000  0.072208
11584.000000  0.051733
11674.000000  0.056282
11765.000000  0.071098
11881.000000  0.077713
12022.000000  0.083546
12118.000000  0.073215
12244.000000  0.085509
12369.000000  0.089624
12470.000000  0.115700
12602.000000  0.092051
12739.000000  0.107710
12864.000000  0.120521
13012.000000  0.137126
13162.000000  0.106841
13298.000000  0.101225
13490.000000  0.152711
13690.000000  0.180226
13861.000000  0.208598
14036.000000  0.213688
14191.000000  0.247594
14325.000000  0.243776
14540.000000  0.296677
14803.000000  0.321943
15072.000000  0.337047
15352.000000  0.365579
15594.000000  0.345851
15716.000000  0.277093
15807.000000  0.267302
15948.000000  0.272428
16081.000000  0.281030
16239.000000  0.299924
16390.000000  0.286076
16498.000000  0.240259
16579.000000  0.162698
16678.000000  0.168065
16798.000000  0.171551
17056.000000  0.207556
17255.000000  0.204856
17388.000000  0.215937
17499.000000  0.188585
17575.000000  0.159829
17676.000000  0.163769
17853.000000  0.188151
17990.000000  0.193278
18106.000000  0.150870
18261.000000  0.164648
18397.000000  0.159228
18505.000000  0.148634
18613.000000  0.142652
18710.000000  0.128155
18900.000000  0.172621
18993.000000  0.145910
19213.000000  0.259307
19428.000000  0.273789
19625.000000  0.229865
19858.000000  0.279671
20052.000000  0.193742
20237.000000  0.251947
20346.000000  0.257711
20468.000000  0.267138
20679.000000  0.292995
20898.000000  0.325950
20989.000000  0.248126
21135.000000  0.261493
21270.000000  0.241152
21450.000000  0.298987
21569.000000  0.299354
21677.000000  0.433440
21794.000000  0.327096
21916.000000  0.336933
22033.000000  0.358799
22173.000000  0.350744
22364.000000  0.417102
22567.000000  0.456623
22810.000000  0.314687
23072.000000  0.431829
23255.000000  0.439668
23461.000000  0.453089
23574.000000  0.341031
23747.000000  0.334075
23890.000000  0.391406
24007.000000  0.404475
24113.000000  0.232780
24252.000000  0.388914
24390.000000  0.433475
24549.000000  0.481579
24743.000000  0.719270
24913.000000  0.104125
24973.000000  0.124654
25044.000000  0.177142
25127.000000  0.071988
25197.000000  0.058601
25224.000000  0.075132
25408.000000  0.301431
25541.000000  0.293927
25623.000000  0.310875
25731.000000  0.215404
25819.000000  0.189777
25912.000000  0.187885
26033.000000  0.217180
26107.000000  0.197355
26194.000000  0.293244
26295.000000  0.155092
26425.000000  0.155803
26499.000000  0.110023
26598.000000  0.064730
26714.000000  0.074762
26826.000000  0.055624
26916.000000  0.058414
26974.000000  0.048843
27055.000000  0.059425
27182.000000  0.302797
27331.000000  0.567593
27457.000000  0.554129
27597.000000  0.573375
27744.000000  0.890634
27858.000000  0.118402
27969.000000  0.114596
28056.000000  0.091096
28211.000000  0.106388
28318.000000  0.099533
28451.000000  0.086884
28557.000000  0.078150
28647.000000  0.064644
28740.000000  0.082574
28865.000000  0.106169
28986.000000  0.095243
29109.000000  0.070115
29258.000000  0.293748
29419.000000  0.331921
29624.000000  0.387841
29853.000000  0.483115
30050.000000  0.282748
30218.000000  0.385183
30347.000000  0.300698
30512.000000  0.164364
30680.000000  0.203987
30874.000000  0.206096
31078.000000  0.225809
31302.000000  0.215514
31587.000000  0.271441
31806.000000  0.328705
31948.000000  0.424255
32111.000000  0.267321
32221.000000  0.139020
32388.000000  0.299789
32573.000000  0.345335
32696.000000  0.420253
32798.000000  0.463947
32948.000000  0.222879
33123.000000  0.230847
33297.000000  0.252899
33443.000000  0.207045
33575.000000  0.111235
33747.000000  0.130468
33934.000000  0.143643
34113.000000  0.164998
34231.000000  0.178685
34330.000000  0.155204
34424.000000  0.126300
34537.000000  0.150242
34595.000000  0.159369
34647.000000  0.098698
34771.000000  0.196675
34849.000000  0.210968
34885.000000  0.168628
34972.000000  0.249258
35119.000000  0.263036
35262.000000  0.332033
35438.000000  0.319404
35596.000000  0.324818
35731.000000  0.091383
35842.000000  0.076451
36029.000000  0.094409
36149.000000  0.117418
36324.000000  0.105068
36485.000000  0.137537
36563.000000  0.088582
36629.000000  0.092977
36701.000000  0.072432
36805.000000  0.104970
36827.000000  0.057334
36853.000000  0.068778
36886.000000  0.038403
36964.000000  0.074667
37059.000000  0.059757
37145.000000  0.060393
37191.000000  0.094973
37296.000000  0.083292
37342.000000  0.068457
37374.000000  0.046709
37393.000000  0.039484
37490.000000  0.046936
37530.000000  0.018135
37587.000000  0.015863
37658.000000  0.023147
37737.000000  0.040445
37772.000000  0.018480
37784.000000  0.005520
37796.000000  0.023185
37846.000000  0.024699
37920.000000  0.036813
38036.000000  0.072321
38157.000000  0.113332
38293.000000  0.105014
38370.000000  0.082455
38460.000000  0.086132
38523.000000  0.082322
38596.000000  0.069827
38657.000000  0.069497
38735.000000  0.093907
38819.000000  0.103056
38928.000000  0.105669
39050.000000  0.062266
39161.000000  0.068928
39295.000000  0.075468
39411.000000  0.080917
39550.000000  0.095513
39629.000000  0.071228
39740.000000  0.114392
39850.000000  0.146141
39942.000000  0.144699
40018.000000  0.159413
40093.000000  0.176989
40128.000000  0.181677
40173.000000  0.192557
40245.000000  0.275100
40298.000000  0.046105
40338.000000  0.044327
40371.000000  0.040512
40442.000000  0.063836
40529.000000  0.063237
40596.000000  0.055965
40671.000000  0.074582
40754.000000  0.066323
40817.000000  0.084017
40830.000000  0.062562
40830.000000  0.000226
