216.000000  0.050096
289.000000  0.040503
375.000000  0.059075
472.000000  0.082451
571.000000  0.104482
603.000000  0.048000
699.000000  0.081071
780.000000  0.087585
864.000000  0.089907
939.000000  0.090511
1025.000000  0.066832
1120.000000  0.112787
1195.000000  0.077459
1288.000000  0.068974
1315.000000  0.066927
1392.000000  0.103998
1513.000000  0.119763
1640.000000  0.063385
1725.000000  0.072025
1805.000000  0.098933
1912.000000  0.088757
1997.000000  0.073559
2077.000000  0.068819
2164.000000  0.073664
2246.000000  0.071767
2331.000000  0.084494
2435.000000  0.103781
2523.000000  0.091146
2636.000000  0.114586
2710.000000  0.112254
2811.000000  0.130530
2888.000000  0.090696
2992.000000  0.104716
3082.000000  0.151929
3189.000000  0.128984
3261.000000  0.131011
3318.000000  0.152379
3389.000000  0.129321
3467.000000  0.130325
3485.000000  0.112718
3513.000000  0.131980
3596.000000  0.145129
3663.000000  0.114657
3733.000000  0.127062
3815.000000  0.124575
3918.000000  0.109722
4006.000000  0.079207
4106.000000  0.083668
4208.000000  0.083761
4296.000000  0.078364
4388.000000  0.075839
4480.000000  0.078868
4581.000000  0.073379
4674.000000  0.065431
4774.000000  0.071945
4853.000000  0.064256
4937.000000  0.069797
5069.000000  0.088708
5168.000000  0.104788
5267.000000  0.105458
5349.000000  0.099017
5466.000000  0.149257
5536.000000  0.050963
5618.000000  0.062359
5698.000000  0.058986
5763.000000  0.065325
5855.000000  0.062242
5940.000000  0.062004
6025.000000  0.068853
6110.000000  0.067086
6196.000000  0.063959
6208.000000  0.049522
6270.000000  0.058272
6343.000000  0.076910
6444.000000  0.080723
6574.000000  0.085947
6638.000000  0.077750
6721.000000  0.104854
6791.000000  0.093582
6828.000000  0.069283
6905.000000  0.077245
6996.000000  0.083254
7090.000000  0.064383
7172.000000  0.106216
7229.000000  0.138124
7305.000000  0.125686
7343.000000  0.104318
7458.000000  0.161046
7530.000000  0.129224
7608.000000  0.068382
7667.000000  0.034221
7735.000000  0.033876
7809.000000  0.031143
7862.000000  0.025330
7912.000000  0.022844
7974.000000  0.032392
8043.000000  0.029944
8120.000000  0.037173
8175.000000  0.031859
8224.000000  0.027748
8277.000000  0.025327
8341.000000  0.026718
8421.000000  0.042218
8505.000000  0.044991
8579.000000  0.035478
8640.000000  0.027356
8700.000000  0.027313
8760.000000  0.029372
8820.000000  0.028829
8867.000000  0.027063
8926.000000  0.028596
8987.000000  0.028713
9047.000000  0.044160
9117.000000  0.030129
9183.000000  0.032914
9253.000000  0.028647
9313.000000  0.030908
9376.000000  0.035335
9450.000000  0.034357
9510.000000  0.023011
9566.000000  0.027863
9646.000000  0.030315
9720.000000  0.035158
9805.000000  0.041222
9916.000000  0.056699
10019.000000  0.047384
10112.000000  0.065799
10197.000000  0.061596
10289.000000  0.074302
10334.000000  0.077189
10421.000000  0.073092
10501.000000  0.086632
10572.000000  0.068921
10646.000000  0.079481
10727.000000  0.070988
10784.000000  0.084002
10884.000000  0.099673
10964.000000  0.077788
11053.000000  0.049074
11129.000000  0.066816
11220.000000  0.062508
11275.000000  0.072543
11351.000000  0.055925
11429.000000  0.069348
11522.000000  0.065355
11585.000000  0.047548
11651.000000  0.110496
11668.000000  0.176596
11668.000000  0.000816
11717.000000  0.019703
11760.000000  0.019820
11802.000000  0.015186
11842.000000  0.017428
11907.000000  0.020826
11954.000000  0.026393
12114.000000  0.044515
12188.000000  0.033186
12291.000000  0.053762
12376.000000  0.066777
12454.000000  0.062779
12544.000000  0.070296
12632.000000  0.078842
12705.000000  0.085707
12778.000000  0.050787
12846.000000  0.078888
12923.000000  0.063748
12978.000000  0.079986
12995.000000  0.057439
13051.000000  0.070581
13083.000000  0.038868
13192.000000  0.053792
13284.000000  0.058252
13388.000000  0.062132
13465.000000  0.063639
13534.000000  0.062215
13617.000000  0.061711
13702.000000  0.066195
13807.000000  0.071471
13910.000000  0.071059
13990.000000  0.057536
14077.000000  0.060383
14150.000000  0.057756
14214.000000  0.074619
14291.000000  0.075763
14365.000000  0.078445
14442.000000  0.059195
14462.000000  0.037065
14533.000000  0.047320
14607.000000  0.101495
14693.000000  0.119180
14786.000000  0.072632
14870.000000  0.081748
14966.000000  0.109425
15009.000000  0.137445
15094.000000  0.087498
15129.000000  0.066542
15139.000000  0.172654
15146.000000  0.005018
15151.000000  0.013706
15157.000000  0.005920
15201.000000  0.038646
15263.000000  0.032699
15330.000000  0.045969
15399.000000  0.047904
15467.000000  0.037302
15539.000000  0.038081
15618.000000  0.049282
15629.000000  0.018827
15691.000000  0.035026
15748.000000  0.051913
15824.000000  0.058939
15928.000000  0.047544
16005.000000  0.044714
16091.000000  0.036391
16101.000000  0.010617
16147.000000  0.024912
16232.000000  0.059270
16312.000000  0.068441
16381.000000  0.054096
16446.000000  0.053883
16495.000000  0.043282
16496.000000  0.003829
16569.000000  0.023670
16649.000000  0.037855
16720.000000  0.042214
16784.000000  0.025388
16850.000000  0.019446
16917.000000  0.027575
16993.000000  0.030806
17066.000000  0.039540
17140.000000  0.040408
17243.000000  0.042711
17349.000000  0.063908
17494.000000  0.102094
17562.000000  0.037128
17651.000000  0.030604
17696.000000  0.020855
17742.000000  0.013886
17796.000000  0.018898
17849.000000  0.017541
17902.000000  0.023802
17944.000000  0.015268
17990.000000  0.020113
18050.000000  0.028326
18115.000000  0.028696
18189.000000  0.029805
18287.000000  0.041849
18345.000000  0.026862
18430.000000  0.032634
18511.000000  0.048920
18572.000000  0.038623
18625.000000  0.038607
18709.000000  0.045491
18806.000000  0.058382
18889.000000  0.067548
18988.000000  0.064833
19079.000000  0.053303
19141.000000  0.044478
19219.000000  0.056661
19298.000000  0.041624
19371.000000  0.044368
19457.000000  0.035551
19467.000000  0.012358
19531.000000  0.032125
19627.000000  0.059657
19729.000000  0.049983
19821.000000  0.058234
19866.000000  0.045856
19899.000000  0.051365
19903.000000  0.017763
19963.000000  0.039360
20012.000000  0.019609
20058.000000  0.025351
20101.000000  0.018070
20172.000000  0.031620
20246.000000  0.029730
20316.000000  0.032234
20400.000000  0.029384
20473.000000  0.035059
20555.000000  0.035770
20638.000000  0.041836
20745.000000  0.057252
20758.000000  0.013727
20837.000000  0.052477
20858.000000  0.022087
20861.000000  0.003117
20909.000000  0.020615
20959.000000  0.018467
21007.000000  0.016532
21064.000000  0.026394
21109.000000  0.024006
21172.000000  0.028561
21269.000000  0.042478
21358.000000  0.055215
21445.000000  0.056018
21543.000000  0.061841
21642.000000  0.061387
21721.000000  0.066174
21816.000000  0.063140
21913.000000  0.086268
21998.000000  0.063998
22108.000000  0.071799
22185.000000  0.047775
22259.000000  0.048019
22348.000000  0.059682
22429.000000  0.062401
22481.000000  0.048321
22608.000000  0.080461
22706.000000  0.085442
22784.000000  0.045614
22882.000000  0.059654
22966.000000  0.061628
23062.000000  0.067811
23142.000000  0.066586
23207.000000  0.067235
23277.000000  0.067998
23376.000000  0.079185
23455.000000  0.071818
23537.000000  0.055400
23617.000000  0.057333
23715.000000  0.063920
23788.000000  0.042206
23837.000000  0.047730
23894.000000  0.067605
23938.000000  0.093550
23981.000000  0.122950
24063.000000  0.166339
24097.000000  0.254746
24132.000000  0.019622
24171.000000  0.031457
24248.000000  0.026848
24304.000000  0.023973
24346.000000  0.024399
24378.000000  0.010900
24449.000000  0.018521
24546.000000  0.030522
24685.000000  0.042093
24762.000000  0.046581
24829.000000  0.030808
24909.000000  0.034619
24993.000000  0.033964
25003.000000  0.017645
25094.000000  0.027671
25172.000000  0.032493
25237.000000  0.026176
25270.000000  0.022150
25276.000000  0.010247
25389.000000  0.046705
25484.000000  0.039641
25600.000000  0.060227
25633.000000  0.037047
25705.000000  0.055112
25779.000000  0.052320
25859.000000  0.049634
25935.000000  0.042469
26038.000000  0.060336
26120.000000  0.056387
26200.000000  0.045709
26257.000000  0.064064
26265.000000  0.020704
26360.000000  0.038270
26430.000000  0.028069
26539.000000  0.044432
26599.000000  0.022462
26691.000000  0.040525
26787.000000  0.055916
26897.000000  0.059224
27000.000000  0.063085
27086.000000  0.032413
27167.000000  0.029668
27186.000000  0.009043
27194.000000  0.011001
27257.000000  0.029260
27351.000000  0.035780
27403.000000  0.021425
27450.000000  0.025851
27481.000000  0.025559
27547.000000  0.037347
27639.000000  0.025144
27688.000000  0.022858
27705.000000  0.008116
27763.000000  0.020011
27875.000000  0.033399
27965.000000  0.042824
27998.000000  0.012423
28031.000000  0.008318
28100.000000  0.036410
28198.000000  0.044113
28278.000000  0.040999
28351.000000  0.034454
28359.000000  0.012091
28364.000000  0.004664
28411.000000  0.022662
28412.000000  0.004925
28415.000000  0.003053
28457.000000  0.028435
28529.000000  0.038986
28630.000000  0.047627
28742.000000  0.054547
28780.000000  0.036263
28859.000000  0.059159
28910.000000  0.053055
28919.000000  0.031434
28926.000000  0.009723
28977.000000  0.176646
29083.000000  0.197019
29215.000000  0.291316
29230.000000  0.306324
29284.000000  0.251760
29348.000000  0.254126
29497.000000  0.239532
29551.000000  0.396220
29573.000000  0.478584
29614.000000  0.426269
29677.000000  0.209373
29766.000000  0.339402
29866.000000  0.363810
29978.000000  0.154785
30057.000000  0.138111
30179.000000  0.107790
30282.000000  0.096950
30354.000000  0.074335
30424.000000  0.086919
30514.000000  0.137703
30580.000000  0.095254
30617.000000  0.134966
30682.000000  0.262031
30711.000000  0.599838
30778.000000  0.287796
30805.000000  0.523000
30854.000000  0.316112
30939.000000  0.166108
31007.000000  0.088732
31012.000000  0.069298
31013.000000  0.176877
31099.000000  0.040893
31190.000000  0.036888
31281.000000  0.062113
31390.000000  0.066597
31464.000000  0.063692
31507.000000  0.077595
31556.000000  0.065451
31622.000000  0.047608
31688.000000  0.035187
31757.000000  0.065084
31886.000000  0.058643
31960.000000  0.057362
32007.000000  0.088031
32055.000000  0.055021
32082.000000  0.052074
32098.000000  0.033177
32156.000000  0.050460
32242.000000  0.053393
32329.000000  0.083502
32461.000000  0.076450
32537.000000  0.066570
32601.000000  0.104463
32667.000000  0.071862
32732.000000  0.060904
32762.000000  0.088736
32837.000000  0.082394
32879.000000  0.058848
32958.000000  0.041212
33041.000000  0.048664
33142.000000  0.060820
33238.000000  0.060439
33315.000000  0.087914
33395.000000  0.082286
33469.000000  0.080193
33535.000000  0.059291
33608.000000  0.089851
33658.000000  0.072918
33677.000000  0.067014
33679.000000  0.006730
33755.000000  0.057067
33835.000000  0.042970
33920.000000  0.071563
34035.000000  0.087386
34055.000000  0.051365
34136.000000  0.069408
34219.000000  0.097224
34232.000000  0.015085
34270.000000  0.045309
34355.000000  0.043382
34454.000000  0.045023
34541.000000  0.085116
34648.000000  0.089346
34664.000000  0.023675
34743.000000  0.072892
34833.000000  0.095125
34841.000000  0.013676
34861.000000  0.043908
34948.000000  0.039360
34993.000000  0.027349
35037.000000  0.038888
35080.000000  0.031248
35145.000000  0.021414
35173.000000  0.018966
35233.000000  0.032041
35315.000000  0.026402
35389.000000  0.047186
35499.000000  0.069977
35596.000000  0.064064
35690.000000  0.064748
35766.000000  0.051268
35846.000000  0.063794
35918.000000  0.096801
36039.000000  0.093167
36110.000000  0.070600
36193.000000  0.097678
36282.000000  0.118350
36370.000000  0.113840
36462.000000  0.110021
36565.000000  0.075359
36650.000000  0.106239
36742.000000  0.059628
36821.000000  0.056955
36902.000000  0.071945
36985.000000  0.075070
37100.000000  0.098564
37160.000000  0.082844
37242.000000  0.091063
37329.000000  0.092824
37416.000000  0.074950
37526.000000  0.087746
37623.000000  0.093150
37720.000000  0.075923
37802.000000  0.091776
37888.000000  0.102608
37969.000000  0.109992
38064.000000  0.053271
38156.000000  0.099619
38263.000000  0.101892
38341.000000  0.066147
38388.000000  0.110762
38435.000000  0.149076
38473.000000  0.180520
38509.000000  0.189736
38547.000000  0.203196
38619.000000  0.298893
38624.000000  0.291114
38697.000000  0.052762
38774.000000  0.048727
38810.000000  0.018298
38839.000000  0.014304
38885.000000  0.031839
38927.000000  0.014624
38943.000000  0.034589
38995.000000  0.062249
39004.000000  0.013980
39078.000000  0.079127
39168.000000  0.071524
39270.000000  0.073454
39386.000000  0.072468
39407.000000  0.047711
39473.000000  0.077437
39504.000000  0.081101
39510.000000  0.009705
39600.000000  0.043205
39682.000000  0.044989
39785.000000  0.050839
39898.000000  0.107690
39907.000000  0.019203
39966.000000  0.051774
39997.000000  0.038148
40086.000000  0.073945
40150.000000  0.078174
40219.000000  0.066737
40317.000000  0.113989
40401.000000  0.073508
40425.000000  0.072202
40434.000000  0.021402
40544.000000  0.098642
40607.000000  0.039991
40657.000000  0.045383
40673.000000  0.024070
40718.000000  0.039694
40757.000000  0.045622
40786.000000  0.035757
40820.000000  0.018647
40821.000000  0.146105
