216.000000  32.946388
289.000000  36.267967
375.000000  57.557880
472.000000  53.191315
571.000000  67.715767
603.000000  37.701385
699.000000  46.731140
780.000000  60.307320
864.000000  65.906731
939.000000  60.758083
1025.000000  41.791092
1120.000000  68.516418
1195.000000  49.513775
1288.000000  44.265450
1315.000000  45.827106
1392.000000  57.152580
1513.000000  62.533443
1640.000000  46.367722
1725.000000  46.783104
1805.000000  56.198895
1912.000000  52.591782
1997.000000  45.700253
2077.000000  41.188393
2164.000000  45.102650
2246.000000  43.652927
2331.000000  50.343769
2435.000000  58.989819
2523.000000  48.084675
2636.000000  55.017014
2710.000000  55.311043
2811.000000  51.775436
2888.000000  43.670483
2992.000000  53.651981
3082.000000  55.121792
3189.000000  52.892948
3261.000000  53.911079
3318.000000  62.919510
3389.000000  55.101139
3467.000000  54.111301
3485.000000  55.068268
3513.000000  54.968929
3596.000000  55.517460
3663.000000  51.808697
3733.000000  59.169029
3815.000000  48.254974
3918.000000  49.868877
4006.000000  38.108898
4106.000000  50.019096
4208.000000  34.070606
4296.000000  36.689793
4388.000000  36.005054
4480.000000  22.397512
4581.000000  23.182049
4674.000000  15.486300
4774.000000  25.799534
4853.000000  21.086742
4937.000000  10.933994
5069.000000  12.630478
5168.000000  41.452583
5267.000000  43.715725
5349.000000  43.260498
5466.000000  52.537323
5536.000000  24.191786
5618.000000  28.461006
5698.000000  21.016356
5763.000000  22.688652
5855.000000  24.320784
5940.000000  26.930019
6025.000000  25.325098
6110.000000  23.538116
6196.000000  25.170677
6208.000000  19.117344
6270.000000  22.465750
6343.000000  30.455080
6444.000000  29.297602
6574.000000  36.740623
6638.000000  27.787655
6721.000000  34.095871
6791.000000  35.183323
6828.000000  24.389585
6905.000000  27.966949
6996.000000  30.973017
7090.000000  27.157751
7172.000000  38.415504
7229.000000  49.893089
7305.000000  42.739265
7343.000000  37.448704
7458.000000  49.389721
7530.000000  45.868568
7608.000000  33.056061
7667.000000  15.877098
7735.000000  16.590147
7809.000000  15.579289
7862.000000  13.213401
7912.000000  12.028887
7974.000000  16.384047
8043.000000  15.245572
8120.000000  17.776104
8175.000000  15.793533
8224.000000  14.322127
8277.000000  11.960896
8341.000000  13.662269
8421.000000  18.727877
8505.000000  21.407738
8579.000000  17.645273
8640.000000  15.026175
8700.000000  13.964338
8760.000000  14.131488
8820.000000  14.726422
8867.000000  14.149505
8926.000000  14.207321
8987.000000  15.016924
9047.000000  21.465279
9117.000000  14.444322
9183.000000  14.481351
9253.000000  15.116922
9313.000000  14.580806
9376.000000  16.038744
9450.000000  16.922863
9510.000000  11.582994
9566.000000  13.541865
9646.000000  14.784370
9720.000000  15.938054
9805.000000  17.598017
9916.000000  23.518492
10019.000000  22.989740
10112.000000  26.631502
10197.000000  24.601509
10289.000000  28.478455
10334.000000  30.194368
10421.000000  27.291271
10501.000000  31.098322
10572.000000  29.329924
10646.000000  29.435804
10727.000000  29.099491
10784.000000  30.005339
10884.000000  40.762165
10964.000000  31.093550
11053.000000  20.436625
11129.000000  25.421684
11220.000000  23.234793
11275.000000  27.716064
11351.000000  22.702061
11429.000000  26.782013
11522.000000  27.749180
11585.000000  19.182714
11651.000000  36.000584
11668.000000  47.553349
11668.000000  0.606142
11717.000000  9.237785
11760.000000  8.754481
11802.000000  7.050068
11842.000000  7.866632
11907.000000  9.531828
11954.000000  11.320724
12114.000000  19.055704
12188.000000  15.337832
12291.000000  23.101257
12376.000000  24.279095
12454.000000  23.062201
12544.000000  25.077496
12632.000000  27.114666
12705.000000  29.446396
12778.000000  20.770996
12846.000000  26.634747
12923.000000  22.915510
12978.000000  27.702457
12995.000000  21.307755
13051.000000  25.628206
13083.000000  15.657936
13192.000000  20.487242
13284.000000  21.716604
13388.000000  22.875256
13465.000000  23.124514
13534.000000  25.961893
13617.000000  21.952843
13702.000000  23.079336
13807.000000  24.689835
13910.000000  24.447514
13990.000000  21.185980
14077.000000  22.379911
14150.000000  21.274414
14214.000000  24.857122
14291.000000  28.338942
14365.000000  25.740314
14442.000000  20.927168
14462.000000  13.887983
14533.000000  17.308346
14607.000000  32.871021
14693.000000  31.615200
14786.000000  24.139313
14870.000000  26.939505
14966.000000  32.057217
15009.000000  38.069702
15094.000000  28.101788
15129.000000  20.617222
15139.000000  43.453510
15146.000000  2.251063
15151.000000  5.121029
15157.000000  2.469429
15201.000000  15.235498
15263.000000  12.615973
15330.000000  18.400148
15399.000000  16.338318
15467.000000  14.261581
15539.000000  14.936991
15618.000000  18.332430
15629.000000  7.648389
15691.000000  13.045181
15748.000000  18.925520
15824.000000  20.259602
15928.000000  18.573757
16005.000000  18.440674
16091.000000  16.345518
16101.000000  4.326313
16147.000000  9.579573
16232.000000  22.129265
16312.000000  22.324308
16381.000000  18.869295
16446.000000  18.838720
16495.000000  17.104300
16496.000000  1.527070
16569.000000  9.395230
16649.000000  13.586649
16720.000000  15.628173
16784.000000  11.218110
16850.000000  9.214480
16917.000000  12.253860
16993.000000  11.756949
17066.000000  14.348839
17140.000000  15.942666
17243.000000  14.948483
17349.000000  21.922182
17494.000000  29.721752
17562.000000  13.437920
17651.000000  11.050757
17696.000000  7.607069
17742.000000  6.619432
17796.000000  8.051669
17849.000000  7.540723
17902.000000  8.937821
17944.000000  6.876373
17990.000000  8.479874
18050.000000  10.123167
18115.000000  10.211700
18189.000000  11.903843
18287.000000  14.375716
18345.000000  9.926999
18430.000000  11.672379
18511.000000  16.872070
18572.000000  14.358655
18625.000000  13.015924
18709.000000  15.104569
18806.000000  18.698959
18889.000000  20.997858
18988.000000  23.240576
19079.000000  19.635796
19141.000000  17.129389
19219.000000  16.944017
19298.000000  13.813792
19371.000000  14.532998
19457.000000  13.669117
19467.000000  4.638200
19531.000000  11.767715
19627.000000  19.276789
19729.000000  16.223768
19821.000000  19.642179
19866.000000  14.838258
19899.000000  17.478361
19903.000000  7.022002
19963.000000  12.924448
20012.000000  6.874928
20058.000000  9.263262
20101.000000  6.071732
20172.000000  10.455992
20246.000000  10.824825
20316.000000  10.690534
20400.000000  9.619315
20473.000000  11.364261
20555.000000  11.693276
20638.000000  13.632345
20745.000000  17.482052
20758.000000  5.850954
20837.000000  16.245749
20858.000000  8.732564
20861.000000  1.118723
20909.000000  7.050696
20959.000000  6.581105
21007.000000  6.353793
21064.000000  8.827582
21109.000000  8.007593
21172.000000  9.479350
21269.000000  13.471010
21358.000000  16.633606
21445.000000  16.358099
21543.000000  18.235218
21642.000000  17.795858
21721.000000  20.029221
21816.000000  18.541142
21913.000000  23.691135
21998.000000  19.658262
22108.000000  20.595499
22185.000000  14.497252
22259.000000  16.694462
22348.000000  18.170401
22429.000000  18.250174
22481.000000  14.375469
22608.000000  22.483633
22706.000000  25.549110
22784.000000  13.791778
22882.000000  20.085306
22966.000000  16.656782
23062.000000  18.765133
23142.000000  19.735186
23207.000000  18.339106
23277.000000  18.645977
23376.000000  25.087599
23455.000000  21.418758
23537.000000  18.327023
23617.000000  15.804836
23715.000000  17.955807
23788.000000  12.016121
23837.000000  13.668590
23894.000000  19.024723
23938.000000  23.278343
23981.000000  28.926300
24063.000000  36.057812
24097.000000  50.209862
24132.000000  5.916081
24171.000000  9.045074
24248.000000  8.094877
24304.000000  7.177443
24346.000000  7.446554
24378.000000  3.695606
24449.000000  5.756663
24546.000000  9.142551
24685.000000  13.144652
24762.000000  13.167334
24829.000000  8.998433
24909.000000  11.664953
24993.000000  9.798866
25003.000000  5.915707
25094.000000  8.179975
25172.000000  9.270633
25237.000000  9.170242
25270.000000  6.754585
25276.000000  3.124254
25389.000000  12.976826
25484.000000  13.286562
25600.000000  17.173153
25633.000000  10.532851
25705.000000  14.998084
25779.000000  14.453464
25859.000000  14.586663
25935.000000  13.437140
26038.000000  15.765713
26120.000000  15.230152
26200.000000  14.129160
26257.000000  16.865534
26265.000000  6.304094
26360.000000  10.807990
26430.000000  9.334351
26539.000000  12.126784
26599.000000  6.446526
26691.000000  11.188174
26787.000000  16.976217
26897.000000  15.511481
27000.000000  16.616056
27086.000000  10.098629
27167.000000  8.604033
27186.000000  2.707603
27194.000000  3.451095
27257.000000  8.319582
27351.000000  10.042464
27403.000000  6.380160
27450.000000  7.512022
27481.000000  7.264614
27547.000000  10.535720
27639.000000  7.594461
27688.000000  6.503839
27705.000000  2.414764
27763.000000  5.619924
27875.000000  9.341711
27965.000000  11.689227
27998.000000  4.035314
28031.000000  2.858857
28100.000000  9.815703
28198.000000  13.103482
28278.000000  12.839087
28351.000000  9.999493
28359.000000  3.511798
28364.000000  1.419902
28411.000000  6.273589
28412.000000  1.521007
28415.000000  0.885811
28457.000000  8.129766
28529.000000  10.453790
28630.000000  14.401161
28742.000000  13.806566
28780.000000  11.377745
28859.000000  15.028244
28910.000000  13.090667
28919.000000  9.377928
28926.000000  2.779818
28977.000000  33.934490
29083.000000  36.599106
29215.000000  46.124451
29230.000000  50.157337
29284.000000  42.333702
29348.000000  43.088211
29497.000000  40.155228
29551.000000  54.526596
29573.000000  57.309139
29614.000000  56.061874
29677.000000  39.516048
29766.000000  53.601997
29866.000000  50.963741
29978.000000  32.349930
30057.000000  28.404083
30179.000000  23.895359
30282.000000  23.340450
30354.000000  20.264214
30424.000000  21.872816
30514.000000  29.645580
30580.000000  22.531498
30617.000000  28.541172
30682.000000  45.827461
30711.000000  63.736759
30778.000000  46.273201
30805.000000  59.814445
30854.000000  50.422806
30939.000000  32.393585
31007.000000  20.732492
31012.000000  17.631310
31013.000000  35.034622
31099.000000  10.474205
31190.000000  10.720220
31281.000000  15.354941
31390.000000  16.788969
31464.000000  15.914194
31507.000000  19.446432
31556.000000  15.844175
31622.000000  12.584494
31688.000000  9.717093
31757.000000  16.891829
31886.000000  16.032057
31960.000000  14.044259
32007.000000  21.333952
32055.000000  14.033939
32082.000000  13.302530
32098.000000  8.675564
32156.000000  13.215874
32242.000000  14.158522
32329.000000  20.584017
32461.000000  18.127077
32537.000000  16.506771
32601.000000  23.961121
32667.000000  17.590090
32732.000000  15.476437
32762.000000  21.388063
32837.000000  19.516081
32879.000000  15.759565
32958.000000  10.937791
33041.000000  13.410404
33142.000000  15.674402
33238.000000  16.387337
33315.000000  20.804445
33395.000000  19.573338
33469.000000  19.292164
33535.000000  15.775692
33608.000000  20.487158
33658.000000  17.749678
33677.000000  16.667454
33679.000000  1.792411
33755.000000  14.520899
33835.000000  10.956971
33920.000000  16.283421
34035.000000  20.065273
34055.000000  13.654221
34136.000000  16.417507
34219.000000  21.787886
34232.000000  4.529223
34270.000000  11.460667
34355.000000  11.088281
34454.000000  11.550020
34541.000000  19.924492
34648.000000  20.615459
34664.000000  6.917673
34743.000000  16.782917
34833.000000  22.393929
34841.000000  3.761551
34861.000000  11.131573
34948.000000  10.191031
34993.000000  6.957747
35037.000000  9.978665
35080.000000  8.405712
35145.000000  6.253293
35173.000000  5.540567
35233.000000  8.233562
35315.000000  7.851484
35389.000000  11.732207
35499.000000  16.001793
35596.000000  15.025115
35690.000000  15.327493
35766.000000  13.595818
35846.000000  16.015823
35918.000000  22.085377
36039.000000  21.356241
36110.000000  15.814291
36193.000000  20.249832
36282.000000  24.275511
36370.000000  24.932901
36462.000000  24.147102
36565.000000  16.363613
36650.000000  22.600813
36742.000000  14.882806
36821.000000  12.883432
36902.000000  15.363166
36985.000000  16.415518
37100.000000  20.898329
37160.000000  16.811638
37242.000000  20.654058
37329.000000  20.713709
37416.000000  15.999966
37526.000000  18.372681
37623.000000  20.494526
37720.000000  16.089109
37802.000000  20.571280
37888.000000  21.999397
37969.000000  22.286444
38064.000000  13.144104
38156.000000  19.795507
38263.000000  20.882128
38341.000000  15.150855
38388.000000  21.721251
38435.000000  27.329123
38473.000000  31.080936
38509.000000  32.650436
38547.000000  33.903244
38619.000000  43.783363
38624.000000  42.802448
38697.000000  11.945205
38774.000000  11.167838
38810.000000  4.296870
38839.000000  3.447373
38885.000000  7.486815
38927.000000  3.851417
38943.000000  8.010795
38995.000000  13.252619
39004.000000  3.445632
39078.000000  17.284111
39168.000000  15.775524
39270.000000  15.230722
39386.000000  16.563747
39407.000000  10.406372
39473.000000  16.927382
39504.000000  17.460247
39510.000000  2.641772
39600.000000  9.771160
39682.000000  10.973523
39785.000000  12.153165
39898.000000  21.924488
39907.000000  4.625033
39966.000000  11.910246
39997.000000  9.044222
40086.000000  15.388593
40150.000000  16.738981
40219.000000  15.217888
40317.000000  22.996218
40401.000000  16.568394
40425.000000  16.272146
40434.000000  4.871986
40544.000000  20.188438
40607.000000  8.787760
40657.000000  10.135752
40673.000000  5.416021
40718.000000  8.969366
40757.000000  10.291511
40786.000000  8.093639
40820.000000  4.331840
40821.000000  26.792130
