269.000000  0.048193
342.000000  0.033773
374.000000  0.015709
402.000000  0.019659
455.000000  0.027349
512.000000  0.030236
565.000000  0.030332
615.000000  0.031145
665.000000  0.034168
740.000000  0.062596
820.000000  0.048464
884.000000  0.053945
937.000000  0.038154
1005.000000  0.036584
1054.000000  0.027628
1101.000000  0.026830
1158.000000  0.031928
1229.000000  0.044893
1279.000000  0.044326
1312.000000  0.035619
1333.000000  0.033186
1374.000000  0.040593
1420.000000  0.033371
1453.000000  0.023651
1499.000000  0.028928
1538.000000  0.027151
1560.000000  0.021844
1592.000000  0.029143
1612.000000  0.027165
1646.000000  0.039473
1686.000000  0.031171
1736.000000  0.045029
1761.000000  0.035350
1785.000000  0.032205
1838.000000  0.052206
1894.000000  0.068601
1946.000000  0.066374
2000.000000  0.061194
2045.000000  0.049137
2061.000000  0.029693
2089.000000  0.034856
2122.000000  0.033664
2172.000000  0.062057
2208.000000  0.053942
2226.000000  0.046495
2282.000000  0.062946
2315.000000  0.036715
2359.000000  0.061675
2407.000000  0.066765
2455.000000  0.041158
2495.000000  0.036462
2536.000000  0.050065
2570.000000  0.047200
2608.000000  0.030172
2639.000000  0.033247
2673.000000  0.031796
2696.000000  0.032895
2741.000000  0.033075
2782.000000  0.047721
2806.000000  0.034491
2861.000000  0.050816
2910.000000  0.044343
2969.000000  0.039964
3021.000000  0.041073
3068.000000  0.043466
3068.000000  0.000096
3100.000000  0.026057
3110.000000  0.009943
3175.000000  0.051957
3237.000000  0.052880
3251.000000  0.023446
3290.000000  0.046759
3334.000000  0.047480
3376.000000  0.036336
3408.000000  0.033791
3434.000000  0.027100
3458.000000  0.024904
3488.000000  0.032548
3522.000000  0.026622
3577.000000  0.040683
3623.000000  0.038116
3658.000000  0.038282
3696.000000  0.031810
3718.000000  0.023289
3730.000000  0.015589
3747.000000  0.023703
3782.000000  0.020618
3823.000000  0.038736
3874.000000  0.050023
3929.000000  0.044037
3970.000000  0.047087
4044.000000  0.069585
4096.000000  0.056246
4169.000000  0.055196
4223.000000  0.053967
4257.000000  0.034498
4313.000000  0.050281
4358.000000  0.033870
4401.000000  0.045214
4458.000000  0.053593
4501.000000  0.060671
4519.000000  0.038818
4557.000000  0.085071
4599.000000  0.088656
4633.000000  0.076640
4683.000000  0.066968
4684.000000  0.008852
4717.000000  0.026820
4756.000000  0.063126
4787.000000  0.044263
4815.000000  0.037508
4832.000000  0.036394
4853.000000  0.029709
4875.000000  0.026881
4899.000000  0.035736
4918.000000  0.033778
4939.000000  0.035974
4968.000000  0.048191
4987.000000  0.048610
5020.000000  0.058157
5057.000000  0.060320
5096.000000  0.071853
5139.000000  0.070252
5171.000000  0.070013
5215.000000  0.075026
5258.000000  0.086472
5290.000000  0.094376
5339.000000  0.061113
5352.000000  0.043875
5383.000000  0.032078
5425.000000  0.039840
5472.000000  0.039419
5511.000000  0.016693
5543.000000  0.019194
5586.000000  0.052362
5631.000000  0.055447
5651.000000  0.084579
5703.000000  0.019742
5730.000000  0.013256
5731.000000  0.000542
5774.000000  0.029965
5817.000000  0.046786
5823.000000  0.005036
5871.000000  0.050091
5918.000000  0.053337
5977.000000  0.058685
5988.000000  0.011218
6035.000000  0.054148
6064.000000  0.036220
6093.000000  0.036274
6138.000000  0.061996
6179.000000  0.052269
6241.000000  0.060489
6300.000000  0.057541
6349.000000  0.046340
6382.000000  0.044467
6407.000000  0.036003
6456.000000  0.043258
6457.000000  0.008382
6485.000000  0.046381
6515.000000  0.036354
6539.000000  0.035636
6556.000000  0.050187
6599.000000  0.068260
6643.000000  0.050025
6691.000000  0.069672
6719.000000  0.038506
6755.000000  0.052707
6786.000000  0.039694
6849.000000  0.046158
6900.000000  0.044436
6928.000000  0.029655
6974.000000  0.038943
7027.000000  0.032019
7053.000000  0.024348
7104.000000  0.045883
7131.000000  0.020529
7154.000000  0.031447
7173.000000  0.047235
7174.000000  0.001327
7203.000000  0.069824
7225.000000  0.045319
7243.000000  0.067754
7263.000000  0.032284
7305.000000  0.049903
7353.000000  0.087545
7379.000000  0.061662
7396.000000  0.045568
7436.000000  0.079809
7437.000000  0.014834
7503.000000  0.088646
7555.000000  0.079033
7597.000000  0.094158
7636.000000  0.115689
7676.000000  0.038243
7719.000000  0.155553
7763.000000  0.211960
7775.000000  0.026067
7798.000000  0.136437
7810.000000  0.016950
7824.000000  0.011135
7836.000000  0.010231
7855.000000  0.023768
7861.000000  0.005620
7882.000000  0.007225
7901.000000  0.006334
7931.000000  0.115221
7952.000000  0.058717
7985.000000  0.039864
8015.000000  0.071569
8051.000000  0.090177
8075.000000  0.069120
8117.000000  0.080787
8154.000000  0.083381
8220.000000  0.090603
8241.000000  0.078664
8260.000000  0.044000
8317.000000  0.059550
8326.000000  0.014478
8371.000000  0.072296
8433.000000  0.054737
8485.000000  0.047845
8500.000000  0.029002
8556.000000  0.071709
8591.000000  0.062383
8617.000000  0.069697
8640.000000  0.070695
8661.000000  0.055318
8684.000000  0.062456
8710.000000  0.087075
8718.000000  0.009607
8749.000000  0.087048
8779.000000  0.021742
8800.000000  0.073333
8840.000000  0.085770
8887.000000  0.092760
8938.000000  0.169282
8967.000000  0.166722
9006.000000  0.168421
9048.000000  0.199626
9069.000000  0.142921
9092.000000  0.097136
9121.000000  0.169866
9150.000000  0.189472
9189.000000  0.122028
9220.000000  0.213720
9251.000000  0.016241
9257.000000  0.006374
9276.000000  0.008970
9308.000000  0.017034
9353.000000  0.018747
9394.000000  0.022940
9434.000000  0.035845
9488.000000  0.048105
9535.000000  0.025979
9556.000000  0.132947
9614.000000  0.133228
9647.000000  0.122178
9699.000000  0.017154
9754.000000  0.018168
9777.000000  0.009993
9810.000000  0.015553
9823.000000  0.005937
9849.000000  0.015034
9873.000000  0.016175
9903.000000  0.021424
9940.000000  0.019346
9985.000000  0.020743
10029.000000  0.014992
10062.000000  0.012017
10064.000000  0.004787
10067.000000  0.000723
10068.000000  0.006034
10143.000000  0.030581
10162.000000  0.018455
10183.000000  0.012055
10206.000000  0.014079
10230.000000  0.019505
10255.000000  0.021216
10258.000000  0.009055
10260.000000  0.004552
10269.000000  0.007583
10287.000000  0.008644
10303.000000  0.007725
10330.000000  0.032083
10333.000000  0.006244
10355.000000  0.017574
10365.000000  0.012575
10374.000000  0.008240
