4067.000000  1.025614
4759.000000  0.852458
5351.000000  0.562690
6031.000000  0.578524
6975.000000  0.722854
8165.000000  0.995690
9089.000000  1.017194
10249.000000  1.091802
11386.000000  0.987157
12383.000000  1.107347
13722.000000  1.380754
15115.000000  1.335775
16013.000000  1.178101
16929.000000  1.109523
17476.000000  0.940661
17830.000000  0.750198
18103.000000  0.659695
18365.000000  0.691179
18959.000000  0.899231
19608.000000  1.064266
20150.000000  1.013504
20731.000000  0.937833
21307.000000  1.148573
21804.000000  1.177977
22316.000000  0.943833
22741.000000  0.781012
23272.000000  0.771324
23733.000000  0.818898
24451.000000  1.017104
24848.000000  0.939897
25382.000000  1.023782
26169.000000  1.108395
26916.000000  1.125945
27526.000000  1.042458
28372.000000  1.123466
29051.000000  1.154637
30044.000000  1.441774
31452.000000  1.636359
32778.000000  2.535049
33925.000000  1.580058
35196.000000  1.618203
36522.000000  1.732049
37395.000000  1.492830
38691.000000  1.807447
40037.000000  1.896235
41112.000000  1.739565
41768.000000  1.409529
42264.000000  1.279040
42772.000000  1.495196
43352.000000  1.449988
43629.000000  1.255886
43989.000000  1.065967
44598.000000  1.377491
45398.000000  1.445916
46226.000000  1.463336
46803.000000  1.391093
47284.000000  1.324527
47767.000000  1.433304
48864.000000  1.567812
50020.000000  1.775834
50851.000000  1.641625
51616.000000  1.480210
52073.000000  1.446127
52715.000000  1.483909
53633.000000  1.575119
54220.000000  1.326235
54903.000000  1.404769
55331.000000  1.287681
56120.000000  1.400150
57065.000000  1.586584
57989.000000  1.706931
58424.000000  1.424638
59197.000000  1.546267
60161.000000  1.624213
61486.000000  1.822208
62475.000000  1.719128
63535.000000  1.756536
64710.000000  1.830188
65874.000000  1.940444
67195.000000  2.033466
68266.000000  2.041592
69295.000000  2.229495
70216.000000  2.288744
70967.000000  1.841110
71868.000000  2.022531
72651.000000  2.179545
73354.000000  1.801616
74510.000000  2.016193
75794.000000  2.011600
76305.000000  2.009247
77481.000000  2.196746
78983.000000  2.353847
80223.000000  2.603236
81708.000000  2.487622
82706.000000  2.258545
83443.000000  2.325640
83845.000000  2.123976
84472.000000  2.146656
85081.000000  2.276665
85974.000000  2.387858
87035.000000  2.534695
88202.000000  2.393400
89134.000000  2.397335
90194.000000  2.230627
90486.000000  1.992891
90769.000000  1.851577
91767.000000  2.158772
92841.000000  2.735259
94487.000000  2.778344
95944.000000  3.011138
97313.000000  3.194338
98867.000000  3.056188
99871.000000  2.795729
100895.000000  2.851944
102554.000000  2.896276
103602.000000  2.844022
104766.000000  2.949780
105861.000000  3.222022
107181.000000  3.478601
108300.000000  3.329159
109260.000000  3.389069
110522.000000  3.197386
111851.000000  3.342901
112765.000000  3.047812
113007.000000  2.799959
113448.000000  2.119488
113818.000000  2.239708
114417.000000  2.983991
115444.000000  3.026405
116682.000000  3.448623
118393.000000  3.805706
119431.000000  3.601440
120811.000000  3.991524
121316.000000  2.408402
122203.000000  2.405090
122968.000000  2.414670
123646.000000  2.318625
123981.000000  2.290051
124817.000000  2.447502
125832.000000  2.603401
126802.000000  2.822271
127981.000000  2.887316
129380.000000  3.022423
130968.000000  3.116480
132537.000000  3.235627
133490.000000  3.182703
134654.000000  3.318662
135658.000000  3.713618
137378.000000  3.899338
138656.000000  3.611038
139558.000000  3.803336
141176.000000  4.629261
143009.000000  4.639798
144009.000000  2.758029
144526.000000  2.622500
145069.000000  2.631216
145757.000000  2.776872
146567.000000  2.809582
147376.000000  3.212890
148253.000000  3.482713
148818.000000  3.329827
149289.000000  2.915922
150091.000000  3.040359
151017.000000  3.022746
151572.000000  2.951645
152142.000000  2.920955
152735.000000  3.458262
152868.000000  2.061329
153301.000000  2.047016
153964.000000  2.240705
154087.000000  2.753824
154436.000000  2.121270
155059.000000  2.217868
155598.000000  2.167138
155823.000000  2.069619
156297.000000  2.918526
156427.000000  2.983469
156431.000000  2.472690
156578.000000  2.364592
156770.000000  2.766678
157013.000000  2.825576
157224.000000  2.898875
157519.000000  2.832814
157738.000000  2.753922
158351.000000  3.061590
158873.000000  3.045080
159715.000000  3.146150
160170.000000  3.359934
160346.000000  3.853483
160481.000000  5.047284
160519.000000  5.002761
