216.000000  29.606421
309.000000  28.677496
430.000000  39.507504
502.000000  25.013065
563.000000  21.090792
630.000000  23.652906
678.000000  15.301932
745.000000  20.701946
831.000000  23.670336
895.000000  25.504520
973.000000  19.676414
1058.000000  35.309517
1156.000000  31.329044
1216.000000  19.316269
1280.000000  18.334848
1350.000000  16.104626
1405.000000  11.119441
1457.000000  10.433583
1504.000000  9.674655
1557.000000  11.830235
1594.000000  9.909401
1641.000000  10.411852
1696.000000  14.224051
1753.000000  12.281074
1837.000000  15.541024
1917.000000  16.675489
1994.000000  21.031027
2052.000000  15.215373
2138.000000  16.167215
2238.000000  19.390089
2290.000000  15.786698
2336.000000  16.568304
2421.000000  21.485674
2528.000000  27.296051
2620.000000  25.889132
2736.000000  23.814972
2825.000000  24.586838
2895.000000  19.906790
2974.000000  16.431438
3065.000000  17.184395
3160.000000  16.705915
3176.000000  7.152618
3250.000000  11.590355
3341.000000  19.751453
3434.000000  19.396500
3535.000000  23.750576
3589.000000  21.733116
3599.000000  7.528730
3605.000000  10.999108
3622.000000  7.791870
3662.000000  14.587203
3721.000000  9.108988
3773.000000  11.369893
3830.000000  8.340752
3889.000000  11.250939
3965.000000  13.630470
4036.000000  12.597971
4096.000000  9.931275
4145.000000  8.727598
4202.000000  7.784658
4253.000000  7.522469
4314.000000  8.347952
4368.000000  8.462415
4412.000000  7.412465
4531.000000  13.955249
4634.000000  22.499247
4738.000000  22.966274
4830.000000  23.151403
4919.000000  25.602898
4999.000000  21.103291
5065.000000  12.913628
5148.000000  26.302237
5229.000000  26.737326
5313.000000  23.943230
5399.000000  21.381565
5477.000000  27.672035
5558.000000  20.751789
5645.000000  20.937605
5717.000000  18.914515
5766.000000  9.266855
5867.000000  24.076944
5943.000000  20.290485
6024.000000  28.101358
6108.000000  22.267006
6171.000000  17.364420
6274.000000  21.892519
6350.000000  17.605150
6442.000000  21.827564
6515.000000  24.194904
6588.000000  24.492239
6664.000000  24.895117
6749.000000  21.904709
6835.000000  21.408459
6910.000000  17.719189
6990.000000  20.610336
7100.000000  19.314915
7179.000000  22.730951
7234.000000  27.595320
7284.000000  31.441343
7323.000000  41.531319
7376.000000  52.946003
7379.000000  49.153252
7485.000000  12.216316
7534.000000  13.547094
7593.000000  8.147655
7640.000000  6.480879
7711.000000  6.999269
7777.000000  9.768709
7860.000000  10.196328
7936.000000  11.559909
8023.000000  12.059339
8134.000000  14.421744
8212.000000  18.250925
8278.000000  11.801565
8376.000000  13.996239
8508.000000  15.043196
8571.000000  10.474659
8682.000000  13.427652
8770.000000  14.248329
8828.000000  7.607052
8882.000000  7.364110
8946.000000  7.415510
9014.000000  8.092486
9094.000000  11.196286
9173.000000  14.530976
9234.000000  8.538344
9293.000000  7.835052
9353.000000  7.950521
9414.000000  8.296494
9474.000000  8.570236
9551.000000  8.511266
9626.000000  8.904520
9703.000000  10.042116
9776.000000  9.382175
9862.000000  11.395799
9925.000000  10.262383
9998.000000  9.152986
10076.000000  9.061260
10099.000000  5.393476
10155.000000  6.808630
10218.000000  7.822218
10288.000000  11.016919
10359.000000  8.553073
10425.000000  9.778529
10515.000000  10.715052
10619.000000  14.659871
10752.000000  16.457443
10837.000000  15.972769
10915.000000  14.458333
10998.000000  17.373661
11102.000000  23.246382
11208.000000  21.326914
11294.000000  22.360859
11369.000000  15.243043
11446.000000  17.577501
11506.000000  19.781855
11581.000000  21.693485
11664.000000  22.069540
11745.000000  14.491217
11825.000000  14.834164
11901.000000  15.101750
11986.000000  16.238615
12059.000000  14.718093
12149.000000  14.899450
12233.000000  22.344952
12319.000000  19.665913
12367.000000  21.223568
12386.000000  34.269447
12390.000000  1.076800
12427.000000  3.706421
12526.000000  9.411555
12677.000000  14.479899
12777.000000  14.922603
12877.000000  16.770203
12983.000000  17.591761
13061.000000  16.961575
13146.000000  17.159866
13235.000000  16.386072
13319.000000  15.493109
13397.000000  15.910941
13475.000000  14.439602
13565.000000  17.849377
13649.000000  14.936681
13727.000000  16.105558
13806.000000  14.669451
13895.000000  18.513865
13993.000000  16.357573
14099.000000  14.922054
14177.000000  13.741997
14261.000000  15.694022
14348.000000  14.439217
14434.000000  13.865045
14522.000000  11.992526
14595.000000  14.523726
14676.000000  17.546539
14763.000000  15.524785
14852.000000  15.200385
14926.000000  12.798585
15076.000000  20.551357
15183.000000  18.963278
15269.000000  20.207878
15363.000000  21.229374
15448.000000  17.517933
15558.000000  26.242659
15652.000000  24.341103
15761.000000  14.449959
15854.000000  15.829881
15945.000000  16.484930
16057.000000  18.599911
16120.000000  25.408476
16144.000000  31.496328
16237.000000  15.211688
16324.000000  14.550677
16420.000000  16.360109
16477.000000  18.400591
16543.000000  22.920254
16621.000000  19.924049
16703.000000  27.448059
16780.000000  13.622835
16859.000000  15.556188
16943.000000  13.490055
17029.000000  13.126985
17105.000000  11.933526
17184.000000  14.195162
17269.000000  12.653663
17355.000000  13.162449
17432.000000  10.762925
17511.000000  12.622105
17595.000000  13.388689
17682.000000  12.656098
17767.000000  11.913155
17818.000000  12.449433
17898.000000  12.466617
17978.000000  14.262527
18059.000000  17.136934
18140.000000  15.267446
18216.000000  11.028162
18315.000000  13.650224
18420.000000  12.939394
18508.000000  12.849367
18641.000000  18.601809
18737.000000  17.040075
18813.000000  18.148855
18930.000000  23.819641
19025.000000  23.742401
19119.000000  26.945900
19210.000000  29.118542
19243.000000  35.843884
19311.000000  27.942705
19437.000000  35.969349
19519.000000  27.568268
19595.000000  25.510126
19716.000000  32.996731
19777.000000  31.199402
19855.000000  36.318119
19900.000000  33.900745
19934.000000  46.044914
19956.000000  43.301697
19995.000000  38.628658
20047.000000  39.053215
20107.000000  29.674610
20172.000000  31.988821
20232.000000  31.479280
20306.000000  45.864220
20375.000000  42.391823
20473.000000  27.086813
20515.000000  20.330950
20645.000000  39.147522
20658.000000  40.889252
20689.000000  62.509186
20713.000000  57.043098
20851.000000  17.404715
20951.000000  10.343884
21042.000000  11.739431
21151.000000  12.257670
21212.000000  12.672003
21306.000000  16.376432
21387.000000  14.528842
21444.000000  14.110476
21519.000000  13.536884
21574.000000  12.783384
21602.000000  6.630897
21643.000000  2.929046
21736.000000  8.025066
21829.000000  9.810593
21918.000000  11.476536
21996.000000  9.688108
22039.000000  6.292914
22040.000000  0.515763
22078.000000  8.506269
22144.000000  8.614426
22222.000000  10.127106
22332.000000  11.456911
22404.000000  9.969381
22481.000000  9.458294
22494.000000  3.883817
22503.000000  1.634852
22559.000000  14.964528
22615.000000  5.618985
22666.000000  4.896764
22768.000000  8.979115
22875.000000  10.784838
22969.000000  14.335988
23048.000000  12.828893
23134.000000  14.272955
23224.000000  14.614911
23244.000000  6.108482
23314.000000  13.053957
23398.000000  16.935877
23475.000000  20.749155
23575.000000  15.494941
23679.000000  13.566165
23775.000000  14.051241
23858.000000  12.310509
23948.000000  13.282930
23968.000000  10.723803
24033.000000  13.170958
24090.000000  15.008256
24163.000000  15.151331
24250.000000  15.151562
24335.000000  15.671433
24424.000000  10.660824
24492.000000  15.179613
24556.000000  20.084595
24617.000000  20.533859
24683.000000  27.499136
24733.000000  24.257954
24795.000000  20.462807
24809.000000  5.623107
24891.000000  6.414084
24960.000000  9.321663
25065.000000  10.710363
25133.000000  7.261865
25209.000000  6.991018
25222.000000  2.620490
25224.000000  1.159374
25303.000000  3.696272
25339.000000  4.595607
25386.000000  5.066437
25476.000000  13.037482
25566.000000  9.735286
25643.000000  11.654515
25724.000000  12.882537
25800.000000  11.864610
25871.000000  12.407817
25948.000000  13.412486
26033.000000  17.424616
26112.000000  14.095635
26190.000000  12.807184
26281.000000  15.777545
26363.000000  12.595807
26398.000000  11.139371
26444.000000  13.577874
26448.000000  8.993212
26452.000000  0.571716
26492.000000  3.932999
26577.000000  7.912757
26701.000000  11.320876
26825.000000  12.956095
26889.000000  12.396872
26929.000000  11.157208
26962.000000  7.545405
26963.000000  1.259588
26967.000000  1.586731
26973.000000  2.828104
27029.000000  4.905391
27081.000000  5.033747
27133.000000  4.659330
27196.000000  6.115902
27249.000000  15.839360
27296.000000  14.150839
27385.000000  6.012928
27426.000000  3.434808
27487.000000  3.889978
27547.000000  4.996887
27606.000000  4.767096
27696.000000  4.941126
27804.000000  9.328610
27904.000000  9.783100
27989.000000  7.000550
28068.000000  7.469111
28136.000000  6.267692
28201.000000  5.300631
28301.000000  7.852063
28362.000000  4.733809
28400.000000  4.095423
28496.000000  4.629047
28561.000000  4.601840
28636.000000  5.099968
28660.000000  2.949942
28724.000000  3.599993
28762.000000  3.125753
28762.000000  0.944261
28762.000000  0.011955
28787.000000  2.691083
28818.000000  1.235793
28883.000000  4.164444
28996.000000  10.599880
29107.000000  11.834588
29199.000000  13.390652
29282.000000  11.091148
29351.000000  13.370116
29435.000000  9.467016
29527.000000  11.745507
29627.000000  9.537725
29706.000000  11.674964
29746.000000  11.200413
29752.000000  1.902134
29817.000000  9.361061
29822.000000  4.821299
29916.000000  5.274670
29917.000000  0.504417
29919.000000  0.525987
29940.000000  1.409864
29970.000000  1.726119
30017.000000  4.367786
30041.000000  2.303848
30145.000000  4.849135
30216.000000  5.260596
30245.000000  1.502045
30257.000000  0.809131
30383.000000  7.216381
30445.000000  6.263790
30482.000000  2.565985
30514.000000  1.966571
30619.000000  7.014044
30690.000000  9.583866
30770.000000  9.789567
30871.000000  9.860604
30882.000000  4.817982
30886.000000  0.893693
30970.000000  6.479491
31055.000000  6.841759
31132.000000  6.987309
31221.000000  9.962165
31314.000000  13.322513
31416.000000  13.405836
31506.000000  12.247478
31586.000000  14.002371
31676.000000  13.485950
31758.000000  12.604228
31863.000000  12.246696
31929.000000  5.718778
31971.000000  3.369728
31985.000000  1.135954
32019.000000  2.679580
32069.000000  2.527313
32177.000000  14.353381
32250.000000  14.093259
32279.000000  6.196360
32344.000000  12.304814
32423.000000  15.999100
32506.000000  15.478848
32585.000000  16.346914
32664.000000  11.471469
32752.000000  14.741623
32854.000000  11.875645
32934.000000  11.556016
33029.000000  13.192582
33122.000000  15.278419
33205.000000  13.314552
33282.000000  12.365708
33361.000000  10.045692
33457.000000  12.075593
33534.000000  12.241182
33628.000000  16.330463
33708.000000  12.119714
33774.000000  10.665185
33856.000000  18.035080
33940.000000  13.696043
34025.000000  14.440955
34107.000000  14.853271
34181.000000  14.161736
34258.000000  15.888365
34347.000000  10.679137
34473.000000  15.455066
34613.000000  28.830376
34653.000000  34.539639
34683.000000  36.691208
34686.000000  32.436840
34716.000000  33.455742
34760.000000  26.432228
34764.000000  17.828033
34769.000000  8.544804
34828.000000  4.404605
34909.000000  5.145571
34965.000000  3.874951
35019.000000  3.787742
35037.000000  3.495919
35143.000000  9.218132
35225.000000  9.569313
35290.000000  10.711932
35397.000000  13.601404
35460.000000  15.768088
35469.000000  2.529046
35532.000000  5.237731
35620.000000  7.415199
35712.000000  9.414916
35798.000000  12.190331
35894.000000  13.169028
35985.000000  11.500477
36023.000000  8.511940
36045.000000  7.850539
36061.000000  4.022427
36150.000000  5.856841
36217.000000  7.110914
36303.000000  9.464620
36403.000000  11.322582
36508.000000  12.030272
36603.000000  11.694275
36652.000000  9.579450
36724.000000  5.994315
36811.000000  6.956119
36907.000000  9.310317
37015.000000  12.087294
37091.000000  8.285708
37161.000000  9.910040
37209.000000  8.672143
37277.000000  10.590665
37326.000000  9.689030
37427.000000  14.880932
37480.000000  11.131418
37481.000000  0.685527
37523.000000  3.169634
37613.000000  5.654858
37700.000000  8.385551
37788.000000  9.786682
37856.000000  14.918351
37937.000000  11.025609
37995.000000  12.548261
38011.000000  6.075635
38057.000000  3.632411
38159.000000  7.725015
38228.000000  8.965320
38329.000000  12.048215
38489.000000  14.378996
38535.000000  9.189202
38556.000000  5.741373
38559.000000  1.182334
38613.000000  5.262791
38729.000000  7.835937
38830.000000  10.151723
38948.000000  13.414043
39019.000000  10.197066
39106.000000  11.899435
39154.000000  10.590837
39232.000000  11.256040
39285.000000  17.164616
39331.000000  12.045379
39356.000000  8.410447
39359.000000  0.874010
39362.000000  1.188417
39430.000000  17.204132
39568.000000  10.738313
39636.000000  9.178775
39702.000000  11.252055
39790.000000  12.214238
39849.000000  11.587833
39850.000000  1.586177
39902.000000  5.148603
39978.000000  8.440874
40060.000000  8.540404
40158.000000  12.655823
40253.000000  13.205357
40281.000000  9.293310
40299.000000  11.849712
40341.000000  14.456169
40410.000000  11.445486
40479.000000  10.331583
40563.000000  11.785815
40685.000000  15.045841
40747.000000  9.944619
40784.000000  11.971199
40809.000000  9.654844
40815.000000  9.672610
40819.000000  2.537066
