269.000000  0.067467
316.000000  0.037470
335.000000  0.014618
355.000000  0.020685
385.000000  0.032521
437.000000  0.056342
480.000000  0.045387
520.000000  0.043264
569.000000  0.051193
602.000000  0.061182
624.000000  0.032427
653.000000  0.040066
699.000000  0.058632
734.000000  0.053478
782.000000  0.057996
823.000000  0.059764
853.000000  0.044600
882.000000  0.045551
919.000000  0.049660
957.000000  0.056978
1001.000000  0.048758
1052.000000  0.052633
1097.000000  0.049530
1143.000000  0.053644
1173.000000  0.047649
1210.000000  0.061184
1245.000000  0.050741
1280.000000  0.058581
1324.000000  0.066942
1364.000000  0.065983
1394.000000  0.045621
1421.000000  0.056464
1444.000000  0.049671
1471.000000  0.057360
1507.000000  0.071490
1536.000000  0.071698
1581.000000  0.065979
1610.000000  0.053826
1644.000000  0.055184
1685.000000  0.060710
1717.000000  0.060172
1744.000000  0.065800
1782.000000  0.068499
1816.000000  0.057537
1858.000000  0.066055
1900.000000  0.067504
1960.000000  0.075419
1973.000000  0.042358
2026.000000  0.080537
2035.000000  0.038933
2072.000000  0.066970
2116.000000  0.061299
2148.000000  0.060248
2187.000000  0.067485
2226.000000  0.071678
2269.000000  0.064014
2311.000000  0.069115
2346.000000  0.049459
2365.000000  0.061085
2390.000000  0.071549
2409.000000  0.057576
2427.000000  0.051452
2452.000000  0.068371
2492.000000  0.081423
2526.000000  0.075388
2551.000000  0.080279
2589.000000  0.078948
2624.000000  0.080313
2662.000000  0.080086
2690.000000  0.075762
2698.000000  0.037090
2740.000000  0.077541
2784.000000  0.096424
2810.000000  0.076497
2823.000000  0.038940
2856.000000  0.076803
2881.000000  0.069609
2907.000000  0.083115
2929.000000  0.072981
2952.000000  0.089024
2982.000000  0.071881
3008.000000  0.071644
3040.000000  0.070252
3073.000000  0.086375
3108.000000  0.075160
3131.000000  0.077648
3153.000000  0.082522
3188.000000  0.095083
3210.000000  0.094565
3268.000000  0.134884
3297.000000  0.097644
3334.000000  0.108931
3359.000000  0.088292
3392.000000  0.088336
3403.000000  0.067302
3438.000000  0.107748
3489.000000  0.106060
3529.000000  0.076806
3543.000000  0.055101
3598.000000  0.100000
3641.000000  0.095646
3690.000000  0.127319
3722.000000  0.117931
3751.000000  0.106779
3775.000000  0.085225
3798.000000  0.086512
3837.000000  0.086071
3842.000000  0.041591
3858.000000  0.052193
3870.000000  0.050583
3881.000000  0.066268
3902.000000  0.058045
3916.000000  0.059155
3931.000000  0.063745
3943.000000  0.056418
3955.000000  0.063279
3963.000000  0.054421
3978.000000  0.050575
4003.000000  0.057961
4024.000000  0.064000
4044.000000  0.079049
4065.000000  0.071082
4097.000000  0.086441
4139.000000  0.094492
4175.000000  0.095164
4198.000000  0.100740
4226.000000  0.091375
4249.000000  0.082121
4268.000000  0.096225
4295.000000  0.109477
4318.000000  0.082017
4341.000000  0.090013
4366.000000  0.129018
4397.000000  0.128392
4422.000000  0.114866
4445.000000  0.119531
4458.000000  0.115791
4511.000000  0.152674
4546.000000  0.158013
4568.000000  0.070262
4602.000000  0.074606
4618.000000  0.064354
4644.000000  0.087857
4673.000000  0.106308
4692.000000  0.077553
4717.000000  0.076973
4753.000000  0.093639
4794.000000  0.084073
4804.000000  0.072748
4846.000000  0.103320
4899.000000  0.180679
4929.000000  0.160619
4967.000000  0.170982
5005.000000  0.161761
5035.000000  0.204945
5058.000000  0.066673
5090.000000  0.067667
5116.000000  0.084503
5140.000000  0.085758
5165.000000  0.080916
5179.000000  0.077819
5193.000000  0.055025
5210.000000  0.069190
5223.000000  0.069826
5236.000000  0.070200
5253.000000  0.109274
5277.000000  0.121660
5287.000000  0.107333
5310.000000  0.122766
5332.000000  0.140474
5346.000000  0.155201
5367.000000  0.179202
5383.000000  0.156099
5397.000000  0.128637
5409.000000  0.147853
5426.000000  0.133578
5448.000000  0.149144
5473.000000  0.131270
5479.000000  0.061214
5516.000000  0.143998
5543.000000  0.119277
5578.000000  0.108289
5606.000000  0.143812
5638.000000  0.196557
5674.000000  0.167778
5719.000000  0.156947
5732.000000  0.087767
5770.000000  0.123332
5794.000000  0.111049
5858.000000  0.215202
5922.000000  0.171141
5965.000000  0.183164
6010.000000  0.207595
6062.000000  0.151746
6118.000000  0.134965
6168.000000  0.124236
6198.000000  0.108605
6222.000000  0.116055
6237.000000  0.098546
6251.000000  0.073115
6267.000000  0.077484
6284.000000  0.079056
6306.000000  0.094848
6336.000000  0.129091
6363.000000  0.133622
6398.000000  0.119731
6420.000000  0.105523
6456.000000  0.110086
6465.000000  0.091051
6488.000000  0.111394
6508.000000  0.124606
6511.000000  0.081600
6537.000000  0.099536
6581.000000  0.130083
6625.000000  0.128413
6667.000000  0.115129
6690.000000  0.151177
6714.000000  0.092900
6736.000000  0.082139
6750.000000  0.079617
6793.000000  0.132608
6827.000000  0.125203
6851.000000  0.092700
6879.000000  0.120023
6892.000000  0.098544
6923.000000  0.107536
6964.000000  0.110367
7022.000000  0.108100
7035.000000  0.093019
7090.000000  0.121146
7155.000000  0.118340
7209.000000  0.122466
7240.000000  0.108291
7290.000000  0.110708
7313.000000  0.090545
7351.000000  0.110588
7397.000000  0.118202
7427.000000  0.099810
7453.000000  0.101993
7470.000000  0.104568
7501.000000  0.110531
7511.000000  0.133513
7525.000000  0.086960
7540.000000  0.101083
7552.000000  0.085292
7615.000000  0.123639
7636.000000  0.112501
7655.000000  0.111786
7655.000000  0.066435
7683.000000  0.111502
7711.000000  0.117250
7747.000000  0.114545
7773.000000  0.106582
7793.000000  0.107506
7833.000000  0.115991
7862.000000  0.103930
7909.000000  0.120783
7942.000000  0.117190
7975.000000  0.100725
8007.000000  0.118948
8037.000000  0.110219
8097.000000  0.116639
8122.000000  0.092472
8168.000000  0.103644
8209.000000  0.111463
8238.000000  0.115440
8265.000000  0.108493
8293.000000  0.116723
8323.000000  0.113023
8346.000000  0.109308
8368.000000  0.101508
8383.000000  0.099874
8414.000000  0.126573
8445.000000  0.121663
8476.000000  0.115003
8494.000000  0.096192
8533.000000  0.119442
8558.000000  0.102769
8578.000000  0.122411
8602.000000  0.116051
8629.000000  0.127637
8642.000000  0.153945
8651.000000  0.131674
8661.000000  0.115506
8667.000000  0.113563
8673.000000  0.102278
8678.000000  0.111093
8680.000000  0.101992
8682.000000  0.086918
8697.000000  0.110996
8700.000000  0.119743
8705.000000  0.100786
8716.000000  0.102007
8725.000000  0.113310
8740.000000  0.124669
8776.000000  0.138896
8815.000000  0.101693
8816.000000  0.072966
8841.000000  0.101255
8868.000000  0.102266
8891.000000  0.107173
8892.000000  0.079361
8915.000000  0.143098
8960.000000  0.160570
9016.000000  0.192987
9041.000000  0.148434
9061.000000  0.147469
9077.000000  0.142264
9085.000000  0.111698
9107.000000  0.155488
9121.000000  0.130398
9145.000000  0.169909
9159.000000  0.174672
9174.000000  0.152846
9181.000000  0.188612
9188.000000  0.174302
9199.000000  0.138704
9214.000000  0.181975
9241.000000  0.178707
9248.000000  0.193774
9271.000000  0.200782
9298.000000  0.169787
9320.000000  0.183451
9335.000000  0.185830
9370.000000  0.195775
9393.000000  0.252496
9402.000000  0.175865
9410.000000  0.196684
9418.000000  0.193925
9430.000000  0.214118
9456.000000  0.229134
9483.000000  0.227574
9507.000000  0.212711
9519.000000  0.194620
9549.000000  0.214779
9583.000000  0.187649
9598.000000  0.154983
9627.000000  0.155804
9638.000000  0.196521
9654.000000  0.136766
9665.000000  0.124558
9688.000000  0.173007
9706.000000  0.146515
9716.000000  0.192665
9726.000000  0.179152
9739.000000  0.191056
9755.000000  0.169424
9774.000000  0.222244
9775.000000  0.092356
9780.000000  0.200144
9783.000000  0.189538
9785.000000  0.123018
9786.000000  0.108956
9787.000000  0.114660
9789.000000  0.115308
9796.000000  0.122877
9804.000000  0.103900
9811.000000  0.101282
9817.000000  0.096268
9829.000000  0.099495
9847.000000  0.114724
9860.000000  0.124062
9868.000000  0.208233
9877.000000  0.156774
9883.000000  0.144534
9891.000000  0.104792
9903.000000  0.109688
9926.000000  0.100647
9942.000000  0.098827
9955.000000  0.100187
9979.000000  0.095430
10000.000000  0.104053
10012.000000  0.093431
10018.000000  0.101482
10035.000000  0.121142
10055.000000  0.109499
10069.000000  0.100872
10083.000000  0.100444
10100.000000  0.108638
10108.000000  0.096125
10119.000000  0.093751
10135.000000  0.100817
10144.000000  0.099893
10144.000000  0.092892
10159.000000  0.100888
10173.000000  0.104473
10186.000000  0.105226
10200.000000  0.102471
10215.000000  0.107366
10220.000000  0.088532
10241.000000  0.096460
10256.000000  0.098147
10265.000000  0.090878
10279.000000  0.106922
10303.000000  0.129536
10318.000000  0.115600
10332.000000  0.118300
10345.000000  0.112496
10369.000000  0.102796
10373.000000  0.094281
