216.000000  0.158662
315.000000  -0.022757
448.000000  0.033576
511.000000  -0.022306
577.000000  0.007566
645.000000  -0.012461
692.000000  -0.018641
760.000000  0.025471
832.000000  0.003511
890.000000  -0.002664
969.000000  0.013736
1057.000000  -0.011930
1146.000000  0.020487
1246.000000  0.013624
1313.000000  -0.016460
1388.000000  0.002179
1430.000000  -0.023685
1477.000000  -0.015733
1531.000000  0.058485
1582.000000  -0.030172
1626.000000  -0.000897
1680.000000  0.004280
1736.000000  0.001090
1805.000000  -0.002589
1877.000000  0.019007
1953.000000  0.002254
2033.000000  -0.016136
2100.000000  0.022877
2202.000000  -0.019624
2272.000000  0.044404
2319.000000  -0.015340
2370.000000  0.007773
2451.000000  0.010677
2547.000000  -0.011861
2625.000000  0.046075
2709.000000  -0.030464
2797.000000  -0.000698
2893.000000  0.023975
2970.000000  -0.012824
3051.000000  -0.012285
3144.000000  -0.027758
3178.000000  0.011782
3236.000000  -0.009476
3327.000000  0.015277
3410.000000  -0.009683
3515.000000  0.038128
3541.000000  -0.032162
3610.000000  0.003146
3626.000000  -0.030783
3685.000000  0.025510
3733.000000  -0.007022
3786.000000  0.001315
3855.000000  0.027453
3936.000000  -0.019471
4071.000000  0.007695
4151.000000  0.014666
4241.000000  0.008674
4352.000000  0.007917
4419.000000  -0.012523
4424.000000  -0.048953
4449.000000  0.036397
4463.000000  -0.028680
4529.000000  0.015443
4603.000000  0.005773
4656.000000  -0.055241
4704.000000  0.027897
4764.000000  0.013354
4823.000000  0.002505
4875.000000  -0.004921
4929.000000  -0.001571
5082.000000  0.061513
5223.000000  0.012498
5316.000000  -0.004077
5411.000000  -0.055150
5507.000000  0.016810
5587.000000  0.041156
5639.000000  -0.027989
5727.000000  0.036504
5807.000000  -0.021650
5891.000000  -0.030595
5975.000000  0.016886
6058.000000  0.041408
6133.000000  -0.008746
6213.000000  0.005114
6292.000000  0.002563
6337.000000  -0.081005
6443.000000  0.104783
6514.000000  -0.058096
6603.000000  0.049856
6684.000000  -0.040431
6770.000000  0.008355
6859.000000  0.048344
6944.000000  0.000351
7018.000000  -0.032340
7094.000000  0.042182
7168.000000  -0.035890
7246.000000  0.012609
7329.000000  0.026746
7414.000000  0.000522
7494.000000  -0.059429
7573.000000  0.030785
7664.000000  -0.006826
7699.000000  -0.014432
7796.000000  0.056446
7847.000000  0.048223
7886.000000  0.010039
7932.000000  0.087391
7934.000000  -0.070746
8042.000000  -0.130062
8115.000000  -0.030477
8207.000000  0.010435
8307.000000  0.015930
8415.000000  0.003145
8515.000000  0.000170
8601.000000  -0.000054
8685.000000  0.023519
8798.000000  0.014027
8900.000000  -0.014520
9029.000000  0.044216
9122.000000  -0.022246
9194.000000  -0.034734
9269.000000  0.026892
9351.000000  0.018130
9437.000000  0.019364
9515.000000  -0.057674
9591.000000  0.022381
9683.000000  0.001134
9766.000000  -0.009599
9848.000000  0.022279
9941.000000  -0.017753
10033.000000  0.004139
10114.000000  -0.007627
10216.000000  0.018135
10286.000000  -0.038639
10357.000000  0.044145
10429.000000  0.000500
10514.000000  -0.014873
10598.000000  0.023195
10678.000000  0.021423
10778.000000  0.015702
10861.000000  -0.023044
10977.000000  0.011602
11060.000000  -0.018664
11141.000000  0.020085
11225.000000  -0.022013
11336.000000  0.008719
11464.000000  0.108144
11514.000000  -0.073870
11526.000000  0.044307
11579.000000  0.086238
11596.000000  -0.046731
11626.000000  0.070848
11679.000000  -0.126025
11693.000000  -0.079516
11698.000000  -0.013020
11800.000000  -0.017887
11879.000000  -0.002252
11954.000000  -0.028231
12058.000000  0.049083
12122.000000  -0.020140
12123.000000  -0.035840
12133.000000  -0.014403
12197.000000  0.035693
12239.000000  -0.071602
12285.000000  0.060165
12330.000000  -0.058703
12388.000000  -0.002932
12395.000000  0.010630
12437.000000  0.041146
12505.000000  0.011781
12597.000000  -0.012488
12677.000000  0.005122
12760.000000  0.047759
12855.000000  -0.005033
12937.000000  0.014491
12962.000000  -0.086219
12995.000000  0.055716
13058.000000  -0.022361
13161.000000  -0.009217
13264.000000  0.031655
13337.000000  0.002864
13414.000000  0.002364
13512.000000  -0.004193
13566.000000  0.005274
13596.000000  -0.008031
13677.000000  -0.032664
13754.000000  0.017642
13857.000000  0.027641
13966.000000  -0.027103
14057.000000  -0.016277
14122.000000  0.034564
14190.000000  0.020799
14273.000000  0.029513
14346.000000  -0.026579
14393.000000  -0.029053
14418.000000  0.013384
14420.000000  -0.057032
14517.000000  0.046167
14580.000000  0.014021
14658.000000  0.005671
14750.000000  0.011040
14832.000000  -0.040441
14914.000000  0.032180
15000.000000  0.009090
15077.000000  -0.061843
15156.000000  0.047332
15236.000000  0.009217
15317.000000  0.023959
15407.000000  0.005613
15486.000000  -0.041334
15566.000000  0.024632
15642.000000  -0.001476
15714.000000  -0.015467
15803.000000  0.061604
15881.000000  -0.039704
15964.000000  -0.021814
16048.000000  0.045900
16134.000000  -0.022436
16214.000000  0.010350
16291.000000  -0.002409
16371.000000  -0.042650
16459.000000  0.043807
16544.000000  -0.035378
16623.000000  0.008462
16700.000000  0.034186
16788.000000  0.031872
16873.000000  -0.024304
16952.000000  0.018749
17023.000000  -0.034647
17096.000000  0.009521
17189.000000  0.039032
17286.000000  -0.032889
17374.000000  0.051185
17461.000000  -0.019038
17545.000000  -0.040383
17626.000000  0.017022
17698.000000  -0.002263
17784.000000  0.018781
17885.000000  0.018283
18012.000000  0.010923
18105.000000  -0.015912
18186.000000  -0.001232
18275.000000  0.004438
18353.000000  0.025410
18434.000000  -0.058567
18534.000000  0.033892
18606.000000  0.012383
18685.000000  -0.005736
18772.000000  -0.004708
18860.000000  -0.032898
18937.000000  0.018259
19016.000000  0.008479
19099.000000  -0.028172
19187.000000  0.041748
19264.000000  -0.039911
19343.000000  0.068896
19424.000000  -0.017230
19513.000000  -0.004132
19590.000000  -0.005380
19667.000000  -0.037631
19754.000000  0.049737
19840.000000  0.016654
19930.000000  -0.042746
20011.000000  0.025582
20104.000000  0.024537
20167.000000  0.000341
20229.000000  0.027467
20292.000000  -0.001175
20374.000000  0.012471
20413.000000  -0.040579
20461.000000  0.013004
20542.000000  0.004234
20580.000000  -0.004402
20628.000000  -0.012660
20674.000000  0.022260
20765.000000  0.025508
20788.000000  -0.009437
20819.000000  -0.054079
20869.000000  0.075141
20945.000000  -0.015536
20986.000000  -0.017837
21058.000000  -0.001419
21149.000000  0.018428
21236.000000  0.017873
21352.000000  -0.018610
21548.000000  0.199171
21626.000000  -0.215015
21731.000000  0.009323
21818.000000  0.011389
21904.000000  -0.036015
21978.000000  0.077869
22073.000000  -0.149228
22194.000000  0.188122
22235.000000  0.030394
22266.000000  -0.050036
22340.000000  -0.010210
22441.000000  0.096111
22465.000000  -0.138851
22504.000000  0.029051
22559.000000  0.127414
22580.000000  0.043369
22589.000000  -0.054379
22590.000000  0.049300
22596.000000  0.189306
22673.000000  -0.097955
22704.000000  -0.168651
22739.000000  -0.038417
22751.000000  0.417410
22789.000000  -0.667704
22853.000000  0.004182
22962.000000  0.027145
23058.000000  0.020182
23134.000000  0.002339
23219.000000  0.000827
23306.000000  -0.000468
23383.000000  0.007039
23462.000000  -0.022723
23491.000000  -0.001569
23563.000000  0.031692
23639.000000  -0.051197
23721.000000  0.070757
23831.000000  -0.051886
23963.000000  0.084864
24062.000000  -0.044366
24175.000000  0.016728
24276.000000  0.008046
24374.000000  -0.014814
24392.000000  0.132303
24436.000000  -0.141690
24513.000000  0.026098
24559.000000  -0.021622
24586.000000  -0.003956
24635.000000  0.076555
24679.000000  -0.003456
24740.000000  -0.103862
24838.000000  -0.001486
24892.000000  -0.013343
24951.000000  -0.020183
25028.000000  0.047845
25103.000000  -0.018199
25163.000000  0.002283
25243.000000  0.016020
25314.000000  0.026130
25380.000000  -0.096244
25437.000000  0.076395
25492.000000  -0.052318
25548.000000  0.042551
25605.000000  -0.003980
25676.000000  -0.030570
25746.000000  0.049824
25809.000000  -0.018398
25882.000000  -0.030449
25944.000000  -0.023348
26017.000000  0.030264
26076.000000  0.029397
26161.000000  0.002634
26253.000000  -0.000724
26308.000000  0.017169
26359.000000  -0.031886
26412.000000  -0.017954
26462.000000  0.022206
26531.000000  0.016290
26604.000000  -0.029733
26663.000000  -0.027366
26716.000000  0.006096
26766.000000  0.034047
26826.000000  0.001236
26883.000000  0.063462
26908.000000  -0.011940
26960.000000  -0.044561
27039.000000  -0.009149
27082.000000  -0.006858
27134.000000  0.027576
27211.000000  -0.002764
27253.000000  -0.012414
27378.000000  0.022384
27485.000000  0.002591
27533.000000  0.003062
27626.000000  0.009299
27709.000000  -0.007123
27783.000000  0.002539
27893.000000  -0.002902
27920.000000  -0.041618
27952.000000  -0.003683
28013.000000  0.036267
28074.000000  -0.021822
28112.000000  -0.037565
28140.000000  0.044431
28202.000000  -0.048137
28264.000000  0.016147
28353.000000  0.042570
28386.000000  -0.007874
28431.000000  0.026862
28457.000000  -0.029844
28522.000000  0.004723
28680.000000  0.030961
28766.000000  -0.002828
28885.000000  0.003659
28960.000000  0.030329
29043.000000  -0.062028
29142.000000  0.000903
29243.000000  0.031606
29319.000000  0.027430
29328.000000  -0.053054
29390.000000  0.025543
29449.000000  -0.065999
29461.000000  0.042817
29544.000000  0.005062
29623.000000  0.045611
29651.000000  -0.041810
29703.000000  -0.021202
29788.000000  0.007174
29876.000000  0.001971
29970.000000  -0.018623
30086.000000  0.054518
30174.000000  0.004011
30272.000000  -0.010709
30375.000000  0.021128
30398.000000  -0.062254
30458.000000  -0.011790
30523.000000  0.028024
30558.000000  -0.026327
30623.000000  0.029056
30658.000000  0.002598
30743.000000  -0.039038
30820.000000  0.027051
30865.000000  0.008024
30874.000000  -0.013672
30949.000000  0.013462
31016.000000  -0.008438
31063.000000  -0.005594
31098.000000  0.009554
31113.000000  -0.007214
31214.000000  0.003539
31298.000000  0.026928
31392.000000  -0.049290
31489.000000  0.050893
31533.000000  -0.032472
31574.000000  0.004836
31608.000000  -0.001404
31613.000000  0.001199
31668.000000  0.033745
31768.000000  -0.012862
31852.000000  0.011598
31955.000000  -0.058080
32052.000000  0.061240
32107.000000  -0.043074
32137.000000  0.006016
32140.000000  -0.013109
32197.000000  0.026427
32278.000000  0.011487
32347.000000  0.012868
32439.000000  -0.029142
32525.000000  -0.011539
32616.000000  0.045281
32701.000000  0.000957
32785.000000  -0.043937
32864.000000  0.067082
32949.000000  -0.006883
33028.000000  -0.047056
33101.000000  -0.001285
33187.000000  0.033224
33226.000000  -0.026854
33262.000000  0.050115
33336.000000  -0.047051
33426.000000  0.010290
33460.000000  -0.016562
33461.000000  -0.018704
33519.000000  -0.023213
33621.000000  0.047104
33734.000000  0.028900
33824.000000  0.014639
33907.000000  0.015330
33992.000000  -0.030648
34072.000000  0.008697
34140.000000  0.007684
34219.000000  -0.002093
34279.000000  -0.024530
34345.000000  0.039070
34429.000000  -0.031705
34515.000000  -0.014847
34605.000000  0.031591
34690.000000  0.019045
34769.000000  -0.055845
34847.000000  0.042162
34928.000000  0.088221
35024.000000  -0.056295
35129.000000  0.026410
35155.000000  -0.061183
35203.000000  -0.007639
35268.000000  0.014047
35343.000000  0.085476
35420.000000  0.006279
35462.000000  -0.022305
35524.000000  -0.020055
35566.000000  -0.085492
35589.000000  0.016312
35664.000000  0.002515
35733.000000  -0.011444
35843.000000  0.020839
35927.000000  -0.006171
36010.000000  0.045971
36098.000000  0.011315
36182.000000  -0.055116
36283.000000  0.036193
36355.000000  -0.043593
36491.000000  0.067078
36525.000000  -0.073586
36557.000000  -0.011654
36620.000000  0.069942
36648.000000  -0.021976
36692.000000  -0.023532
36696.000000  -0.050635
36796.000000  0.038764
36867.000000  0.021241
36970.000000  0.002017
37046.000000  -0.020536
37121.000000  -0.045318
37132.000000  0.021232
37134.000000  -0.013251
37239.000000  0.057323
37321.000000  0.009560
37412.000000  -0.019909
37492.000000  -0.058321
37507.000000  -0.023333
37517.000000  0.048126
37606.000000  0.021474
37676.000000  0.013308
37754.000000  0.022166
37835.000000  -0.081158
37885.000000  0.032083
37886.000000  -0.014816
37936.000000  0.019198
38022.000000  -0.010682
38142.000000  0.026418
38243.000000  0.026029
38306.000000  -0.013718
38383.000000  -0.014717
38437.000000  0.004028
38490.000000  0.021311
38560.000000  -0.011772
38597.000000  0.013521
38657.000000  -0.006273
38686.000000  -0.064084
38732.000000  0.044068
38845.000000  -0.009172
38945.000000  0.022205
39038.000000  0.042123
39122.000000  0.006937
39198.000000  -0.050549
39234.000000  -0.006256
39341.000000  -0.025949
39420.000000  0.011743
39492.000000  0.012858
39598.000000  0.024124
39697.000000  -0.029540
39735.000000  0.058486
39746.000000  -0.074002
39757.000000  0.000227
39822.000000  -0.003789
39934.000000  -0.025094
40032.000000  0.060904
40135.000000  -0.027804
40192.000000  -0.021392
40202.000000  0.022028
40205.000000  -0.040372
40287.000000  0.065999
40384.000000  -0.004739
40477.000000  0.024152
40524.000000  -0.029101
40544.000000  -0.005610
40635.000000  0.022378
40655.000000  -0.032880
40714.000000  0.000899
40733.000000  -0.019089
40767.000000  0.005994
40817.000000  0.000055
