269.000000  0.074249
320.000000  -0.034905
351.000000  -0.012269
378.000000  0.002504
425.000000  0.022738
435.000000  -0.024239
483.000000  0.037718
538.000000  -0.004192
578.000000  -0.017838
622.000000  0.019409
670.000000  0.006649
716.000000  -0.002509
749.000000  -0.023034
793.000000  0.009542
852.000000  0.001734
910.000000  -0.001881
967.000000  -0.000197
1011.000000  -0.000474
1063.000000  0.004670
1127.000000  0.004917
1161.000000  -0.002896
1208.000000  -0.005874
1236.000000  0.031238
1286.000000  -0.029910
1314.000000  -0.000325
1335.000000  -0.006869
1358.000000  -0.005522
1406.000000  0.023929
1441.000000  0.006256
1491.000000  0.002834
1517.000000  -0.010503
1572.000000  0.009958
1614.000000  0.027158
1631.000000  -0.049687
1682.000000  0.032159
1716.000000  -0.025623
1764.000000  0.026308
1808.000000  -0.007562
1808.000000  -0.051879
1855.000000  0.058866
1862.000000  -0.045363
1909.000000  0.045986
1953.000000  -0.020680
1983.000000  -0.004916
2023.000000  0.004227
2074.000000  0.006451
2129.000000  0.012565
2159.000000  -0.029751
2204.000000  0.018698
2248.000000  -0.008376
2268.000000  -0.007714
2299.000000  0.005964
2344.000000  0.008516
2344.000000  -0.032686
2386.000000  0.032865
2423.000000  0.006907
2454.000000  -0.000344
2505.000000  0.008584
2533.000000  -0.022416
2569.000000  -0.004113
2601.000000  0.021127
2617.000000  -0.016823
2641.000000  0.004034
2670.000000  0.006155
2715.000000  0.004233
2752.000000  -0.000087
2812.000000  0.015116
2848.000000  -0.004100
2887.000000  -0.002129
2933.000000  -0.005991
3001.000000  0.046289
3004.000000  -0.070525
3057.000000  0.068167
3057.000000  -0.062515
3112.000000  0.066869
3150.000000  -0.043837
3180.000000  0.003541
3232.000000  0.004746
3260.000000  0.005226
3285.000000  -0.021699
3305.000000  0.032695
3330.000000  -0.007929
3346.000000  0.031633
3372.000000  -0.011780
3403.000000  0.014973
3444.000000  -0.016016
3487.000000  -0.009086
3521.000000  -0.016284
3553.000000  0.079479
3572.000000  -0.054726
3572.000000  -0.039444
3605.000000  0.021512
3638.000000  -0.015641
3672.000000  0.002177
3718.000000  0.027312
3759.000000  -0.009128
3808.000000  -0.006199
3810.000000  -0.042919
3841.000000  0.033838
3841.000000  -0.042592
3867.000000  0.026123
3905.000000  0.016529
3933.000000  -0.011129
3946.000000  -0.029881
3963.000000  -0.001913
3993.000000  0.018731
4031.000000  -0.007125
4067.000000  -0.002458
4094.000000  -0.002361
4124.000000  0.002423
4147.000000  0.002031
4172.000000  -0.000534
4193.000000  0.011519
4216.000000  0.009256
4231.000000  0.000973
4272.000000  0.023386
4318.000000  -0.012513
4354.000000  0.053840
4373.000000  -0.013262
4403.000000  -0.013850
4428.000000  -0.003150
4475.000000  0.011604
4525.000000  0.007379
4552.000000  -0.016279
4600.000000  0.020129
4638.000000  -0.039239
4673.000000  0.016506
4692.000000  0.008407
4726.000000  -0.000285
4750.000000  -0.029182
4800.000000  0.006233
4862.000000  0.004951
4906.000000  0.010556
4945.000000  0.000497
5000.000000  0.016194
5046.000000  -0.004544
5083.000000  -0.003881
5118.000000  -0.012938
5169.000000  0.006820
5231.000000  -0.013366
5288.000000  0.022633
5307.000000  -0.026896
5352.000000  0.015671
5373.000000  -0.026978
5407.000000  0.034430
5449.000000  0.019599
5496.000000  -0.010501
5537.000000  -0.015749
5537.000000  -0.053445
5552.000000  0.014507
5586.000000  0.057094
5614.000000  -0.000999
5655.000000  0.023098
5694.000000  0.021031
5722.000000  -0.001520
5742.000000  -0.067784
5765.000000  -0.009552
5794.000000  -0.000679
5838.000000  0.015806
5865.000000  0.000077
5896.000000  0.004054
5919.000000  -0.024545
5939.000000  -0.000263
5974.000000  0.009075
5992.000000  0.011674
6011.000000  -0.002657
6028.000000  -0.006570
6061.000000  -0.003340
6094.000000  0.005199
6140.000000  0.015950
6182.000000  -0.003402
6234.000000  0.006418
6312.000000  0.001716
6367.000000  -0.001518
6421.000000  -0.000472
6447.000000  -0.011890
6481.000000  -0.007573
6529.000000  0.006428
6530.000000  -0.031948
6582.000000  0.059301
6632.000000  -0.000062
6682.000000  -0.005342
6713.000000  0.001905
6759.000000  -0.008307
6798.000000  0.021649
6852.000000  -0.020690
6900.000000  0.013587
6921.000000  -0.021224
6953.000000  0.009762
6983.000000  0.022712
7023.000000  -0.012870
7067.000000  0.013387
7118.000000  -0.000216
7143.000000  0.016101
7180.000000  -0.022345
7187.000000  -0.020956
7220.000000  0.033083
7265.000000  0.001349
7307.000000  -0.004925
7346.000000  0.009134
7390.000000  -0.014024
7426.000000  0.019631
7457.000000  0.007288
7509.000000  -0.014610
7543.000000  0.003970
7564.000000  -0.076562
7583.000000  -0.007505
7614.000000  0.005494
7614.000000  -0.007729
7639.000000  0.007937
7665.000000  0.000807
7679.000000  -0.011979
7708.000000  0.101231
7720.000000  -0.093220
7751.000000  0.146703
7785.000000  -0.016059
7816.000000  -0.101389
7858.000000  0.000093
7899.000000  0.132599
7928.000000  -0.032019
7972.000000  -0.032331
8010.000000  0.016433
8071.000000  0.015245
8120.000000  0.028615
8149.000000  -0.026902
8159.000000  0.013744
8181.000000  0.063942
8202.000000  -0.194936
8229.000000  0.011727
8259.000000  -0.003724
8279.000000  0.009974
8304.000000  -0.014013
8329.000000  0.006872
8349.000000  0.008252
8387.000000  0.001404
8428.000000  0.034025
8466.000000  0.065745
8499.000000  0.050387
8509.000000  -0.180539
8543.000000  0.015383
8569.000000  -0.011682
8603.000000  0.006057
8635.000000  0.000984
8660.000000  0.006556
8687.000000  0.000797
8722.000000  0.009537
8755.000000  -0.029073
8761.000000  0.000398
8792.000000  0.007328
8812.000000  0.007116
8839.000000  0.000870
8870.000000  0.003201
8906.000000  0.005764
8939.000000  0.114223
8993.000000  -0.101731
9028.000000  -0.022753
9036.000000  -0.018354
9060.000000  0.020444
9090.000000  0.004776
9103.000000  -0.011716
9115.000000  -0.002684
9126.000000  0.030718
9136.000000  -0.004220
9144.000000  -0.019278
9182.000000  0.029954
9211.000000  -0.014275
9233.000000  0.013198
9260.000000  0.008808
9286.000000  -0.000624
9299.000000  -0.026335
9316.000000  0.054874
9343.000000  -0.000843
9392.000000  0.016721
9430.000000  -0.033396
9439.000000  -0.024659
9456.000000  0.013546
9486.000000  0.030181
9490.000000  -0.070925
9537.000000  0.099346
9571.000000  -0.049196
9602.000000  -0.002972
9645.000000  -0.015237
9648.000000  -0.040601
9680.000000  0.019465
9702.000000  0.039910
9725.000000  -0.005659
9751.000000  0.046410
9799.000000  0.025080
9836.000000  0.003295
9858.000000  0.004842
9870.000000  -0.041659
9902.000000  -0.027031
9904.000000  -0.064814
9937.000000  0.062982
9977.000000  -0.003463
10009.000000  -0.011661
10017.000000  0.001085
10023.000000  -0.051274
10025.000000  -0.005659
10025.000000  0.049156
10025.000000  -0.025860
10036.000000  -0.016968
10040.000000  0.006202
10042.000000  -0.003195
10071.000000  -0.000276
10093.000000  0.012920
10116.000000  -0.003751
10149.000000  0.018047
10173.000000  -0.008764
10202.000000  0.002267
10224.000000  -0.000397
10237.000000  -0.008727
10273.000000  0.010628
10280.000000  -0.012438
10281.000000  -0.006032
10284.000000  -0.006531
10291.000000  0.007436
10307.000000  0.026129
10323.000000  -0.018090
10343.000000  0.010913
10355.000000  0.019631
10375.000000  -0.017456
10382.000000  -0.009564
