269.000000  73.745216
320.000000  74.800751
351.000000  59.957283
378.000000  61.102921
425.000000  77.592667
435.000000  62.730522
483.000000  81.560150
538.000000  79.656372
578.000000  71.416458
622.000000  79.478867
670.000000  78.864166
716.000000  78.616318
749.000000  66.855110
793.000000  70.371216
852.000000  72.053162
910.000000  68.743462
967.000000  69.385735
1011.000000  68.934982
1063.000000  70.822487
1127.000000  70.450119
1161.000000  57.012169
1208.000000  66.266487
1236.000000  74.123215
1286.000000  66.864296
1314.000000  65.564117
1335.000000  57.921814
1358.000000  55.395210
1406.000000  68.818665
1441.000000  72.599434
1491.000000  71.915230
1517.000000  64.583481
1572.000000  71.070770
1614.000000  77.683052
1631.000000  59.136116
1682.000000  71.283546
1716.000000  61.099052
1764.000000  68.783203
1808.000000  69.150467
1808.000000  0.410797
1855.000000  68.326149
1862.000000  35.795181
1909.000000  56.377010
1953.000000  57.887363
1983.000000  57.889282
2023.000000  59.582413
2074.000000  61.585796
2129.000000  53.732616
2159.000000  48.237083
2204.000000  61.809422
2248.000000  52.375233
2268.000000  47.475079
2299.000000  49.199379
2344.000000  54.552883
2344.000000  0.213255
2386.000000  43.519028
2423.000000  52.272915
2454.000000  43.089264
2505.000000  59.540939
2533.000000  50.685493
2569.000000  48.419373
2601.000000  48.544041
2617.000000  46.488571
2641.000000  43.623756
2670.000000  48.594501
2715.000000  52.292038
2752.000000  46.003803
2812.000000  56.017841
2848.000000  46.839211
2887.000000  49.356579
2933.000000  49.174881
3001.000000  50.320255
3004.000000  10.736671
3057.000000  55.876793
3057.000000  0.160145
3112.000000  53.490143
3150.000000  56.239140
3180.000000  47.339664
3232.000000  49.440910
3260.000000  21.483082
3285.000000  36.626373
3305.000000  34.096889
3330.000000  31.097376
3346.000000  20.899673
3372.000000  27.648619
3403.000000  29.832354
3444.000000  41.128048
3487.000000  41.805836
3521.000000  29.109489
3553.000000  32.887051
3572.000000  26.984203
3572.000000  0.084183
3605.000000  37.565536
3638.000000  52.101624
3672.000000  49.938946
3718.000000  50.837677
3759.000000  58.071621
3808.000000  56.353497
3810.000000  2.984787
3841.000000  51.460068
3841.000000  0.152458
3867.000000  41.097416
3905.000000  50.920635
3933.000000  44.314491
3946.000000  13.177578
3963.000000  11.952528
3993.000000  14.327007
4031.000000  23.255928
4067.000000  24.687710
4094.000000  21.379349
4124.000000  22.839718
4147.000000  19.983795
4172.000000  22.775541
4193.000000  22.181301
4216.000000  37.558208
4231.000000  38.080673
4272.000000  41.399925
4318.000000  45.855392
4354.000000  33.821045
4373.000000  23.434353
4403.000000  26.592031
4428.000000  20.189444
4475.000000  37.935291
4525.000000  38.243488
4552.000000  41.276833
4600.000000  45.177074
4638.000000  47.192802
4673.000000  31.736055
4692.000000  21.734472
4726.000000  30.036016
4750.000000  37.018661
4800.000000  45.666061
4862.000000  48.141407
4906.000000  51.505096
4945.000000  51.231617
5000.000000  52.032314
5046.000000  56.438766
5083.000000  53.819378
5118.000000  49.559357
5169.000000  47.442425
5231.000000  47.875481
5288.000000  54.939884
5307.000000  41.744949
5352.000000  47.336727
5373.000000  33.779221
5407.000000  43.213642
5449.000000  57.547825
5496.000000  53.771938
5537.000000  50.144619
5537.000000  0.889667
5552.000000  22.987684
5586.000000  48.569305
5614.000000  55.354477
5655.000000  62.355293
5694.000000  64.844986
5722.000000  66.447212
5742.000000  48.128056
5765.000000  42.672661
5794.000000  33.476685
5838.000000  40.139297
5865.000000  40.336716
5896.000000  38.930176
5919.000000  36.758659
5939.000000  35.386120
5974.000000  40.707802
5992.000000  48.366047
6011.000000  46.659828
6028.000000  40.525455
6061.000000  40.324375
6094.000000  42.520447
6140.000000  47.702885
6182.000000  47.187912
6234.000000  47.812332
6312.000000  49.714027
6367.000000  46.426899
6421.000000  42.102108
6447.000000  34.585709
6481.000000  36.618683
6529.000000  42.358715
6530.000000  0.808879
6582.000000  35.598297
6632.000000  41.103081
6682.000000  47.028301
6713.000000  35.903961
6759.000000  45.282127
6798.000000  38.348148
6852.000000  45.257298
6900.000000  47.970356
6921.000000  39.118797
6953.000000  47.836704
6983.000000  52.999901
7023.000000  50.853752
7067.000000  50.135334
7118.000000  48.497658
7143.000000  47.094570
7180.000000  51.428032
7187.000000  36.718445
7220.000000  55.816669
7265.000000  56.204243
7307.000000  53.644623
7346.000000  56.442513
7390.000000  53.548962
7426.000000  54.932529
7457.000000  55.500134
7509.000000  56.019669
7543.000000  58.327461
7564.000000  19.022495
7583.000000  14.067203
7614.000000  21.463848
7614.000000  0.063438
7639.000000  19.079767
7665.000000  23.441412
7679.000000  12.130914
7708.000000  54.996555
7720.000000  14.361151
7751.000000  66.062698
7785.000000  58.997887
7816.000000  29.249069
7858.000000  33.962944
7899.000000  69.797363
7928.000000  65.134514
7972.000000  59.442551
8010.000000  61.700867
8071.000000  64.500862
8120.000000  64.621147
8149.000000  64.228615
8159.000000  65.480019
8181.000000  67.194435
8202.000000  27.830427
8229.000000  33.308891
8259.000000  24.839523
8279.000000  35.059795
8304.000000  28.642529
8329.000000  24.606340
8349.000000  34.020008
8387.000000  34.999363
8428.000000  50.333012
8466.000000  64.292786
8499.000000  64.898827
8509.000000  13.276477
8543.000000  26.289072
8569.000000  20.326563
8603.000000  23.233664
8635.000000  20.964886
8660.000000  18.146870
8687.000000  23.319344
8722.000000  32.730919
8755.000000  15.429476
8761.000000  2.146411
8792.000000  20.864319
8812.000000  19.401321
8839.000000  26.502380
8870.000000  20.297409
8906.000000  31.968679
8939.000000  59.351410
8993.000000  35.917439
9028.000000  21.239939
9036.000000  5.373996
9060.000000  24.036339
9090.000000  20.482645
9103.000000  11.367640
9115.000000  18.318354
9126.000000  33.339901
9136.000000  34.822495
9144.000000  21.023312
9182.000000  35.990990
9211.000000  26.397118
9233.000000  32.011803
9260.000000  42.255886
9286.000000  39.890133
9299.000000  26.155516
9316.000000  50.453728
9343.000000  48.800701
9392.000000  50.805496
9430.000000  37.557323
9439.000000  25.286755
9456.000000  40.740318
9486.000000  45.790195
9490.000000  14.716484
9537.000000  47.206059
9571.000000  38.944359
9602.000000  41.179760
9645.000000  25.304737
9648.000000  6.135058
9680.000000  24.819330
9702.000000  37.650551
9725.000000  41.894691
9751.000000  47.534950
9799.000000  57.125126
9836.000000  61.278278
9858.000000  60.602951
9870.000000  52.240242
9902.000000  39.074413
9904.000000  5.781246
9937.000000  38.273006
9977.000000  42.599621
10009.000000  36.059345
10017.000000  31.100151
10023.000000  4.584691
10025.000000  0.397011
10025.000000  0.008842
10025.000000  0.004064
10036.000000  6.797780
10040.000000  3.723854
10042.000000  5.041041
10071.000000  9.145267
10093.000000  8.295126
10116.000000  14.023350
10149.000000  24.713293
10173.000000  13.132751
10202.000000  22.078461
10224.000000  20.141649
10237.000000  15.927790
10273.000000  18.101482
10280.000000  8.188180
10281.000000  2.848715
10284.000000  0.646281
10291.000000  4.762439
10307.000000  14.700222
10323.000000  12.107709
10343.000000  21.856432
10355.000000  29.555277
10375.000000  18.337202
10382.000000  17.658934
