269.000000  0.003669
320.000000  0.003111
351.000000  0.003401
378.000000  0.003062
425.000000  0.004106
435.000000  0.003300
483.000000  0.003341
538.000000  0.003326
578.000000  0.003652
622.000000  0.003675
670.000000  0.004441
716.000000  0.003635
749.000000  0.004437
793.000000  0.005429
852.000000  0.003974
910.000000  0.005151
967.000000  0.004407
1011.000000  0.004238
1063.000000  0.004220
1127.000000  0.004533
1161.000000  0.004611
1208.000000  0.004571
1236.000000  0.007130
1286.000000  0.004135
1314.000000  0.004272
1335.000000  0.004727
1358.000000  0.004555
1406.000000  0.004956
1441.000000  0.004210
1491.000000  0.004178
1517.000000  0.005509
1572.000000  0.004537
1614.000000  0.005121
1631.000000  0.004497
1682.000000  0.005021
1716.000000  0.005023
1764.000000  0.005703
1808.000000  0.004805
1808.000000  0.004963
1855.000000  0.006763
1862.000000  0.005779
1909.000000  0.005784
1953.000000  0.005642
1983.000000  0.004842
2023.000000  0.005048
2074.000000  0.005842
2129.000000  0.005824
2159.000000  0.006057
2204.000000  0.005582
2248.000000  0.007124
2268.000000  0.005945
2299.000000  0.008464
2344.000000  0.009163
2344.000000  0.011092
2386.000000  0.009440
2423.000000  0.012963
2454.000000  0.012538
2505.000000  0.010398
2533.000000  0.007092
2569.000000  0.006201
2601.000000  0.017378
2617.000000  0.008520
2641.000000  0.011795
2670.000000  0.011550
2715.000000  0.011675
2752.000000  0.013092
2812.000000  0.014483
2848.000000  0.018550
2887.000000  0.008762
2933.000000  0.013453
3001.000000  0.017051
3004.000000  0.022355
3057.000000  0.024983
3057.000000  0.025054
3112.000000  0.029940
3150.000000  0.008116
3180.000000  0.017874
3232.000000  0.015326
3260.000000  0.046342
3285.000000  0.019861
3305.000000  0.040512
3330.000000  0.039567
3346.000000  0.076016
3372.000000  0.056925
3403.000000  0.065386
3444.000000  0.038839
3487.000000  0.032121
3521.000000  0.036096
3553.000000  0.083009
3572.000000  0.050400
3572.000000  0.049920
3605.000000  0.031475
3638.000000  0.008530
3672.000000  0.010844
3718.000000  0.010864
3759.000000  0.008549
3808.000000  0.008729
3810.000000  0.010894
3841.000000  0.008631
3841.000000  0.010952
3867.000000  0.010421
3905.000000  0.008336
3933.000000  0.009565
3946.000000  0.008588
3963.000000  0.008495
3993.000000  0.010606
4031.000000  0.009963
4067.000000  0.008602
4094.000000  0.008679
4124.000000  0.008616
4147.000000  0.011592
4172.000000  0.009959
4193.000000  0.009471
4216.000000  0.009455
4231.000000  0.013241
4272.000000  0.022220
4318.000000  0.010846
4354.000000  0.057513
4373.000000  0.062771
4403.000000  0.048322
4428.000000  0.053338
4475.000000  0.038488
4525.000000  0.043154
4552.000000  0.027261
4600.000000  0.033524
4638.000000  0.009514
4673.000000  0.009220
4692.000000  0.040709
4726.000000  0.045164
4750.000000  0.009056
4800.000000  0.010333
4862.000000  0.010828
4906.000000  0.012328
4945.000000  0.013337
5000.000000  0.018798
5046.000000  0.011174
5083.000000  0.011801
5118.000000  0.010827
5169.000000  0.016117
5231.000000  0.008576
5288.000000  0.009649
5307.000000  0.009045
5352.000000  0.010465
5373.000000  0.010683
5407.000000  0.018694
5449.000000  0.010882
5496.000000  0.011706
5537.000000  0.009324
5537.000000  0.009580
5552.000000  0.011933
5586.000000  0.010863
5614.000000  0.010009
5655.000000  0.007258
5694.000000  0.010739
5722.000000  0.007653
5742.000000  0.006656
5765.000000  0.006750
5794.000000  0.015349
5838.000000  0.013826
5865.000000  0.008307
5896.000000  0.021091
5919.000000  0.007573
5939.000000  0.008567
5974.000000  0.009375
5992.000000  0.007103
6011.000000  0.008777
6028.000000  0.008890
6061.000000  0.008618
6094.000000  0.007394
6140.000000  0.009300
6182.000000  0.008635
6234.000000  0.010930
6312.000000  0.008929
6367.000000  0.011501
6421.000000  0.008930
6447.000000  0.016563
6481.000000  0.012364
6529.000000  0.008298
6530.000000  0.009455
6582.000000  0.030792
6632.000000  0.019899
6682.000000  0.011574
6713.000000  0.026381
6759.000000  0.010673
6798.000000  0.032152
6852.000000  0.009482
6900.000000  0.007542
6921.000000  0.013480
6953.000000  0.007333
6983.000000  0.006676
7023.000000  0.007045
7067.000000  0.006116
7118.000000  0.007257
7143.000000  0.006507
7180.000000  0.007817
7187.000000  0.006648
7220.000000  0.006635
7265.000000  0.005943
7307.000000  0.006924
7346.000000  0.006401
7390.000000  0.006730
7426.000000  0.006509
7457.000000  0.005423
7509.000000  0.006881
7543.000000  0.005313
7564.000000  0.006340
7583.000000  0.006096
7614.000000  0.006058
7614.000000  0.006157
7639.000000  0.005678
7665.000000  0.005169
7679.000000  0.005258
7708.000000  0.005127
7720.000000  0.006908
7751.000000  0.010899
7785.000000  0.005095
7816.000000  0.006230
7858.000000  0.005126
7899.000000  0.005046
7928.000000  0.004963
7972.000000  0.004658
8010.000000  0.005717
8071.000000  0.005075
8120.000000  0.005504
8149.000000  0.006733
8159.000000  0.006596
8181.000000  0.021955
8202.000000  0.004913
8229.000000  0.004698
8259.000000  0.004877
8279.000000  0.004680
8304.000000  0.004905
8329.000000  0.006098
8349.000000  0.005357
8387.000000  0.005775
8428.000000  0.005000
8466.000000  0.004660
8499.000000  0.005290
8509.000000  0.006580
8543.000000  0.005475
8569.000000  0.005184
8603.000000  0.004970
8635.000000  0.005638
8660.000000  0.006794
8687.000000  0.005245
8722.000000  0.005593
8755.000000  0.004692
8761.000000  0.005744
8792.000000  0.005327
8812.000000  0.004661
8839.000000  0.004765
8870.000000  0.005403
8906.000000  0.005006
8939.000000  0.005762
8993.000000  0.005193
9028.000000  0.005996
9036.000000  0.004727
9060.000000  0.005672
9090.000000  0.004626
9103.000000  0.005331
9115.000000  0.005058
9126.000000  0.004549
9136.000000  0.005584
9144.000000  0.005217
9182.000000  0.004703
9211.000000  0.005326
9233.000000  0.004753
9260.000000  0.005332
9286.000000  0.005846
9299.000000  0.004791
9316.000000  0.004693
9343.000000  0.006222
9392.000000  0.005008
9430.000000  0.005098
9439.000000  0.006237
9456.000000  0.005018
9486.000000  0.006557
9490.000000  0.005952
9537.000000  0.004987
9571.000000  0.006528
9602.000000  0.005041
9645.000000  0.005515
9648.000000  0.004935
9680.000000  0.004941
9702.000000  0.005709
9725.000000  0.004708
9751.000000  0.006610
9799.000000  0.004155
9836.000000  0.003933
9858.000000  0.003637
9870.000000  0.003960
9902.000000  0.003714
9904.000000  0.003458
9937.000000  0.004020
9977.000000  0.003802
10009.000000  0.003935
10017.000000  0.003232
10023.000000  0.003279
10025.000000  0.003118
10025.000000  0.003223
10025.000000  0.003434
10036.000000  0.003171
10040.000000  0.003052
10042.000000  0.003381
10071.000000  0.003088
10093.000000  0.003232
10116.000000  0.003782
10149.000000  0.006649
10173.000000  0.003290
10202.000000  0.003134
10224.000000  0.003476
10237.000000  0.003698
10273.000000  0.003073
10280.000000  0.003036
10281.000000  0.003099
10284.000000  0.003442
10291.000000  0.003703
10307.000000  0.004097
10323.000000  0.002934
10343.000000  0.003564
10355.000000  0.002934
10375.000000  0.002862
10382.000000  0.002811
