269.000000  0.003669
320.000000  -0.000558
351.000000  0.000290
378.000000  -0.000340
425.000000  0.001044
435.000000  -0.000806
483.000000  0.000041
538.000000  -0.000016
578.000000  0.000326
622.000000  0.000023
670.000000  0.000766
716.000000  -0.000807
749.000000  0.000802
793.000000  0.000992
852.000000  -0.001455
910.000000  0.001177
967.000000  -0.000744
1011.000000  -0.000168
1063.000000  -0.000019
1127.000000  0.000313
1161.000000  0.000078
1208.000000  -0.000040
1236.000000  0.002559
1286.000000  -0.002995
1314.000000  0.000137
1335.000000  0.000455
1358.000000  -0.000172
1406.000000  0.000401
1441.000000  -0.000746
1491.000000  -0.000032
1517.000000  0.001331
1572.000000  -0.000971
1614.000000  0.000584
1631.000000  -0.000624
1682.000000  0.000524
1716.000000  0.000002
1764.000000  0.000679
1808.000000  -0.000898
1808.000000  0.000158
1855.000000  0.001800
1862.000000  -0.000984
1909.000000  0.000006
1953.000000  -0.000143
1983.000000  -0.000799
2023.000000  0.000206
2074.000000  0.000794
2129.000000  -0.000018
2159.000000  0.000233
2204.000000  -0.000475
2248.000000  0.001542
2268.000000  -0.001179
2299.000000  0.002519
2344.000000  0.000699
2344.000000  0.001929
2386.000000  -0.001652
2423.000000  0.003523
2454.000000  -0.000425
2505.000000  -0.002140
2533.000000  -0.003306
2569.000000  -0.000890
2601.000000  0.011176
2617.000000  -0.008858
2641.000000  0.003275
2670.000000  -0.000245
2715.000000  0.000125
2752.000000  0.001417
2812.000000  0.001391
2848.000000  0.004067
2887.000000  -0.009788
2933.000000  0.004690
3001.000000  0.003598
3004.000000  0.005304
3057.000000  0.002628
3057.000000  0.000070
3112.000000  0.004886
3150.000000  -0.021824
3180.000000  0.009759
3232.000000  -0.002548
3260.000000  0.031015
3285.000000  -0.026481
3305.000000  0.020651
3330.000000  -0.000945
3346.000000  0.036449
3372.000000  -0.019091
3403.000000  0.008462
3444.000000  -0.026548
3487.000000  -0.006718
3521.000000  0.003975
3553.000000  0.046913
3572.000000  -0.032609
3572.000000  -0.000480
3605.000000  -0.018446
3638.000000  -0.022945
3672.000000  0.002314
3718.000000  0.000019
3759.000000  -0.002315
3808.000000  0.000180
3810.000000  0.002165
3841.000000  -0.002264
3841.000000  0.002322
3867.000000  -0.000532
3905.000000  -0.002085
3933.000000  0.001229
3946.000000  -0.000976
3963.000000  -0.000094
3993.000000  0.002111
4031.000000  -0.000643
4067.000000  -0.001361
4094.000000  0.000077
4124.000000  -0.000063
4147.000000  0.002976
4172.000000  -0.001633
4193.000000  -0.000488
4216.000000  -0.000016
4231.000000  0.003786
4272.000000  0.008979
4318.000000  -0.011374
4354.000000  0.046667
4373.000000  0.005258
4403.000000  -0.014450
4428.000000  0.005016
4475.000000  -0.014850
4525.000000  0.004666
4552.000000  -0.015893
4600.000000  0.006263
4638.000000  -0.024010
4673.000000  -0.000294
4692.000000  0.031489
4726.000000  0.004455
4750.000000  -0.036108
4800.000000  0.001277
4862.000000  0.000495
4906.000000  0.001501
4945.000000  0.001008
5000.000000  0.005462
5046.000000  -0.007624
5083.000000  0.000627
5118.000000  -0.000973
5169.000000  0.005290
5231.000000  -0.007542
5288.000000  0.001074
5307.000000  -0.000605
5352.000000  0.001421
5373.000000  0.000217
5407.000000  0.008011
5449.000000  -0.007812
5496.000000  0.000824
5537.000000  -0.002382
5537.000000  0.000257
5552.000000  0.002352
5586.000000  -0.001069
5614.000000  -0.000855
5655.000000  -0.002751
5694.000000  0.003481
5722.000000  -0.003086
5742.000000  -0.000997
5765.000000  0.000094
5794.000000  0.008599
5838.000000  -0.001524
5865.000000  -0.005519
5896.000000  0.012784
5919.000000  -0.013518
5939.000000  0.000994
5974.000000  0.000808
5992.000000  -0.002272
6011.000000  0.001674
6028.000000  0.000113
6061.000000  -0.000272
6094.000000  -0.001224
6140.000000  0.001905
6182.000000  -0.000664
6234.000000  0.002295
6312.000000  -0.002001
6367.000000  0.002572
6421.000000  -0.002570
6447.000000  0.007633
6481.000000  -0.004199
6529.000000  -0.004066
6530.000000  0.001158
6582.000000  0.021337
6632.000000  -0.010893
6682.000000  -0.008324
6713.000000  0.014807
6759.000000  -0.015709
6798.000000  0.021479
6852.000000  -0.022669
6900.000000  -0.001941
6921.000000  0.005938
6953.000000  -0.006147
6983.000000  -0.000657
7023.000000  0.000369
7067.000000  -0.000929
7118.000000  0.001142
7143.000000  -0.000750
7180.000000  0.001309
7187.000000  -0.001168
7220.000000  -0.000013
7265.000000  -0.000692
7307.000000  0.000981
7346.000000  -0.000523
7390.000000  0.000329
7426.000000  -0.000221
7457.000000  -0.001086
7509.000000  0.001458
7543.000000  -0.001568
7564.000000  0.001027
7583.000000  -0.000244
7614.000000  -0.000039
7614.000000  0.000100
7639.000000  -0.000480
7665.000000  -0.000509
7679.000000  0.000089
7708.000000  -0.000131
7720.000000  0.001780
7751.000000  0.003991
7785.000000  -0.005805
7816.000000  0.001136
7858.000000  -0.001104
7899.000000  -0.000080
7928.000000  -0.000083
7972.000000  -0.000306
8010.000000  0.001059
8071.000000  -0.000642
8120.000000  0.000429
8149.000000  0.001230
8159.000000  -0.000138
8181.000000  0.015360
8202.000000  -0.017043
8229.000000  -0.000215
8259.000000  0.000179
8279.000000  -0.000197
8304.000000  0.000225
8329.000000  0.001193
8349.000000  -0.000741
8387.000000  0.000418
8428.000000  -0.000774
8466.000000  -0.000340
8499.000000  0.000630
8509.000000  0.001290
8543.000000  -0.001105
8569.000000  -0.000291
8603.000000  -0.000214
8635.000000  0.000668
8660.000000  0.001156
8687.000000  -0.001549
8722.000000  0.000347
8755.000000  -0.000901
8761.000000  0.001052
8792.000000  -0.000417
8812.000000  -0.000665
8839.000000  0.000104
8870.000000  0.000637
8906.000000  -0.000397
8939.000000  0.000756
8993.000000  -0.000570
9028.000000  0.000804
9036.000000  -0.001270
9060.000000  0.000946
9090.000000  -0.001046
9103.000000  0.000705
9115.000000  -0.000273
9126.000000  -0.000509
9136.000000  0.001035
9144.000000  -0.000367
9182.000000  -0.000514
9211.000000  0.000623
9233.000000  -0.000573
9260.000000  0.000579
9286.000000  0.000514
9299.000000  -0.001055
9316.000000  -0.000098
9343.000000  0.001529
9392.000000  -0.001213
9430.000000  0.000090
9439.000000  0.001138
9456.000000  -0.001219
9486.000000  0.001539
9490.000000  -0.000605
9537.000000  -0.000965
9571.000000  0.001542
9602.000000  -0.001487
9645.000000  0.000474
9648.000000  -0.000580
9680.000000  0.000006
9702.000000  0.000768
9725.000000  -0.001001
9751.000000  0.001902
9799.000000  -0.002455
9836.000000  -0.000223
9858.000000  -0.000295
9870.000000  0.000322
9902.000000  -0.000246
9904.000000  -0.000256
9937.000000  0.000562
9977.000000  -0.000217
10009.000000  0.000133
10017.000000  -0.000703
10023.000000  0.000047
10025.000000  -0.000161
10025.000000  0.000106
10025.000000  0.000210
10036.000000  -0.000263
10040.000000  -0.000119
10042.000000  0.000329
10071.000000  -0.000293
10093.000000  0.000144
10116.000000  0.000550
10149.000000  0.002866
10173.000000  -0.003359
10202.000000  -0.000156
10224.000000  0.000342
10237.000000  0.000221
10273.000000  -0.000625
10280.000000  -0.000037
10281.000000  0.000063
10284.000000  0.000343
10291.000000  0.000261
10307.000000  0.000394
10323.000000  -0.001163
10343.000000  0.000630
10355.000000  -0.000630
10375.000000  -0.000072
10382.000000  -0.000051
