995.000000  8.596570
1472.000000  -6.935571
1827.000000  -0.501225
2131.000000  0.039300
2375.000000  -0.121500
2610.000000  -0.113724
2803.000000  0.134903
2983.000000  -0.039529
3185.000000  -0.186000
3390.000000  -0.096818
3679.000000  0.340712
3893.000000  -0.218775
4075.000000  0.090724
4242.000000  0.121702
4405.000000  0.111023
4588.000000  -0.115015
4718.000000  0.099201
4809.000000  -0.278346
4974.000000  0.083986
5091.000000  0.191942
5324.000000  0.032453
5433.000000  -0.624239
5525.000000  -0.077135
5602.000000  -0.022123
5738.000000  0.630131
5934.000000  -0.433367
6120.000000  -0.055466
6320.000000  0.092433
6557.000000  -0.244054
6742.000000  1.207521
6987.000000  -1.317413
7176.000000  1.049141
7378.000000  -0.952597
7577.000000  0.071953
7711.000000  0.923001
7854.000000  -0.528541
7998.000000  0.329364
8149.000000  0.049516
8278.000000  -0.155647
8388.000000  0.008864
8564.000000  0.211313
8850.000000  0.146493
9108.000000  0.317241
9284.000000  -0.044812
9446.000000  0.000989
9584.000000  -0.264986
9718.000000  0.067292
9850.000000  0.088830
10056.000000  0.130693
10259.000000  -0.010498
10509.000000  0.050513
10743.000000  -0.291481
10950.000000  -0.238927
11184.000000  0.202603
11421.000000  -0.021051
11619.000000  0.029943
11903.000000  -0.063211
12192.000000  -0.519953
12425.000000  0.332407
12701.000000  0.068540
13038.000000  0.250277
13410.000000  -0.560834
13718.000000  0.281361
14077.000000  0.182114
14419.000000  -0.036007
14641.000000  -0.083007
14890.000000  -0.878156
15206.000000  0.438952
15636.000000  0.382833
16073.000000  0.068848
16406.000000  -0.041168
16735.000000  -0.022179
16958.000000  -0.214132
17229.000000  0.075405
17482.000000  0.035539
17672.000000  -0.084409
17862.000000  0.001821
18074.000000  -0.002977
18251.000000  -0.096243
18454.000000  0.070619
18734.000000  -0.314983
18982.000000  -0.247313
19299.000000  0.223048
19678.000000  -0.122426
19994.000000  0.318194
20357.000000  0.280530
20648.000000  0.065337
20988.000000  -0.328056
21324.000000  0.281633
21711.000000  -0.609941
21967.000000  0.000945
22258.000000  0.267493
22487.000000  -0.196034
22667.000000  -0.109566
22869.000000  0.103216
23075.000000  -0.103839
23240.000000  0.401045
23408.000000  -0.124554
23504.000000  -0.520474
23524.000000  0.032367
23627.000000  -0.034142
23749.000000  0.024405
23950.000000  0.239353
24079.000000  -0.004928
24147.000000  -0.207732
24398.000000  0.444771
24612.000000  -0.093844
24812.000000  0.083154
24973.000000  -0.069790
25136.000000  -0.211883
25236.000000  -0.046999
25367.000000  0.035328
25421.000000  -0.056395
25522.000000  0.084479
25715.000000  -0.144268
25845.000000  0.018900
25946.000000  -0.013057
26050.000000  -0.033158
26206.000000  -0.041037
26397.000000  0.150128
26543.000000  -0.048563
26701.000000  -0.037514
26879.000000  -0.003282
27083.000000  0.020229
27290.000000  0.010030
27532.000000  -0.063299
27765.000000  0.134077
28000.000000  -0.059845
28266.000000  0.192995
28408.000000  -0.310430
28572.000000  0.019059
28639.000000  0.037454
28806.000000  0.087272
28913.000000  -0.049907
29024.000000  -0.034263
29114.000000  -0.022244
29199.000000  -0.001156
29333.000000  0.118594
29503.000000  0.070828
29750.000000  -0.011139
29960.000000  -0.022445
30187.000000  0.046443
30447.000000  0.116845
30654.000000  -0.113200
30877.000000  -0.037786
31067.000000  -0.060431
31368.000000  0.028434
31685.000000  0.081391
31867.000000  0.040777
32020.000000  -0.042677
32205.000000  0.144554
32347.000000  -0.109791
32436.000000  0.065166
32564.000000  0.000789
32673.000000  -0.020250
32883.000000  0.172304
33038.000000  -0.043007
33138.000000  -0.023654
33290.000000  -0.183527
33499.000000  0.036371
33688.000000  -0.036210
33862.000000  0.073964
34076.000000  -0.035302
34211.000000  -0.014976
34396.000000  -0.171986
34580.000000  0.139867
34757.000000  0.064551
34912.000000  -0.145623
35074.000000  -0.011706
35182.000000  -0.068526
35213.000000  -0.074047
35417.000000  0.100388
35526.000000  0.070528
35616.000000  -0.122929
35726.000000  -0.001454
35777.000000  0.057829
35827.000000  0.014827
35860.000000  -0.127356
35862.000000  0.011562
35909.000000  0.064774
35970.000000  -0.014456
35992.000000  -0.059370
36108.000000  0.018837
36218.000000  -0.014669
36323.000000  0.030276
36449.000000  0.024247
36591.000000  0.013383
36726.000000  -0.034748
36876.000000  0.079177
37057.000000  0.016413
37200.000000  0.004223
37301.000000  -0.108466
37436.000000  0.026844
37552.000000  0.146922
37639.000000  0.049142
37704.000000  -0.056033
37711.000000  -0.148824
37777.000000  0.167407
37873.000000  -0.005433
37989.000000  0.023298
38071.000000  -0.080499
38203.000000  0.049768
38358.000000  -0.129741
38531.000000  0.057225
38654.000000  -0.047633
38689.000000  -0.020283
38886.000000  0.066457
39070.000000  0.046619
39205.000000  -0.065939
39216.000000  -0.106278
39315.000000  0.052749
39411.000000  0.012885
39504.000000  0.009666
39624.000000  0.060276
39673.000000  -0.134360
39703.000000  0.029382
39705.000000  -0.045444
39777.000000  0.125413
39847.000000  0.050888
39890.000000  -0.059378
39914.000000  -0.018634
39970.000000  -0.096424
40083.000000  0.013512
40165.000000  -0.015160
40326.000000  0.056300
40381.000000  0.004057
40477.000000  0.002704
40613.000000  0.147947
40708.000000  -0.049971
40804.000000  -0.051210
40821.000000  -0.058040
