4067.000000  95.540558
6259.000000  90.798363
8690.000000  89.172050
12143.000000  87.408394
14547.000000  88.872231
16632.000000  88.653328
17647.000000  87.518799
19285.000000  89.011093
20472.000000  83.241966
20960.000000  82.301781
22367.000000  84.656052
23089.000000  83.490288
23814.000000  59.770435
24345.000000  80.023125
26936.000000  80.869934
29680.000000  81.805260
31687.000000  73.880623
32436.000000  21.529890
33041.000000  46.599056
33950.000000  67.431694
35062.000000  66.882805
35427.000000  51.740486
36012.000000  50.939606
36732.000000  63.385773
37284.000000  48.658722
37773.000000  21.556252
38388.000000  19.415359
39032.000000  29.926273
39489.000000  65.823410
39613.000000  85.204735
41128.000000  83.519081
42821.000000  75.869736
43604.000000  82.921066
46470.000000  87.339462
47293.000000  80.935455
49615.000000  84.290092
51921.000000  82.197174
54200.000000  79.756111
55617.000000  76.448242
58534.000000  73.385361
59531.000000  72.719864
62085.000000  76.748993
63467.000000  69.336082
65539.000000  78.198090
65949.000000  77.644196
67144.000000  64.141396
67786.000000  64.887794
68944.000000  70.286743
71471.000000  77.466515
72835.000000  58.611172
74182.000000  76.807495
77745.000000  71.785408
80818.000000  70.067589
83782.000000  72.636703
85304.000000  41.557297
87248.000000  64.926682
90162.000000  69.573059
92415.000000  63.348240
94849.000000  62.771244
95953.000000  57.378708
97818.000000  60.058987
99866.000000  57.846867
101528.000000  59.085285
103258.000000  51.355778
103837.000000  45.672028
104858.000000  37.343315
105425.000000  38.112644
106337.000000  35.128506
106687.000000  45.297215
108094.000000  49.597771
108458.000000  52.494026
109478.000000  59.744560
110222.000000  46.235390
110537.000000  42.288288
111824.000000  56.520939
113859.000000  58.283199
115007.000000  55.743332
116186.000000  52.289558
116382.000000  28.942827
116922.000000  41.150043
117536.000000  48.731903
118622.000000  46.550732
119555.000000  51.504700
120398.000000  25.141834
120846.000000  22.617844
121355.000000  20.001305
122315.000000  32.400215
123267.000000  37.847225
124405.000000  30.294727
125487.000000  32.232372
127243.000000  40.776978
128427.000000  39.683971
129116.000000  38.592510
129674.000000  42.400528
130305.000000  26.900307
131062.000000  22.056618
131763.000000  20.728756
132349.000000  30.312963
133043.000000  40.201973
133608.000000  26.471031
133973.000000  15.253709
134514.000000  23.938122
134817.000000  12.333419
135164.000000  15.117157
135865.000000  28.712210
136488.000000  25.699240
136896.000000  28.437323
137601.000000  28.289503
138192.000000  20.945627
138727.000000  27.868629
139575.000000  28.883347
140013.000000  13.595697
141949.000000  30.031490
142403.000000  18.366381
143105.000000  16.544605
143484.000000  22.171022
144199.000000  24.648439
144391.000000  10.459697
144415.000000  0.872652
144578.000000  9.472689
145140.000000  14.256448
145269.000000  7.325046
145553.000000  13.302076
146164.000000  11.762299
146680.000000  14.629844
146878.000000  1.840078
147592.000000  8.794830
148133.000000  5.482607
148554.000000  10.027424
149979.000000  27.549929
150646.000000  22.892376
151407.000000  28.575983
152019.000000  25.500080
152301.000000  21.779173
152335.000000  0.807581
152459.000000  1.329280
152916.000000  4.755746
154210.000000  17.260157
154931.000000  6.420339
155852.000000  21.860071
156563.000000  14.932515
157185.000000  17.959026
157551.000000  4.431157
157978.000000  5.270886
158539.000000  9.191777
158751.000000  2.743009
158761.000000  0.136396
159561.000000  8.058899
159996.000000  8.336506
160027.000000  1.339252
160308.000000  2.830064
160428.000000  2.993781
160528.000000  2.594360
