995.000000  0.702106
1245.000000  0.030662
1453.000000  0.011632
1743.000000  0.109228
2027.000000  -0.002797
2311.000000  0.075626
2579.000000  -0.019541
2829.000000  0.069538
3131.000000  0.013629
3470.000000  0.063242
3779.000000  0.016490
4009.000000  0.050891
4219.000000  0.008256
4382.000000  -0.011107
4586.000000  0.058566
4821.000000  0.023148
4930.000000  0.069823
5100.000000  -0.014103
5344.000000  0.048775
5581.000000  0.046025
5820.000000  0.001693
6031.000000  -0.024048
6305.000000  0.062904
6596.000000  0.064034
6896.000000  0.017803
7110.000000  -0.003466
7411.000000  0.071525
7620.000000  0.092265
7783.000000  -0.006928
7950.000000  -0.007063
8114.000000  0.017750
8296.000000  -0.008996
8436.000000  0.044201
8538.000000  -0.001687
8662.000000  0.015961
8795.000000  0.028653
8877.000000  -0.007936
9004.000000  0.019899
9159.000000  0.011733
9303.000000  0.028385
9557.000000  0.029528
9913.000000  0.110922
10207.000000  -0.055138
10417.000000  0.074475
10634.000000  0.031029
10819.000000  0.040490
11083.000000  -0.010675
11216.000000  0.037508
11345.000000  0.009732
11489.000000  0.008878
11662.000000  0.076497
11962.000000  0.012700
12236.000000  0.062263
12469.000000  -0.011599
12686.000000  0.023992
12838.000000  0.033596
12986.000000  -0.003431
13309.000000  0.137429
13618.000000  -0.046595
13882.000000  0.060565
14183.000000  0.032997
14403.000000  0.058057
14592.000000  -0.037303
14717.000000  -0.004994
14849.000000  0.016541
14935.000000  0.018058
15170.000000  0.023554
15449.000000  0.058752
15736.000000  0.041210
16002.000000  0.046543
16304.000000  0.092600
16540.000000  0.043759
16800.000000  -0.018538
17058.000000  0.041653
17331.000000  0.012719
17672.000000  0.089876
17899.000000  -0.037897
18197.000000  0.070603
18404.000000  -0.008155
18680.000000  0.086813
18956.000000  0.026359
19221.000000  0.094326
19392.000000  0.034139
19583.000000  -0.026128
19786.000000  0.033711
19996.000000  0.013359
20202.000000  0.056942
20397.000000  -0.078644
20641.000000  0.040127
20847.000000  0.129019
21283.000000  -0.018502
21515.000000  0.056154
21883.000000  0.028690
22222.000000  0.056109
22433.000000  0.011880
22658.000000  0.038355
22895.000000  -0.057024
23025.000000  0.004539
23202.000000  0.062872
23417.000000  0.112595
23557.000000  0.020775
23752.000000  -0.077192
23957.000000  0.090949
24289.000000  0.026772
24497.000000  -0.022521
24738.000000  -0.029147
25005.000000  0.058773
25238.000000  0.173019
25608.000000  -0.084024
25801.000000  0.030656
26016.000000  0.038009
26225.000000  0.014248
26472.000000  0.063517
26809.000000  0.060683
27062.000000  -0.063554
27386.000000  0.071526
27579.000000  0.076017
27931.000000  0.063971
28207.000000  0.087007
28601.000000  0.094277
29125.000000  -0.038346
29664.000000  0.002532
30055.000000  0.027996
30297.000000  0.055000
30767.000000  0.038023
31518.000000  0.057811
32227.000000  0.132949
32702.000000  0.000474
32991.000000  0.232112
33679.000000  -0.026097
33977.000000  -0.039669
34228.000000  0.157560
34437.000000  0.045622
34702.000000  -0.058772
34767.000000  0.071400
35118.000000  0.036376
35525.000000  0.065612
35685.000000  -0.054930
35888.000000  0.096240
36095.000000  -0.094488
36460.000000  0.004156
36697.000000  0.085112
36937.000000  0.097550
37271.000000  -0.021289
37473.000000  -0.021631
37742.000000  0.122667
37833.000000  -0.065794
38182.000000  -0.024127
38522.000000  0.108301
38856.000000  0.059873
39067.000000  0.046941
39219.000000  -0.018265
39434.000000  0.090470
39539.000000  -0.132606
39719.000000  0.016725
39794.000000  0.112904
39978.000000  0.209260
40265.000000  -0.288362
40454.000000  0.137942
40569.000000  0.028360
40674.000000  -0.074149
40805.000000  -0.060436
40821.000000  -0.050285
