2285.000000  0.347970
2891.000000  -0.037659
3290.000000  -0.124904
3735.000000  0.088160
4519.000000  0.089145
5320.000000  0.011287
5981.000000  0.066524
6739.000000  0.005086
7573.000000  -0.011521
8454.000000  0.033588
9342.000000  -0.006674
9972.000000  -0.068975
10513.000000  -0.092317
11108.000000  0.060358
11599.000000  0.038247
11994.000000  -0.029188
12346.000000  -0.016848
12640.000000  -0.036486
13051.000000  0.009657
13544.000000  0.105635
14081.000000  -0.085481
14621.000000  -0.012361
15229.000000  0.011440
15761.000000  0.007160
16331.000000  -0.025998
16692.000000  -0.024090
17279.000000  -0.009319
17883.000000  0.073412
18538.000000  0.024825
19275.000000  -0.015895
19882.000000  -0.061166
20325.000000  -0.029951
20804.000000  -0.030162
20940.000000  -0.092914
21248.000000  0.035099
21647.000000  0.055181
22202.000000  0.034998
22626.000000  0.014239
23098.000000  0.018609
23565.000000  -0.112228
23666.000000  -0.009361
24217.000000  0.098443
24805.000000  0.097783
25356.000000  -0.065715
25717.000000  -0.050517
26090.000000  -0.060517
26321.000000  -0.062653
26507.000000  -0.086473
26668.000000  -0.017797
26858.000000  0.008911
27138.000000  0.081454
27406.000000  0.005177
27771.000000  0.093871
28196.000000  -0.024792
28749.000000  0.154246
29605.000000  -0.004339
30393.000000  0.126186
31228.000000  0.047712
31950.000000  -0.082351
32729.000000  0.067218
33603.000000  0.003797
34452.000000  0.133950
35162.000000  -0.128062
35834.000000  -0.118535
36642.000000  0.098662
37476.000000  0.038354
38054.000000  -0.104977
38766.000000  0.122957
39696.000000  0.034176
40320.000000  -0.074575
40794.000000  -0.115345
41299.000000  0.067529
41798.000000  -0.012370
43316.000000  0.269122
44453.000000  -0.183839
44893.000000  -0.322187
45411.000000  0.159260
45926.000000  0.041627
46659.000000  0.103708
47566.000000  0.150348
48569.000000  0.244960
49225.000000  0.109643
49965.000000  0.153232
50750.000000  -0.332021
51289.000000  0.017297
51628.000000  -0.236305
52064.000000  -0.024274
52704.000000  -0.025269
53171.000000  0.102948
53500.000000  -0.093881
53801.000000  -0.075897
54320.000000  -0.059919
54677.000000  0.156432
54942.000000  -0.025469
55128.000000  -0.212503
55437.000000  -0.017573
55897.000000  0.507435
56211.000000  -0.347190
56548.000000  0.011158
56754.000000  -0.431307
57115.000000  0.878792
57511.000000  -0.001936
57713.000000  -0.782396
58245.000000  0.048088
58529.000000  0.040942
58914.000000  0.009169
59517.000000  0.023477
60027.000000  0.560580
60424.000000  0.390812
60724.000000  -0.213711
60992.000000  -0.366125
61343.000000  1.053101
61914.000000  -1.302776
63047.000000  0.166037
63711.000000  -0.120373
64341.000000  0.031144
64730.000000  -0.107183
65118.000000  -0.067920
65521.000000  0.718026
66229.000000  0.317531
67140.000000  0.466858
67889.000000  -0.445467
68765.000000  -0.154083
69465.000000  0.019898
69961.000000  -0.202983
70281.000000  -0.469171
70396.000000  -0.141289
70627.000000  -0.272422
71040.000000  0.600474
71334.000000  0.614323
71681.000000  -0.251929
72086.000000  0.058930
72420.000000  -0.051315
72851.000000  0.121765
73195.000000  -0.357007
73471.000000  -0.484100
73782.000000  -0.073255
74123.000000  -0.050300
74369.000000  -0.105717
74871.000000  -0.020016
75462.000000  0.057739
75786.000000  -0.046074
76334.000000  0.062554
76605.000000  -0.037990
76712.000000  -0.083939
76715.000000  -0.137146
76977.000000  0.410146
77318.000000  0.638088
77534.000000  -0.361349
77850.000000  -0.320873
78265.000000  -0.093860
78690.000000  -0.043704
78976.000000  -0.008256
79275.000000  -0.071424
79757.000000  0.306696
79853.000000  -0.293550
80002.000000  -0.124044
80142.000000  0.000982
80328.000000  0.290931
80689.000000  0.165225
80940.000000  0.052379
81139.000000  0.071078
81248.000000  0.293844
81311.000000  -0.879083
81327.000000  -0.017640
81462.000000  0.055847
81755.000000  0.007986
81959.000000  0.012970
82198.000000  0.029692
82492.000000  0.051431
82735.000000  -0.035956
82897.000000  0.075808
83124.000000  -0.039384
83594.000000  0.164757
83838.000000  0.022691
84176.000000  0.089098
84459.000000  -0.058483
84727.000000  -0.153175
84964.000000  -0.019363
85310.000000  0.050127
85545.000000  -0.014870
85796.000000  0.000034
85979.000000  -0.032484
86344.000000  -0.001217
86714.000000  0.043726
87223.000000  0.069379
87817.000000  0.228100
88160.000000  0.132531
88339.000000  -0.497745
88678.000000  0.140538
89081.000000  0.196782
89405.000000  0.027474
89752.000000  -0.038114
90082.000000  0.129165
90415.000000  -0.021104
90434.000000  -0.235371
90635.000000  -0.295120
90919.000000  -0.010719
91161.000000  0.036397
91286.000000  -0.048388
91405.000000  0.003412
91500.000000  -0.006643
