2285.000000  0.347970
2891.000000  0.310311
3290.000000  0.185406
3735.000000  0.273567
4519.000000  0.362712
5320.000000  0.373999
5981.000000  0.440522
6739.000000  0.445608
7573.000000  0.434087
8454.000000  0.467676
9342.000000  0.461001
9972.000000  0.392027
10513.000000  0.299710
11108.000000  0.360067
11599.000000  0.398314
11994.000000  0.369127
12346.000000  0.352278
12640.000000  0.315792
13051.000000  0.325449
13544.000000  0.431084
14081.000000  0.345603
14621.000000  0.333242
15229.000000  0.344682
15761.000000  0.351842
16331.000000  0.325844
16692.000000  0.301754
17279.000000  0.292435
17883.000000  0.365847
18538.000000  0.390672
19275.000000  0.374777
19882.000000  0.313611
20325.000000  0.283660
20804.000000  0.253498
20940.000000  0.160584
21248.000000  0.195683
21647.000000  0.250865
22202.000000  0.285863
22626.000000  0.300102
23098.000000  0.318710
23565.000000  0.206482
23666.000000  0.197121
24217.000000  0.295564
24805.000000  0.393346
25356.000000  0.327631
25717.000000  0.277114
26090.000000  0.216596
26321.000000  0.153943
26507.000000  0.067471
26668.000000  0.049674
26858.000000  0.058585
27138.000000  0.140039
27406.000000  0.145217
27771.000000  0.239087
28196.000000  0.214296
28749.000000  0.368542
29605.000000  0.364203
30393.000000  0.490389
31228.000000  0.538102
31950.000000  0.455751
32729.000000  0.522969
33603.000000  0.526766
34452.000000  0.660716
35162.000000  0.532655
35834.000000  0.414120
36642.000000  0.512782
37476.000000  0.551136
38054.000000  0.446159
38766.000000  0.569116
39696.000000  0.603292
40320.000000  0.528718
40794.000000  0.413373
41299.000000  0.480902
41798.000000  0.468533
43316.000000  0.737654
44453.000000  0.553815
44893.000000  0.231629
45411.000000  0.390888
45926.000000  0.432515
46659.000000  0.536223
47566.000000  0.686571
48569.000000  0.931531
49225.000000  1.041175
49965.000000  1.194407
50750.000000  0.862386
51289.000000  0.879682
51628.000000  0.643377
52064.000000  0.619103
52704.000000  0.593834
53171.000000  0.696781
53500.000000  0.602900
53801.000000  0.527003
54320.000000  0.467084
54677.000000  0.623515
54942.000000  0.598046
55128.000000  0.385543
55437.000000  0.367970
55897.000000  0.875404
56211.000000  0.528215
56548.000000  0.539373
56754.000000  0.108065
57115.000000  0.986857
57511.000000  0.984922
57713.000000  0.202525
58245.000000  0.250614
58529.000000  0.291556
58914.000000  0.300725
59517.000000  0.324202
60027.000000  0.884782
60424.000000  1.275594
60724.000000  1.061883
60992.000000  0.695757
61343.000000  1.748858
61914.000000  0.446082
63047.000000  0.612119
63711.000000  0.491746
64341.000000  0.522891
64730.000000  0.415708
65118.000000  0.347788
65521.000000  1.065814
66229.000000  1.383344
67140.000000  1.850202
67889.000000  1.404735
68765.000000  1.250651
69465.000000  1.270550
69961.000000  1.067567
70281.000000  0.598395
70396.000000  0.457107
70627.000000  0.184684
71040.000000  0.785158
71334.000000  1.399481
71681.000000  1.147552
72086.000000  1.206482
72420.000000  1.155166
72851.000000  1.276931
73195.000000  0.919924
73471.000000  0.435824
73782.000000  0.362569
74123.000000  0.312269
74369.000000  0.206552
74871.000000  0.186537
75462.000000  0.244275
75786.000000  0.198201
76334.000000  0.260756
76605.000000  0.222765
76712.000000  0.138826
76715.000000  0.001680
76977.000000  0.411826
77318.000000  1.049914
77534.000000  0.688564
77850.000000  0.367692
78265.000000  0.273832
78690.000000  0.230128
78976.000000  0.221871
79275.000000  0.150447
79757.000000  0.457143
79853.000000  0.163594
80002.000000  0.039549
80142.000000  0.040531
80328.000000  0.331462
80689.000000  0.496688
80940.000000  0.549066
81139.000000  0.620144
81248.000000  0.913988
81311.000000  0.034904
81327.000000  0.017264
81462.000000  0.073111
81755.000000  0.081097
81959.000000  0.094067
82198.000000  0.123759
82492.000000  0.175191
82735.000000  0.139235
82897.000000  0.215043
83124.000000  0.175659
83594.000000  0.340416
83838.000000  0.363107
84176.000000  0.452205
84459.000000  0.393722
84727.000000  0.240547
84964.000000  0.221184
85310.000000  0.271311
85545.000000  0.256441
85796.000000  0.256475
85979.000000  0.223991
86344.000000  0.222774
86714.000000  0.266500
87223.000000  0.335879
87817.000000  0.563978
88160.000000  0.696509
88339.000000  0.198764
88678.000000  0.339303
89081.000000  0.536085
89405.000000  0.563559
89752.000000  0.525445
90082.000000  0.654610
90415.000000  0.633506
90434.000000  0.398135
90635.000000  0.103015
90919.000000  0.092296
91161.000000  0.128692
91286.000000  0.080304
91405.000000  0.083716
91500.000000  0.077073
