2285.000000  0.038182
2891.000000  0.028791
3290.000000  0.033385
3735.000000  0.030574
4519.000000  0.027643
5320.000000  0.036567
5981.000000  0.030944
6739.000000  0.029380
7573.000000  0.030828
8454.000000  0.030401
9342.000000  0.029378
9972.000000  0.029311
10513.000000  0.032932
11108.000000  0.029962
11599.000000  0.035159
11994.000000  0.028906
12346.000000  0.028686
12640.000000  0.029747
13051.000000  0.029995
13544.000000  0.030349
14081.000000  0.031296
14621.000000  0.032163
15229.000000  0.035272
15761.000000  0.032559
16331.000000  0.041567
16692.000000  0.032425
17279.000000  0.038585
17883.000000  0.042909
18538.000000  0.036810
19275.000000  0.038266
19882.000000  0.036030
20325.000000  0.037470
20804.000000  0.038072
20940.000000  0.038706
21248.000000  0.035616
21647.000000  0.043762
22202.000000  0.040332
22626.000000  0.039131
23098.000000  0.043456
23565.000000  0.045260
23666.000000  0.051625
24217.000000  0.043920
24805.000000  0.066328
25356.000000  0.062484
25717.000000  0.060761
26090.000000  0.055316
26321.000000  0.061136
26507.000000  0.060194
26668.000000  0.052073
26858.000000  0.060577
27138.000000  0.054601
27406.000000  0.042918
27771.000000  0.052974
28196.000000  0.050679
28749.000000  0.039625
29605.000000  0.075410
30393.000000  0.171566
31228.000000  0.091529
31950.000000  0.262323
32729.000000  0.270602
33603.000000  0.241364
34452.000000  0.275767
35162.000000  0.274383
35834.000000  0.220983
36642.000000  0.260714
37476.000000  0.150913
38054.000000  0.220370
38766.000000  0.346058
39696.000000  0.414875
40320.000000  0.555697
40794.000000  0.523775
41299.000000  0.613077
41798.000000  4.610543
43316.000000  5.661773
44453.000000  0.066261
44893.000000  0.065683
45411.000000  0.087267
45926.000000  0.057146
46659.000000  0.061223
47566.000000  0.051090
48569.000000  0.055235
49225.000000  0.066925
49965.000000  0.051107
50750.000000  0.048580
51289.000000  0.055018
51628.000000  0.049393
52064.000000  0.049157
52704.000000  0.053176
53171.000000  0.042665
53500.000000  0.043185
53801.000000  0.060028
54320.000000  0.041442
54677.000000  0.043082
54942.000000  0.041320
55128.000000  0.050456
55437.000000  0.040012
55897.000000  0.038496
56211.000000  0.039350
56548.000000  0.040861
56754.000000  0.039062
57115.000000  0.039191
57511.000000  0.045584
57713.000000  0.049358
58245.000000  0.047676
58529.000000  0.041306
58914.000000  0.040417
59517.000000  0.040068
60027.000000  0.056966
60424.000000  0.046693
60724.000000  0.046317
60992.000000  0.036896
61343.000000  0.039573
61914.000000  0.040933
63047.000000  0.043828
63711.000000  0.044148
64341.000000  0.038434
64730.000000  0.039779
65118.000000  0.038812
65521.000000  0.038617
66229.000000  0.037724
67140.000000  0.040430
67889.000000  0.046348
68765.000000  0.043991
69465.000000  0.037954
69961.000000  0.043850
70281.000000  0.035697
70396.000000  0.038068
70627.000000  0.039588
71040.000000  0.036128
71334.000000  0.036968
71681.000000  0.033488
72086.000000  0.034309
72420.000000  0.036030
72851.000000  0.033764
73195.000000  0.046657
73471.000000  0.034256
73782.000000  0.041617
74123.000000  0.034949
74369.000000  0.039134
74871.000000  0.036024
75462.000000  0.038316
75786.000000  0.041376
76334.000000  0.036785
76605.000000  0.034891
76712.000000  0.038802
76715.000000  0.044876
76977.000000  0.038870
77318.000000  0.034062
77534.000000  0.033855
77850.000000  0.034837
78265.000000  0.032623
78690.000000  0.034854
78976.000000  0.051172
79275.000000  0.035265
79757.000000  0.034093
79853.000000  0.032795
80002.000000  0.033530
80142.000000  0.030907
80328.000000  0.030303
80689.000000  0.031080
80940.000000  0.031711
81139.000000  0.029708
81248.000000  0.033441
81311.000000  0.028310
81327.000000  0.027677
81462.000000  0.028441
81755.000000  0.028882
81959.000000  0.028795
82198.000000  0.030163
82492.000000  0.030751
82735.000000  0.028938
82897.000000  0.030346
83124.000000  0.030729
83594.000000  0.033037
83838.000000  0.030479
84176.000000  0.030547
84459.000000  0.038366
84727.000000  0.030298
84964.000000  0.029263
85310.000000  0.033703
85545.000000  0.038837
85796.000000  0.033343
85979.000000  0.039055
86344.000000  0.028960
86714.000000  0.029441
87223.000000  0.030446
87817.000000  0.028014
88160.000000  0.038299
88339.000000  0.028416
88678.000000  0.035320
89081.000000  0.027303
89405.000000  0.030702
89752.000000  0.028658
90082.000000  0.037885
90415.000000  0.028030
90434.000000  0.025470
90635.000000  0.037665
90919.000000  0.025516
91161.000000  0.027459
91286.000000  0.025299
91405.000000  0.025465
91500.000000  0.026255
