2285.000000  0.038182
2891.000000  -0.009391
3290.000000  0.004594
3735.000000  -0.002811
4519.000000  -0.002931
5320.000000  0.008924
5981.000000  -0.005622
6739.000000  -0.001564
7573.000000  0.001447
8454.000000  -0.000427
9342.000000  -0.001023
9972.000000  -0.000067
10513.000000  0.003621
11108.000000  -0.002970
11599.000000  0.005197
11994.000000  -0.006254
12346.000000  -0.000219
12640.000000  0.001060
13051.000000  0.000249
13544.000000  0.000353
14081.000000  0.000947
14621.000000  0.000867
15229.000000  0.003110
15761.000000  -0.002714
16331.000000  0.009008
16692.000000  -0.009143
17279.000000  0.006160
17883.000000  0.004323
18538.000000  -0.006099
19275.000000  0.001457
19882.000000  -0.002237
20325.000000  0.001440
20804.000000  0.000603
20940.000000  0.000633
21248.000000  -0.003090
21647.000000  0.008146
22202.000000  -0.003430
22626.000000  -0.001201
23098.000000  0.004325
23565.000000  0.001804
23666.000000  0.006365
24217.000000  -0.007705
24805.000000  0.022408
25356.000000  -0.003844
25717.000000  -0.001723
26090.000000  -0.005445
26321.000000  0.005820
26507.000000  -0.000942
26668.000000  -0.008120
26858.000000  0.008503
27138.000000  -0.005976
27406.000000  -0.011683
27771.000000  0.010056
28196.000000  -0.002295
28749.000000  -0.011054
29605.000000  0.035785
30393.000000  0.096156
31228.000000  -0.080037
31950.000000  0.170794
32729.000000  0.008279
33603.000000  -0.029238
34452.000000  0.034403
35162.000000  -0.001384
35834.000000  -0.053400
36642.000000  0.039730
37476.000000  -0.109801
38054.000000  0.069457
38766.000000  0.125687
39696.000000  0.068818
40320.000000  0.140822
40794.000000  -0.031922
41299.000000  0.089302
41798.000000  3.997467
43316.000000  1.051229
44453.000000  -5.595511
44893.000000  -0.000578
45411.000000  0.021584
45926.000000  -0.030121
46659.000000  0.004076
47566.000000  -0.010132
48569.000000  0.004145
49225.000000  0.011690
49965.000000  -0.015818
50750.000000  -0.002527
51289.000000  0.006438
51628.000000  -0.005625
52064.000000  -0.000236
52704.000000  0.004018
53171.000000  -0.010510
53500.000000  0.000520
53801.000000  0.016843
54320.000000  -0.018587
54677.000000  0.001640
54942.000000  -0.001762
55128.000000  0.009136
55437.000000  -0.010444
55897.000000  -0.001517
56211.000000  0.000855
56548.000000  0.001511
56754.000000  -0.001800
57115.000000  0.000129
57511.000000  0.006393
57713.000000  0.003774
58245.000000  -0.001681
58529.000000  -0.006370
58914.000000  -0.000889
59517.000000  -0.000349
60027.000000  0.016898
60424.000000  -0.010273
60724.000000  -0.000376
60992.000000  -0.009421
61343.000000  0.002677
61914.000000  0.001360
63047.000000  0.002896
63711.000000  0.000319
64341.000000  -0.005714
64730.000000  0.001345
65118.000000  -0.000967
65521.000000  -0.000195
66229.000000  -0.000893
67140.000000  0.002706
67889.000000  0.005918
68765.000000  -0.002357
69465.000000  -0.006037
69961.000000  0.005897
70281.000000  -0.008153
70396.000000  0.002371
70627.000000  0.001519
71040.000000  -0.003459
71334.000000  0.000839
71681.000000  -0.003480
72086.000000  0.000821
72420.000000  0.001721
72851.000000  -0.002266
73195.000000  0.012893
73471.000000  -0.012401
73782.000000  0.007361
74123.000000  -0.006668
74369.000000  0.004185
74871.000000  -0.003110
75462.000000  0.002292
75786.000000  0.003060
76334.000000  -0.004591
76605.000000  -0.001894
76712.000000  0.003911
76715.000000  0.006074
76977.000000  -0.006006
77318.000000  -0.004808
77534.000000  -0.000207
77850.000000  0.000981
78265.000000  -0.002214
78690.000000  0.002231
78976.000000  0.016318
79275.000000  -0.015907
79757.000000  -0.001172
79853.000000  -0.001299
80002.000000  0.000736
80142.000000  -0.002623
80328.000000  -0.000604
80689.000000  0.000777
80940.000000  0.000631
81139.000000  -0.002003
81248.000000  0.003733
81311.000000  -0.005131
81327.000000  -0.000633
81462.000000  0.000764
81755.000000  0.000441
81959.000000  -0.000086
82198.000000  0.001368
82492.000000  0.000588
82735.000000  -0.001813
82897.000000  0.001408
83124.000000  0.000384
83594.000000  0.002308
83838.000000  -0.002558
84176.000000  0.000068
84459.000000  0.007819
84727.000000  -0.008068
84964.000000  -0.001035
85310.000000  0.004441
85545.000000  0.005134
85796.000000  -0.005494
85979.000000  0.005712
86344.000000  -0.010095
86714.000000  0.000480
87223.000000  0.001005
87817.000000  -0.002432
88160.000000  0.010285
88339.000000  -0.009883
88678.000000  0.006904
89081.000000  -0.008017
89405.000000  0.003398
89752.000000  -0.002044
90082.000000  0.009227
90415.000000  -0.009855
90434.000000  -0.002560
90635.000000  0.012195
90919.000000  -0.012148
91161.000000  0.001942
91286.000000  -0.002160
91405.000000  0.000167
91500.000000  0.000790
