816.000000  53.336239
1085.000000  59.799969
1297.000000  54.815929
1559.000000  54.189308
1812.000000  58.314919
2074.000000  53.660194
2371.000000  56.069096
2646.000000  57.211433
2906.000000  56.950092
3218.000000  58.236759
3518.000000  59.859188
3689.000000  51.751465
3712.000000  22.134525
3854.000000  34.400742
3978.000000  36.341946
4127.000000  51.050472
4258.000000  49.098457
4378.000000  39.336445
4454.000000  27.452547
4592.000000  31.229057
4807.000000  43.614624
4836.000000  21.313671
4978.000000  35.418324
5093.000000  35.753571
5224.000000  40.176491
5415.000000  42.074223
5615.000000  42.611626
5786.000000  42.754597
5950.000000  38.242962
6125.000000  38.234024
6273.000000  39.544189
6478.000000  39.020733
6734.000000  45.485966
6993.000000  44.097393
7192.000000  38.903740
7387.000000  38.845608
7533.000000  40.881493
7645.000000  26.938602
7746.000000  29.113365
7831.000000  33.094578
8007.000000  37.093117
8253.000000  37.552582
8499.000000  42.442436
8717.000000  39.866413
8973.000000  40.814365
9162.000000  37.223965
9329.000000  34.024940
9519.000000  34.760651
9685.000000  34.671089
9854.000000  37.439400
9981.000000  33.778267
10103.000000  26.239252
10238.000000  31.980976
10395.000000  33.666031
10539.000000  33.708645
10669.000000  26.686808
10792.000000  32.390224
10917.000000  27.947334
11109.000000  37.502289
11322.000000  36.384918
11527.000000  32.518070
11711.000000  40.632614
11858.000000  32.616528
12032.000000  35.983910
12274.000000  37.513168
12483.000000  47.264977
12715.000000  45.047077
12922.000000  44.326870
13093.000000  43.785458
13273.000000  44.904034
13474.000000  38.891613
13608.000000  28.404430
13806.000000  31.117990
13956.000000  29.543913
14173.000000  39.539711
14398.000000  45.405899
14648.000000  43.605213
14892.000000  43.480637
15124.000000  47.714958
15272.000000  40.685078
15407.000000  40.494362
15573.000000  34.766960
15699.000000  23.408287
15766.000000  34.283943
15931.000000  29.883039
16069.000000  30.856396
16188.000000  25.986019
16278.000000  23.798887
16367.000000  32.486301
16461.000000  44.529949
16556.000000  43.956638
16644.000000  42.684616
16723.000000  39.889427
16916.000000  52.071320
17071.000000  48.937138
17240.000000  47.713505
17437.000000  44.003166
17659.000000  57.319927
17955.000000  47.848667
18272.000000  42.982750
18578.000000  41.674232
18868.000000  46.912777
19065.000000  50.776993
19180.000000  40.948025
19223.000000  39.091511
19350.000000  46.787006
19439.000000  44.217785
19536.000000  48.671654
19634.000000  42.526505
19734.000000  41.901798
19840.000000  47.180359
19924.000000  48.495663
20029.000000  15.193226
20123.000000  23.697937
20275.000000  69.332161
20399.000000  36.987667
20561.000000  40.791283
20759.000000  51.249825
20920.000000  27.043468
21081.000000  24.515474
21215.000000  21.273834
21269.000000  52.610352
21327.000000  61.817055
21349.000000  11.684989
21373.000000  10.420196
21384.000000  3.756947
21417.000000  56.845135
21443.000000  54.962391
21566.000000  12.014275
21661.000000  10.379255
21781.000000  13.168073
21934.000000  16.795542
22077.000000  23.459902
22137.000000  18.912086
22330.000000  23.862377
22490.000000  24.029829
22506.000000  10.737844
22702.000000  24.713293
22949.000000  28.046465
23204.000000  30.062923
23371.000000  21.269581
23469.000000  17.378826
23578.000000  22.174501
23741.000000  31.234079
23934.000000  72.156647
24106.000000  30.338562
24251.000000  25.976130
24310.000000  22.739569
24363.000000  21.542948
24459.000000  25.021435
24598.000000  43.520988
24788.000000  44.573437
24973.000000  42.828415
25264.000000  39.351276
25517.000000  42.289036
25732.000000  27.271807
25896.000000  23.136547
26093.000000  26.150120
26246.000000  27.518829
26481.000000  40.443699
26652.000000  42.317902
26812.000000  42.232658
26953.000000  23.705328
27151.000000  34.765255
27357.000000  30.182945
27505.000000  30.055994
27654.000000  30.969200
27764.000000  34.926037
27890.000000  31.675085
28075.000000  37.783478
28238.000000  37.527763
28481.000000  39.198788
28702.000000  40.100300
28915.000000  38.085014
29122.000000  26.171902
29300.000000  24.723379
29499.000000  25.097639
29636.000000  21.106859
29719.000000  10.747458
29836.000000  17.373947
29996.000000  49.843006
30128.000000  51.839371
30278.000000  31.879524
30412.000000  28.436045
30531.000000  31.077463
30616.000000  31.139830
30696.000000  6.052641
30817.000000  21.258282
30971.000000  21.044960
31084.000000  13.682914
31193.000000  16.649908
31273.000000  6.502167
31354.000000  6.241108
31380.000000  3.614165
31415.000000  4.008935
31515.000000  11.632161
31594.000000  10.588481
31671.000000  12.329023
31762.000000  15.415510
31820.000000  13.888410
31897.000000  10.191752
32029.000000  18.592682
32177.000000  19.795591
32339.000000  24.130600
32529.000000  24.202112
32645.000000  17.140955
32756.000000  19.317165
32816.000000  17.631235
32867.000000  18.456640
32919.000000  15.687409
33081.000000  21.074421
33178.000000  19.708561
33299.000000  22.905340
33386.000000  15.080646
33506.000000  18.203568
33620.000000  13.981004
33766.000000  15.804820
33891.000000  19.382748
34055.000000  23.759069
34205.000000  26.363859
34339.000000  36.793846
34473.000000  34.027206
34522.000000  27.983389
34613.000000  27.380070
34703.000000  26.812386
34803.000000  24.531511
34878.000000  16.029873
35004.000000  18.982925
35129.000000  20.025686
35265.000000  24.447683
35519.000000  32.709545
35638.000000  36.900188
35749.000000  31.041796
35883.000000  32.255943
36024.000000  28.719250
36108.000000  22.675755
36112.000000  12.695692
36117.000000  10.660122
36121.000000  0.917985
36127.000000  1.102741
36129.000000  25.253504
36133.000000  7.247584
36227.000000  8.460019
36306.000000  10.751137
36475.000000  13.507210
36579.000000  9.750317
36680.000000  11.000741
36771.000000  11.999372
36861.000000  6.239863
36975.000000  13.524556
37151.000000  15.100886
37284.000000  15.653652
37373.000000  9.684610
37384.000000  5.040278
37536.000000  16.066353
37704.000000  17.508944
37876.000000  12.426368
38188.000000  24.181610
38237.000000  13.673203
38326.000000  12.824585
38489.000000  15.234345
38514.000000  4.533406
38573.000000  8.635907
38633.000000  7.460245
38690.000000  5.729620
38761.000000  8.164637
38863.000000  5.749170
38944.000000  6.059951
38984.000000  2.679600
39003.000000  1.261613
39085.000000  7.480547
39220.000000  12.216515
39284.000000  9.724472
39379.000000  11.075619
39531.000000  16.082296
39688.000000  16.678133
39854.000000  15.634847
39986.000000  15.718071
40083.000000  17.630306
40184.000000  14.708525
40227.000000  3.448816
40333.000000  13.101641
40495.000000  18.318800
40632.000000  20.203581
40770.000000  17.982759
40816.000000  13.914917
40817.000000  0.690910
