2285.000000  18.557079
3575.000000  3.531913
4160.000000  3.025414
4739.000000  2.853827
5277.000000  2.300773
6007.000000  2.000347
6733.000000  2.116719
7476.000000  2.426563
8051.000000  1.889741
8535.000000  2.556284
9092.000000  1.207321
9437.000000  1.936764
9888.000000  2.206465
10183.000000  1.830945
10525.000000  1.783487
10789.000000  0.055958
11110.000000  2.160359
11388.000000  2.310154
11770.000000  2.573296
12134.000000  0.122301
12576.000000  2.079590
13033.000000  1.518741
13635.000000  2.222345
14127.000000  1.410823
14416.000000  2.570901
15019.000000  3.062103
15652.000000  3.628379
16155.000000  3.525935
16832.000000  3.298199
17204.000000  0.037068
17868.000000  3.543725
18360.000000  1.458910
18848.000000  0.223389
19192.000000  0.085752
19660.000000  0.112380
19853.000000  0.158435
20141.000000  0.109584
20538.000000  0.202325
20915.000000  0.197279
21320.000000  0.330808
21585.000000  0.911462
21820.000000  0.775025
22280.000000  0.709549
22646.000000  0.419143
23171.000000  1.205665
23769.000000  0.646127
24032.000000  0.278533
24262.000000  0.278829
24473.000000  0.042648
24718.000000  0.250543
24956.000000  0.271667
25212.000000  0.995717
25425.000000  1.297822
25733.000000  0.125640
26133.000000  3.151930
26778.000000  3.129762
27553.000000  2.727686
28257.000000  3.290025
29177.000000  3.445509
30068.000000  3.527948
30822.000000  3.501931
31701.000000  3.843977
32221.000000  3.721759
33207.000000  3.277149
34128.000000  2.555500
34637.000000  3.162040
35187.000000  2.888055
35523.000000  1.849446
36115.000000  1.235793
36520.000000  1.033422
37057.000000  1.250080
37771.000000  0.637084
38420.000000  0.898666
39253.000000  1.266247
39765.000000  0.624419
40144.000000  0.096222
40466.000000  0.844089
40978.000000  1.098191
41558.000000  0.831443
42047.000000  1.754718
42372.000000  1.916140
42697.000000  0.818751
43046.000000  1.280717
43421.000000  1.918501
43977.000000  2.295743
44317.000000  0.905696
44572.000000  0.548289
45015.000000  1.473903
45556.000000  1.972548
46159.000000  1.511296
46968.000000  2.175234
48013.000000  2.343653
48938.000000  1.879847
49935.000000  1.754315
50851.000000  1.454291
51642.000000  1.958305
52410.000000  1.668338
53099.000000  2.002140
54222.000000  1.737460
55196.000000  1.992366
56114.000000  1.990583
56712.000000  1.786054
57234.000000  1.840275
57828.000000  1.130526
58404.000000  2.122838
59231.000000  1.329376
59867.000000  1.082082
60431.000000  0.196918
61216.000000  0.408719
62090.000000  0.424559
62980.000000  1.519998
64187.000000  1.544164
64973.000000  0.659218
65743.000000  0.678240
66313.000000  0.319692
66941.000000  0.326193
67523.000000  0.157346
68079.000000  0.909030
68420.000000  0.135579
68578.000000  0.884735
68852.000000  0.160346
69112.000000  0.139869
69333.000000  0.001210
69583.000000  0.000156
69842.000000  0.000167
70035.000000  0.000484
70250.000000  1.061254
70633.000000  0.926233
71040.000000  0.965763
71303.000000  0.316362
71580.000000  0.426454
71958.000000  0.274928
72338.000000  0.637409
72858.000000  0.537502
73203.000000  0.532827
73497.000000  0.321712
73707.000000  0.297150
73884.000000  0.313632
74038.000000  0.602877
74245.000000  0.657739
74582.000000  0.565382
74902.000000  0.558695
75141.000000  0.547126
75499.000000  0.714143
75887.000000  0.981133
76096.000000  0.918641
76457.000000  0.952937
76898.000000  0.979992
77181.000000  0.821797
77467.000000  0.613662
77805.000000  0.604188
78223.000000  0.673453
78593.000000  0.644431
78992.000000  0.438463
79498.000000  0.488321
79796.000000  0.380917
80149.000000  0.232630
80725.000000  0.208917
81070.000000  0.202913
81315.000000  0.132896
81348.000000  0.085903
81657.000000  0.190896
82039.000000  0.131293
82441.000000  0.193454
82850.000000  0.237168
83277.000000  0.101544
83738.000000  0.231638
84287.000000  0.213179
84534.000000  0.216338
84952.000000  0.126194
85387.000000  0.372642
85968.000000  0.480819
86076.000000  0.285142
86279.000000  0.144900
86440.000000  0.066156
86543.000000  0.077816
86758.000000  0.152845
86886.000000  0.051079
87007.000000  0.214384
87239.000000  0.215965
87361.000000  0.071392
87475.000000  0.036884
87588.000000  0.044993
87591.000000  0.018029
87723.000000  0.057375
87928.000000  0.082317
88098.000000  0.040977
88169.000000  0.017855
88302.000000  0.073325
88615.000000  0.354784
88874.000000  0.155811
89083.000000  0.145104
89143.000000  0.050796
89328.000000  0.271559
89499.000000  0.447741
89796.000000  0.367490
90080.000000  0.296410
90201.000000  0.175492
90308.000000  0.138436
90496.000000  0.281732
90730.000000  0.192872
91001.000000  0.022959
91340.000000  0.166175
91380.000000  0.090603
91475.000000  0.080343
91487.000000  0.019137
91495.000000  0.002899
