269.000000  0.065670
319.000000  0.035070
319.000000  0.006051
352.000000  0.018865
356.000000  0.009311
397.000000  0.038365
420.000000  0.025907
465.000000  0.042071
501.000000  0.045046
551.000000  0.054740
588.000000  0.052976
635.000000  0.060066
685.000000  0.058421
728.000000  0.053927
745.000000  0.033631
790.000000  0.067318
836.000000  0.055799
908.000000  0.071420
908.000000  0.011685
964.000000  0.073515
1009.000000  0.063388
1022.000000  0.023480
1074.000000  0.071806
1123.000000  0.056147
1143.000000  0.044575
1172.000000  0.064713
1206.000000  0.071579
1236.000000  0.058905
1266.000000  0.044181
1306.000000  0.045330
1306.000000  0.015959
1341.000000  0.057025
1391.000000  0.066091
1428.000000  0.068129
1459.000000  0.056763
1498.000000  0.076392
1529.000000  0.069851
1551.000000  0.049255
1584.000000  0.049175
1613.000000  0.059983
1643.000000  0.044504
1663.000000  0.052850
1686.000000  0.049550
1723.000000  0.071505
1774.000000  0.086833
1832.000000  0.063099
1872.000000  0.055345
1906.000000  0.059407
1912.000000  0.031778
1961.000000  0.082126
2014.000000  0.073502
2044.000000  0.069427
2067.000000  0.072627
2088.000000  0.083615
2125.000000  0.072913
2156.000000  0.081903
2201.000000  0.085452
2234.000000  0.057707
2240.000000  0.044935
2269.000000  0.079081
2307.000000  0.085797
2321.000000  0.050595
2356.000000  0.076689
2392.000000  0.080509
2420.000000  0.076190
2445.000000  0.077369
2485.000000  0.075535
2505.000000  0.061715
2522.000000  0.059830
2538.000000  0.038102
2561.000000  0.064958
2583.000000  0.068238
2601.000000  0.053629
2627.000000  0.053532
2651.000000  0.050324
2667.000000  0.050680
2694.000000  0.076542
2711.000000  0.067683
2733.000000  0.049196
2771.000000  0.068876
2814.000000  0.068511
2844.000000  0.076735
2875.000000  0.077788
2901.000000  0.087074
2926.000000  0.085020
2957.000000  0.073272
2995.000000  0.102306
3018.000000  0.081230
3048.000000  0.081279
3074.000000  0.092508
3107.000000  0.090028
3137.000000  0.086911
3180.000000  0.124722
3197.000000  0.101455
3207.000000  0.051493
3219.000000  0.074879
3236.000000  0.066334
3253.000000  0.056144
3273.000000  0.049884
3296.000000  0.057493
3300.000000  0.058465
3321.000000  0.070120
3348.000000  0.082096
3374.000000  0.086652
3409.000000  0.089426
3427.000000  0.055833
3451.000000  0.072803
3477.000000  0.091197
3506.000000  0.089629
3528.000000  0.088066
3574.000000  0.096394
3623.000000  0.119596
3661.000000  0.121040
3700.000000  0.130887
3732.000000  0.150535
3761.000000  0.144998
3775.000000  0.137197
3795.000000  0.085341
3809.000000  0.089710
3817.000000  0.043648
3844.000000  0.090959
3880.000000  0.098643
3892.000000  0.099527
3902.000000  0.042388
3907.000000  0.094390
3918.000000  0.136381
3928.000000  0.052473
3939.000000  0.053131
3950.000000  0.054943
3957.000000  0.061002
3982.000000  0.133475
3998.000000  0.123093
4022.000000  0.114915
4049.000000  0.113612
4073.000000  0.109836
4091.000000  0.134540
4117.000000  0.125415
4158.000000  0.178067
4175.000000  0.082220
4220.000000  0.165841
4248.000000  0.177752
4266.000000  0.135203
4291.000000  0.068013
4328.000000  0.065991
4366.000000  0.128578
4401.000000  0.154788
4450.000000  0.077127
4475.000000  0.075589
4489.000000  0.063737
4529.000000  0.078671
4556.000000  0.071916
4579.000000  0.069269
4610.000000  0.071757
4648.000000  0.070527
4662.000000  0.055543
4699.000000  0.075141
4734.000000  0.092237
4765.000000  0.084056
4816.000000  0.081547
4861.000000  0.085660
4884.000000  0.087712
4921.000000  0.095482
4958.000000  0.094423
4987.000000  0.097536
5022.000000  0.084193
5039.000000  0.089196
5065.000000  0.093849
5101.000000  0.113442
5122.000000  0.075539
5154.000000  0.088698
5197.000000  0.094235
5235.000000  0.097765
5258.000000  0.096311
5287.000000  0.106836
5318.000000  0.095414
5344.000000  0.111579
5379.000000  0.116720
5399.000000  0.079823
5428.000000  0.111823
5466.000000  0.131003
5487.000000  0.101673
5517.000000  0.133890
5554.000000  0.168529
5595.000000  0.180310
5616.000000  0.138677
5631.000000  0.108036
5655.000000  0.178480
5674.000000  0.093669
5700.000000  0.111993
5719.000000  0.115758
5745.000000  0.106031
5781.000000  0.133659
5824.000000  0.120755
5852.000000  0.148276
5871.000000  0.118476
5904.000000  0.125468
5950.000000  0.121693
5972.000000  0.101383
6008.000000  0.136133
6025.000000  0.119664
6034.000000  0.106739
6061.000000  0.098057
6111.000000  0.111972
6128.000000  0.083514
6150.000000  0.090368
6183.000000  0.088253
6183.000000  0.070815
6208.000000  0.079000
6220.000000  0.083892
6236.000000  0.091635
6246.000000  0.098143
6277.000000  0.098347
6308.000000  0.110818
6332.000000  0.105663
6358.000000  0.094560
6377.000000  0.100083
6418.000000  0.117696
6454.000000  0.112683
6466.000000  0.099432
6493.000000  0.101588
6522.000000  0.105797
6525.000000  0.065868
6542.000000  0.120792
6555.000000  0.095535
6572.000000  0.134329
6586.000000  0.070453
6592.000000  0.074513
6598.000000  0.079136
6606.000000  0.072378
6615.000000  0.064752
6625.000000  0.070320
6636.000000  0.083947
6646.000000  0.080404
6672.000000  0.098612
6687.000000  0.101900
6711.000000  0.120767
6727.000000  0.088872
6750.000000  0.122648
6772.000000  0.085331
6787.000000  0.120890
6815.000000  0.113424
6836.000000  0.113573
6848.000000  0.090817
6877.000000  0.082187
6905.000000  0.084568
6924.000000  0.082684
6941.000000  0.073968
6952.000000  0.070012
6965.000000  0.074224
6983.000000  0.081542
7008.000000  0.069193
7029.000000  0.077328
7050.000000  0.082314
7057.000000  0.065179
7070.000000  0.063829
7090.000000  0.078660
7114.000000  0.078473
7116.000000  0.064446
7135.000000  0.073513
7159.000000  0.086356
7181.000000  0.085220
7195.000000  0.085302
7206.000000  0.069932
7238.000000  0.088844
7272.000000  0.085655
7292.000000  0.084684
7341.000000  0.124835
7371.000000  0.118788
7395.000000  0.116252
7417.000000  0.165555
7453.000000  0.165761
7491.000000  0.154516
7520.000000  0.176443
7535.000000  0.086585
7568.000000  0.142122
7592.000000  0.162028
7628.000000  0.151385
7656.000000  0.172966
7686.000000  0.202546
7699.000000  0.090579
7736.000000  0.203373
7774.000000  0.173183
7795.000000  0.108038
7840.000000  0.179329
7852.000000  0.145440
7884.000000  0.122125
7914.000000  0.099113
7931.000000  0.096347
7950.000000  0.092916
7965.000000  0.093857
8002.000000  0.137679
8012.000000  0.092715
8054.000000  0.111644
8085.000000  0.096488
8117.000000  0.120204
8138.000000  0.104569
8173.000000  0.126283
8193.000000  0.109344
8241.000000  0.124473
8265.000000  0.134762
8272.000000  0.086005
8301.000000  0.128185
8328.000000  0.140523
8345.000000  0.110519
8372.000000  0.105413
8388.000000  0.125293
8401.000000  0.105918
8434.000000  0.127925
8458.000000  0.130856
8471.000000  0.101222
8503.000000  0.145359
8534.000000  0.156091
8574.000000  0.151591
8596.000000  0.153700
8610.000000  0.126918
8638.000000  0.153999
8677.000000  0.141684
8704.000000  0.175202
8726.000000  0.144805
8754.000000  0.213198
8758.000000  0.179604
8767.000000  0.241198
8771.000000  0.243429
8785.000000  0.115860
8799.000000  0.116570
8816.000000  0.132686
8842.000000  0.114377
8864.000000  0.140858
8876.000000  0.109170
8893.000000  0.156983
8919.000000  0.201713
8934.000000  0.203513
8952.000000  0.173266
8964.000000  0.191150
8976.000000  0.189702
8989.000000  0.125540
9014.000000  0.188393
9046.000000  0.237324
9100.000000  0.231874
9121.000000  0.196559
9155.000000  0.166630
9184.000000  0.165598
9199.000000  0.111593
9218.000000  0.128418
9226.000000  0.099568
9250.000000  0.120971
9276.000000  0.120135
9296.000000  0.109108
9310.000000  0.091290
9323.000000  0.114601
9333.000000  0.125106
9343.000000  0.170490
9355.000000  0.211834
9363.000000  0.087143
9376.000000  0.138335
9407.000000  0.147215
9425.000000  0.138973
9441.000000  0.108422
9451.000000  0.084640
9464.000000  0.090623
9480.000000  0.095359
9505.000000  0.133122
9525.000000  0.138910
9539.000000  0.105117
9557.000000  0.129456
9571.000000  0.123177
9582.000000  0.124387
9591.000000  0.118043
9606.000000  0.142849
9622.000000  0.136808
9637.000000  0.154666
9658.000000  0.262086
9679.000000  0.209325
9686.000000  0.222379
9696.000000  0.246581
9712.000000  0.261574
9730.000000  0.124979
9737.000000  0.115574
9739.000000  0.114858
9750.000000  0.118886
9769.000000  0.118763
9784.000000  0.113639
9800.000000  0.098062
9808.000000  0.103194
9815.000000  0.087743
9825.000000  0.081735
9827.000000  0.090252
9848.000000  0.095414
9864.000000  0.094433
9873.000000  0.139422
9884.000000  0.187300
9899.000000  0.091669
9913.000000  0.099775
9921.000000  0.100878
9936.000000  0.111199
9957.000000  0.106783
9982.000000  0.104483
9984.000000  0.088036
9995.000000  0.086389
10002.000000  0.086319
10004.000000  0.086365
10014.000000  0.125244
10032.000000  0.095018
10037.000000  0.094229
10044.000000  0.090710
10051.000000  0.107881
10064.000000  0.096082
10085.000000  0.091684
10101.000000  0.094753
10116.000000  0.102832
10133.000000  0.093667
10152.000000  0.112259
10174.000000  0.101122
10190.000000  0.152640
10198.000000  0.113613
10211.000000  0.109753
10220.000000  0.098820
10232.000000  0.134690
10243.000000  0.160958
10252.000000  0.105487
10255.000000  0.087721
10263.000000  0.111623
10267.000000  0.099846
10284.000000  0.095009
10297.000000  0.101022
10305.000000  0.097749
10318.000000  0.097570
10323.000000  0.092494
10325.000000  0.106677
10340.000000  0.109770
10364.000000  0.108808
10375.000000  0.102483
10379.000000  0.122640
10381.000000  0.085891
