269.000000  0.065670
319.000000  -0.030600
319.000000  -0.029018
352.000000  0.012814
356.000000  -0.009554
397.000000  0.029054
420.000000  -0.012459
465.000000  0.016164
501.000000  0.002975
551.000000  0.009694
588.000000  -0.001764
635.000000  0.007090
685.000000  -0.001645
728.000000  -0.004494
745.000000  -0.020296
790.000000  0.033687
836.000000  -0.011519
908.000000  0.015622
908.000000  -0.059735
964.000000  0.061830
1009.000000  -0.010127
1022.000000  -0.039908
1074.000000  0.048326
1123.000000  -0.015658
1143.000000  -0.011572
1172.000000  0.020138
1206.000000  0.006866
1236.000000  -0.012674
1266.000000  -0.014725
1306.000000  0.001150
1306.000000  -0.029371
1341.000000  0.041066
1391.000000  0.009066
1428.000000  0.002038
1459.000000  -0.011366
1498.000000  0.019629
1529.000000  -0.006541
1551.000000  -0.020595
1584.000000  -0.000081
1613.000000  0.010808
1643.000000  -0.015479
1663.000000  0.008347
1686.000000  -0.003300
1723.000000  0.021955
1774.000000  0.015328
1832.000000  -0.023734
1872.000000  -0.007755
1906.000000  0.004062
1912.000000  -0.027629
1961.000000  0.050348
2014.000000  -0.008624
2044.000000  -0.004074
2067.000000  0.003199
2088.000000  0.010989
2125.000000  -0.010703
2156.000000  0.008990
2201.000000  0.003549
2234.000000  -0.027745
2240.000000  -0.012772
2269.000000  0.034147
2307.000000  0.006715
2321.000000  -0.035202
2356.000000  0.026094
2392.000000  0.003820
2420.000000  -0.004319
2445.000000  0.001180
2485.000000  -0.001835
2505.000000  -0.013820
2522.000000  -0.001885
2538.000000  -0.021728
2561.000000  0.026856
2583.000000  0.003280
2601.000000  -0.014609
2627.000000  -0.000097
2651.000000  -0.003207
2667.000000  0.000355
2694.000000  0.025862
2711.000000  -0.008859
2733.000000  -0.018487
2771.000000  0.019681
2814.000000  -0.000366
2844.000000  0.008224
2875.000000  0.001053
2901.000000  0.009285
2926.000000  -0.002054
2957.000000  -0.011748
2995.000000  0.029034
3018.000000  -0.021076
3048.000000  0.000050
3074.000000  0.011229
3107.000000  -0.002480
3137.000000  -0.003117
3180.000000  0.037812
3197.000000  -0.023267
3207.000000  -0.049963
3219.000000  0.023386
3236.000000  -0.008545
3253.000000  -0.010190
3273.000000  -0.006261
3296.000000  0.007610
3300.000000  0.000972
3321.000000  0.011655
3348.000000  0.011976
3374.000000  0.004556
3409.000000  0.002774
3427.000000  -0.033593
3451.000000  0.016970
3477.000000  0.018394
3506.000000  -0.001568
3528.000000  -0.001563
3574.000000  0.008328
3623.000000  0.023202
3661.000000  0.001444
3700.000000  0.009848
3732.000000  0.019648
3761.000000  -0.005537
3775.000000  -0.007801
3795.000000  -0.051856
3809.000000  0.004368
3817.000000  -0.046061
3844.000000  0.047311
3880.000000  0.007684
3892.000000  0.000885
3902.000000  -0.057139
3907.000000  0.052002
3918.000000  0.041992
3928.000000  -0.083908
3939.000000  0.000659
3950.000000  0.001812
3957.000000  0.006059
3982.000000  0.072473
3998.000000  -0.010382
4022.000000  -0.008179
4049.000000  -0.001302
4073.000000  -0.003776
4091.000000  0.024704
4117.000000  -0.009125
4158.000000  0.052652
4175.000000  -0.095847
4220.000000  0.083621
4248.000000  0.011910
4266.000000  -0.042549
4291.000000  -0.067189
4328.000000  -0.002022
4366.000000  0.062586
4401.000000  0.026210
4450.000000  -0.077661
4475.000000  -0.001538
4489.000000  -0.011852
4529.000000  0.014934
4556.000000  -0.006755
4579.000000  -0.002648
4610.000000  0.002488
4648.000000  -0.001230
4662.000000  -0.014983
4699.000000  0.019598
4734.000000  0.017096
4765.000000  -0.008181
4816.000000  -0.002509
4861.000000  0.004114
4884.000000  0.002052
4921.000000  0.007770
4958.000000  -0.001059
4987.000000  0.003113
5022.000000  -0.013344
5039.000000  0.005003
5065.000000  0.004653
5101.000000  0.019592
5122.000000  -0.037903
5154.000000  0.013159
5197.000000  0.005537
5235.000000  0.003531
5258.000000  -0.001455
5287.000000  0.010526
5318.000000  -0.011422
5344.000000  0.016165
5379.000000  0.005141
5399.000000  -0.036897
5428.000000  0.032000
5466.000000  0.019180
5487.000000  -0.029330
5517.000000  0.032217
5554.000000  0.034639
5595.000000  0.011781
5616.000000  -0.041633
5631.000000  -0.030641
5655.000000  0.070444
5674.000000  -0.084811
5700.000000  0.018324
5719.000000  0.003765
5745.000000  -0.009727
5781.000000  0.027628
5824.000000  -0.012904
5852.000000  0.027521
5871.000000  -0.029800
5904.000000  0.006992
5950.000000  -0.003775
5972.000000  -0.020310
6008.000000  0.034751
6025.000000  -0.016469
6034.000000  -0.012925
6061.000000  -0.008682
6111.000000  0.013915
6128.000000  -0.028458
6150.000000  0.006854
6183.000000  -0.002115
6183.000000  -0.017439
6208.000000  0.008185
6220.000000  0.004892
6236.000000  0.007742
6246.000000  0.006509
6277.000000  0.000204
6308.000000  0.012471
6332.000000  -0.005155
6358.000000  -0.011103
6377.000000  0.005523
6418.000000  0.017613
6454.000000  -0.005013
6466.000000  -0.013250
6493.000000  0.002156
6522.000000  0.004208
6525.000000  -0.039928
6542.000000  0.054924
6555.000000  -0.025257
6572.000000  0.038794
6586.000000  -0.063876
6592.000000  0.004060
6598.000000  0.004623
6606.000000  -0.006758
6615.000000  -0.007626
6625.000000  0.005567
6636.000000  0.013627
6646.000000  -0.003543
6672.000000  0.018208
6687.000000  0.003288
6711.000000  0.018866
6727.000000  -0.031895
6750.000000  0.033776
6772.000000  -0.037317
6787.000000  0.035559
6815.000000  -0.007465
6836.000000  0.000149
6848.000000  -0.022757
6877.000000  -0.008630
6905.000000  0.002381
6924.000000  -0.001884
6941.000000  -0.008716
6952.000000  -0.003956
6965.000000  0.004212
6983.000000  0.007318
7008.000000  -0.012349
7029.000000  0.008135
7050.000000  0.004986
7057.000000  -0.017135
7070.000000  -0.001349
7090.000000  0.014831
7114.000000  -0.000187
7116.000000  -0.014027
7135.000000  0.009067
7159.000000  0.012843
7181.000000  -0.001136
7195.000000  0.000082
7206.000000  -0.015370
7238.000000  0.018912
7272.000000  -0.003189
7292.000000  -0.000971
7341.000000  0.040151
7371.000000  -0.006047
7395.000000  -0.002535
7417.000000  0.049303
7453.000000  0.000206
7491.000000  -0.011245
7520.000000  0.021927
7535.000000  -0.089858
7568.000000  0.055537
7592.000000  0.019906
7628.000000  -0.010643
7656.000000  0.021581
7686.000000  0.029580
7699.000000  -0.111967
7736.000000  0.112793
7774.000000  -0.030189
7795.000000  -0.065145
7840.000000  0.071290
7852.000000  -0.033888
7884.000000  -0.023316
7914.000000  -0.023012
7931.000000  -0.002766
7950.000000  -0.003431
7965.000000  0.000941
8002.000000  0.043823
8012.000000  -0.044964
8054.000000  0.018928
8085.000000  -0.015156
8117.000000  0.023716
8138.000000  -0.015636
8173.000000  0.021714
8193.000000  -0.016938
8241.000000  0.015129
8265.000000  0.010289
8272.000000  -0.048757
8301.000000  0.042180
8328.000000  0.012337
8345.000000  -0.030004
8372.000000  -0.005105
8388.000000  0.019879
8401.000000  -0.019374
8434.000000  0.022007
8458.000000  0.002931
8471.000000  -0.029634
8503.000000  0.044137
8534.000000  0.010732
8574.000000  -0.004500
8596.000000  0.002109
8610.000000  -0.026783
8638.000000  0.027081
8677.000000  -0.012315
8704.000000  0.033518
8726.000000  -0.030398
8754.000000  0.068394
8758.000000  -0.033594
8767.000000  0.061594
8771.000000  0.002230
8785.000000  -0.127569
8799.000000  0.000710
8816.000000  0.016116
8842.000000  -0.018309
8864.000000  0.026481
8876.000000  -0.031688
8893.000000  0.047813
8919.000000  0.044730
8934.000000  0.001800
8952.000000  -0.030247
8964.000000  0.017884
8976.000000  -0.001447
8989.000000  -0.064162
9014.000000  0.062853
9046.000000  0.048931
9100.000000  -0.005451
9121.000000  -0.035315
9155.000000  -0.029929
9184.000000  -0.001032
9199.000000  -0.054005
9218.000000  0.016825
9226.000000  -0.028849
9250.000000  0.021403
9276.000000  -0.000836
9296.000000  -0.011027
9310.000000  -0.017819
9323.000000  0.023311
9333.000000  0.010505
9343.000000  0.045384
9355.000000  0.041344
9363.000000  -0.124691
9376.000000  0.051192
9407.000000  0.008879
9425.000000  -0.008242
9441.000000  -0.030551
9451.000000  -0.023782
9464.000000  0.005983
9480.000000  0.004737
9505.000000  0.037763
9525.000000  0.005787
9539.000000  -0.033793
9557.000000  0.024339
9571.000000  -0.006280
9582.000000  0.001211
9591.000000  -0.006344
9606.000000  0.024806
9622.000000  -0.006041
9637.000000  0.017858
9658.000000  0.107419
9679.000000  -0.052761
9686.000000  0.013055
9696.000000  0.024202
9712.000000  0.014993
9730.000000  -0.136595
9737.000000  -0.009405
9739.000000  -0.000716
9750.000000  0.004028
9769.000000  -0.000124
9784.000000  -0.005124
9800.000000  -0.015577
9808.000000  0.005132
9815.000000  -0.015451
9825.000000  -0.006008
9827.000000  0.008517
9848.000000  0.005162
9864.000000  -0.000980
9873.000000  0.044989
9884.000000  0.047878
9899.000000  -0.095631
9913.000000  0.008106
9921.000000  0.001103
9936.000000  0.010321
9957.000000  -0.004417
9982.000000  -0.002300
9984.000000  -0.016446
9995.000000  -0.001647
10002.000000  -0.000070
10004.000000  0.000046
10014.000000  0.038879
10032.000000  -0.030226
10037.000000  -0.000788
10044.000000  -0.003519
10051.000000  0.017171
10064.000000  -0.011799
10085.000000  -0.004398
10101.000000  0.003069
10116.000000  0.008079
10133.000000  -0.009165
10152.000000  0.018592
10174.000000  -0.011136
10190.000000  0.051518
10198.000000  -0.039027
10211.000000  -0.003860
10220.000000  -0.010933
10232.000000  0.035870
10243.000000  0.026268
10252.000000  -0.055471
10255.000000  -0.017766
10263.000000  0.023902
10267.000000  -0.011777
10284.000000  -0.004838
10297.000000  0.006013
10305.000000  -0.003273
10318.000000  -0.000179
10323.000000  -0.005077
10325.000000  0.014183
10340.000000  0.003093
10364.000000  -0.000962
10375.000000  -0.006325
10379.000000  0.020157
10381.000000  -0.036749
