576.000000  0.193668
734.000000  0.130532
923.000000  0.136587
1130.000000  0.151554
1357.000000  0.169142
1564.000000  0.214565
1753.000000  0.184463
1994.000000  0.213586
2211.000000  0.230885
2397.000000  0.218374
2581.000000  0.215404
2712.000000  0.189656
2865.000000  0.221678
3035.000000  0.234485
3092.000000  0.178714
3300.000000  0.243050
3490.000000  0.250467
3632.000000  0.215518
3717.000000  0.136264
3778.000000  0.141795
3873.000000  0.168145
3981.000000  0.189196
4126.000000  0.213179
4282.000000  0.217834
4416.000000  0.184265
4540.000000  0.204389
4695.000000  0.202655
4815.000000  0.200273
4953.000000  0.195530
5063.000000  0.208900
5156.000000  0.205090
5276.000000  0.189226
5360.000000  0.181319
5407.000000  0.143485
5440.000000  0.140911
5521.000000  0.174242
5696.000000  0.202825
5812.000000  0.177802
6001.000000  0.258962
6209.000000  0.237132
6387.000000  0.244815
6505.000000  0.205771
6684.000000  0.271127
6812.000000  0.217390
7000.000000  0.267980
7117.000000  0.212379
7202.000000  0.201034
7359.000000  0.283879
7525.000000  0.269322
7598.000000  0.191784
7742.000000  0.212945
7858.000000  0.212233
7997.000000  0.230804
8082.000000  0.183143
8197.000000  0.211823
8222.000000  0.127586
8242.000000  0.136466
8315.000000  0.199613
8388.000000  0.209642
8445.000000  0.174049
8507.000000  0.205163
8591.000000  0.220270
8652.000000  0.165807
8734.000000  0.212405
8866.000000  0.244303
8948.000000  0.195630
9093.000000  0.261028
9178.000000  0.216532
9278.000000  0.232776
9398.000000  0.253556
9457.000000  0.158411
9524.000000  0.157919
9612.000000  0.210437
9702.000000  0.202309
9831.000000  0.216107
9967.000000  0.293995
10159.000000  0.335576
10247.000000  0.289189
10361.000000  0.305563
10458.000000  0.302483
10565.000000  0.311512
10647.000000  0.306485
10765.000000  0.416719
10857.000000  0.429021
10959.000000  0.361635
11072.000000  0.445501
11156.000000  0.395118
11240.000000  0.378060
11305.000000  0.419417
11356.000000  0.281178
11424.000000  0.360617
11549.000000  0.412506
11657.000000  0.293212
11737.000000  0.290786
11793.000000  0.259149
11839.000000  0.264759
11902.000000  0.242983
11968.000000  0.236172
12032.000000  0.248108
12105.000000  0.281594
12177.000000  0.306965
12219.000000  0.331459
12259.000000  0.262609
12329.000000  0.305587
12400.000000  0.318202
12518.000000  0.284538
12606.000000  0.267448
12727.000000  0.280091
12855.000000  0.267528
12939.000000  0.257447
13070.000000  0.259247
13188.000000  0.303326
13258.000000  0.273621
13315.000000  0.278408
13399.000000  0.296858
13526.000000  0.313349
13666.000000  0.330667
13789.000000  0.320855
13920.000000  0.311484
14040.000000  0.303116
14163.000000  0.325582
14328.000000  0.353478
14487.000000  0.403564
14606.000000  0.453423
14699.000000  0.484748
14811.000000  0.519715
14908.000000  0.551399
15010.000000  0.584929
15081.000000  0.507618
15149.000000  0.507939
15314.000000  0.681612
15428.000000  0.652134
15511.000000  0.269200
15651.000000  0.474863
15720.000000  0.793061
15813.000000  0.256855
15900.000000  0.211304
16038.000000  0.262660
16140.000000  0.261823
16193.000000  0.242854
16243.000000  0.232243
16315.000000  0.269167
16395.000000  0.249505
16432.000000  0.199934
16492.000000  0.217506
16552.000000  0.228076
16612.000000  0.228859
16682.000000  0.405372
16797.000000  0.527115
16912.000000  0.534839
17051.000000  0.514943
17192.000000  0.385481
17331.000000  0.321116
17455.000000  0.320483
17520.000000  0.236206
17678.000000  0.354681
17829.000000  0.335302
17976.000000  0.522433
18115.000000  0.474432
18234.000000  0.503861
18319.000000  0.455436
18387.000000  0.414034
18487.000000  0.477351
18594.000000  0.249482
18694.000000  0.246898
18813.000000  0.252358
18936.000000  0.259374
19035.000000  0.658263
19126.000000  0.245795
19219.000000  0.253483
19347.000000  0.273362
19473.000000  0.284609
19568.000000  0.288459
19674.000000  0.298230
19864.000000  0.357009
20053.000000  0.383194
20212.000000  0.388225
20394.000000  0.376065
20614.000000  0.397689
20781.000000  0.366047
20916.000000  0.340993
21062.000000  0.336547
21220.000000  0.345546
21405.000000  0.359614
21512.000000  0.337685
21636.000000  0.315642
21762.000000  0.389114
21872.000000  0.404855
22045.000000  0.417097
22116.000000  0.423275
22199.000000  0.585755
22327.000000  0.811086
22416.000000  0.811703
22492.000000  0.835624
22603.000000  0.664135
22660.000000  0.629552
22733.000000  0.317758
22766.000000  0.285016
22836.000000  0.311417
22851.000000  0.284025
22871.000000  0.325348
23022.000000  0.303723
23071.000000  0.285555
23132.000000  0.275077
23224.000000  0.537826
23281.000000  0.507493
23381.000000  0.577478
23512.000000  0.568550
23644.000000  0.619270
23783.000000  0.612513
23935.000000  0.578573
24028.000000  0.426180
24148.000000  0.543171
24240.000000  0.519441
24292.000000  0.268832
24362.000000  0.328061
24438.000000  0.337102
24536.000000  0.334596
24656.000000  0.334393
24753.000000  0.321749
24852.000000  0.315901
24942.000000  0.305646
25006.000000  0.311144
25061.000000  0.289821
25095.000000  0.294182
25137.000000  0.340125
25157.000000  0.368478
25181.000000  0.391213
25202.000000  0.391920
25222.000000  0.406634
25241.000000  0.476641
25289.000000  0.337734
25340.000000  0.345558
25464.000000  0.355232
25602.000000  0.327142
25677.000000  0.293692
25760.000000  0.311117
25869.000000  0.363838
25893.000000  0.302197
25995.000000  0.385077
26086.000000  0.334016
26179.000000  0.339650
26257.000000  0.355315
26354.000000  0.353222
26514.000000  0.385638
26673.000000  0.371822
26836.000000  0.380888
26993.000000  0.379735
27157.000000  0.378154
27261.000000  0.385226
27374.000000  0.368112
27464.000000  0.353838
27541.000000  0.351975
27644.000000  0.379578
27816.000000  0.396099
27952.000000  0.402706
28075.000000  0.402334
28146.000000  0.389735
28218.000000  0.384071
28307.000000  0.393562
28384.000000  0.400883
28488.000000  0.404804
28608.000000  0.431052
28735.000000  0.455849
28901.000000  0.398222
29026.000000  0.448041
29134.000000  0.393241
29242.000000  0.398140
29347.000000  0.387270
29500.000000  0.415205
29656.000000  0.447593
29749.000000  0.427600
29845.000000  0.392303
29905.000000  0.383842
30022.000000  0.360097
30106.000000  0.378564
30157.000000  0.410666
30195.000000  0.431497
30228.000000  0.408335
30276.000000  0.478186
30310.000000  0.477279
30330.000000  0.475755
30338.000000  0.461772
30342.000000  0.516773
30404.000000  0.467682
30566.000000  0.478173
30693.000000  0.455690
30799.000000  0.422408
30913.000000  0.507568
31046.000000  0.519640
31076.000000  0.491512
31128.000000  0.476620
31204.000000  0.417579
31259.000000  0.416609
31326.000000  0.340476
31417.000000  0.368589
31526.000000  0.371786
31581.000000  0.373818
31630.000000  0.405990
31708.000000  0.474150
31759.000000  0.521722
31794.000000  0.488437
31820.000000  0.454782
31848.000000  0.423815
31899.000000  0.448792
32033.000000  0.395266
32174.000000  0.392896
32312.000000  0.402180
32419.000000  0.413139
32523.000000  0.406268
32664.000000  0.388284
32784.000000  0.395975
32910.000000  0.389841
33009.000000  0.400369
33057.000000  0.335964
33186.000000  0.402468
33276.000000  0.380222
33319.000000  0.362647
33359.000000  0.364224
33395.000000  0.364337
33464.000000  0.407678
33518.000000  0.370669
33645.000000  0.414461
33726.000000  0.462241
33771.000000  0.432663
33830.000000  0.399901
33881.000000  0.348441
33967.000000  5.273394
34159.000000  0.468311
34206.000000  0.410875
34238.000000  0.346821
34307.000000  0.364383
34387.000000  0.365535
34440.000000  1.226440
34539.000000  0.375954
34719.000000  0.420312
34820.000000  0.406534
35007.000000  0.448429
35183.000000  0.482533
35371.000000  0.510411
35568.000000  2.315209
35743.000000  0.433848
35841.000000  0.472080
35917.000000  5.586764
35961.000000  0.394485
35980.000000  0.372931
36021.000000  0.412412
36077.000000  0.409103
36155.000000  0.454063
36214.000000  0.462757
36320.000000  0.508216
36411.000000  0.492790
36482.000000  0.489609
36525.000000  0.447205
36572.000000  0.429428
36607.000000  0.420553
36655.000000  0.433709
36713.000000  0.439846
36793.000000  0.442428
36836.000000  0.399767
36967.000000  0.499234
37095.000000  0.505541
37218.000000  0.505126
37293.000000  0.512663
37365.000000  0.533776
37454.000000  0.531037
37551.000000  0.510407
37628.000000  0.412918
37668.000000  0.415999
37721.000000  0.413654
37733.000000  0.401137
37780.000000  0.451255
37818.000000  0.457219
37823.000000  0.368303
37888.000000  0.390249
37964.000000  0.401583
38020.000000  0.414552
38076.000000  0.409631
38132.000000  0.400679
38181.000000  0.413171
38228.000000  0.402649
38291.000000  0.405195
38366.000000  0.449242
38448.000000  0.451693
38542.000000  0.433512
38642.000000  0.435583
38754.000000  0.458557
38863.000000  0.473093
38951.000000  0.473292
39023.000000  0.471341
39052.000000  0.482217
39082.000000  0.394467
39114.000000  0.405882
39116.000000  0.395517
39197.000000  0.409168
39321.000000  0.463922
39439.000000  0.437550
39556.000000  0.454999
39631.000000  0.449903
39736.000000  0.447900
39814.000000  0.441374
39898.000000  0.455594
39984.000000  0.485544
40031.000000  0.459381
40056.000000  0.397354
40094.000000  0.435521
40121.000000  0.426857
40172.000000  0.420584
40255.000000  0.416797
40339.000000  0.427503
40433.000000  0.435181
40499.000000  0.452156
40525.000000  0.414923
40542.000000  0.417921
40576.000000  0.416718
40681.000000  0.426337
40712.000000  0.389074
40746.000000  0.403392
40770.000000  0.401136
40809.000000  0.410165
40822.000000  0.395458
