399.000000  0.094700
523.000000  0.108984
633.000000  0.104322
775.000000  0.111855
911.000000  0.114947
1027.000000  0.100877
1137.000000  0.136670
1262.000000  0.103510
1382.000000  0.116815
1523.000000  0.119956
1654.000000  0.116897
1716.000000  0.109125
1802.000000  0.109652
1907.000000  0.104655
2009.000000  0.098526
2028.000000  0.037062
2119.000000  0.105158
2235.000000  0.099060
2235.000000  0.000082
2320.000000  0.088584
2396.000000  0.090913
2507.000000  0.098352
2622.000000  0.121743
2622.000000  0.000106
2707.000000  0.091859
2791.000000  0.122318
2889.000000  0.117096
2889.000000  0.000091
2986.000000  0.134889
3068.000000  0.081541
3134.000000  0.079444
3192.000000  0.062227
3305.000000  0.105509
3450.000000  0.125005
3556.000000  0.112458
3635.000000  0.114781
3752.000000  0.127768
3905.000000  0.139536
4030.000000  0.151156
4119.000000  0.127952
4256.000000  0.128028
4324.000000  0.129595
4384.000000  0.097930
4443.000000  0.100481
4515.000000  0.083315
4593.000000  0.079398
4629.000000  0.073550
4659.000000  0.053073
4697.000000  0.057837
4774.000000  0.081869
4850.000000  0.086576
4958.000000  0.115748
5021.000000  0.083442
5061.000000  0.065930
5183.000000  0.121262
5215.000000  0.043008
5334.000000  0.122595
5355.000000  0.042339
5438.000000  0.112394
5522.000000  0.111672
5607.000000  0.129877
5690.000000  0.114191
5775.000000  0.123176
5859.000000  0.121052
5943.000000  0.116996
6027.000000  0.126108
6144.000000  0.148392
6189.000000  0.077408
6314.000000  0.149764
6445.000000  0.139271
6585.000000  0.132191
6717.000000  0.125620
6872.000000  0.138113
7019.000000  0.140611
7148.000000  0.131956
7277.000000  0.135604
7418.000000  0.140318
7457.000000  0.055609
7563.000000  0.153811
7648.000000  0.051263
7752.000000  0.106913
7857.000000  0.117510
7973.000000  0.126054
8038.000000  0.065780
8220.000000  0.109015
8417.000000  0.146355
8589.000000  0.162749
8771.000000  0.170799
8924.000000  0.172368
9072.000000  0.178288
9242.000000  0.175866
9285.000000  0.095244
9428.000000  0.152779
9589.000000  0.151249
9711.000000  0.131244
9843.000000  0.081482
9974.000000  0.145733
10115.000000  0.141710
10266.000000  0.157444
10379.000000  0.091304
10490.000000  0.120816
10630.000000  0.144061
10701.000000  0.078018
10850.000000  0.154630
11002.000000  0.141211
11143.000000  0.133479
11304.000000  0.141437
11468.000000  0.145303
11624.000000  0.138244
11715.000000  0.112811
11796.000000  0.081831
11899.000000  0.103018
11999.000000  0.088877
12131.000000  0.134415
12240.000000  0.125917
12346.000000  0.137802
12440.000000  0.145845
12522.000000  0.139050
12598.000000  0.152351
12655.000000  0.113804
12715.000000  0.110131
12765.000000  0.126878
12796.000000  0.115165
12888.000000  0.189989
12983.000000  0.201263
13070.000000  0.182140
13132.000000  0.194282
13165.000000  0.149082
13232.000000  0.170330
13282.000000  0.185129
13337.000000  0.219015
13405.000000  0.241970
13467.000000  0.239652
13525.000000  0.216949
13585.000000  0.270229
13632.000000  0.219563
13737.000000  0.306078
13823.000000  0.341847
13846.000000  0.334168
13866.000000  0.188228
13895.000000  0.167127
13928.000000  0.178936
13993.000000  0.316505
14057.000000  0.321173
14111.000000  0.188206
14158.000000  0.202514
14204.000000  0.188270
14241.000000  0.189511
14278.000000  0.120808
14316.000000  0.146613
14353.000000  0.151103
14391.000000  0.143901
14444.000000  0.182446
14532.000000  0.219249
14606.000000  0.142319
14671.000000  0.135926
14709.000000  0.104425
14743.000000  0.087175
14825.000000  0.101759
14899.000000  0.228813
14975.000000  0.185886
15039.000000  0.208373
15076.000000  0.228153
15146.000000  0.250017
15250.000000  0.308299
15309.000000  0.221580
15421.000000  0.286254
15498.000000  0.260046
15578.000000  0.261916
15680.000000  0.296088
15772.000000  0.263176
15889.000000  0.477350
15979.000000  0.414287
16001.000000  0.622974
16079.000000  0.048928
16134.000000  0.050278
16226.000000  0.070036
16311.000000  0.252259
16407.000000  0.168925
16483.000000  0.260193
16534.000000  0.193771
16570.000000  0.062532
16630.000000  0.269552
16742.000000  0.272368
16787.000000  0.276166
16892.000000  0.343834
17015.000000  0.367413
17132.000000  0.345810
17232.000000  0.369171
17343.000000  0.313555
17456.000000  0.328001
17585.000000  0.314303
17668.000000  0.296088
17739.000000  0.255056
17790.000000  0.036003
17847.000000  0.033920
17924.000000  0.060289
18005.000000  0.079517
18069.000000  0.070362
18132.000000  0.057202
18194.000000  0.052934
18254.000000  0.047618
18314.000000  0.046009
18386.000000  0.072819
18449.000000  0.056160
18509.000000  0.068772
18590.000000  0.086633
18678.000000  0.106472
18733.000000  0.062065
18850.000000  0.117360
18969.000000  0.131118
19084.000000  0.088971
19204.000000  0.119651
19328.000000  0.105888
19385.000000  0.078117
19470.000000  0.091375
19573.000000  0.113090
19691.000000  0.151961
19763.000000  0.187982
19848.000000  0.147110
19909.000000  0.185462
19976.000000  0.218682
20027.000000  0.508856
20106.000000  0.062556
20179.000000  0.087446
20269.000000  0.097294
20340.000000  0.096197
20430.000000  0.087151
20500.000000  0.105892
20547.000000  0.084912
20604.000000  0.075726
20657.000000  0.066265
20686.000000  0.058594
20734.000000  0.082315
20785.000000  0.090483
20842.000000  0.166542
20939.000000  0.287123
20991.000000  0.240954
21035.000000  0.258126
21081.000000  0.216979
21130.000000  0.200516
21189.000000  0.220798
21248.000000  0.247837
21275.000000  0.166258
21314.000000  0.240285
21367.000000  0.091773
21382.000000  0.072976
21468.000000  0.063377
21576.000000  0.108982
21673.000000  0.178843
21747.000000  0.135351
21843.000000  0.189969
21913.000000  0.216443
21975.000000  0.199039
22030.000000  0.192584
22066.000000  0.107025
22143.000000  0.174751
22258.000000  0.085944
22347.000000  0.096844
22440.000000  0.106300
22516.000000  0.117835
22602.000000  0.121482
22751.000000  0.167322
22882.000000  0.135158
23016.000000  0.117950
23118.000000  0.105510
23214.000000  0.147476
23332.000000  0.176122
23422.000000  0.172698
23472.000000  0.117921
23565.000000  0.171083
23656.000000  0.119376
23731.000000  0.113942
23794.000000  0.125594
23883.000000  0.175398
23985.000000  0.188558
24058.000000  0.148544
24149.000000  0.139203
24244.000000  0.141812
24358.000000  0.184446
24470.000000  0.198217
24578.000000  0.158849
24698.000000  0.190058
24767.000000  0.116646
24780.000000  0.061480
24831.000000  0.155137
24889.000000  0.192080
24947.000000  0.197765
25003.000000  0.200389
25056.000000  0.151011
25108.000000  0.141454
25164.000000  0.136281
25220.000000  0.173186
25286.000000  0.212043
25379.000000  0.162142
25457.000000  0.125395
25516.000000  0.086610
25562.000000  0.041614
25595.000000  0.079688
25624.000000  0.149746
25629.000000  0.252553
25654.000000  0.138948
25701.000000  0.123200
25750.000000  0.143641
25799.000000  0.159058
25848.000000  0.162405
25873.000000  0.134027
25879.000000  0.099028
25954.000000  0.078113
25983.000000  0.026436
26084.000000  0.109808
26155.000000  0.108811
26269.000000  0.112705
26335.000000  0.102517
26426.000000  0.115642
26537.000000  0.134411
26612.000000  0.116123
26654.000000  0.093257
26732.000000  0.108856
26750.000000  0.090617
26770.000000  0.075875
26786.000000  0.056355
26796.000000  0.046046
26878.000000  0.073931
26954.000000  0.105072
27003.000000  0.122795
27047.000000  0.074564
27107.000000  0.089055
27146.000000  0.071607
27172.000000  0.078207
27278.000000  0.053564
27370.000000  0.072768
27397.000000  0.053129
27471.000000  0.066455
27536.000000  0.071322
27646.000000  0.094720
27728.000000  0.105056
27873.000000  0.117166
27996.000000  0.119537
28152.000000  0.140970
28271.000000  0.117711
28389.000000  0.125115
28496.000000  0.123687
28549.000000  0.098276
28600.000000  0.076823
28656.000000  0.085932
28736.000000  0.099821
28766.000000  0.040838
28811.000000  0.122272
28862.000000  0.149131
28920.000000  0.105843
28953.000000  0.107970
28967.000000  0.046576
28976.000000  0.012834
29058.000000  0.065176
29158.000000  0.088219
29283.000000  0.099666
29332.000000  0.040374
29431.000000  0.096066
29497.000000  0.096919
29551.000000  0.082294
29601.000000  0.068217
29663.000000  0.087621
29734.000000  0.090952
29780.000000  0.092019
29831.000000  0.072613
29867.000000  0.048806
29947.000000  0.025155
30044.000000  0.054104
30098.000000  0.035595
30143.000000  0.043821
30226.000000  0.064144
30303.000000  0.088198
30395.000000  0.096755
30503.000000  0.113120
30609.000000  0.126705
30670.000000  0.085087
30685.000000  0.029570
30754.000000  0.073646
30791.000000  0.038703
30823.000000  0.023000
30859.000000  0.068394
30861.000000  0.008642
30953.000000  0.057933
31028.000000  0.073211
31126.000000  0.085136
31202.000000  0.094038
31267.000000  0.078736
31284.000000  0.035109
31289.000000  0.046882
31345.000000  0.049615
31417.000000  0.078350
31484.000000  0.081448
31601.000000  0.101676
31679.000000  0.113608
31782.000000  0.126337
31860.000000  0.103946
31906.000000  0.102163
31917.000000  0.097058
31957.000000  0.073579
32002.000000  0.093431
32030.000000  0.078877
32054.000000  0.099032
32083.000000  0.095600
32103.000000  0.047102
32237.000000  0.100799
32379.000000  0.096331
32449.000000  0.091812
32532.000000  0.100434
32633.000000  0.102220
32676.000000  0.053843
32769.000000  0.108646
32872.000000  0.114446
32985.000000  0.119472
33088.000000  0.117753
33209.000000  0.134737
33269.000000  0.108145
33282.000000  0.029910
33382.000000  0.115887
33446.000000  0.111050
33489.000000  0.109336
33540.000000  0.134630
33581.000000  0.131458
33613.000000  0.078663
33617.000000  0.044354
33649.000000  0.074547
33695.000000  0.066495
33698.000000  0.053728
33751.000000  0.046836
33813.000000  0.062771
33897.000000  0.076300
33990.000000  0.113284
34088.000000  0.109171
34188.000000  0.112834
34211.000000  0.060370
34244.000000  0.062992
34245.000000  0.045303
34303.000000  0.080684
34326.000000  0.062665
34360.000000  0.030962
34394.000000  0.037424
34442.000000  0.039502
34497.000000  0.051306
34564.000000  0.063892
34585.000000  0.023474
34652.000000  0.053382
34705.000000  0.047431
34765.000000  0.046611
34851.000000  0.025910
34944.000000  0.068224
35049.000000  0.092211
35195.000000  0.104551
35237.000000  0.061291
35372.000000  0.114939
35472.000000  0.104985
35544.000000  0.106072
35616.000000  0.092617
35688.000000  0.105921
35792.000000  0.106382
35867.000000  0.091089
35937.000000  0.087974
36026.000000  0.099934
36101.000000  0.098178
36171.000000  0.098777
36268.000000  0.088862
36315.000000  0.083023
36403.000000  0.101170
36544.000000  0.135982
36693.000000  0.150419
36773.000000  0.101977
36836.000000  0.089523
36867.000000  0.053181
36917.000000  0.085676
36981.000000  0.097161
37056.000000  0.102764
37120.000000  0.092552
37187.000000  0.107539
37288.000000  0.107307
37402.000000  0.120844
37502.000000  0.110051
37618.000000  0.123163
37729.000000  0.121249
37835.000000  0.123001
37944.000000  0.135532
37995.000000  0.091476
38107.000000  0.157764
38204.000000  0.132216
38283.000000  0.149253
38392.000000  0.135067
38467.000000  0.124290
38542.000000  0.115693
38567.000000  0.125578
38594.000000  0.126255
38634.000000  0.144168
38680.000000  0.180385
38728.000000  0.156300
38780.000000  0.198240
38832.000000  0.147755
38883.000000  0.143184
38948.000000  0.170034
39001.000000  0.130619
39053.000000  0.141220
39127.000000  0.191565
39160.000000  0.108520
39245.000000  0.191593
39321.000000  0.202284
39391.000000  0.224327
39432.000000  0.227474
39471.000000  0.213360
39524.000000  0.223059
39553.000000  0.256515
39591.000000  0.319809
39623.000000  0.076863
39630.000000  0.046994
39635.000000  0.080895
39721.000000  0.063214
39800.000000  0.077518
39857.000000  0.073812
39920.000000  0.046996
39996.000000  0.113621
40032.000000  0.050737
40134.000000  0.069550
40215.000000  0.122069
40322.000000  0.151209
40399.000000  0.136235
40488.000000  0.139378
40537.000000  0.131701
40573.000000  0.124499
40583.000000  0.102615
40654.000000  0.121048
40712.000000  0.044068
40748.000000  0.020175
40768.000000  0.029287
40814.000000  0.022915
40820.000000  0.010501
