269.000000  0.012001
337.000000  -0.000769
370.000000  0.002291
423.000000  -0.001071
483.000000  0.000365
533.000000  0.010090
574.000000  -0.006762
624.000000  0.006087
687.000000  0.000310
741.000000  -0.006091
791.000000  0.000578
847.000000  -0.001333
889.000000  -0.002493
926.000000  0.002311
978.000000  -0.000245
1032.000000  -0.000105
1075.000000  0.001357
1118.000000  0.000013
1146.000000  -0.000291
1179.000000  -0.001660
1214.000000  0.003579
1215.000000  -0.001517
1240.000000  -0.002170
1270.000000  0.001654
1292.000000  -0.000830
1345.000000  0.002808
1394.000000  0.000376
1456.000000  0.002390
1493.000000  0.003846
1550.000000  -0.006652
1588.000000  0.000155
1614.000000  0.007274
1638.000000  -0.005757
1660.000000  -0.000748
1680.000000  -0.000664
1717.000000  0.000062
1754.000000  0.000360
1793.000000  0.001062
1821.000000  0.003063
1853.000000  -0.002773
1883.000000  0.001571
1899.000000  -0.001667
1925.000000  -0.000070
1944.000000  0.007788
1982.000000  -0.007168
2030.000000  0.000931
2072.000000  0.002010
2112.000000  -0.000970
2134.000000  0.001405
2165.000000  0.005576
2211.000000  -0.007947
2244.000000  0.000021
2280.000000  -0.001305
2303.000000  -0.000349
2327.000000  0.003048
2357.000000  -0.003595
2371.000000  -0.001068
2390.000000  -0.000578
2398.000000  0.000290
2431.000000  0.002063
2466.000000  0.011661
2496.000000  -0.008392
2523.000000  -0.003684
2544.000000  -0.000512
2578.000000  0.002602
2590.000000  -0.001927
2616.000000  -0.000505
2645.000000  0.000018
2669.000000  -0.001044
2693.000000  -0.000088
2717.000000  0.003551
2743.000000  -0.001809
2772.000000  0.002132
2800.000000  0.003129
2829.000000  0.006618
2867.000000  -0.010216
2928.000000  0.001344
2951.000000  0.000546
2987.000000  0.005415
3035.000000  -0.007343
3088.000000  0.003206
3124.000000  -0.002006
3175.000000  0.007589
3235.000000  0.019025
3268.000000  -0.020099
3315.000000  -0.000749
3349.000000  -0.002983
3381.000000  0.004123
3408.000000  0.003087
3440.000000  -0.002834
3477.000000  -0.001134
3519.000000  0.000535
3563.000000  0.000198
3605.000000  0.001122
3642.000000  -0.000304
3689.000000  0.001775
3759.000000  0.012675
3839.000000  -0.009244
3879.000000  -0.000366
3929.000000  0.000306
3996.000000  -0.000431
3999.000000  -0.001135
4062.000000  0.008957
4121.000000  -0.005550
4163.000000  0.000652
4213.000000  0.011275
4248.000000  -0.012016
4287.000000  0.000493
4344.000000  0.001698
4404.000000  0.001653
4448.000000  -0.004111
4476.000000  0.000918
4505.000000  0.008136
4511.000000  -0.004087
4535.000000  0.004640
4577.000000  -0.007123
4627.000000  -0.003539
4670.000000  0.000817
4712.000000  -0.000627
4712.000000  0.002717
4743.000000  0.006398
4773.000000  -0.006529
4795.000000  -0.002746
4821.000000  -0.000340
4866.000000  0.009594
4904.000000  -0.008528
4926.000000  0.001036
4951.000000  -0.000496
4981.000000  0.001117
5018.000000  -0.000398
5050.000000  0.000518
5075.000000  -0.002555
5112.000000  0.003544
5151.000000  0.006271
5198.000000  -0.005400
5238.000000  -0.005329
5286.000000  0.004069
5316.000000  0.006773
5364.000000  -0.005666
5369.000000  0.001358
5417.000000  -0.003212
5474.000000  -0.000005
5474.000000  0.008001
5528.000000  -0.005438
5599.000000  -0.000667
5659.000000  0.001638
5715.000000  0.006300
5772.000000  -0.004396
5848.000000  0.001143
5904.000000  0.009578
5962.000000  -0.005537
6009.000000  0.010048
6041.000000  0.001006
6110.000000  -0.008001
6167.000000  -0.003838
6210.000000  0.010618
6248.000000  -0.008908
6322.000000  0.004596
6366.000000  -0.001614
6427.000000  -0.000045
6482.000000  0.016285
6503.000000  -0.008415
6546.000000  -0.008859
6587.000000  -0.002062
6632.000000  0.005558
6641.000000  -0.000416
6692.000000  -0.002315
6744.000000  0.017720
6759.000000  -0.016520
6838.000000  -0.000384
6899.000000  0.002245
6937.000000  -0.002483
6996.000000  0.008391
7056.000000  0.000920
7094.000000  -0.000542
7105.000000  -0.001415
7153.000000  -0.008971
7197.000000  0.000251
7237.000000  0.001489
7269.000000  -0.001344
7319.000000  0.009263
7368.000000  -0.010412
7394.000000  0.002998
7409.000000  -0.001088
7448.000000  0.009828
7452.000000  -0.003725
7495.000000  -0.001279
7495.000000  -0.008427
7535.000000  0.000602
7580.000000  -0.001257
7621.000000  0.001336
7649.000000  0.002016
7673.000000  0.019880
7698.000000  -0.025285
7726.000000  -0.000735
7763.000000  -0.001455
7796.000000  0.021097
7826.000000  -0.019468
7868.000000  0.001520
7907.000000  0.001644
7944.000000  -0.002781
7981.000000  0.001351
8027.000000  0.004271
8068.000000  0.000782
8123.000000  0.008608
8139.000000  -0.013791
8186.000000  0.009618
8229.000000  0.007279
8262.000000  -0.021196
8301.000000  0.008250
8344.000000  -0.002699
8382.000000  -0.002824
8421.000000  -0.001029
8461.000000  -0.002621
8480.000000  -0.000521
8500.000000  -0.003130
8516.000000  0.009678
8545.000000  -0.010051
8571.000000  0.011170
8588.000000  -0.011731
8615.000000  -0.000846
8631.000000  -0.001166
8651.000000  0.000975
8684.000000  0.006485
8712.000000  0.002605
8766.000000  -0.009039
8802.000000  0.001996
8823.000000  0.004180
8848.000000  -0.006646
8871.000000  -0.000230
8894.000000  -0.004849
8914.000000  0.006193
8936.000000  -0.006966
8957.000000  0.000397
8976.000000  0.001184
9000.000000  0.002545
9018.000000  0.007204
9049.000000  -0.010036
9070.000000  -0.000468
9079.000000  0.001743
9100.000000  -0.002571
9116.000000  0.010112
9124.000000  -0.013776
9134.000000  0.012527
9154.000000  -0.002980
9193.000000  -0.010348
9222.000000  0.001453
9251.000000  -0.000982
9292.000000  0.012713
9308.000000  -0.015329
9357.000000  -0.001294
9357.000000  -0.001063
9383.000000  0.009334
9417.000000  -0.004695
9437.000000  -0.003449
9451.000000  0.000189
9483.000000  0.007276
9511.000000  -0.006063
9536.000000  -0.003186
9561.000000  -0.001920
9561.000000  -0.000600
9573.000000  0.000020
9579.000000  -0.001465
9602.000000  -0.000617
9616.000000  -0.002506
9626.000000  0.000612
9648.000000  0.001962
9698.000000  -0.003616
9726.000000  0.005279
9765.000000  -0.004265
9804.000000  -0.003204
9838.000000  0.000868
9845.000000  -0.000813
9852.000000  -0.001465
9854.000000  -0.001099
9880.000000  0.004754
9903.000000  -0.003783
9910.000000  0.000433
9929.000000  0.001562
9957.000000  0.002113
10001.000000  -0.002000
10030.000000  0.001609
10030.000000  -0.000221
10059.000000  -0.000268
10094.000000  -0.002399
10128.000000  -0.002337
10133.000000  -0.000553
10151.000000  -0.000442
10165.000000  0.000556
10187.000000  -0.000734
10203.000000  0.000258
10226.000000  0.000574
10257.000000  -0.000118
10263.000000  -0.002095
10285.000000  0.000900
10307.000000  -0.000769
10320.000000  0.000344
10342.000000  -0.000328
10368.000000  -0.000092
10376.000000  -0.001040
