2285.000000  0.345718
2953.000000  -0.021382
3561.000000  -0.042677
3726.000000  -0.026328
4415.000000  0.120548
4988.000000  0.020107
5594.000000  -0.041973
6316.000000  0.057364
6810.000000  -0.048264
7402.000000  0.047569
8121.000000  0.056210
8998.000000  0.107007
9892.000000  0.002116
10732.000000  0.027232
11472.000000  -0.068289
12204.000000  -0.087821
12912.000000  0.056613
13453.000000  -0.041944
13976.000000  -0.017768
14569.000000  0.068713
15048.000000  -0.055110
15596.000000  0.053131
16055.000000  -0.035507
16344.000000  -0.135454
16936.000000  -0.097295
17394.000000  0.036085
18122.000000  0.119263
18795.000000  0.041617
19220.000000  -0.047967
19902.000000  -0.016363
20608.000000  0.040178
21211.000000  -0.023802
21760.000000  -0.039293
22272.000000  -0.089239
22768.000000  0.022307
23149.000000  -0.043252
23492.000000  -0.094246
24016.000000  0.063890
24537.000000  0.094348
25112.000000  0.025196
25617.000000  0.108638
26193.000000  0.022317
26726.000000  -0.015846
27263.000000  0.007420
27732.000000  -0.081803
28270.000000  0.152485
28901.000000  -0.006415
29548.000000  -0.030782
29923.000000  -0.092436
30434.000000  -0.107981
31039.000000  0.092811
31667.000000  0.158718
32560.000000  0.132265
33464.000000  -0.056616
34336.000000  0.116988
35026.000000  0.034704
35380.000000  0.083160
35833.000000  -0.220177
36207.000000  0.180135
36453.000000  0.007406
36945.000000  -0.301252
37393.000000  -0.001530
37882.000000  0.050259
38529.000000  0.311981
39050.000000  -0.140925
39416.000000  -0.117200
39696.000000  -0.301826
39936.000000  -0.054555
40158.000000  0.031543
40287.000000  0.087176
40594.000000  -0.024588
40786.000000  -0.000378
41059.000000  0.117157
41250.000000  -0.078142
41482.000000  0.101288
41803.000000  -0.047013
42089.000000  -0.100992
42398.000000  0.027697
42795.000000  -0.047009
43041.000000  -0.114894
43626.000000  0.034128
44371.000000  0.127542
44810.000000  0.047956
45201.000000  -0.030043
45452.000000  -0.030104
45672.000000  -0.016672
45992.000000  0.004466
46227.000000  -0.199920
46455.000000  -0.011082
46779.000000  0.199077
47150.000000  0.194301
47809.000000  0.252419
48403.000000  -0.079387
48989.000000  0.036085
49542.000000  0.203329
50059.000000  0.207318
50458.000000  0.028277
51219.000000  0.080007
51568.000000  0.200273
52139.000000  -0.000276
52559.000000  0.085985
52814.000000  -1.293303
53235.000000  0.037297
53782.000000  -0.003499
54106.000000  0.587533
54550.000000  0.351349
54971.000000  -0.421260
55347.000000  -0.081426
55558.000000  -0.129302
55879.000000  -0.013628
56041.000000  0.158746
56174.000000  0.302980
56482.000000  0.700865
56709.000000  -1.633722
56992.000000  0.010730
57246.000000  0.007178
57491.000000  0.588965
58187.000000  0.385111
58937.000000  -0.149550
59519.000000  0.216365
60297.000000  -0.180056
60891.000000  0.166396
61353.000000  -0.258974
61792.000000  -0.632121
62304.000000  0.138658
62842.000000  0.330562
63524.000000  -0.340300
64170.000000  0.259876
64835.000000  -0.262606
65429.000000  0.163605
65864.000000  0.171100
66179.000000  0.321212
66691.000000  0.127132
67067.000000  -0.011382
67522.000000  0.177002
67730.000000  -1.083424
67892.000000  -0.084007
68367.000000  0.020098
68671.000000  -0.009196
68952.000000  0.730467
69193.000000  -0.160197
69468.000000  -0.529168
69890.000000  0.101346
70321.000000  0.028312
70626.000000  -0.053190
70847.000000  -0.040304
71158.000000  0.067547
71388.000000  -0.074388
71655.000000  -0.100894
71889.000000  -0.021489
72098.000000  0.046272
72305.000000  0.105347
72571.000000  0.003551
72660.000000  -0.217971
72787.000000  0.041076
73327.000000  0.162019
73683.000000  0.107421
74233.000000  0.110067
74600.000000  -0.021863
74892.000000  0.020141
75154.000000  0.016662
75350.000000  0.042620
75692.000000  -0.179467
75920.000000  0.030910
76205.000000  0.169213
76511.000000  0.047369
76903.000000  0.115958
77269.000000  -0.138433
77506.000000  -0.072914
77766.000000  -0.267315
78184.000000  0.055840
78422.000000  0.285213
78549.000000  0.014459
78714.000000  0.133951
79017.000000  -0.624508
79302.000000  0.009071
79521.000000  0.004558
79891.000000  -0.007703
80195.000000  0.310319
80384.000000  -0.004737
80584.000000  -0.008506
80763.000000  -0.316406
81050.000000  0.152562
81175.000000  0.005481
81390.000000  -0.021698
81606.000000  0.031499
81862.000000  -0.000717
82168.000000  0.033708
82226.000000  0.037488
82608.000000  -0.211855
82780.000000  -0.003469
82998.000000  0.013714
83392.000000  0.264904
83779.000000  0.009129
84152.000000  -0.109528
84485.000000  -0.075736
84662.000000  0.027777
84876.000000  -0.095143
85114.000000  0.064068
85274.000000  -0.140907
85433.000000  -0.013744
85591.000000  0.007139
85721.000000  0.032462
85829.000000  -0.022965
85877.000000  0.034666
85921.000000  0.046901
85972.000000  0.178762
86020.000000  0.249560
86250.000000  -0.532697
86453.000000  0.008745
86745.000000  0.393203
86975.000000  -0.251607
87080.000000  -0.065655
87267.000000  -0.070487
87555.000000  0.048671
87814.000000  0.015759
88039.000000  -0.021948
88246.000000  0.003046
88395.000000  -0.017685
88613.000000  0.103467
88849.000000  0.011372
89125.000000  0.039807
89375.000000  -0.148931
89477.000000  -0.029299
89574.000000  -0.018810
89592.000000  -0.033346
89785.000000  0.044414
89967.000000  0.008384
90134.000000  -0.003794
90289.000000  0.124350
90392.000000  -0.111454
90521.000000  0.000015
90529.000000  -0.085322
90755.000000  0.093581
90879.000000  -0.005886
91032.000000  -0.017370
91229.000000  0.064994
91355.000000  -0.042556
91482.000000  0.010068
91509.000000  -0.067101
