2285.000000  73.988922
2953.000000  83.494446
3561.000000  80.661362
3726.000000  77.830437
4415.000000  81.769295
4988.000000  83.261513
5594.000000  79.140335
6316.000000  80.980904
6810.000000  78.639709
7402.000000  79.156059
8121.000000  79.142937
8998.000000  82.213882
9892.000000  81.416740
10732.000000  80.266449
11472.000000  77.530594
12204.000000  74.247719
12912.000000  75.215950
13453.000000  73.593178
13976.000000  71.528969
14569.000000  74.464783
15048.000000  71.169876
15596.000000  71.388809
16055.000000  70.834335
16344.000000  63.359173
16936.000000  55.212765
17394.000000  58.891575
18122.000000  64.692734
18795.000000  66.255096
19220.000000  65.293442
19902.000000  62.570129
20608.000000  64.819756
21211.000000  62.498146
21760.000000  60.164558
22272.000000  51.983177
22768.000000  53.625782
23149.000000  49.335167
23492.000000  37.026222
24016.000000  44.201080
24537.000000  52.878891
25112.000000  55.452759
25617.000000  61.138748
26193.000000  61.629795
26726.000000  60.022182
27263.000000  61.416550
27732.000000  54.486870
28270.000000  63.016563
28901.000000  61.835964
29548.000000  59.908264
29923.000000  55.017502
30434.000000  46.078571
31039.000000  52.815186
31667.000000  62.124664
32560.000000  65.241837
33464.000000  63.498497
34336.000000  65.964363
35026.000000  66.262093
35380.000000  68.351173
35833.000000  62.695236
36207.000000  66.517784
36453.000000  67.367477
36945.000000  57.836258
37393.000000  57.302265
37882.000000  58.153599
38529.000000  68.567924
39050.000000  63.073288
39416.000000  59.189461
39696.000000  43.671181
39936.000000  38.151558
40158.000000  41.588638
40287.000000  48.253048
40594.000000  45.033054
40786.000000  45.097046
41059.000000  53.087242
41250.000000  47.954235
41482.000000  52.102669
41803.000000  51.063591
42089.000000  43.323483
42398.000000  46.153049
42795.000000  42.627167
43041.000000  30.574131
43626.000000  35.700573
44371.000000  45.394707
44810.000000  47.819237
45201.000000  45.500053
45452.000000  42.928192
45672.000000  42.975842
45992.000000  43.474297
46227.000000  24.050230
46455.000000  23.099569
46779.000000  40.919857
47150.000000  50.908325
47809.000000  61.270374
48403.000000  58.189274
48989.000000  60.235893
49542.000000  63.410042
50059.000000  68.358360
50458.000000  69.366318
51219.000000  69.982872
51568.000000  72.731277
52139.000000  72.784111
52559.000000  73.364044
52814.000000  32.672367
53235.000000  35.685890
53782.000000  33.418705
54106.000000  59.923393
54550.000000  67.321777
54971.000000  58.528446
55347.000000  55.101097
55558.000000  51.948200
55879.000000  49.563999
56041.000000  55.121975
56174.000000  63.485302
56482.000000  74.882141
56709.000000  15.902421
56992.000000  16.210093
57246.000000  18.155027
57491.000000  55.023384
58187.000000  63.952942
58937.000000  61.042614
59519.000000  64.946075
60297.000000  61.092049
60891.000000  63.795559
61353.000000  58.402626
61792.000000  29.907822
62304.000000  38.203983
62842.000000  51.977139
63524.000000  38.206245
64170.000000  49.666561
64835.000000  36.594452
65429.000000  43.302460
65864.000000  51.115669
66179.000000  60.072739
66691.000000  61.886902
67067.000000  62.065063
67522.000000  65.103470
67730.000000  27.025545
67892.000000  18.468328
68367.000000  21.164660
68671.000000  20.565577
68952.000000  55.659443
69193.000000  50.659798
69468.000000  24.333223
69890.000000  30.015671
70321.000000  32.172348
70626.000000  28.729650
70847.000000  25.752991
71158.000000  31.170734
71388.000000  26.082993
71655.000000  17.001728
71889.000000  14.785510
72098.000000  19.209114
72305.000000  28.358265
72571.000000  27.540592
72660.000000  8.548612
72787.000000  12.859663
73327.000000  27.266970
73683.000000  33.500473
74233.000000  39.236061
74600.000000  37.421551
74892.000000  38.229858
75154.000000  39.104053
75350.000000  41.457531
75692.000000  32.197769
75920.000000  33.840374
76205.000000  42.193058
76511.000000  44.165962
76903.000000  47.664963
77269.000000  41.834583
77506.000000  40.014412
77766.000000  23.578676
78184.000000  27.875715
78422.000000  42.498745
78549.000000  42.788929
78714.000000  48.023777
79017.000000  12.939997
79302.000000  13.527806
79521.000000  14.407140
79891.000000  13.599881
80195.000000  35.816227
80384.000000  34.552235
80584.000000  34.435146
80763.000000  11.034218
81050.000000  24.142752
81175.000000  23.709923
81390.000000  23.027124
81606.000000  24.553331
81862.000000  25.356220
82168.000000  27.426085
82226.000000  28.980255
82608.000000  13.668182
82780.000000  13.559970
82998.000000  13.979359
83392.000000  32.750057
83779.000000  33.154648
84152.000000  25.642242
84485.000000  20.940269
84662.000000  23.376295
84876.000000  16.128206
85114.000000  20.765915
85274.000000  9.501390
85433.000000  7.810162
85591.000000  8.713717
85721.000000  11.566266
85829.000000  9.383595
85877.000000  12.469450
85921.000000  16.942690
85972.000000  28.281656
86020.000000  40.005898
86250.000000  6.898722
86453.000000  7.889009
86745.000000  35.747387
86975.000000  19.308306
87080.000000  14.513617
87267.000000  8.054516
87555.000000  12.646009
87814.000000  13.959108
88039.000000  12.103563
88246.000000  13.031362
88395.000000  10.466550
88613.000000  18.446175
88849.000000  20.042141
89125.000000  22.139219
89375.000000  11.195065
89477.000000  8.490355
89574.000000  6.597189
89592.000000  3.220499
89785.000000  7.986656
89967.000000  8.297854
90134.000000  8.025364
90289.000000  18.918381
90392.000000  9.090801
90521.000000  9.344910
90529.000000  0.713548
90755.000000  9.726002
90879.000000  9.248592
91032.000000  8.281045
91229.000000  13.318350
91355.000000  9.895564
91482.000000  10.838282
91509.000000  4.573076
