4067.000000  2.605640
4752.000000  2.935158
5611.000000  2.803446
6239.000000  2.867699
7059.000000  3.068529
8203.000000  3.169548
9414.000000  3.347105
11088.000000  3.523790
11984.000000  3.603648
13333.000000  3.749426
14302.000000  3.888393
16228.000000  4.011217
17141.000000  4.305109
18420.000000  4.236725
19256.000000  4.408030
19700.000000  4.611968
20891.000000  4.530543
20908.000000  4.507525
22352.000000  4.922384
23832.000000  4.919010
25194.000000  5.149562
27255.000000  5.356219
28222.000000  5.618020
30974.000000  5.753789
33025.000000  6.017255
36631.000000  6.535803
38631.000000  6.715821
39914.000000  6.991090
40643.000000  6.876967
42767.000000  7.121409
43653.000000  7.355796
45790.000000  7.565560
46751.000000  7.683297
48568.000000  7.878674
49527.000000  8.136364
51643.000000  8.259304
52883.000000  8.493264
57154.000000  8.916197
60504.000000  9.323600
63901.000000  9.943519
65098.000000  9.975409
66719.000000  10.242634
67754.000000  10.244951
70989.000000  10.519875
75174.000000  11.169044
78822.000000  11.626275
84494.000000  12.393694
87759.000000  12.990598
88979.000000  12.968691
91420.000000  12.886279
92909.000000  13.377547
95207.000000  13.503187
97850.000000  13.979280
99817.000000  13.998246
101335.000000  14.104609
103042.000000  14.355196
104153.000000  14.597656
105856.000000  14.662157
107021.000000  15.072724
108680.000000  15.319979
110193.000000  15.190251
110772.000000  15.426183
111683.000000  15.453589
112450.000000  15.806479
113452.000000  15.688404
114412.000000  16.294722
116046.000000  16.237307
118510.000000  16.443268
119381.000000  16.391075
121036.000000  16.762987
122133.000000  16.960693
123813.000000  16.877159
125089.000000  17.336088
126428.000000  17.139824
126813.000000  17.621408
128329.000000  17.570362
129722.000000  17.635960
131237.000000  17.784060
132291.000000  17.717514
132497.000000  18.075422
133042.000000  17.925547
133377.000000  18.147188
134674.000000  18.320616
135789.000000  18.213612
137385.000000  18.597441
138531.000000  18.940722
140359.000000  18.752710
142218.000000  19.463196
143450.000000  19.418966
145105.000000  19.411644
146551.000000  19.700647
147968.000000  20.131153
149197.000000  19.835997
149698.000000  20.062286
151205.000000  19.941931
152554.000000  20.630968
152934.000000  20.055424
153774.000000  20.211651
155152.000000  20.920389
156806.000000  20.982121
157931.000000  21.067362
158266.000000  21.463190
159378.000000  21.488379
159679.000000  21.603153
160378.000000  21.438858
160443.000000  21.702032
160462.000000  21.495790
