995.000000  8.622572
1485.000000  -6.948521
1820.000000  -0.219351
2119.000000  -0.310098
2362.000000  -0.062838
2603.000000  -0.023032
2834.000000  0.078364
3015.000000  -0.203217
3125.000000  -0.228077
3336.000000  0.149303
3565.000000  -0.410356
3838.000000  0.856349
4013.000000  -0.411870
4165.000000  0.193451
4319.000000  0.035462
4413.000000  0.175689
4522.000000  -0.088128
4638.000000  -0.542512
4719.000000  0.077000
4879.000000  -0.175895
5012.000000  0.163548
5064.000000  0.589647
5170.000000  0.009384
5271.000000  -1.201713
5358.000000  1.162094
5490.000000  -0.048905
5693.000000  0.120462
5888.000000  -0.050506
6040.000000  0.105725
6290.000000  0.109475
6603.000000  -0.031817
6869.000000  -0.017697
7155.000000  -0.071699
7400.000000  0.510091
7706.000000  -0.353337
7959.000000  0.086072
8247.000000  0.020926
8503.000000  0.124002
8747.000000  -0.122159
9053.000000  0.261664
9428.000000  -0.479377
9702.000000  -0.688303
9862.000000  -0.496178
10067.000000  0.264547
10323.000000  0.197530
10663.000000  0.321289
10950.000000  0.201431
11247.000000  0.269957
11560.000000  -0.226618
11851.000000  -0.563824
12100.000000  0.409457
12351.000000  0.287625
12607.000000  0.191033
12845.000000  -0.336133
13051.000000  -0.280078
13272.000000  0.100930
13495.000000  0.002343
13668.000000  0.132617
13875.000000  -0.515851
14096.000000  0.651900
14271.000000  -0.070717
14471.000000  -0.179397
14683.000000  0.039082
14869.000000  -0.057397
15113.000000  0.048854
15354.000000  -0.108654
15556.000000  -0.176739
15800.000000  -0.272269
16045.000000  -0.016335
16187.000000  0.090923
16304.000000  -0.235380
16528.000000  0.301561
16880.000000  0.383904
17208.000000  -0.163812
17399.000000  0.002147
17545.000000  -0.070379
17716.000000  0.015021
17854.000000  -0.092231
17982.000000  0.021853
18152.000000  0.087365
18296.000000  -0.128516
18468.000000  0.039818
18669.000000  0.070599
18853.000000  -0.059288
19048.000000  -0.186873
19319.000000  0.252559
19528.000000  -0.164885
19775.000000  0.047232
20009.000000  -0.072879
20331.000000  0.237156
20575.000000  -0.066635
20825.000000  0.020279
21060.000000  -0.181170
21329.000000  0.127514
21667.000000  0.131582
21890.000000  -0.113582
22125.000000  0.163797
22224.000000  -0.389390
22343.000000  -0.000651
22509.000000  -0.017484
22727.000000  0.105839
22894.000000  -0.216618
23095.000000  0.266888
23249.000000  -0.005093
23386.000000  -0.222616
23541.000000  -0.026090
23626.000000  -0.033188
23763.000000  -0.018032
23957.000000  0.241439
24257.000000  0.056492
24522.000000  0.035418
24775.000000  -0.122078
25005.000000  0.069025
25181.000000  -0.042708
25354.000000  -0.172847
25591.000000  0.228867
25860.000000  -0.004617
26066.000000  -0.079663
26273.000000  -0.045103
26421.000000  0.325167
26588.000000  -0.241425
26779.000000  -0.122724
26967.000000  0.216609
27107.000000  0.026969
27296.000000  -0.002610
27484.000000  -0.018136
27691.000000  0.132816
27968.000000  -0.330088
28188.000000  0.138910
28322.000000  -0.182214
28484.000000  -0.139715
28683.000000  0.161556
28813.000000  0.274385
28949.000000  0.063415
29110.000000  -0.035229
29369.000000  0.138567
29640.000000  -0.081653
29791.000000  -0.057959
29926.000000  0.089474
30054.000000  -0.263844
30152.000000  0.055280
30272.000000  0.005657
30366.000000  -0.196930
30478.000000  0.018192
30600.000000  -0.182807
30685.000000  0.109049
30900.000000  0.158519
31155.000000  0.099610
31289.000000  -0.016219
31424.000000  -0.136388
31574.000000  -0.073679
31707.000000  0.009843
31831.000000  -0.056798
31959.000000  0.075136
32063.000000  -0.029606
32205.000000  -0.095324
32373.000000  0.042353
32549.000000  -0.023199
32699.000000  0.043385
32814.000000  -0.013585
32908.000000  -0.075109
32934.000000  -0.020498
33054.000000  0.013380
33208.000000  0.082298
33301.000000  -0.016706
33477.000000  0.012669
33722.000000  0.008268
33919.000000  0.009932
34070.000000  -0.004612
34087.000000  -0.072168
34102.000000  -0.067568
34205.000000  0.150049
34302.000000  -0.041215
34421.000000  0.000804
34530.000000  -0.018402
34569.000000  -0.074461
34644.000000  0.045636
34727.000000  0.007658
34792.000000  0.035273
34805.000000  -0.026776
34848.000000  0.036074
34917.000000  0.026975
35072.000000  0.242012
35206.000000  -0.115613
35368.000000  0.048120
35570.000000  0.053296
35796.000000  0.110833
35890.000000  -0.180559
36030.000000  0.016886
36117.000000  -0.173123
36228.000000  0.129710
36313.000000  -0.021504
36442.000000  -0.085627
36618.000000  0.144902
36813.000000  -0.066455
36853.000000  -0.102789
36954.000000  0.025869
37003.000000  -0.060150
37139.000000  0.055369
37257.000000  0.019610
37344.000000  -0.077463
37445.000000  -0.023637
37566.000000  0.052415
37669.000000  0.008327
37674.000000  -0.091019
37725.000000  -0.017414
37763.000000  0.002375
37779.000000  -0.019385
37910.000000  0.037367
37964.000000  0.005081
38174.000000  0.137050
38376.000000  -0.082378
38466.000000  -0.043962
38631.000000  0.019879
38736.000000  -0.015600
38854.000000  0.000693
38909.000000  0.006776
39079.000000  0.058954
39213.000000  -0.064744
39307.000000  -0.026855
39328.000000  -0.022319
39336.000000  0.011213
39429.000000  -0.009907
39489.000000  -0.002801
39631.000000  0.139999
39741.000000  -0.000363
39875.000000  0.013575
39967.000000  -0.011417
40019.000000  -0.147514
40035.000000  -0.004402
40128.000000  0.037022
40242.000000  0.054648
40349.000000  0.021892
40495.000000  -0.002583
40639.000000  0.026336
40656.000000  -0.069163
40700.000000  -0.082782
40742.000000  -0.003270
40776.000000  0.004491
40815.000000  0.014618
40819.000000  -0.021481
