816.000000  0.149003
1040.000000  0.126963
1214.000000  0.106876
1365.000000  0.090636
1588.000000  0.125013
1821.000000  0.105831
2007.000000  0.114897
2244.000000  0.161447
2474.000000  0.163423
2702.000000  0.187362
2936.000000  0.163505
3195.000000  0.173254
3442.000000  0.224087
3619.000000  0.139520
3853.000000  0.146161
4066.000000  0.151760
4236.000000  0.125687
4423.000000  0.129262
4549.000000  0.073446
4557.000000  0.016868
4733.000000  0.084460
4815.000000  0.059471
4898.000000  0.068819
4981.000000  0.076874
5065.000000  0.081219
5147.000000  0.072637
5287.000000  0.059560
5429.000000  0.072504
5541.000000  0.076561
5686.000000  0.095569
5838.000000  0.107088
6004.000000  0.123966
6032.000000  0.068446
6218.000000  0.133593
6395.000000  0.138931
6572.000000  0.129692
6677.000000  0.074862
6744.000000  0.054976
6816.000000  0.059100
6907.000000  0.078639
7082.000000  0.115401
7254.000000  0.125615
7395.000000  0.114610
7553.000000  0.135229
7725.000000  0.139479
7896.000000  0.143443
8056.000000  0.113626
8233.000000  0.143504
8400.000000  0.166671
8729.000000  0.214014
8981.000000  0.171740
9177.000000  0.191654
9330.000000  0.147666
9556.000000  0.199781
9752.000000  0.190643
9985.000000  0.174253
10198.000000  0.210061
10358.000000  0.186791
10461.000000  0.086579
10578.000000  0.116826
10747.000000  0.200341
10968.000000  0.206654
11158.000000  0.216603
11306.000000  0.123929
11442.000000  0.118227
11602.000000  0.132584
11768.000000  0.130461
11930.000000  0.136432
12105.000000  0.130834
12263.000000  0.122500
12442.000000  0.135620
12598.000000  0.183036
12747.000000  0.171238
12869.000000  0.173618
13053.000000  0.110982
13208.000000  0.123831
13383.000000  0.235091
13590.000000  0.305745
13841.000000  0.361073
13995.000000  0.325328
14146.000000  0.336820
14350.000000  0.328251
14528.000000  0.347723
14723.000000  0.380032
14910.000000  0.420232
15086.000000  0.408948
15152.000000  0.113036
15326.000000  0.122078
15489.000000  0.134121
15676.000000  0.139377
15801.000000  0.132543
15957.000000  0.179907
16079.000000  0.149199
16210.000000  0.180145
16340.000000  0.188079
16499.000000  0.225383
16791.000000  0.235241
16981.000000  0.205209
17134.000000  0.195585
17277.000000  0.200350
17381.000000  0.210294
17552.000000  0.222011
17699.000000  0.203473
17819.000000  0.132387
17995.000000  0.243803
18119.000000  0.155251
18259.000000  0.161436
18349.000000  0.220082
18408.000000  0.376703
18519.000000  0.049226
18623.000000  0.065337
18828.000000  0.095209
18983.000000  0.255142
19165.000000  0.291116
19347.000000  0.280057
19512.000000  0.331361
19547.000000  0.222717
19729.000000  0.348297
19939.000000  0.338993
20159.000000  0.327031
20354.000000  0.296141
20522.000000  0.249865
20691.000000  0.160521
20909.000000  0.239589
21194.000000  0.248073
21425.000000  0.316852
21687.000000  0.354714
21909.000000  0.302553
22103.000000  0.296840
22254.000000  0.246706
22401.000000  0.182298
22537.000000  0.173128
22663.000000  0.236872
22802.000000  0.163830
22973.000000  0.142525
23124.000000  0.158079
23400.000000  0.202335
23625.000000  0.201224
23857.000000  0.163648
24151.000000  0.192637
24395.000000  0.205040
24608.000000  0.192115
24789.000000  0.122820
24976.000000  0.200198
25158.000000  0.242561
25290.000000  0.255910
25415.000000  0.215971
25494.000000  0.266933
25606.000000  0.405026
25782.000000  0.414289
25916.000000  0.417534
26137.000000  0.489749
26381.000000  0.422781
26569.000000  0.428022
26827.000000  0.608839
27008.000000  0.697649
27163.000000  0.177430
27357.000000  0.229733
27556.000000  0.217238
27733.000000  0.226989
27863.000000  0.629052
28063.000000  0.649221
28267.000000  0.730022
28429.000000  0.606030
28585.000000  0.574428
28737.000000  0.571186
28802.000000  0.610615
28863.000000  0.036885
28922.000000  0.029547
28983.000000  0.028968
29060.000000  0.043302
29179.000000  0.061206
29294.000000  0.083844
29436.000000  0.075947
29600.000000  0.087172
29698.000000  0.072804
29825.000000  0.086379
29985.000000  0.101772
30158.000000  0.096899
30282.000000  0.074435
30419.000000  0.084267
30607.000000  0.097596
30733.000000  0.087490
30872.000000  0.088214
31053.000000  0.242154
31158.000000  0.145046
31396.000000  0.194718
31574.000000  0.147285
31770.000000  0.154227
32014.000000  0.151902
32245.000000  0.168714
32432.000000  0.165858
32596.000000  0.163259
32719.000000  0.137881
32876.000000  0.068310
33015.000000  0.117398
33180.000000  0.116031
33372.000000  0.154895
33490.000000  0.170147
33586.000000  0.142864
33696.000000  0.117805
33760.000000  0.115469
33851.000000  0.096976
33987.000000  0.118629
34133.000000  0.137614
34354.000000  0.166678
34554.000000  0.124074
34816.000000  0.158722
35052.000000  0.171594
35325.000000  0.200209
35437.000000  0.145192
35480.000000  0.079904
35547.000000  0.065024
35638.000000  0.077833
35722.000000  0.080615
35833.000000  0.093088
35935.000000  0.089570
36093.000000  0.177134
36281.000000  0.230602
36407.000000  0.243996
36465.000000  0.075392
36623.000000  0.110367
36752.000000  0.115727
36872.000000  0.086754
36951.000000  0.060452
36980.000000  0.041676
37071.000000  0.049819
37098.000000  0.020999
37162.000000  0.115653
37264.000000  0.226648
37380.000000  0.049693
37457.000000  0.044843
37519.000000  0.066011
37628.000000  0.056357
37687.000000  0.081496
37743.000000  0.024364
37815.000000  0.031948
37856.000000  0.023036
37881.000000  0.018708
37907.000000  0.006941
37911.000000  0.002797
37913.000000  0.008886
37974.000000  0.057264
38101.000000  0.070248
38109.000000  0.017604
38179.000000  0.033473
38220.000000  0.013798
38259.000000  0.022044
38291.000000  0.013657
38335.000000  0.020835
38379.000000  0.018607
38454.000000  0.027252
38537.000000  0.029783
38645.000000  0.044944
38776.000000  0.051005
38797.000000  0.027621
38819.000000  0.012279
38837.000000  0.019466
38889.000000  0.044588
38934.000000  0.058220
39092.000000  0.092643
39178.000000  0.096610
39271.000000  0.101475
39317.000000  0.064503
39412.000000  0.075096
39504.000000  0.115682
39579.000000  0.160767
39667.000000  0.217975
39778.000000  0.288398
39946.000000  0.081995
40098.000000  0.092044
40201.000000  0.071725
40264.000000  0.191344
40366.000000  0.230150
40409.000000  0.166024
40476.000000  0.082012
40568.000000  0.054808
40689.000000  0.052019
40783.000000  0.058413
40818.000000  0.039158
40820.000000  0.017453
