4067.000000  1.030963
4797.000000  -0.198026
5239.000000  -0.341572
5840.000000  0.082081
6242.000000  0.004477
7226.000000  0.240144
8600.000000  0.277752
9554.000000  -0.084781
10275.000000  -0.251644
11295.000000  0.041486
12101.000000  0.001167
13285.000000  0.256071
14830.000000  0.277337
16188.000000  0.134619
17507.000000  -0.123152
18013.000000  -0.410365
18253.000000  -0.166944
18613.000000  -0.006208
19085.000000  0.153504
19417.000000  0.021238
20230.000000  0.141251
21376.000000  0.273380
22231.000000  -0.404101
23147.000000  0.354455
24085.000000  0.047665
24649.000000  -0.393559
24901.000000  -0.153717
25294.000000  0.037960
25748.000000  -0.009355
26210.000000  0.097913
26545.000000  -0.086947
27099.000000  -0.038650
27542.000000  0.074265
28341.000000  0.274785
29504.000000  0.305533
30509.000000  -0.007278
31278.000000  -0.171051
31802.000000  -0.120504
32792.000000  0.160016
33824.000000  0.109527
35140.000000  0.133883
36400.000000  0.045507
37231.000000  0.018670
37864.000000  -0.172145
38546.000000  -0.156771
39347.000000  0.041998
40372.000000  0.313679
41406.000000  0.242272
42531.000000  -0.016683
43125.000000  -0.517011
43474.000000  0.188498
43791.000000  -0.408211
44317.000000  0.092704
44908.000000  0.184191
45839.000000  0.172665
46681.000000  -0.039917
47349.000000  -0.252180
48227.000000  0.091604
49249.000000  0.171026
50321.000000  -0.002791
51297.000000  0.065932
52183.000000  0.007106
53266.000000  -0.027425
53996.000000  0.008984
54608.000000  0.076587
55694.000000  0.149110
56708.000000  0.186387
57884.000000  0.049226
58758.000000  -0.168285
59632.000000  -0.089481
60714.000000  0.143182
62323.000000  0.323002
63749.000000  0.121720
65214.000000  0.322542
66766.000000  -0.181751
68050.000000  -0.025659
69221.000000  -0.337894
70021.000000  0.156891
71183.000000  -0.143019
72116.000000  0.255395
73736.000000  0.286425
75222.000000  0.001848
76641.000000  0.128214
78108.000000  -0.013463
79338.000000  0.220874
80688.000000  -0.083323
82108.000000  -0.293001
82690.000000  -0.451211
83277.000000  0.215478
83802.000000  -0.117315
84906.000000  0.134463
86742.000000  0.616835
87862.000000  -0.097365
89075.000000  -0.319306
89629.000000  -0.075321
90835.000000  0.216705
91223.000000  -0.474250
92133.000000  0.516292
93460.000000  0.231729
94604.000000  0.180628
96555.000000  0.374024
97870.000000  0.003571
99302.000000  -0.021803
100017.000000  -0.157176
100669.000000  -0.903825
101079.000000  -0.333663
101577.000000  0.867004
102350.000000  -0.038309
103044.000000  0.176768
103808.000000  -0.156312
104312.000000  0.065523
105036.000000  -0.286841
105744.000000  0.024336
106761.000000  0.055317
107827.000000  0.116647
108574.000000  -0.175412
108901.000000  -0.224551
109590.000000  0.253228
110396.000000  0.128244
111574.000000  0.252904
113361.000000  0.165627
114745.000000  0.129124
116727.000000  0.456415
118199.000000  0.457448
120483.000000  0.993484
122442.000000  -0.426719
124850.000000  -0.384937
127648.000000  0.308702
129187.000000  -1.429357
129506.000000  -0.216112
130506.000000  -0.383162
131722.000000  0.333779
132962.000000  0.075180
133510.000000  1.843050
134613.000000  -1.945784
135184.000000  1.549134
136304.000000  0.534779
136510.000000  -2.357174
136656.000000  2.771316
137700.000000  -3.693156
138042.000000  0.036254
138969.000000  0.180947
139575.000000  0.005033
140203.000000  -0.084419
140301.000000  -0.278516
140642.000000  0.119766
141173.000000  0.267766
142032.000000  -0.100113
142540.000000  -0.048487
143053.000000  -0.021202
143306.000000  -0.157687
143335.000000  -0.137586
143591.000000  0.149785
144011.000000  0.203688
144293.000000  -0.137911
144676.000000  -0.064476
145151.000000  0.245167
146073.000000  0.142505
146489.000000  -0.269703
146673.000000  -0.320021
146965.000000  0.216412
147677.000000  0.151563
148592.000000  0.114993
149751.000000  0.029203
150260.000000  -0.187283
150485.000000  -0.202247
150575.000000  -0.053538
150914.000000  0.326770
151112.000000  0.287731
151300.000000  -0.300136
151766.000000  0.034916
152217.000000  -0.018469
152569.000000  -0.270157
152927.000000  0.056992
153138.000000  -0.064326
153151.000000  -0.261701
153524.000000  0.198240
154015.000000  0.074339
154413.000000  0.051262
154831.000000  0.120494
155370.000000  -0.013193
155876.000000  -0.041322
156273.000000  -0.000082
156665.000000  0.328433
156953.000000  -0.505517
156960.000000  0.635182
157124.000000  -0.692041
157568.000000  0.035220
157649.000000  0.098961
158180.000000  -0.018900
158598.000000  0.099373
158766.000000  -0.182826
158940.000000  -0.031780
159322.000000  -0.035276
159691.000000  0.076276
160132.000000  0.055402
160451.000000  -0.049796
160509.000000  -0.108449
160517.000000  -0.110721
