4067.000000  0.812372
4449.000000  -0.229584
5002.000000  -0.255497
5828.000000  0.088206
5982.000000  0.023904
7066.000000  0.139698
8402.000000  0.237297
9544.000000  0.104761
10662.000000  0.045599
12194.000000  0.144343
13553.000000  0.001732
14810.000000  0.079018
16018.000000  -0.145469
17123.000000  0.035561
17773.000000  0.045227
18421.000000  -0.041252
19035.000000  -0.004405
19668.000000  -0.158737
20251.000000  -0.091439
20962.000000  -0.011379
21782.000000  0.032484
22684.000000  0.276928
23608.000000  -0.051169
24510.000000  0.230734
25459.000000  -0.224393
26169.000000  -0.249897
26879.000000  -0.099888
27412.000000  -0.034252
28111.000000  0.118394
28798.000000  0.063668
29150.000000  -0.158498
29482.000000  0.020321
29804.000000  0.079603
30323.000000  0.107530
31163.000000  0.275549
32208.000000  -0.000299
33015.000000  -0.094595
33591.000000  -0.323311
33988.000000  0.067063
34359.000000  0.496787
34759.000000  -0.032266
35543.000000  0.152015
36397.000000  0.201894
37165.000000  -0.103947
38219.000000  -0.602588
39247.000000  0.093767
39930.000000  -0.109518
41007.000000  0.503444
42335.000000  0.193571
43439.000000  -0.248241
44260.000000  -0.342940
45152.000000  0.186779
46212.000000  0.057373
46908.000000  -0.132775
47759.000000  -0.273830
48800.000000  0.159513
49854.000000  -0.006342
50811.000000  0.017484
52090.000000  0.278148
53342.000000  0.052158
54346.000000  -0.220384
55000.000000  0.032049
55754.000000  -0.050666
56595.000000  0.031479
57636.000000  0.096298
58255.000000  -0.204232
59046.000000  -0.047681
59941.000000  0.101951
61031.000000  0.204672
61793.000000  0.026224
63134.000000  0.244963
64699.000000  0.362754
66143.000000  0.029163
67113.000000  0.262699
69025.000000  0.003813
70196.000000  -0.362257
71894.000000  0.032375
73075.000000  0.118855
74704.000000  0.083941
75602.000000  -0.419020
77136.000000  0.559063
78040.000000  -0.356903
79008.000000  -0.068184
79778.000000  -0.291133
80767.000000  0.129589
81621.000000  0.517789
82351.000000  -0.140035
83220.000000  0.746354
83858.000000  -1.468791
84441.000000  0.163200
85350.000000  0.171057
85910.000000  -0.231949
87478.000000  0.507143
88341.000000  0.087067
90096.000000  0.107480
91135.000000  -0.141309
92179.000000  -0.082083
92601.000000  -0.240725
93459.000000  0.447155
94162.000000  0.293317
95159.000000  0.653066
96206.000000  -0.363277
96782.000000  -0.007896
97948.000000  -0.082693
98436.000000  -0.148683
99724.000000  0.387872
100493.000000  -0.218825
101882.000000  0.304640
102539.000000  -0.813756
103671.000000  -0.010149
103965.000000  -0.534823
104919.000000  0.160061
105346.000000  0.159756
106553.000000  0.363802
107249.000000  -0.006328
108827.000000  0.508221
109280.000000  -0.022421
110013.000000  -0.913780
110340.000000  -0.136103
110898.000000  -0.095177
111297.000000  0.096925
112445.000000  0.106543
112791.000000  -0.028623
113611.000000  0.066948
114056.000000  -0.139141
114870.000000  0.192141
115372.000000  -0.157530
116272.000000  0.063160
116863.000000  -0.054421
117703.000000  0.018767
118316.000000  0.297682
119272.000000  1.051544
119522.000000  -0.002628
120263.000000  0.231860
120942.000000  -0.030864
121620.000000  0.125959
122372.000000  -0.960741
122994.000000  -0.057302
123930.000000  0.942279
124341.000000  0.774523
124647.000000  -1.160343
125288.000000  -0.430833
125772.000000  0.457163
126850.000000  0.121650
128230.000000  0.283745
129121.000000  0.103925
130569.000000  0.475651
131208.000000  -1.479642
132105.000000  0.179808
132369.000000  2.487372
132786.000000  -3.539050
132907.000000  -0.145527
133161.000000  -0.018174
133472.000000  0.060070
133765.000000  -0.059761
133982.000000  -0.031291
134677.000000  0.066131
135040.000000  0.172948
135572.000000  -0.026445
135987.000000  -0.072909
136269.000000  -0.052173
136613.000000  0.036343
137049.000000  0.101628
137860.000000  0.108390
138458.000000  -0.038029
139331.000000  0.121883
139920.000000  0.010365
141133.000000  0.210039
141922.000000  0.062674
143176.000000  -0.052071
144129.000000  0.153219
144918.000000  -0.334851
145540.000000  0.075481
146322.000000  0.201924
147439.000000  -0.013652
147908.000000  -0.212132
148476.000000  0.039246
148979.000000  0.102897
149335.000000  -0.223185
149715.000000  0.090115
149889.000000  -0.133893
150192.000000  0.074874
150690.000000  0.163518
150834.000000  -0.366476
151138.000000  0.239467
151379.000000  0.049533
151520.000000  0.061030
151820.000000  0.189074
151921.000000  -0.001280
151941.000000  -0.620754
152211.000000  0.071630
152446.000000  0.164069
152685.000000  -0.026698
152799.000000  0.011672
152986.000000  -0.242983
153077.000000  0.727746
153405.000000  -0.669048
153863.000000  0.058519
153894.000000  0.109089
154308.000000  -0.046658
154740.000000  0.102740
154984.000000  0.069585
155342.000000  -0.053805
155610.000000  0.066533
155977.000000  -0.145082
156379.000000  0.058921
156748.000000  -0.031474
156989.000000  0.059803
157272.000000  -0.113696
157441.000000  -0.019731
157574.000000  0.077241
157707.000000  -0.117240
157875.000000  0.167511
158512.000000  -0.081456
158918.000000  0.073575
159396.000000  0.055336
159709.000000  0.086498
160027.000000  -0.202101
160203.000000  0.040577
160447.000000  -0.090428
160519.000000  -0.049830
160523.000000  -0.023532
160538.000000  -0.047537
