995.000000  0.622359
1250.000000  -0.000158
1490.000000  0.032811
1672.000000  0.034333
1919.000000  0.021734
2156.000000  0.043322
2495.000000  0.061944
2773.000000  0.014697
3035.000000  0.016828
3237.000000  0.017127
3453.000000  0.062908
3679.000000  0.018023
3909.000000  0.029594
4177.000000  0.051486
4496.000000  0.000215
4785.000000  0.015774
5048.000000  0.047711
5388.000000  0.039694
5675.000000  0.068096
5828.000000  -0.035393
5924.000000  0.064206
6053.000000  -0.026276
6245.000000  0.018078
6479.000000  0.008254
6699.000000  0.074445
6908.000000  -0.039963
7137.000000  0.025909
7358.000000  0.132338
7579.000000  -0.056668
7813.000000  0.026649
8004.000000  0.024817
8249.000000  0.020276
8575.000000  0.096444
8833.000000  -0.008799
9130.000000  0.000479
9356.000000  0.076795
9578.000000  0.041193
9760.000000  0.002165
9955.000000  -0.010972
10148.000000  0.013551
10412.000000  0.011295
10614.000000  0.064653
10743.000000  0.043405
10871.000000  -0.063997
10984.000000  0.044868
11087.000000  0.007071
11232.000000  0.034800
11388.000000  0.000775
11572.000000  0.054353
11786.000000  0.032844
12018.000000  0.015532
12206.000000  0.069709
12370.000000  -0.029326
12561.000000  0.021029
12740.000000  0.029718
12905.000000  0.068350
13071.000000  -0.051393
13265.000000  0.065471
13419.000000  -0.068120
13587.000000  0.020394
13808.000000  0.074713
14098.000000  -0.031528
14346.000000  0.095618
14526.000000  -0.013237
14730.000000  0.036479
14842.000000  0.024519
14948.000000  0.001068
15124.000000  0.024281
15394.000000  0.004499
15632.000000  0.023357
15890.000000  0.056315
16238.000000  0.061565
16491.000000  0.029334
16804.000000  0.029728
17054.000000  0.038403
17366.000000  0.009443
17605.000000  0.110227
17765.000000  -0.093128
17933.000000  0.112127
18078.000000  -0.024275
18173.000000  0.029013
18247.000000  -0.046646
18324.000000  0.049703
18439.000000  0.011732
18551.000000  0.012753
18612.000000  -0.019135
18810.000000  0.021553
19144.000000  -0.017137
19459.000000  0.092450
19740.000000  0.034956
20029.000000  -0.030298
20423.000000  0.087661
20748.000000  0.023099
20978.000000  0.085832
21104.000000  -0.034037
21334.000000  0.107408
21595.000000  -0.116490
21782.000000  0.146520
22062.000000  0.056122
22200.000000  -0.041808
22423.000000  0.015944
22691.000000  -0.010465
22893.000000  -0.027945
23093.000000  0.192095
23287.000000  -0.108343
23499.000000  0.131864
23579.000000  -0.063030
23680.000000  0.091314
23921.000000  0.007897
24092.000000  -0.109904
24462.000000  0.060685
24646.000000  0.023196
25103.000000  0.062661
25282.000000  0.047635
25557.000000  0.065603
25879.000000  -0.003118
26183.000000  0.002308
26394.000000  0.066825
26794.000000  0.064550
26973.000000  0.023625
27338.000000  -0.029092
27522.000000  0.084339
27836.000000  0.011260
27959.000000  -0.060498
28206.000000  0.093320
28337.000000  0.026567
28645.000000  -0.019218
28773.000000  0.079497
29010.000000  0.132174
29305.000000  -0.140494
29406.000000  0.029868
29485.000000  -0.009737
29718.000000  0.095417
30295.000000  0.110959
30446.000000  -0.085181
31162.000000  0.078566
31763.000000  0.221209
32259.000000  -0.079463
32757.000000  0.132454
33052.000000  -0.089893
33273.000000  0.095747
33729.000000  0.085419
33968.000000  -0.064870
34503.000000  0.091851
34823.000000  0.016418
35405.000000  0.065448
35740.000000  0.158285
35947.000000  -0.124146
35972.000000  0.074334
35997.000000  0.003220
36027.000000  0.050574
36271.000000  -0.076180
36481.000000  0.031488
36586.000000  0.088670
36638.000000  0.022604
36804.000000  0.001613
37094.000000  0.043945
37259.000000  -0.044772
37373.000000  0.021869
37543.000000  0.045927
37864.000000  0.026295
38158.000000  0.015717
38684.000000  0.122444
38995.000000  -0.018557
39423.000000  -0.011159
39559.000000  0.190991
39697.000000  -0.069903
39717.000000  -0.062988
39887.000000  0.047659
40262.000000  0.026552
40401.000000  0.158617
40667.000000  -0.026654
40759.000000  0.004265
40806.000000  -0.047472
40820.000000  -0.052628
