399.000000  60.306728
508.000000  81.979065
607.000000  79.321030
730.000000  78.807289
858.000000  81.828255
976.000000  80.694801
1093.000000  81.293777
1218.000000  79.785637
1343.000000  76.749542
1515.000000  82.039619
1685.000000  79.624947
1763.000000  76.127525
1833.000000  74.047180
1925.000000  73.609383
2003.000000  72.198036
2129.000000  73.004372
2251.000000  61.109741
2329.000000  67.852615
2410.000000  69.628792
2505.000000  55.117428
2661.000000  70.118111
2788.000000  69.482498
2907.000000  73.907387
3016.000000  68.985870
3139.000000  71.555962
3276.000000  76.250725
3315.000000  61.751411
3482.000000  72.990257
3623.000000  69.230591
3770.000000  68.475563
3899.000000  68.466064
4053.000000  67.199348
4200.000000  66.786057
4308.000000  63.581284
4415.000000  57.898689
4543.000000  61.316536
4680.000000  65.159859
4767.000000  67.809532
4885.000000  62.585533
5000.000000  69.258797
5050.000000  52.554893
5146.000000  67.264824
5274.000000  70.234558
5371.000000  74.474373
5449.000000  75.798477
5528.000000  73.029900
5620.000000  73.377876
5685.000000  72.956795
5766.000000  69.839493
5782.000000  58.672081
5839.000000  64.739296
5846.000000  14.152042
5867.000000  35.964752
5899.000000  35.600948
5958.000000  34.251820
6007.000000  51.286083
6097.000000  48.953896
6174.000000  57.273357
6284.000000  61.436134
6341.000000  61.877102
6386.000000  63.527988
6415.000000  65.016953
6434.000000  64.371651
6455.000000  63.479359
6477.000000  62.950264
6508.000000  63.255161
6545.000000  61.363083
6590.000000  69.176689
6644.000000  62.351746
6664.000000  64.284065
6670.000000  59.642647
6731.000000  52.317608
6826.000000  54.328621
6947.000000  53.610538
7010.000000  40.746861
7097.000000  46.230560
7196.000000  56.915901
7288.000000  56.379646
7395.000000  48.533566
7443.000000  26.083603
7509.000000  38.938133
7590.000000  49.264076
7707.000000  55.135681
7852.000000  59.334885
8028.000000  63.555515
8204.000000  63.452881
8345.000000  56.268841
8366.000000  40.523827
8468.000000  57.930202
8556.000000  57.902390
8637.000000  54.038219
8730.000000  54.487492
8823.000000  53.201614
8894.000000  53.615635
8910.000000  23.124094
8971.000000  46.814999
9022.000000  50.422447
9061.000000  51.016323
9103.000000  56.034382
9171.000000  55.729168
9272.000000  61.644028
9379.000000  54.325069
9391.000000  10.719083
9464.000000  60.651703
9522.000000  60.054386
9568.000000  28.579971
9613.000000  25.043995
9685.000000  33.982231
9768.000000  43.441967
9867.000000  59.499943
10006.000000  63.299679
10169.000000  68.699799
10332.000000  67.196396
10508.000000  67.489258
10654.000000  61.221649
10772.000000  59.999889
10854.000000  55.253632
10942.000000  47.626358
11026.000000  53.310562
11107.000000  51.587021
11198.000000  50.214149
11275.000000  48.470612
11373.000000  56.389076
11512.000000  55.054440
11634.000000  52.212406
11722.000000  58.440769
11783.000000  59.799255
11841.000000  66.547195
11886.000000  41.308224
11922.000000  47.637768
11958.000000  49.380009
11997.000000  41.853966
12056.000000  50.141533
12095.000000  39.588852
12175.000000  33.133461
12277.000000  50.351692
12399.000000  47.339046
12506.000000  55.152096
12627.000000  53.929169
12736.000000  49.256416
12825.000000  45.128357
12895.000000  37.925442
12992.000000  38.842365
13091.000000  47.816643
13192.000000  45.078552
13307.000000  49.431400
13409.000000  46.031384
13511.000000  43.147228
13554.000000  31.653795
13670.000000  43.713478
13713.000000  30.306452
13829.000000  46.012291
13943.000000  45.014221
14041.000000  38.400166
14156.000000  40.543835
14238.000000  42.767464
14299.000000  34.238243
14368.000000  45.042042
14442.000000  53.598057
14501.000000  58.023632
14561.000000  58.752239
14635.000000  56.219173
14703.000000  63.670933
14763.000000  66.959152
14812.000000  25.203047
14876.000000  29.856524
14953.000000  35.922749
15088.000000  26.248880
15182.000000  31.049231
15307.000000  37.423355
15446.000000  41.989948
15540.000000  43.862411
15550.000000  12.563507
15678.000000  43.659496
15776.000000  44.984402
15793.000000  29.742285
15915.000000  50.847042
16058.000000  42.793266
16188.000000  50.094120
16342.000000  49.479824
16498.000000  48.446735
16594.000000  42.940014
16739.000000  46.508347
16833.000000  45.874821
16944.000000  43.179340
17077.000000  42.680954
17207.000000  45.355034
17317.000000  33.686005
17397.000000  32.698406
17473.000000  36.138279
17566.000000  33.207100
17664.000000  41.154186
17783.000000  33.969700
17819.000000  12.159930
17897.000000  26.560398
17976.000000  31.670362
18051.000000  39.045341
18173.000000  38.152802
18219.000000  35.178604
18335.000000  43.411793
18417.000000  43.379383
18508.000000  49.990307
18523.000000  40.014847
18569.000000  49.930946
18653.000000  52.710289
18738.000000  53.185112
18816.000000  41.670868
18874.000000  36.057480
18927.000000  43.241440
18968.000000  42.594372
19000.000000  43.876137
19023.000000  46.300304
19067.000000  46.477425
19144.000000  37.951534
19145.000000  1.990990
19186.000000  21.866192
19227.000000  15.685882
19274.000000  35.769073
19347.000000  42.071430
19406.000000  30.360338
19495.000000  39.354851
19578.000000  34.525784
19650.000000  38.274036
19770.000000  35.079800
19878.000000  36.755409
19977.000000  39.206902
20089.000000  37.503605
20210.000000  41.852940
20311.000000  38.590130
20343.000000  22.904594
20438.000000  40.692947
20488.000000  39.360039
20553.000000  46.380486
20602.000000  47.800110
20620.000000  38.864796
20652.000000  47.599525
20668.000000  40.553932
20672.000000  40.350060
20676.000000  51.796947
20677.000000  54.839916
20683.000000  52.445965
20698.000000  55.998260
20717.000000  58.166927
20720.000000  56.142212
20742.000000  7.206207
20829.000000  28.961403
20882.000000  22.397284
20917.000000  12.505431
20967.000000  28.750130
20977.000000  7.931213
21077.000000  28.433599
21118.000000  16.184456
21120.000000  2.210817
21175.000000  20.046135
21210.000000  16.011843
21261.000000  17.590576
21327.000000  22.527285
21407.000000  27.625565
21469.000000  26.443481
21529.000000  28.009621
21615.000000  29.444218
21713.000000  32.450058
21785.000000  26.998520
21877.000000  34.574436
21971.000000  34.584732
22047.000000  37.789803
22130.000000  40.378731
22270.000000  41.226562
22422.000000  42.160572
22552.000000  41.752064
22667.000000  37.093853
22800.000000  41.057869
22912.000000  34.498352
23029.000000  39.725124
23146.000000  38.967617
23303.000000  41.500072
23414.000000  37.594765
23511.000000  32.696384
23576.000000  33.851578
23638.000000  25.734034
23702.000000  27.153774
23766.000000  25.483109
23830.000000  27.889309
23893.000000  18.743616
23947.000000  20.379818
23983.000000  20.241724
24035.000000  21.537743
24081.000000  29.233992
24124.000000  22.256071
24194.000000  29.381899
24289.000000  30.251196
24400.000000  27.640638
24453.000000  22.895870
24569.000000  34.113407
24680.000000  36.542938
24798.000000  32.967056
24938.000000  35.492085
25096.000000  37.777905
25267.000000  31.424570
25418.000000  31.989613
25516.000000  29.389494
25639.000000  36.484928
25798.000000  35.105175
25923.000000  40.013443
26061.000000  34.754230
26116.000000  25.912804
26221.000000  31.962017
26309.000000  29.415829
26368.000000  15.802768
26441.000000  14.829286
26525.000000  26.907990
26623.000000  22.932539
26685.000000  22.849024
26761.000000  26.100403
26821.000000  15.103182
26850.000000  17.852930
26905.000000  14.871256
26948.000000  13.719852
27005.000000  26.638031
27060.000000  17.642908
27130.000000  20.621464
27187.000000  23.345158
27234.000000  22.303703
27370.000000  25.546366
27489.000000  27.524734
27600.000000  35.171642
27738.000000  38.527390
27850.000000  37.589012
27979.000000  34.255188
28054.000000  27.173227
28208.000000  31.015047
28334.000000  36.819355
28486.000000  36.782379
28612.000000  40.022068
28696.000000  44.020149
28754.000000  39.843143
28818.000000  41.369011
28899.000000  42.929371
28935.000000  36.137547
29010.000000  41.658413
29082.000000  39.567429
29143.000000  42.586514
29183.000000  40.976978
29225.000000  35.941235
29264.000000  36.133564
29304.000000  32.974346
29356.000000  33.307270
29434.000000  40.683369
29490.000000  31.751854
29565.000000  44.338943
29574.000000  42.292778
29585.000000  32.437706
29595.000000  36.274303
29614.000000  39.658070
29654.000000  45.055836
29702.000000  46.924713
29760.000000  51.579273
29813.000000  54.029495
29866.000000  44.952370
29928.000000  48.770550
29973.000000  49.069977
30040.000000  46.778252
30077.000000  49.553986
30107.000000  45.954742
30143.000000  46.469742
30181.000000  41.764206
30233.000000  40.001850
30290.000000  35.697643
30372.000000  39.839855
30393.000000  36.280666
30411.000000  35.766857
30465.000000  38.769276
30532.000000  41.951862
30569.000000  25.357571
30604.000000  34.009441
30622.000000  27.007542
30671.000000  30.010170
30712.000000  28.291756
30769.000000  29.683197
30807.000000  40.148804
30851.000000  46.913036
30866.000000  48.035122
30868.000000  53.274101
30903.000000  11.225756
30928.000000  5.822083
30944.000000  58.675228
30965.000000  63.970421
30978.000000  67.791344
31088.000000  15.750426
31153.000000  52.545719
31255.000000  42.694157
31312.000000  49.396393
31418.000000  41.818192
31525.000000  55.167191
31591.000000  28.385241
31631.000000  27.887074
31694.000000  28.449959
31730.000000  27.483517
31760.000000  30.738422
31792.000000  31.498722
31819.000000  44.096138
31835.000000  30.635496
31875.000000  13.174568
31958.000000  27.158598
32011.000000  26.916662
32033.000000  25.870749
32064.000000  24.539593
32096.000000  26.622395
32107.000000  27.544407
32176.000000  17.532011
32236.000000  18.469624
32296.000000  22.301594
32379.000000  21.196764
32496.000000  26.122892
32569.000000  22.514122
32683.000000  29.665863
32767.000000  34.410606
32834.000000  20.012150
32896.000000  27.981180
32945.000000  23.972958
32962.000000  20.788149
32986.000000  21.613775
33023.000000  18.855316
33024.000000  1.816833
33109.000000  16.863588
33185.000000  25.010521
33231.000000  22.507490
33276.000000  20.895355
33350.000000  23.995522
33396.000000  16.682371
33403.000000  15.005519
33407.000000  28.883982
33480.000000  25.162283
33595.000000  26.377821
33683.000000  27.620470
33758.000000  28.799570
33869.000000  28.500771
33989.000000  33.059769
34097.000000  25.238461
34200.000000  28.263018
34329.000000  32.254036
34399.000000  30.768520
34456.000000  30.581511
34471.000000  30.095261
34498.000000  21.450788
34535.000000  20.830252
34588.000000  18.577383
34619.000000  27.777159
34632.000000  22.380213
34697.000000  15.273433
34753.000000  11.309724
34826.000000  21.331974
34879.000000  19.192209
34903.000000  9.519279
34924.000000  7.205350
35056.000000  16.904474
35144.000000  23.419325
35287.000000  25.845718
35425.000000  26.790407
35596.000000  34.302425
35773.000000  33.336227
35878.000000  24.447033
35936.000000  19.892572
36016.000000  24.772207
36030.000000  29.075193
36057.000000  18.144911
36070.000000  14.483879
36082.000000  6.449903
36156.000000  15.955086
36285.000000  21.297655
36398.000000  25.996580
36536.000000  26.904308
36679.000000  30.647224
36826.000000  33.006226
36913.000000  26.676729
36962.000000  20.362053
37030.000000  21.715160
37053.000000  11.592039
37099.000000  23.298525
37131.000000  21.899122
37161.000000  20.394825
37180.000000  17.220558
37203.000000  17.057261
37233.000000  18.399961
37271.000000  38.095139
37299.000000  42.507599
37341.000000  44.621723
37374.000000  60.178120
37375.000000  25.091139
37450.000000  14.953411
37495.000000  20.999474
37546.000000  18.964220
37598.000000  21.329462
37663.000000  18.364836
37709.000000  18.514704
37744.000000  14.325062
37791.000000  18.630533
37845.000000  20.778149
37905.000000  16.493845
37967.000000  37.622868
38038.000000  38.642826
38118.000000  43.101421
38216.000000  51.958191
38310.000000  50.661480
38372.000000  48.138023
38452.000000  51.130463
38514.000000  48.903206
38576.000000  39.589180
38606.000000  18.446198
38674.000000  14.732526
38703.000000  15.689221
38748.000000  14.699995
38797.000000  32.502003
38806.000000  31.569641
38814.000000  37.276798
38815.000000  47.070866
38825.000000  55.497803
38844.000000  54.310642
38872.000000  50.662868
38892.000000  45.367355
38900.000000  37.539074
38976.000000  14.887719
39068.000000  20.300488
39114.000000  10.548461
39168.000000  17.391108
39266.000000  20.814409
39368.000000  14.124562
39509.000000  18.662840
39615.000000  25.843021
39652.000000  19.182583
39743.000000  22.506369
39790.000000  16.767071
39841.000000  15.070014
39900.000000  20.904976
39959.000000  15.142857
40020.000000  12.114609
40078.000000  14.178284
40108.000000  20.396172
40132.000000  20.826717
40161.000000  22.057514
40200.000000  15.918975
40236.000000  19.478039
40264.000000  27.466743
40274.000000  21.050631
40310.000000  16.796238
40315.000000  3.285855
40404.000000  18.849348
40468.000000  18.853907
40562.000000  16.265818
40653.000000  22.367004
40691.000000  16.911810
40735.000000  15.710751
40762.000000  15.303967
40781.000000  11.392398
40815.000000  18.156763
40817.000000  2.009455
