995.000000  8.634274
1481.000000  -6.966705
1738.000000  -0.528811
2010.000000  0.255226
2269.000000  -0.252990
2535.000000  0.054077
2704.000000  -0.117424
2992.000000  0.013087
3229.000000  -0.269376
3479.000000  0.138954
3758.000000  -0.223279
3941.000000  0.260822
4133.000000  0.038075
4226.000000  -0.097693
4354.000000  0.122489
4426.000000  -0.156029
4540.000000  -0.091674
4693.000000  -0.044087
4794.000000  -0.149028
4895.000000  0.063009
4956.000000  0.095528
5062.000000  0.269800
5142.000000  0.083015
5389.000000  0.040859
5688.000000  -0.577180
5870.000000  0.704914
6071.000000  -0.003139
6325.000000  0.172147
6588.000000  0.186376
6912.000000  -0.007392
7187.000000  -0.336649
7460.000000  -0.958935
7727.000000  1.386296
7962.000000  0.088729
8181.000000  0.019199
8393.000000  -0.077812
8673.000000  -0.786063
8947.000000  0.688831
9272.000000  0.059252
9583.000000  -0.259135
9796.000000  0.129761
10005.000000  -0.054259
10300.000000  0.113404
10531.000000  -0.203295
10718.000000  0.221593
10972.000000  -0.115612
11156.000000  -0.455831
11360.000000  -0.206387
11559.000000  -0.085859
11713.000000  -0.011917
11880.000000  0.390843
12049.000000  -0.174159
12202.000000  -0.028582
12351.000000  0.373993
12455.000000  -0.206333
12605.000000  -0.188600
12796.000000  0.070641
12981.000000  -0.223489
13152.000000  0.092015
13297.000000  -0.009394
13489.000000  -0.588674
13761.000000  0.672985
14026.000000  -0.028174
14371.000000  -0.046667
14648.000000  -0.100614
14972.000000  -0.058856
15305.000000  0.240556
15476.000000  -0.222168
15645.000000  -0.032538
15836.000000  0.008255
16017.000000  0.026511
16220.000000  0.011956
16508.000000  0.117298
16701.000000  -0.185602
16894.000000  -0.103404
17065.000000  -0.065007
17243.000000  -0.032356
17410.000000  -0.015546
17601.000000  -0.004024
17736.000000  -0.176372
17907.000000  0.023780
18080.000000  -0.007439
18280.000000  0.147611
18423.000000  0.231358
18604.000000  -0.006625
18863.000000  0.286447
19207.000000  0.037751
19515.000000  -0.383607
19817.000000  0.298118
20054.000000  -0.226109
20262.000000  -0.101109
20498.000000  0.151452
20753.000000  0.070638
20952.000000  -0.021436
21134.000000  0.150848
21373.000000  -0.192709
21653.000000  -0.209253
21887.000000  0.051438
22024.000000  -0.031827
22143.000000  0.211981
22294.000000  -0.019954
22439.000000  -0.191879
22629.000000  0.298459
22799.000000  0.006234
22997.000000  -0.065648
23137.000000  0.099153
23337.000000  -0.006353
23548.000000  0.100528
23708.000000  0.142381
23917.000000  -0.232519
24134.000000  -0.122997
24340.000000  -0.007795
24561.000000  -0.194998
24749.000000  0.211486
24936.000000  -0.161176
25140.000000  0.290764
25307.000000  0.029398
25546.000000  -0.024452
25784.000000  -0.003876
25953.000000  -0.330764
26184.000000  0.100402
26354.000000  -0.022798
26506.000000  0.024244
26658.000000  0.037037
26822.000000  -0.055689
26972.000000  0.056112
27053.000000  0.054651
27138.000000  -0.120686
27247.000000  0.124925
27359.000000  -0.080308
27529.000000  -0.043528
27769.000000  0.204864
28010.000000  -0.062267
28233.000000  0.004958
28449.000000  0.019535
28689.000000  0.082933
28896.000000  -0.213089
29162.000000  -0.028483
29459.000000  0.096093
29729.000000  -0.078295
29948.000000  0.037881
30163.000000  0.060309
30340.000000  -0.063424
30536.000000  0.098947
30661.000000  0.159028
30779.000000  -0.253663
30914.000000  0.029604
31077.000000  -0.083598
31310.000000  0.002208
31567.000000  -0.093281
31841.000000  0.236951
32032.000000  -0.099484
32243.000000  -0.107575
32381.000000  0.090136
32487.000000  -0.029833
32640.000000  -0.031015
32719.000000  -0.132587
32778.000000  -0.017477
32849.000000  0.016913
32932.000000  0.057189
32991.000000  0.055621
33056.000000  -0.106175
33168.000000  0.121618
33295.000000  0.067043
33424.000000  0.074927
33488.000000  -0.115595
33594.000000  -0.006792
33711.000000  -0.040136
33846.000000  -0.044972
34001.000000  0.104430
34181.000000  0.006841
34363.000000  -0.027642
34548.000000  -0.065716
34709.000000  0.018611
34868.000000  -0.018386
35051.000000  0.095375
35244.000000  -0.091156
35396.000000  -0.017916
35519.000000  -0.045613
35762.000000  0.073809
35961.000000  -0.014772
36177.000000  0.031100
36330.000000  -0.056657
36421.000000  -0.071777
36579.000000  -0.004274
36703.000000  0.061729
36724.000000  -0.101516
36792.000000  -0.019252
36934.000000  0.055793
37099.000000  -0.007496
37239.000000  -0.053631
37401.000000  0.172530
37486.000000  -0.073067
37560.000000  -0.044392
37579.000000  -0.054238
37634.000000  -0.009722
37643.000000  -0.015462
37726.000000  0.031852
37827.000000  0.066794
37869.000000  -0.114282
37950.000000  0.007670
38092.000000  0.024308
38123.000000  0.022718
38218.000000  -0.054135
38324.000000  0.031422
38420.000000  -0.007913
38502.000000  -0.012669
38613.000000  0.014538
38715.000000  0.021749
38872.000000  -0.011167
39018.000000  0.004565
39031.000000  -0.051404
39099.000000  0.105015
39153.000000  -0.031107
39198.000000  -0.069957
39318.000000  0.097536
39482.000000  -0.032225
39579.000000  0.039057
39660.000000  -0.000723
39690.000000  -0.034197
39758.000000  0.055704
39821.000000  0.032253
39868.000000  -0.034525
39908.000000  -0.043855
39958.000000  -0.082664
40064.000000  0.014204
40174.000000  0.026501
40380.000000  0.044064
40480.000000  -0.025562
40598.000000  0.078463
40687.000000  0.047033
40778.000000  -0.082931
40819.000000  -0.048873
