995.000000  0.266519
1252.000000  0.217049
1493.000000  0.207219
1798.000000  0.221134
2131.000000  0.262464
2469.000000  0.317010
2815.000000  0.361458
3175.000000  0.380376
3496.000000  0.374528
3721.000000  0.311658
3947.000000  0.307918
4177.000000  0.351070
4480.000000  0.364856
4713.000000  0.306945
4916.000000  0.261436
5134.000000  0.279018
5379.000000  0.329392
5579.000000  0.358276
5763.000000  0.325811
5895.000000  0.270426
6144.000000  0.367650
6312.000000  0.315784
6471.000000  0.312135
6680.000000  0.322679
6882.000000  0.317023
7111.000000  0.312931
7273.000000  0.305811
7419.000000  0.287683
7582.000000  0.340162
7741.000000  0.333734
7889.000000  0.339836
7933.000000  0.271176
8045.000000  0.291703
8129.000000  0.257370
8237.000000  0.279347
8372.000000  0.278927
8529.000000  0.279990
8626.000000  0.253215
8767.000000  0.335505
8987.000000  0.348567
9194.000000  0.381961
9476.000000  0.458704
9803.000000  0.457068
10078.000000  0.507513
10300.000000  0.410353
10460.000000  0.377195
10647.000000  0.382891
10861.000000  0.414044
11082.000000  0.407645
11291.000000  0.397625
11471.000000  0.347374
11605.000000  0.335387
11736.000000  0.372644
11897.000000  0.383857
11963.000000  0.298333
11963.000000  0.236793
12005.000000  0.255102
12205.000000  0.395708
12455.000000  0.417080
12799.000000  0.501239
13095.000000  0.511491
13356.000000  0.477527
13559.000000  0.386276
13728.000000  0.382493
13815.000000  0.321798
13896.000000  0.303809
13985.000000  0.339391
14068.000000  0.319193
14146.000000  0.313360
14231.000000  0.339217
14314.000000  0.320650
14404.000000  0.344032
14491.000000  0.331947
14660.000000  0.355886
14811.000000  0.385303
15069.000000  0.444897
15299.000000  0.395191
15398.000000  0.350719
15533.000000  0.362188
15685.000000  0.380032
15881.000000  0.474388
16124.000000  0.503040
16380.000000  0.547125
16570.000000  0.489745
16792.000000  0.533919
16951.000000  0.463263
17137.000000  0.466125
17309.000000  0.494561
17494.000000  0.482595
17620.000000  0.465990
17763.000000  0.469219
17966.000000  0.480260
18148.000000  0.493084
18457.000000  0.575199
18806.000000  0.627539
19118.000000  0.645895
19453.000000  0.665524
19747.000000  0.639196
20032.000000  0.649660
20333.000000  0.630628
20515.000000  0.596372
20709.000000  0.640786
20892.000000  0.681403
21061.000000  0.708768
21219.000000  0.675539
21345.000000  0.573888
21515.000000  0.705072
21698.000000  0.778388
21830.000000  0.642579
21992.000000  0.785217
22173.000000  0.706220
22389.000000  0.844841
22646.000000  0.841689
22834.000000  0.651493
23092.000000  0.735546
23274.000000  0.745785
23546.000000  0.809393
23743.000000  0.683474
24012.000000  0.887584
24281.000000  0.785634
24531.000000  0.685785
24684.000000  0.693350
24876.000000  0.657179
25109.000000  0.623151
25374.000000  0.776269
25529.000000  0.698622
25694.000000  0.460264
25860.000000  0.472024
25975.000000  0.544404
26147.000000  0.782573
26307.000000  0.964518
26491.000000  0.585781
26692.000000  0.678385
26878.000000  0.654432
27063.000000  0.698453
27219.000000  0.913233
27443.000000  0.726571
27708.000000  0.873465
27892.000000  0.805505
28174.000000  0.822328
28320.000000  0.785467
28515.000000  0.926301
28746.000000  1.019003
28927.000000  1.022309
29055.000000  0.867644
29229.000000  0.479702
29320.000000  0.934663
29489.000000  1.194467
29701.000000  0.549013
29954.000000  0.529443
30181.000000  0.529402
30481.000000  0.560001
30787.000000  0.587637
31086.000000  0.609715
31289.000000  0.602316
31449.000000  0.614474
31602.000000  0.524869
31667.000000  0.468480
31794.000000  0.503554
31925.000000  0.581070
32082.000000  0.652444
32325.000000  0.651640
32550.000000  0.655950
32690.000000  0.655385
32788.000000  0.678936
32919.000000  0.651764
33053.000000  0.686128
33313.000000  0.784699
33559.000000  0.854483
33765.000000  0.522734
33881.000000  0.505769
34015.000000  0.496491
34163.000000  0.508292
34327.000000  0.491991
34466.000000  0.519552
34595.000000  0.483435
34641.000000  0.427846
34758.000000  0.465207
34816.000000  0.464310
34916.000000  0.458123
35023.000000  0.481843
35131.000000  0.476044
35180.000000  0.478437
35328.000000  0.496051
35522.000000  0.540684
35694.000000  0.522935
35799.000000  0.503214
35892.000000  0.486098
35950.000000  0.477889
35986.000000  0.432683
35992.000000  0.453281
36017.000000  0.411176
36095.000000  0.426814
36230.000000  0.450877
36362.000000  0.449239
36477.000000  0.437086
36496.000000  0.405680
36548.000000  0.442632
36656.000000  0.422580
36836.000000  0.451259
36974.000000  0.455993
37099.000000  0.481515
37184.000000  0.460638
37276.000000  0.462550
37402.000000  0.476528
37457.000000  0.481512
37598.000000  0.467115
37679.000000  0.458541
37739.000000  0.472172
37803.000000  0.477123
37861.000000  0.478502
37988.000000  0.542345
38114.000000  0.482877
38286.000000  0.527378
38502.000000  0.538554
38643.000000  0.525232
38763.000000  0.483520
38782.000000  0.454192
38848.000000  0.487254
38926.000000  0.500946
39007.000000  0.510390
39082.000000  0.478093
39103.000000  0.864475
39159.000000  0.468918
39221.000000  0.513729
39282.000000  0.566586
39300.000000  0.475814
39301.000000  0.486991
39398.000000  0.413252
39483.000000  0.427333
39589.000000  0.448104
39688.000000  0.450268
39805.000000  0.470380
39972.000000  0.509535
40135.000000  0.557184
40305.000000  0.530908
40367.000000  0.518641
40503.000000  0.525644
40678.000000  0.564871
40752.000000  0.507366
40754.000000  0.419982
40806.000000  0.459068
40817.000000  0.434289
40818.000000  0.383368
40824.000000  0.424719
