2285.000000  0.576066
2879.000000  0.517211
3305.000000  0.414142
3658.000000  0.401936
4096.000000  0.754440
4550.000000  0.416673
5269.000000  0.598270
6195.000000  0.712166
7278.000000  0.884747
8236.000000  0.820239
8624.000000  0.758651
9458.000000  0.899621
10133.000000  0.774675
10656.000000  0.652030
11291.000000  0.731838
11896.000000  0.760126
12359.000000  0.746270
12834.000000  0.775200
13518.000000  0.850282
14042.000000  0.841915
14465.000000  0.551266
14793.000000  0.564204
14950.000000  0.502915
15414.000000  0.575768
15901.000000  0.621126
16216.000000  0.546155
16471.000000  0.530215
16910.000000  0.638526
17443.000000  0.607145
17793.000000  0.607597
18337.000000  0.738804
18827.000000  0.764683
19365.000000  0.709788
19896.000000  0.777277
20413.000000  0.926168
20945.000000  0.878504
21493.000000  0.881594
21959.000000  0.931028
22384.000000  0.752160
22815.000000  0.768279
23057.000000  0.746767
23465.000000  0.784594
23928.000000  0.846126
24353.000000  0.881988
24757.000000  0.903926
25019.000000  0.714855
25351.000000  0.763727
25658.000000  0.814547
26103.000000  0.830485
26608.000000  0.955578
27249.000000  1.180619
27886.000000  0.914227
28551.000000  0.956004
29288.000000  1.052878
29868.000000  1.064765
30491.000000  1.120016
31061.000000  1.258998
31601.000000  1.176936
31917.000000  0.996867
32347.000000  1.000761
32753.000000  0.904886
33120.000000  0.825438
33641.000000  0.816728
34199.000000  0.882704
34748.000000  0.937141
35401.000000  0.997866
35946.000000  1.201556
36371.000000  1.130327
36732.000000  0.880549
37145.000000  0.912301
37556.000000  0.989533
37996.000000  1.006237
38536.000000  0.950032
39037.000000  1.057612
39773.000000  1.121541
40666.000000  1.274851
41426.000000  1.215065
42048.000000  1.135624
42666.000000  1.139088
43242.000000  1.224825
44134.000000  1.298493
44924.000000  1.271845
45535.000000  1.267507
46094.000000  1.234261
46690.000000  1.192045
47223.000000  1.156170
47660.000000  1.103819
48151.000000  1.150786
48569.000000  1.092823
48795.000000  1.017675
49024.000000  1.059849
49218.000000  1.038976
49537.000000  1.122792
49992.000000  1.278400
50449.000000  1.262345
50948.000000  1.245633
51521.000000  1.297787
51985.000000  1.308815
52435.000000  1.267863
52996.000000  1.188466
53600.000000  1.336704
54038.000000  1.294073
54567.000000  1.251440
55078.000000  1.400439
55604.000000  1.427889
56171.000000  1.447807
56647.000000  1.453901
57098.000000  1.457072
57552.000000  1.442395
58476.000000  1.726991
58917.000000  1.493692
59431.000000  1.606248
60151.000000  1.701675
60887.000000  2.013107
61464.000000  1.631079
62087.000000  1.776583
62715.000000  1.851620
63202.000000  1.517067
63413.000000  1.687662
63906.000000  1.634155
64420.000000  1.981922
65002.000000  1.785996
65537.000000  1.990938
66248.000000  2.318472
66897.000000  2.198833
67362.000000  1.373677
67624.000000  2.110012
67746.000000  1.105643
67952.000000  1.738675
68334.000000  1.977078
68842.000000  1.627646
69255.000000  1.981597
69822.000000  2.405531
70474.000000  2.679911
71119.000000  2.808189
71838.000000  2.952655
72435.000000  1.955293
73001.000000  2.460628
73553.000000  2.485070
74194.000000  2.715343
74922.000000  1.655968
75235.000000  1.647070
75778.000000  1.691330
76135.000000  1.571347
76348.000000  1.582458
76615.000000  1.666956
76775.000000  3.432454
76882.000000  0.996815
77406.000000  1.218341
77838.000000  1.249410
78014.000000  1.219706
78324.000000  1.130766
78667.000000  1.097481
79137.000000  1.186854
79536.000000  1.244308
80018.000000  1.335318
80537.000000  1.281876
80782.000000  1.249249
81131.000000  1.291750
81326.000000  1.289247
81543.000000  1.286242
81717.000000  1.311224
82065.000000  1.421892
82224.000000  1.409893
82267.000000  0.943598
82292.000000  0.957218
82523.000000  1.351627
82859.000000  1.204228
83136.000000  1.046363
83414.000000  1.070963
83677.000000  1.108820
83852.000000  1.074495
84115.000000  1.065868
84301.000000  1.017503
84529.000000  1.001218
84902.000000  1.274728
85251.000000  1.176411
85381.000000  1.121120
85633.000000  1.095122
85962.000000  1.161006
86119.000000  1.322513
86334.000000  1.325585
86589.000000  1.301054
86954.000000  1.252335
87276.000000  1.268571
87639.000000  1.604755
88000.000000  1.567479
88428.000000  1.592251
88902.000000  1.579381
89364.000000  1.395789
89589.000000  1.087309
89902.000000  1.110113
90084.000000  1.140999
90365.000000  1.166795
90438.000000  1.027781
90462.000000  0.914202
90636.000000  0.951725
90939.000000  1.015368
91167.000000  0.998565
91386.000000  1.018147
91477.000000  0.966525
