2285.000000  61.233158
2879.000000  60.453587
3305.000000  55.128948
3658.000000  54.871899
4096.000000  44.885159
4550.000000  51.954819
5269.000000  56.994568
6195.000000  62.298786
7278.000000  69.527641
8236.000000  64.524719
8624.000000  58.753414
9458.000000  64.281639
10133.000000  55.023979
10656.000000  46.826878
11291.000000  50.818760
11896.000000  54.995258
12359.000000  50.360592
12834.000000  53.157246
13518.000000  57.158627
14042.000000  56.477230
14465.000000  37.035530
14793.000000  32.030827
14950.000000  28.039736
15414.000000  31.989141
15901.000000  36.640289
16216.000000  33.231083
16471.000000  31.232351
16910.000000  38.836124
17443.000000  38.917313
17793.000000  38.155773
18337.000000  43.943832
18827.000000  44.502831
19365.000000  38.780621
19896.000000  41.805779
20413.000000  50.790440
20945.000000  48.666115
21493.000000  48.960709
21959.000000  35.128311
22384.000000  34.341015
22815.000000  36.497574
23057.000000  38.510712
23465.000000  35.567535
23928.000000  41.513546
24353.000000  43.129913
24757.000000  47.711788
25019.000000  35.778175
25351.000000  34.304684
25658.000000  39.108273
26103.000000  38.826057
26608.000000  44.565411
27249.000000  34.506042
27886.000000  40.135963
28551.000000  40.607391
29288.000000  44.350739
29868.000000  43.929935
30491.000000  48.852848
31061.000000  51.157482
31601.000000  51.424026
31917.000000  42.095257
32347.000000  39.399780
32753.000000  34.250908
33120.000000  30.834835
33641.000000  26.229820
34199.000000  27.872164
34748.000000  31.450245
35401.000000  36.131924
35946.000000  43.138931
36371.000000  39.436012
36732.000000  23.578957
37145.000000  21.603001
37556.000000  28.297234
37996.000000  30.405798
38536.000000  22.864941
39037.000000  27.463514
39773.000000  34.106098
40666.000000  40.884758
41426.000000  33.905018
42048.000000  27.468821
42666.000000  25.747351
43242.000000  25.983036
44134.000000  29.037384
44924.000000  29.409134
45535.000000  27.345982
46094.000000  28.680763
46690.000000  25.092041
47223.000000  22.516481
47660.000000  18.840275
48151.000000  21.828045
48569.000000  18.367260
48795.000000  11.255628
49024.000000  16.886644
49218.000000  13.040967
49537.000000  21.599964
49992.000000  30.892811
50449.000000  29.355516
50948.000000  26.696896
51521.000000  29.652908
51985.000000  25.527147
52435.000000  22.090261
52996.000000  20.972351
53600.000000  30.395153
54038.000000  25.333897
54567.000000  24.848536
55078.000000  30.730999
55604.000000  29.958418
56171.000000  31.534763
56647.000000  32.206448
57098.000000  34.472172
57552.000000  35.390705
58476.000000  38.198959
58917.000000  34.539925
59431.000000  34.938015
60151.000000  40.975033
60887.000000  47.626488
61464.000000  37.528084
62087.000000  39.454971
62715.000000  43.845371
63202.000000  34.021114
63413.000000  36.742302
63906.000000  35.399284
64420.000000  47.523739
65002.000000  43.834507
65537.000000  46.917839
66248.000000  55.086945
66897.000000  51.721966
67362.000000  25.829359
67624.000000  51.459908
67746.000000  10.878646
67952.000000  43.625126
68334.000000  50.249451
68842.000000  41.117268
69255.000000  50.744553
69822.000000  59.380001
70474.000000  62.031387
71119.000000  59.542473
71838.000000  65.201096
72435.000000  47.505844
73001.000000  57.745117
73553.000000  57.285480
74194.000000  63.106243
74922.000000  38.962151
75235.000000  37.508972
75778.000000  40.193676
76135.000000  35.579216
76348.000000  37.192558
76615.000000  41.646568
76775.000000  70.540878
76882.000000  7.838120
77406.000000  23.958817
77838.000000  19.009869
78014.000000  18.734015
78324.000000  12.961515
78667.000000  12.785461
79137.000000  19.462227
79536.000000  19.604956
80018.000000  24.373127
80537.000000  24.283710
80782.000000  19.692005
81131.000000  20.822287
81326.000000  21.096895
81543.000000  23.862617
81717.000000  25.865395
82065.000000  31.137196
82224.000000  32.281860
82267.000000  1.979983
82292.000000  1.136379
82523.000000  28.770988
82859.000000  22.491613
83136.000000  9.377597
83414.000000  12.131710
83677.000000  15.580498
83852.000000  12.739627
84115.000000  11.059130
84301.000000  11.153154
84529.000000  9.509953
84902.000000  22.730326
85251.000000  22.456459
85381.000000  14.940476
85633.000000  13.473476
85962.000000  15.492554
86119.000000  27.113003
86334.000000  26.887161
86589.000000  26.840397
86954.000000  26.699396
87276.000000  24.732389
87639.000000  40.141853
88000.000000  37.821312
88428.000000  38.856827
88902.000000  39.147926
89364.000000  33.682060
89589.000000  12.522263
89902.000000  16.966751
90084.000000  16.639200
90365.000000  17.131584
90438.000000  9.411251
90462.000000  2.240981
90636.000000  4.978302
90939.000000  9.933151
91167.000000  10.127500
91386.000000  10.329835
91477.000000  8.208748
