995.000000  0.159604
1247.000000  -0.033441
1464.000000  -0.001135
1722.000000  0.014907
1781.000000  -0.034282
2060.000000  0.055069
2276.000000  -0.000933
2583.000000  0.045076
2929.000000  0.007766
3258.000000  0.012212
3581.000000  -0.006948
3927.000000  0.031788
4228.000000  0.010393
4570.000000  -0.014754
4862.000000  -0.036951
5161.000000  0.001976
5451.000000  0.027220
5660.000000  -0.065968
5832.000000  -0.048167
6012.000000  0.025417
6227.000000  0.008949
6440.000000  -0.007202
6697.000000  0.010088
6957.000000  -0.000594
7147.000000  -0.015472
7307.000000  -0.031500
7511.000000  0.005961
7676.000000  0.005029
7893.000000  0.020773
8140.000000  -0.012091
8351.000000  0.009755
8510.000000  -0.017772
8687.000000  0.063330
8895.000000  -0.047006
9120.000000  0.043564
9288.000000  -0.071189
9400.000000  -0.001054
9546.000000  -0.002271
9707.000000  0.017524
9983.000000  0.065398
10320.000000  0.026692
10613.000000  0.001359
10908.000000  0.005917
11206.000000  0.041971
11478.000000  -0.039478
11656.000000  -0.029973
11893.000000  0.005390
12121.000000  0.000027
12257.000000  -0.067989
12385.000000  -0.016439
12555.000000  0.024978
12729.000000  0.014733
12842.000000  -0.072074
12967.000000  -0.005594
13073.000000  0.009095
13235.000000  0.038299
13417.000000  0.000567
13603.000000  0.002631
13861.000000  0.052745
14058.000000  -0.049368
14257.000000  0.012659
14479.000000  0.028394
14753.000000  0.059362
15044.000000  0.052378
15216.000000  -0.048047
15401.000000  -0.012320
15589.000000  -0.020568
15806.000000  -0.023123
16003.000000  -0.015283
16203.000000  -0.036932
16389.000000  -0.024876
16592.000000  0.012160
16757.000000  -0.020936
16987.000000  0.014180
17185.000000  0.000819
17415.000000  0.013564
17667.000000  0.020843
17854.000000  -0.009547
18101.000000  0.009414
18353.000000  0.017876
18527.000000  -0.031510
18730.000000  -0.028337
18929.000000  -0.007121
19147.000000  0.049445
19338.000000  -0.047349
19525.000000  -0.005417
19664.000000  -0.010521
19866.000000  0.034943
20180.000000  0.075143
20345.000000  -0.000333
20487.000000  -0.059824
20657.000000  0.076859
20882.000000  -0.001271
21157.000000  0.090256
21388.000000  0.022536
21603.000000  -0.008971
21777.000000  -0.078221
21942.000000  0.005988
22118.000000  -0.035559
22221.000000  -0.063482
22387.000000  -0.008378
22638.000000  0.126947
22847.000000  0.027682
23116.000000  0.011262
23402.000000  -0.025556
23688.000000  -0.057003
23945.000000  -0.011080
24181.000000  -0.012067
24374.000000  -0.026600
24589.000000  -0.002586
24841.000000  0.124963
25131.000000  0.027498
25368.000000  0.033135
25623.000000  0.032644
25893.000000  0.015034
26111.000000  -0.084078
26372.000000  0.117621
26531.000000  0.009577
26590.000000  -0.226904
26694.000000  0.113660
26811.000000  0.005552
27010.000000  0.069493
27172.000000  0.133609
27322.000000  -0.049567
27415.000000  -0.076480
27532.000000  -0.000683
27610.000000  -0.022362
27704.000000  -0.089534
27818.000000  0.007078
27925.000000  -0.107630
28093.000000  0.069357
28287.000000  0.298601
28428.000000  -0.479976
28502.000000  -0.028439
28597.000000  -0.004148
28721.000000  0.001169
28829.000000  0.005003
29009.000000  0.011046
29117.000000  0.002371
29213.000000  0.386724
29363.000000  0.031861
29499.000000  -0.071044
29644.000000  -0.037966
29733.000000  -0.044025
29821.000000  -0.054532
29912.000000  0.041135
30011.000000  0.069513
30095.000000  -0.326784
30189.000000  0.025300
30279.000000  0.009813
30381.000000  0.015996
30552.000000  0.010305
30705.000000  0.016340
30832.000000  0.342539
30969.000000  0.151806
31128.000000  0.055220
31211.000000  -0.626591
31300.000000  0.018862
31377.000000  -0.016171
31456.000000  -0.007183
31564.000000  0.017818
31718.000000  0.022352
31799.000000  -0.015953
31904.000000  -0.025785
31954.000000  -0.018573
32032.000000  0.044725
32192.000000  0.551172
32336.000000  -0.512822
32483.000000  -0.027481
32701.000000  0.089263
32890.000000  -0.075587
32983.000000  -0.046347
33088.000000  -0.030973
33157.000000  0.001591
33270.000000  0.022078
33379.000000  -0.021228
33473.000000  0.008534
33566.000000  -0.003680
33672.000000  0.009391
33795.000000  0.051660
33928.000000  0.008414
34048.000000  0.027187
34126.000000  -0.037055
34140.000000  -0.100290
34151.000000  0.112306
34224.000000  -0.011132
34298.000000  0.014093
34382.000000  -0.014408
34485.000000  0.017450
34608.000000  0.001341
34823.000000  0.035108
35057.000000  0.032043
35274.000000  -0.020920
35469.000000  -0.026627
35634.000000  0.023630
35655.000000  -0.122886
35793.000000  0.109106
35918.000000  0.016152
36031.000000  0.082401
36127.000000  -0.018423
36248.000000  0.006609
36419.000000  -0.100207
36511.000000  -0.051414
36741.000000  0.043555
36908.000000  0.045916
37063.000000  -0.037575
37179.000000  0.148057
37241.000000  0.004235
37334.000000  0.052979
37464.000000  0.042236
37590.000000  -0.083444
37656.000000  -0.075849
37773.000000  0.086666
37898.000000  0.113733
38019.000000  0.030427
38079.000000  -0.055791
38128.000000  -0.391232
38235.000000  0.208626
38326.000000  -0.007792
38424.000000  -0.099731
38527.000000  0.050460
38599.000000  -0.125063
38602.000000  -0.034710
38606.000000  0.059900
38709.000000  -0.004510
38789.000000  -0.010917
38886.000000  0.014785
38997.000000  0.021969
39113.000000  0.013650
39221.000000  -0.024652
39339.000000  -0.026154
39420.000000  0.029175
39538.000000  0.012182
39669.000000  -0.014198
39719.000000  -0.002642
39747.000000  -0.041423
39924.000000  0.056809
40086.000000  0.005818
40181.000000  -0.027713
40199.000000  -0.055552
40303.000000  0.058784
40308.000000  -0.044244
40326.000000  0.064201
40367.000000  -0.047415
40382.000000  -0.028612
40484.000000  0.024822
40565.000000  -0.002816
40659.000000  0.017521
40780.000000  0.008209
40816.000000  -0.029959
40819.000000  -0.028039
