216.000000  0.172514
292.000000  -0.056182
416.000000  0.042419
480.000000  -0.032572
552.000000  -0.004775
612.000000  -0.021161
656.000000  0.016028
718.000000  0.000474
786.000000  0.011617
856.000000  -0.016459
919.000000  0.021631
1000.000000  0.006020
1089.000000  0.008165
1195.000000  0.015670
1285.000000  -0.021646
1377.000000  0.031217
1467.000000  0.015946
1557.000000  -0.025263
1625.000000  -0.000381
1713.000000  0.021436
1792.000000  -0.020570
1872.000000  0.014752
1953.000000  -0.032249
2027.000000  -0.002280
2107.000000  0.022599
2154.000000  -0.016690
2201.000000  0.003145
2274.000000  -0.028356
2353.000000  0.078563
2438.000000  -0.010827
2520.000000  -0.011469
2603.000000  -0.003005
2687.000000  -0.007720
2771.000000  0.003195
2840.000000  -0.002344
2915.000000  -0.020888
3001.000000  0.006234
3087.000000  0.030412
3186.000000  -0.001177
3259.000000  -0.002047
3333.000000  -0.001546
3417.000000  0.003627
3486.000000  -0.015846
3562.000000  0.016187
3649.000000  -0.018370
3702.000000  0.008882
3778.000000  0.030811
3875.000000  0.001284
3963.000000  -0.011752
4027.000000  -0.004907
4094.000000  -0.023134
4162.000000  0.020337
4233.000000  0.037824
4324.000000  0.024717
4433.000000  -0.058323
4539.000000  -0.000380
4644.000000  0.122487
4714.000000  0.016305
4804.000000  -0.111111
4894.000000  -0.039693
5014.000000  0.106421
5092.000000  -0.005647
5173.000000  -0.000664
5248.000000  0.147164
5332.000000  -0.174837
5366.000000  0.041430
5442.000000  -0.027294
5523.000000  0.011771
5597.000000  -0.040007
5676.000000  0.024135
5757.000000  0.092213
5835.000000  -0.093976
5934.000000  -0.011311
6015.000000  -0.049695
6096.000000  0.027480
6183.000000  -0.038570
6271.000000  0.039839
6347.000000  0.044609
6446.000000  -0.029832
6552.000000  -0.019266
6622.000000  0.022487
6707.000000  0.011947
6781.000000  0.012533
6856.000000  -0.059752
6912.000000  -0.049308
6986.000000  0.064277
7043.000000  0.034365
7100.000000  0.010584
7130.000000  0.005977
7172.000000  -0.009638
7244.000000  -0.002304
7319.000000  0.025147
7403.000000  -0.042721
7486.000000  0.046820
7591.000000  -0.006916
7678.000000  -0.031244
7758.000000  -0.051339
7834.000000  0.005432
7932.000000  0.059651
8020.000000  0.003274
8100.000000  -0.006369
8200.000000  0.048785
8296.000000  -0.024803
8384.000000  -0.016278
8466.000000  0.042964
8562.000000  -0.013180
8657.000000  0.023639
8724.000000  0.030325
8750.000000  -0.028240
8820.000000  -0.000200
8878.000000  0.064530
8882.000000  0.012935
8914.000000  0.029530
8939.000000  -0.042676
9027.000000  0.020087
9080.000000  0.037898
9087.000000  -0.059041
9096.000000  0.004133
9140.000000  0.090819
9248.000000  0.022105
9292.000000  0.080507
9370.000000  -0.025810
9518.000000  0.206162
9551.000000  -0.027818
9577.000000  0.008710
9581.000000  0.012763
9639.000000  -0.541011
9714.000000  -0.018804
9773.000000  -0.001308
9827.000000  -0.021775
9880.000000  0.019605
9933.000000  0.002091
10016.000000  0.004826
10088.000000  0.000612
10143.000000  -0.035099
10195.000000  0.022893
10246.000000  -0.007786
10302.000000  0.019052
10375.000000  0.005348
10465.000000  0.011852
10533.000000  -0.016852
10594.000000  0.003178
10652.000000  -0.032144
10713.000000  0.056415
10773.000000  -0.019640
10831.000000  -0.001448
10894.000000  -0.002093
10953.000000  0.007213
11011.000000  -0.010113
11073.000000  -0.001996
11131.000000  0.007842
11193.000000  -0.027792
11253.000000  0.033247
11311.000000  -0.002246
11381.000000  -0.015636
11443.000000  0.007544
11504.000000  -0.003906
11561.000000  -0.017709
11630.000000  0.029268
11707.000000  0.049226
11765.000000  -0.051682
11871.000000  0.004934
11975.000000  0.018436
12017.000000  -0.030342
12058.000000  -0.006098
12097.000000  0.004590
12148.000000  0.010343
12215.000000  -0.004478
12372.000000  0.028811
12478.000000  -0.002470
12610.000000  0.019928
12672.000000  -0.030897
12759.000000  0.016404
12848.000000  0.019648
12941.000000  0.000934
13021.000000  -0.012947
13084.000000  0.012084
13153.000000  -0.040171
13253.000000  0.053214
13351.000000  0.003173
13444.000000  -0.014557
13531.000000  0.006890
13611.000000  -0.027084
13681.000000  0.003829
13762.000000  0.027556
13850.000000  -0.037080
13946.000000  0.045634
14025.000000  -0.017974
14078.000000  0.032214
14156.000000  0.041395
14207.000000  0.051290
14282.000000  -0.020267
14331.000000  -0.048384
14373.000000  -0.028142
14408.000000  -0.026457
14411.000000  -0.068242
14483.000000  0.084922
14546.000000  -0.055960
14630.000000  0.059585
14732.000000  -0.007993
14825.000000  -0.021670
14914.000000  0.032185
15010.000000  0.005989
15078.000000  -0.014705
15137.000000  -0.000563
15201.000000  -0.005803
15273.000000  -0.003883
15293.000000  -0.003346
15327.000000  0.004520
15385.000000  -0.055555
15420.000000  0.042486
15523.000000  0.002187
15607.000000  0.013082
15705.000000  0.020387
15776.000000  0.008263
15859.000000  -0.005905
15941.000000  0.007405
16020.000000  -0.060584
16103.000000  0.058656
16126.000000  -0.045721
16206.000000  0.023770
16281.000000  0.006920
16362.000000  0.026964
16449.000000  -0.002207
16523.000000  -0.066466
16601.000000  0.028929
16692.000000  0.011718
16743.000000  -0.049009
16815.000000  0.031863
16888.000000  0.021077
16972.000000  -0.014936
17045.000000  0.035059
17065.000000  -0.080461
17129.000000  0.152859
17130.000000  -0.012977
17132.000000  -0.122101
17163.000000  0.001097
17225.000000  -0.001690
17301.000000  0.031695
17392.000000  -0.016866
17476.000000  0.036337
17517.000000  -0.017359
17565.000000  0.007097
17619.000000  0.024623
17644.000000  -0.048626
17750.000000  0.015411
17820.000000  -0.003653
17873.000000  -0.010674
18011.000000  0.008293
18095.000000  0.003815
18174.000000  -0.021937
18245.000000  0.009567
18339.000000  -0.007957
18433.000000  0.016451
18456.000000  -0.033706
18469.000000  0.033691
18552.000000  -0.019508
18567.000000  0.016905
18722.000000  0.007418
18794.000000  0.006034
18853.000000  -0.021142
18911.000000  0.020069
18980.000000  0.016850
19043.000000  -0.003779
19121.000000  -0.007002
19201.000000  0.008773
19281.000000  -0.026901
19361.000000  0.027726
19440.000000  -0.019526
19520.000000  -0.001073
19563.000000  0.015480
19566.000000  -0.019570
19629.000000  0.008897
19681.000000  -0.011233
19723.000000  0.003192
19808.000000  -0.011089
19858.000000  0.005961
19923.000000  0.020572
19990.000000  -0.027286
20093.000000  0.032357
20158.000000  -0.009432
20245.000000  -0.003825
20327.000000  -0.019282
20393.000000  -0.003350
20449.000000  0.015731
20559.000000  0.027025
20563.000000  -0.036790
20592.000000  -0.000467
20621.000000  0.003919
20657.000000  -0.062968
20720.000000  0.071839
20764.000000  -0.044574
20828.000000  0.054864
20901.000000  0.006953
20978.000000  -0.013488
21043.000000  -0.031746
21072.000000  0.013915
21084.000000  0.001604
21099.000000  0.018834
21164.000000  -0.048342
21242.000000  0.052194
21316.000000  0.015649
21423.000000  0.016021
21513.000000  -0.011536
21605.000000  -0.034206
21704.000000  0.058321
21779.000000  -0.008753
21857.000000  -0.017564
21939.000000  -0.018072
21996.000000  0.040736
22073.000000  -0.012755
22123.000000  -0.002822
22236.000000  0.031761
22314.000000  -0.053934
22393.000000  0.051667
22477.000000  -0.002531
22565.000000  0.006376
22655.000000  -0.004019
22745.000000  0.003227
22826.000000  0.010507
22891.000000  -0.039015
22948.000000  0.010538
23023.000000  -0.019196
23108.000000  0.075820
23183.000000  -0.064962
23264.000000  0.014453
23342.000000  0.010952
23423.000000  -0.023166
23511.000000  0.027636
23585.000000  0.002999
23682.000000  0.009174
23774.000000  0.049624
23835.000000  -0.052367
23920.000000  -0.015058
23994.000000  0.025857
24153.000000  0.001900
24238.000000  -0.013097
24321.000000  -0.017186
24414.000000  0.011446
24490.000000  -0.013609
24551.000000  -0.002786
24595.000000  0.003303
24621.000000  -0.009562
24674.000000  -0.020237
24720.000000  0.007759
24759.000000  -0.034524
24807.000000  0.019709
24854.000000  0.014746
24902.000000  -0.035224
24941.000000  -0.023856
25012.000000  0.074256
25106.000000  -0.002194
25164.000000  0.015247
25229.000000  -0.034466
25284.000000  0.015838
25339.000000  -0.008445
25396.000000  0.001163
25482.000000  0.016296
25615.000000  0.027312
25702.000000  0.001227
25787.000000  -0.007281
25837.000000  -0.010001
25929.000000  0.034449
25993.000000  -0.032565
26088.000000  -0.019412
26162.000000  -0.013897
26235.000000  0.033589
26276.000000  -0.027429
26336.000000  0.015652
26421.000000  0.014807
26513.000000  0.003367
26622.000000  -0.031604
26651.000000  0.033597
26698.000000  0.013670
26708.000000  -0.060357
26742.000000  0.013875
26807.000000  0.024405
26911.000000  -0.039045
27012.000000  0.032262
27078.000000  -0.003179
27164.000000  0.010454
27243.000000  0.028989
27308.000000  -0.026934
27360.000000  -0.029468
27427.000000  0.042699
27504.000000  -0.021067
27579.000000  0.021048
27664.000000  0.015391
27738.000000  -0.007166
27807.000000  -0.052646
27896.000000  0.109256
27976.000000  -0.020471
28047.000000  -0.048436
28133.000000  0.012880
28218.000000  0.003266
28301.000000  0.008563
28400.000000  0.009233
28490.000000  0.012993
28580.000000  0.008921
28691.000000  -0.039530
28784.000000  0.075518
28864.000000  -0.021863
28948.000000  -0.061395
29041.000000  0.134713
29134.000000  0.047452
29216.000000  -0.154891
29254.000000  0.030289
29349.000000  0.027413
29415.000000  0.013830
29480.000000  0.002964
29553.000000  -0.013831
29603.000000  -0.003167
29672.000000  -0.065978
29735.000000  0.044893
29785.000000  -0.018477
29843.000000  0.010663
29909.000000  0.050760
29973.000000  -0.015389
30027.000000  -0.009516
30105.000000  0.010719
30141.000000  0.057523
30201.000000  0.038280
30210.000000  0.054305
30231.000000  -0.077413
30235.000000  0.008289
30312.000000  -0.153310
30379.000000  -0.028408
30416.000000  -0.003301
30457.000000  -0.009072
30502.000000  -0.005113
30516.000000  0.004666
30522.000000  -0.068638
30568.000000  0.208292
30616.000000  0.016254
30628.000000  0.039555
30669.000000  -0.186117
30820.000000  0.044791
30886.000000  -0.100991
30959.000000  0.071681
30996.000000  -0.020435
31028.000000  -0.013898
31110.000000  0.035634
31186.000000  0.001088
31274.000000  0.005245
31360.000000  0.058060
31396.000000  -0.069377
31399.000000  -0.022399
31402.000000  0.002299
31453.000000  0.019272
31495.000000  -0.002413
31516.000000  0.014344
31568.000000  -0.006369
31604.000000  -0.032091
31630.000000  -0.019545
31718.000000  0.052887
31785.000000  0.012557
31819.000000  -0.025202
31837.000000  -0.014728
31853.000000  -0.009189
31909.000000  0.018480
31955.000000  0.011126
32036.000000  0.011885
32119.000000  -0.005267
32234.000000  0.035158
32318.000000  -0.028592
32358.000000  -0.004258
32424.000000  -0.029456
32499.000000  0.029110
32593.000000  0.016499
32699.000000  -0.035076
32772.000000  0.045846
32807.000000  -0.002144
32849.000000  0.001641
32854.000000  -0.059611
32903.000000  0.039936
32955.000000  -0.012616
33043.000000  0.015500
33115.000000  0.016883
33264.000000  0.011400
33300.000000  -0.032243
33354.000000  -0.004087
33400.000000  -0.028923
33441.000000  0.023573
33483.000000  0.043537
33533.000000  -0.015085
33614.000000  -0.003656
33684.000000  -0.023380
33731.000000  0.002976
33770.000000  -0.010812
33811.000000  -0.000249
33860.000000  0.011120
33905.000000  -0.001676
33949.000000  0.044816
33992.000000  -0.045373
34037.000000  0.002889
34079.000000  -0.024718
34123.000000  0.039487
34179.000000  -0.031071
34280.000000  0.030412
34363.000000  0.004026
34440.000000  0.026561
34545.000000  -0.008609
34637.000000  0.014841
34696.000000  -0.012672
34757.000000  0.001380
34825.000000  -0.014046
34869.000000  0.036731
34915.000000  0.005092
34975.000000  -0.015085
34982.000000  -0.015275
34988.000000  -0.037521
34993.000000  -0.009474
35088.000000  0.022173
35182.000000  0.007741
35288.000000  0.032941
35349.000000  0.010930
35391.000000  -0.041403
35453.000000  0.010116
35508.000000  0.018218
35513.000000  -0.021706
35515.000000  -0.017158
35628.000000  0.024047
35709.000000  -0.012792
35798.000000  0.030133
35870.000000  -0.000984
35971.000000  -0.011870
36049.000000  -0.013708
36053.000000  -0.024652
36064.000000  0.011004
36152.000000  0.010683
36243.000000  -0.003920
36341.000000  0.033375
36413.000000  -0.008703
36511.000000  -0.003400
36574.000000  0.037166
36641.000000  -0.019157
36714.000000  0.016650
36784.000000  -0.010110
36844.000000  0.021184
36850.000000  -0.043741
36857.000000  -0.024629
36927.000000  0.039117
37050.000000  0.013760
37160.000000  0.019014
37231.000000  -0.033755
37342.000000  0.007743
37407.000000  0.017462
37482.000000  0.013866
37554.000000  -0.072153
37614.000000  -0.003812
37720.000000  0.026609
37769.000000  0.019495
37832.000000  0.022105
37868.000000  -0.033757
37909.000000  -0.045363
37992.000000  0.047384
38083.000000  0.003991
38157.000000  -0.024814
38235.000000  0.005883
38305.000000  0.034508
38311.000000  -0.039140
38352.000000  0.027413
38393.000000  -0.077137
38424.000000  0.015992
38495.000000  0.043812
38579.000000  0.080814
38662.000000  -0.034061
38724.000000  -0.083308
38731.000000  0.005044
38732.000000  0.015734
38759.000000  0.025230
38824.000000  -0.000963
38900.000000  0.007604
38987.000000  0.019244
39072.000000  -0.035853
39149.000000  0.019810
39159.000000  -0.025696
39162.000000  0.003595
39164.000000  -0.009314
39172.000000  0.180564
39178.000000  -0.168527
39187.000000  -0.017479
39191.000000  -0.003997
39239.000000  0.023566
39337.000000  0.003542
39408.000000  -0.005069
39508.000000  -0.007559
39585.000000  0.036223
39671.000000  0.007731
39725.000000  -0.005932
39759.000000  0.014627
39787.000000  -0.029042
39847.000000  0.013713
39940.000000  -0.034700
40025.000000  0.004983
40125.000000  -0.011491
40214.000000  0.069809
40306.000000  -0.002626
40367.000000  -0.023938
40389.000000  -0.016504
40486.000000  0.028473
40548.000000  -0.014893
40620.000000  0.004527
40701.000000  0.030199
40779.000000  -0.034640
40803.000000  0.017540
40817.000000  -0.058429
