216.000000  0.083138
280.000000  0.074427
335.000000  0.080331
386.000000  0.091074
442.000000  0.053726
490.000000  0.097866
563.000000  0.105225
614.000000  0.101429
689.000000  0.113956
781.000000  0.117546
849.000000  0.118470
923.000000  0.105454
984.000000  0.093665
1043.000000  0.090760
1106.000000  0.107057
1180.000000  0.093717
1255.000000  0.109698
1351.000000  0.115372
1399.000000  0.101299
1454.000000  0.114928
1492.000000  0.102518
1519.000000  0.097809
1549.000000  0.113549
1642.000000  0.087705
1689.000000  0.062345
1758.000000  0.100363
1821.000000  0.092594
1859.000000  0.078787
1915.000000  0.093920
1938.000000  0.089239
1960.000000  0.030607
1970.000000  0.071430
2060.000000  0.106553
2110.000000  0.110171
2154.000000  0.092794
2203.000000  0.101145
2262.000000  0.112834
2311.000000  0.083836
2338.000000  0.073562
2339.000000  0.060374
2403.000000  0.090543
2480.000000  0.088478
2549.000000  0.067224
2609.000000  0.080263
2653.000000  0.063065
2712.000000  0.069747
2773.000000  0.071727
2832.000000  0.096891
2892.000000  0.082002
2971.000000  0.089058
3083.000000  0.097279
3165.000000  0.126323
3228.000000  0.086605
3282.000000  0.070324
3332.000000  0.062407
3383.000000  0.046671
3429.000000  0.056434
3474.000000  0.058313
3515.000000  0.046535
3559.000000  0.063274
3601.000000  0.045796
3658.000000  0.053696
3704.000000  0.059908
3761.000000  0.067864
3820.000000  0.076893
3893.000000  0.059841
3966.000000  0.059067
4047.000000  0.087980
4133.000000  0.072844
4192.000000  0.091942
4239.000000  0.084248
4274.000000  0.077570
4346.000000  0.102477
4426.000000  0.116729
4508.000000  0.123941
4582.000000  0.119468
4677.000000  0.115944
4748.000000  0.101007
4797.000000  0.063957
4839.000000  0.042376
4883.000000  0.024233
4954.000000  0.072742
5017.000000  0.082588
5078.000000  0.085149
5135.000000  0.079162
5194.000000  0.062090
5244.000000  0.054377
5293.000000  0.066887
5339.000000  0.066733
5388.000000  0.060869
5432.000000  0.066660
5514.000000  0.064399
5611.000000  0.086154
5718.000000  0.108777
5813.000000  0.174057
5902.000000  0.097149
5993.000000  0.109505
6068.000000  0.111488
6150.000000  0.129554
6203.000000  0.113205
6261.000000  0.095868
6312.000000  0.093131
6370.000000  0.069997
6436.000000  0.086173
6528.000000  0.099947
6583.000000  0.092149
6638.000000  0.079599
6697.000000  0.098678
6750.000000  0.089941
6824.000000  0.071444
6890.000000  0.082661
6953.000000  0.100497
7021.000000  0.085785
7089.000000  0.086967
7136.000000  0.099109
7167.000000  0.077596
7219.000000  0.099953
7270.000000  0.084522
7323.000000  0.081536
7392.000000  0.102859
7449.000000  0.092349
7505.000000  0.093342
7560.000000  0.095029
7630.000000  0.094260
7669.000000  0.077483
7700.000000  0.053604
7744.000000  0.099999
7785.000000  0.122528
7806.000000  0.135882
7846.000000  0.151456
7896.000000  0.140757
7953.000000  0.183914
8012.000000  0.159243
8071.000000  0.153339
8114.000000  0.161129
8132.000000  0.160979
8155.000000  0.150240
8196.000000  0.180666
8227.000000  0.239077
8240.000000  0.234106
8249.000000  0.249427
8251.000000  0.224980
8289.000000  0.126732
8335.000000  0.056319
8367.000000  0.036366
8404.000000  0.051104
8461.000000  0.045999
8535.000000  0.077639
8593.000000  0.071032
8616.000000  0.031837
8648.000000  0.036763
8713.000000  0.068554
8802.000000  0.082469
8898.000000  0.077678
8989.000000  0.095645
9043.000000  0.083168
9123.000000  0.075466
9192.000000  0.096688
9270.000000  0.090160
9297.000000  0.072250
9363.000000  0.061117
9403.000000  0.068046
9464.000000  0.073554
9498.000000  0.049629
9535.000000  0.048454
9589.000000  0.050045
9621.000000  0.038557
9681.000000  0.041379
9733.000000  0.093090
9851.000000  0.099857
9959.000000  0.110224
10033.000000  0.086702
10099.000000  0.082689
10147.000000  0.035903
10201.000000  0.062127
10251.000000  0.058915
10307.000000  0.051357
10363.000000  0.055967
10426.000000  0.034453
10482.000000  0.091462
10537.000000  0.063565
10620.000000  0.078635
10709.000000  0.062582
10770.000000  0.084694
10808.000000  0.051485
10863.000000  0.092583
10934.000000  0.041978
10994.000000  0.080439
11048.000000  0.054707
11109.000000  0.094477
11168.000000  0.092859
11228.000000  0.086884
11288.000000  0.083387
11348.000000  0.073303
11408.000000  0.074371
11468.000000  0.077612
11528.000000  0.043636
11588.000000  0.043310
11643.000000  0.061561
11682.000000  0.076366
11729.000000  0.053180
11797.000000  0.065848
11863.000000  0.063741
11928.000000  0.035361
11988.000000  0.067396
12046.000000  0.071699
12105.000000  0.041225
12205.000000  0.076049
12298.000000  0.088231
12389.000000  0.112690
12483.000000  0.125853
12560.000000  0.105690
12642.000000  0.118719
12736.000000  0.118240
12828.000000  0.076063
12907.000000  0.145454
12921.000000  0.039549
12933.000000  0.083559
12951.000000  0.078674
12974.000000  0.118031
13006.000000  0.090970
13052.000000  0.127036
13056.000000  0.057979
13114.000000  0.129318
13191.000000  0.153454
13251.000000  0.117583
13333.000000  0.125507
13417.000000  0.133579
13504.000000  0.081579
13547.000000  0.066300
13588.000000  0.059417
13604.000000  0.078785
13607.000000  0.078854
13663.000000  0.117364
13740.000000  0.142203
13822.000000  0.105912
13869.000000  0.106761
13917.000000  0.119607
13933.000000  0.161831
13967.000000  0.114038
14012.000000  0.097123
14131.000000  0.123220
14225.000000  0.113204
14307.000000  0.101199
14391.000000  0.114569
14484.000000  0.134246
14556.000000  0.115454
14642.000000  0.103990
14734.000000  0.111180
14811.000000  0.130951
14896.000000  0.076550
14948.000000  0.082708
15010.000000  0.102775
15062.000000  0.066334
15122.000000  0.054189
15180.000000  0.081112
15229.000000  0.038714
15273.000000  0.086870
15327.000000  0.093613
15408.000000  0.098935
15476.000000  0.098881
15540.000000  0.090083
15604.000000  0.079127
15666.000000  0.081427
15698.000000  0.048237
15746.000000  0.067780
15808.000000  0.057069
15863.000000  0.085268
15920.000000  0.093798
15976.000000  0.084161
16031.000000  0.081044
16069.000000  0.089051
16101.000000  0.073754
16157.000000  0.050953
16227.000000  0.127193
16307.000000  0.103755
16377.000000  0.108472
16451.000000  0.109325
16515.000000  0.076612
16588.000000  0.087287
16678.000000  0.086700
16768.000000  0.099466
16850.000000  0.087882
16947.000000  0.091131
17005.000000  0.079603
17063.000000  0.074465
17127.000000  0.117128
17191.000000  0.076165
17254.000000  0.051478
17318.000000  0.104156
17382.000000  0.051750
17446.000000  0.079059
17510.000000  0.092517
17574.000000  0.090282
17638.000000  0.075968
17703.000000  0.069012
17767.000000  0.077043
17830.000000  0.099848
17903.000000  0.049765
17941.000000  0.056670
17991.000000  0.083833
18046.000000  0.086600
18080.000000  0.095279
18115.000000  0.103856
18169.000000  0.107586
18222.000000  0.106035
18285.000000  0.097849
18349.000000  0.096190
18425.000000  0.098721
18509.000000  0.147692
18546.000000  0.103117
18579.000000  0.117125
18640.000000  0.142094
18707.000000  0.157174
18761.000000  0.169586
18808.000000  0.167095
18853.000000  0.168674
18921.000000  0.131761
18982.000000  0.155824
19026.000000  0.145424
19067.000000  0.091584
19119.000000  0.138700
19171.000000  0.150445
19223.000000  0.134981
19271.000000  0.102640
19319.000000  0.127047
19378.000000  0.127608
19400.000000  0.141484
19426.000000  0.129602
19467.000000  0.142874
19511.000000  0.137418
19553.000000  0.136804
19587.000000  0.140186
19618.000000  0.112529
19672.000000  0.130302
19717.000000  0.144101
19760.000000  0.142498
19814.000000  0.158420
19858.000000  0.163028
19896.000000  0.157162
19940.000000  0.166192
19985.000000  0.133471
20030.000000  0.105424
20080.000000  0.144465
20132.000000  0.141274
20196.000000  0.126709
20248.000000  0.117308
20301.000000  0.122404
20353.000000  0.120413
20405.000000  0.111670
20447.000000  0.165040
20472.000000  0.159087
20506.000000  0.180804
20544.000000  0.163371
20584.000000  0.173342
20614.000000  0.219492
20642.000000  0.166880
20684.000000  0.214498
20741.000000  0.252251
20794.000000  0.238163
20850.000000  0.198122
20906.000000  0.239236
20959.000000  0.201788
21006.000000  0.173312
21060.000000  0.183835
21117.000000  0.208859
21151.000000  0.305468
21167.000000  0.236867
21188.000000  0.265862
21214.000000  0.287570
21259.000000  0.301268
21309.000000  0.288744
21343.000000  0.324930
21371.000000  0.232612
21410.000000  0.202597
21457.000000  0.230824
21504.000000  0.248622
21549.000000  0.421442
21551.000000  0.336209
21561.000000  0.386589
21574.000000  0.378274
21590.000000  0.775320
21632.000000  0.192172
21657.000000  0.150890
21696.000000  0.173184
21739.000000  0.144236
21794.000000  0.146548
21798.000000  0.075345
21833.000000  0.174684
21862.000000  0.206734
21897.000000  0.199977
21940.000000  0.196313
21987.000000  0.177170
22031.000000  0.115226
22045.000000  0.193249
22082.000000  0.039000
22153.000000  0.062065
22229.000000  0.079699
22289.000000  0.099959
22365.000000  0.108439
22414.000000  0.090434
22452.000000  0.069981
22510.000000  0.082521
22542.000000  0.112359
22571.000000  0.075315
22603.000000  0.092464
22608.000000  0.052296
22640.000000  0.034281
22703.000000  0.054515
22763.000000  0.075738
22819.000000  0.091673
22875.000000  0.083402
22952.000000  0.098869
23002.000000  0.076118
23047.000000  0.082333
23082.000000  0.078979
23117.000000  0.102772
23149.000000  0.075083
23170.000000  0.074048
23247.000000  0.075588
23302.000000  0.083429
23358.000000  0.073109
23413.000000  0.079556
23489.000000  0.116874
23555.000000  0.086828
23612.000000  0.075231
23665.000000  0.114570
23716.000000  0.057827
23753.000000  0.049019
23802.000000  0.072151
23850.000000  0.105569
23913.000000  0.101960
23947.000000  0.070801
23951.000000  0.131151
24048.000000  0.055173
24125.000000  0.083536
24213.000000  0.099362
24301.000000  0.071360
24402.000000  0.110693
24458.000000  0.107127
24510.000000  0.084734
24576.000000  0.106219
24616.000000  0.084776
24662.000000  0.109941
24715.000000  0.097269
24748.000000  0.110593
24759.000000  0.113330
24768.000000  0.026906
24841.000000  0.070246
24872.000000  0.044995
24947.000000  0.088157
24996.000000  0.076901
25057.000000  0.104834
25132.000000  0.102460
25172.000000  0.042935
25204.000000  0.074302
25263.000000  0.090510
25287.000000  0.084577
25316.000000  0.085337
25344.000000  0.099744
25372.000000  0.088720
25378.000000  0.046060
25478.000000  0.069921
25559.000000  0.094051
25656.000000  0.068910
25707.000000  0.079275
25757.000000  0.087193
25825.000000  0.084065
25897.000000  0.098356
25933.000000  0.087904
25971.000000  0.073672
25985.000000  0.101870
26024.000000  0.047234
26070.000000  0.040116
26122.000000  0.059696
26168.000000  0.021830
26222.000000  0.061832
26283.000000  0.046846
26347.000000  0.064274
26367.000000  0.032979
26445.000000  0.079495
26503.000000  0.082227
26568.000000  0.093491
26632.000000  0.066606
26696.000000  0.058838
26760.000000  0.085699
26824.000000  0.101718
26888.000000  0.073243
26952.000000  0.075522
27014.000000  0.102126
27094.000000  0.072225
27160.000000  0.091688
27224.000000  0.077813
27296.000000  0.054255
27353.000000  0.086565
27418.000000  0.049379
27448.000000  0.077940
27510.000000  0.090621
27595.000000  0.122278
27708.000000  0.140369
27775.000000  0.105796
27835.000000  0.089980
27898.000000  0.088740
27986.000000  0.110329
28076.000000  0.135249
28122.000000  0.091501
28173.000000  0.076493
28234.000000  0.071333
28303.000000  0.102440
28392.000000  0.130698
28485.000000  0.122334
28579.000000  0.109695
28657.000000  0.086448
28738.000000  0.070874
28813.000000  0.130232
28902.000000  0.121242
28983.000000  0.126529
29084.000000  0.151005
29125.000000  0.105957
29151.000000  0.126213
29198.000000  0.088946
29253.000000  0.155403
29293.000000  0.109239
29333.000000  0.138574
29356.000000  0.109053
29388.000000  0.113877
29416.000000  0.117416
29447.000000  0.101862
29481.000000  0.128917
29524.000000  0.142665
29563.000000  0.157517
29576.000000  0.111847
29580.000000  0.072606
29626.000000  0.140099
29691.000000  0.144707
29767.000000  0.183789
29808.000000  0.146009
29833.000000  0.167009
29853.000000  0.187953
29865.000000  0.238937
29884.000000  0.281588
29895.000000  0.307742
29976.000000  0.123484
30028.000000  0.074667
30062.000000  0.041007
30072.000000  0.016430
30108.000000  0.033970
30141.000000  0.033577
30150.000000  0.026639
30198.000000  0.102038
30261.000000  0.067962
30313.000000  0.059932
30378.000000  0.082481
30429.000000  0.050574
30458.000000  0.046907
30506.000000  0.076858
30568.000000  0.065278
30607.000000  0.054260
30651.000000  0.091415
30666.000000  0.072293
30699.000000  0.041494
30769.000000  0.069154
30825.000000  0.062573
30881.000000  0.070637
30954.000000  0.053528
30994.000000  0.084446
31056.000000  0.048100
31088.000000  0.066269
31121.000000  0.044417
31129.000000  0.025715
31178.000000  0.045374
31242.000000  0.083173
31298.000000  0.047200
31354.000000  0.089423
31415.000000  0.086118
31451.000000  0.082856
31503.000000  0.053468
31559.000000  0.057032
31592.000000  0.081246
31633.000000  0.049162
31634.000000  0.077800
31718.000000  0.114558
31779.000000  0.089761
31863.000000  0.096302
31941.000000  0.091603
32022.000000  0.109370
32075.000000  0.049558
32089.000000  0.053842
32157.000000  0.082678
32217.000000  0.093880
32277.000000  0.081690
32328.000000  0.047317
32363.000000  0.072741
32424.000000  0.101051
32453.000000  0.051411
32480.000000  0.092843
32501.000000  0.088044
32586.000000  0.075774
32750.000000  0.124264
32796.000000  0.121879
32861.000000  0.116087
32924.000000  0.128377
32947.000000  0.113910
33011.000000  0.051728
33071.000000  0.048314
33138.000000  0.060914
33156.000000  0.021091
33202.000000  0.039011
33203.000000  0.013347
33243.000000  0.056503
33273.000000  0.039283
33297.000000  0.049042
33404.000000  0.094624
33493.000000  0.099187
33601.000000  0.079131
33672.000000  0.120778
33722.000000  0.100835
33774.000000  0.084494
33828.000000  0.052402
33897.000000  0.078625
33953.000000  0.077026
34010.000000  0.067496
34077.000000  0.133979
34108.000000  0.097467
34160.000000  0.106233
34184.000000  0.069632
34208.000000  0.056037
34232.000000  0.088494
34257.000000  0.087674
34271.000000  0.108822
34273.000000  0.011127
34322.000000  0.054440
34415.000000  0.088526
34498.000000  0.089518
34561.000000  0.078177
34664.000000  0.070297
34766.000000  0.103163
34828.000000  0.109519
34914.000000  0.067745
35010.000000  0.103032
35072.000000  0.103259
35128.000000  0.064220
35172.000000  0.075704
35290.000000  0.094942
35317.000000  0.040333
35360.000000  0.047396
35402.000000  0.056547
35451.000000  0.085951
35508.000000  0.090567
35586.000000  0.063624
35631.000000  0.044072
35669.000000  0.032548
35684.000000  0.016838
35764.000000  0.079277
35843.000000  0.076894
35889.000000  0.030204
35925.000000  0.019271
35948.000000  0.014349
36019.000000  0.072224
36119.000000  0.086980
36217.000000  0.115818
36269.000000  0.087848
36323.000000  0.077335
36351.000000  0.068673
36356.000000  0.071598
36359.000000  0.003234
36387.000000  0.035201
36406.000000  0.064069
36412.000000  0.020651
36422.000000  0.010609
36497.000000  0.091685
36500.000000  0.016339
36550.000000  0.053892
36624.000000  0.059304
36661.000000  0.095107
36763.000000  0.104928
36852.000000  0.116500
36901.000000  0.106049
36936.000000  0.074680
36959.000000  0.069837
36998.000000  0.088824
37006.000000  0.062435
37018.000000  0.035776
37075.000000  0.075220
37136.000000  0.088870
37202.000000  0.103996
37279.000000  0.085585
37328.000000  0.085564
37374.000000  0.084712
37429.000000  0.091807
37489.000000  0.090085
37550.000000  0.098003
37609.000000  0.106021
37669.000000  0.090454
37730.000000  0.102600
37780.000000  0.106162
37816.000000  0.073913
37867.000000  0.083805
37926.000000  0.080961
38011.000000  0.110658
38053.000000  0.122180
38088.000000  0.117866
38124.000000  0.116647
38151.000000  0.120637
38152.000000  0.095577
38254.000000  0.085609
38321.000000  0.093704
38332.000000  0.060219
38421.000000  0.085832
38509.000000  0.106950
38594.000000  0.101643
38678.000000  0.112280
38762.000000  0.142479
38866.000000  0.121136
38951.000000  0.139850
39035.000000  0.119196
39118.000000  0.137067
39203.000000  0.093249
39279.000000  0.105679
39326.000000  0.101349
39376.000000  0.107891
39431.000000  0.144256
39462.000000  0.097965
39498.000000  0.124391
39534.000000  0.113424
39571.000000  0.087920
39634.000000  0.136536
39713.000000  0.131116
39777.000000  0.141778
39855.000000  0.173732
39910.000000  0.194858
39948.000000  0.117261
39956.000000  0.099625
39964.000000  0.051815
39971.000000  0.069146
39973.000000  0.010419
40028.000000  0.147060
40103.000000  0.154468
40149.000000  0.185704
40180.000000  0.122599
40213.000000  0.137533
40233.000000  0.100829
40263.000000  0.156525
40295.000000  0.149761
40327.000000  0.162379
40359.000000  0.144731
40394.000000  0.110254
40395.000000  0.072891
40448.000000  0.075939
40510.000000  0.102731
40568.000000  0.083693
40624.000000  0.056620
40686.000000  0.085845
40714.000000  0.079493
40758.000000  0.067327
40777.000000  0.053825
40794.000000  0.080835
40812.000000  0.054151
40817.000000  0.018021
