216.000000  0.083138
280.000000  -0.008711
335.000000  0.005904
386.000000  0.010743
442.000000  -0.037348
490.000000  0.044140
563.000000  0.007359
614.000000  -0.003796
689.000000  0.012527
781.000000  0.003590
849.000000  0.000924
923.000000  -0.013016
984.000000  -0.011789
1043.000000  -0.002905
1106.000000  0.016296
1180.000000  -0.013340
1255.000000  0.015982
1351.000000  0.005674
1399.000000  -0.014073
1454.000000  0.013629
1492.000000  -0.012410
1519.000000  -0.004709
1549.000000  0.015741
1642.000000  -0.025845
1689.000000  -0.025359
1758.000000  0.038017
1821.000000  -0.007768
1859.000000  -0.013807
1915.000000  0.015133
1938.000000  -0.004681
1960.000000  -0.058632
1970.000000  0.040823
2060.000000  0.035122
2110.000000  0.003618
2154.000000  -0.017377
2203.000000  0.008352
2262.000000  0.011689
2311.000000  -0.028998
2338.000000  -0.010274
2339.000000  -0.013189
2403.000000  0.030169
2480.000000  -0.002065
2549.000000  -0.021254
2609.000000  0.013039
2653.000000  -0.017198
2712.000000  0.006682
2773.000000  0.001981
2832.000000  0.025164
2892.000000  -0.014889
2971.000000  0.007056
3083.000000  0.008220
3165.000000  0.029044
3228.000000  -0.039718
3282.000000  -0.016281
3332.000000  -0.007917
3383.000000  -0.015736
3429.000000  0.009763
3474.000000  0.001878
3515.000000  -0.011778
3559.000000  0.016740
3601.000000  -0.017478
3658.000000  0.007900
3704.000000  0.006212
3761.000000  0.007956
3820.000000  0.009029
3893.000000  -0.017052
3966.000000  -0.000774
4047.000000  0.028913
4133.000000  -0.015136
4192.000000  0.019098
4239.000000  -0.007694
4274.000000  -0.006678
4346.000000  0.024907
4426.000000  0.014253
4508.000000  0.007212
4582.000000  -0.004474
4677.000000  -0.003524
4748.000000  -0.014937
4797.000000  -0.037050
4839.000000  -0.021581
4883.000000  -0.018142
4954.000000  0.048509
5017.000000  0.009846
5078.000000  0.002561
5135.000000  -0.005988
5194.000000  -0.017072
5244.000000  -0.007713
5293.000000  0.012510
5339.000000  -0.000154
5388.000000  -0.005864
5432.000000  0.005791
5514.000000  -0.002261
5611.000000  0.021755
5718.000000  0.022623
5813.000000  0.065280
5902.000000  -0.076908
5993.000000  0.012356
6068.000000  0.001984
6150.000000  0.018065
6203.000000  -0.016349
6261.000000  -0.017337
6312.000000  -0.002737
6370.000000  -0.023134
6436.000000  0.016176
6528.000000  0.013773
6583.000000  -0.007798
6638.000000  -0.012549
6697.000000  0.019079
6750.000000  -0.008738
6824.000000  -0.018496
6890.000000  0.011216
6953.000000  0.017836
7021.000000  -0.014712
7089.000000  0.001182
7136.000000  0.012142
7167.000000  -0.021513
7219.000000  0.022357
7270.000000  -0.015431
7323.000000  -0.002986
7392.000000  0.021323
7449.000000  -0.010509
7505.000000  0.000993
7560.000000  0.001687
7630.000000  -0.000769
7669.000000  -0.016778
7700.000000  -0.023878
7744.000000  0.046395
7785.000000  0.022529
7806.000000  0.013353
7846.000000  0.015574
7896.000000  -0.010699
7953.000000  0.043157
8012.000000  -0.024672
8071.000000  -0.005904
8114.000000  0.007790
8132.000000  -0.000149
8155.000000  -0.010740
8196.000000  0.030427
8227.000000  0.058410
8240.000000  -0.004970
8249.000000  0.015321
8251.000000  -0.024447
8289.000000  -0.098248
8335.000000  -0.070413
8367.000000  -0.019953
8404.000000  0.014738
8461.000000  -0.005105
8535.000000  0.031639
8593.000000  -0.006607
8616.000000  -0.039194
8648.000000  0.004926
8713.000000  0.031791
8802.000000  0.013915
8898.000000  -0.004791
8989.000000  0.017968
9043.000000  -0.012478
9123.000000  -0.007702
9192.000000  0.021222
9270.000000  -0.006528
9297.000000  -0.017910
9363.000000  -0.011133
9403.000000  0.006929
9464.000000  0.005508
9498.000000  -0.023925
9535.000000  -0.001175
9589.000000  0.001591
9621.000000  -0.011487
9681.000000  0.002822
9733.000000  0.051711
9851.000000  0.006767
9959.000000  0.010367
10033.000000  -0.023522
10099.000000  -0.004013
10147.000000  -0.046785
10201.000000  0.026224
10251.000000  -0.003212
10307.000000  -0.007558
10363.000000  0.004610
10426.000000  -0.021514
10482.000000  0.057009
10537.000000  -0.027897
10620.000000  0.015071
10709.000000  -0.016054
10770.000000  0.022112
10808.000000  -0.033209
10863.000000  0.041098
10934.000000  -0.050605
10994.000000  0.038461
11048.000000  -0.025732
11109.000000  0.039770
11168.000000  -0.001618
11228.000000  -0.005974
11288.000000  -0.003497
11348.000000  -0.010085
11408.000000  0.001068
11468.000000  0.003241
11528.000000  -0.033976
11588.000000  -0.000326
11643.000000  0.018251
11682.000000  0.014805
11729.000000  -0.023186
11797.000000  0.012668
11863.000000  -0.002107
11928.000000  -0.028380
11988.000000  0.032035
12046.000000  0.004303
12105.000000  -0.030474
12205.000000  0.034824
12298.000000  0.012182
12389.000000  0.024458
12483.000000  0.013163
12560.000000  -0.020163
12642.000000  0.013030
12736.000000  -0.000479
12828.000000  -0.042177
12907.000000  0.069391
12921.000000  -0.105905
12933.000000  0.044010
12951.000000  -0.004885
12974.000000  0.039357
13006.000000  -0.027061
13052.000000  0.036066
13056.000000  -0.069057
13114.000000  0.071339
13191.000000  0.024135
13251.000000  -0.035871
13333.000000  0.007924
13417.000000  0.008072
13504.000000  -0.052000
13547.000000  -0.015279
13588.000000  -0.006883
13604.000000  0.019367
13607.000000  0.000069
13663.000000  0.038510
13740.000000  0.024839
13822.000000  -0.036291
13869.000000  0.000848
13917.000000  0.012846
13933.000000  0.042224
13967.000000  -0.047794
14012.000000  -0.016915
14131.000000  0.026097
14225.000000  -0.010016
14307.000000  -0.012005
14391.000000  0.013370
14484.000000  0.019677
14556.000000  -0.018792
14642.000000  -0.011464
14734.000000  0.007189
14811.000000  0.019771
14896.000000  -0.054401
14948.000000  0.006158
15010.000000  0.020067
15062.000000  -0.036441
15122.000000  -0.012145
15180.000000  0.026923
15229.000000  -0.042398
15273.000000  0.048156
15327.000000  0.006742
15408.000000  0.005323
15476.000000  -0.000054
15540.000000  -0.008798
15604.000000  -0.010956
15666.000000  0.002300
15698.000000  -0.033190
15746.000000  0.019543
15808.000000  -0.010710
15863.000000  0.028198
15920.000000  0.008530
15976.000000  -0.009637
16031.000000  -0.003117
16069.000000  0.008007
16101.000000  -0.015297
16157.000000  -0.022801
16227.000000  0.076240
16307.000000  -0.023437
16377.000000  0.004716
16451.000000  0.000853
16515.000000  -0.032712
16588.000000  0.010675
16678.000000  -0.000588
16768.000000  0.012766
16850.000000  -0.011584
16947.000000  0.003249
17005.000000  -0.011528
17063.000000  -0.005138
17127.000000  0.042663
17191.000000  -0.040962
17254.000000  -0.024687
17318.000000  0.052678
17382.000000  -0.052406
17446.000000  0.027309
17510.000000  0.013458
17574.000000  -0.002235
17638.000000  -0.014314
17703.000000  -0.006956
17767.000000  0.008030
17830.000000  0.022805
17903.000000  -0.050083
17941.000000  0.006905
17991.000000  0.027163
18046.000000  0.002767
18080.000000  0.008679
18115.000000  0.008576
18169.000000  0.003730
18222.000000  -0.001551
18285.000000  -0.008186
18349.000000  -0.001660
18425.000000  0.002532
18509.000000  0.048971
18546.000000  -0.044575
18579.000000  0.014008
18640.000000  0.024968
18707.000000  0.015080
18761.000000  0.012412
18808.000000  -0.002490
18853.000000  0.001579
18921.000000  -0.036913
18982.000000  0.024063
19026.000000  -0.010400
19067.000000  -0.053840
19119.000000  0.047115
19171.000000  0.011745
19223.000000  -0.015464
19271.000000  -0.032342
19319.000000  0.024408
19378.000000  0.000560
19400.000000  0.013877
19426.000000  -0.011883
19467.000000  0.013273
19511.000000  -0.005456
19553.000000  -0.000614
19587.000000  0.003382
19618.000000  -0.027658
19672.000000  0.017774
19717.000000  0.013798
19760.000000  -0.001603
19814.000000  0.015922
19858.000000  0.004607
19896.000000  -0.005866
19940.000000  0.009030
19985.000000  -0.032722
20030.000000  -0.028047
20080.000000  0.039041
20132.000000  -0.003191
20196.000000  -0.014565
20248.000000  -0.009401
20301.000000  0.005096
20353.000000  -0.001991
20405.000000  -0.008743
20447.000000  0.053370
20472.000000  -0.005953
20506.000000  0.021717
20544.000000  -0.017434
20584.000000  0.009972
20614.000000  0.046150
20642.000000  -0.052612
20684.000000  0.047618
20741.000000  0.037752
20794.000000  -0.014088
20850.000000  -0.040041
20906.000000  0.041115
20959.000000  -0.037449
21006.000000  -0.028476
21060.000000  0.010523
21117.000000  0.025024
21151.000000  0.096610
21167.000000  -0.068601
21188.000000  0.028995
21214.000000  0.021708
21259.000000  0.013698
21309.000000  -0.012524
21343.000000  0.036186
21371.000000  -0.092319
21410.000000  -0.030015
21457.000000  0.028228
21504.000000  0.017798
21549.000000  0.172819
21551.000000  -0.085233
21561.000000  0.050380
21574.000000  -0.008315
21590.000000  0.397046
21632.000000  -0.583148
21657.000000  -0.041281
21696.000000  0.022293
21739.000000  -0.028948
21794.000000  0.002313
21798.000000  -0.071203
21833.000000  0.099338
21862.000000  0.032051
21897.000000  -0.006757
21940.000000  -0.003663
21987.000000  -0.019144
22031.000000  -0.061944
22045.000000  0.078023
22082.000000  -0.154249
22153.000000  0.023065
22229.000000  0.017634
22289.000000  0.020260
22365.000000  0.008480
22414.000000  -0.018005
22452.000000  -0.020453
22510.000000  0.012540
22542.000000  0.029838
22571.000000  -0.037044
22603.000000  0.017149
22608.000000  -0.040168
22640.000000  -0.018016
22703.000000  0.020234
22763.000000  0.021223
22819.000000  0.015935
22875.000000  -0.008270
22952.000000  0.015467
23002.000000  -0.022752
23047.000000  0.006215
23082.000000  -0.003353
23117.000000  0.023792
23149.000000  -0.027689
23170.000000  -0.001035
23247.000000  0.001541
23302.000000  0.007841
23358.000000  -0.010320
23413.000000  0.006447
23489.000000  0.037318
23555.000000  -0.030046
23612.000000  -0.011598
23665.000000  0.039339
23716.000000  -0.056742
23753.000000  -0.008808
23802.000000  0.023132
23850.000000  0.033418
23913.000000  -0.003609
23947.000000  -0.031159
23951.000000  0.060350
24048.000000  -0.075978
24125.000000  0.028362
24213.000000  0.015826
24301.000000  -0.028002
24402.000000  0.039333
24458.000000  -0.003566
24510.000000  -0.022393
24576.000000  0.021484
24616.000000  -0.021442
24662.000000  0.025164
24715.000000  -0.012672
24748.000000  0.013325
24759.000000  0.002736
24768.000000  -0.086424
24841.000000  0.043341
24872.000000  -0.025251
24947.000000  0.043163
24996.000000  -0.011257
25057.000000  0.027933
25132.000000  -0.002374
25172.000000  -0.059525
25204.000000  0.031366
25263.000000  0.016208
25287.000000  -0.005933
25316.000000  0.000760
25344.000000  0.014407
25372.000000  -0.011023
25378.000000  -0.042660
25478.000000  0.023861
25559.000000  0.024130
25656.000000  -0.025141
25707.000000  0.010365
25757.000000  0.007917
25825.000000  -0.003127
25897.000000  0.014291
25933.000000  -0.010453
25971.000000  -0.014231
25985.000000  0.028197
26024.000000  -0.054635
26070.000000  -0.007119
26122.000000  0.019580
26168.000000  -0.037866
26222.000000  0.040002
26283.000000  -0.014986
26347.000000  0.017428
26367.000000  -0.031295
26445.000000  0.046516
26503.000000  0.002732
26568.000000  0.011265
26632.000000  -0.026886
26696.000000  -0.007768
26760.000000  0.026861
26824.000000  0.016019
26888.000000  -0.028475
26952.000000  0.002279
27014.000000  0.026604
27094.000000  -0.029902
27160.000000  0.019463
27224.000000  -0.013875
27296.000000  -0.023558
27353.000000  0.032310
27418.000000  -0.037186
27448.000000  0.028562
27510.000000  0.012680
27595.000000  0.031657
27708.000000  0.018091
27775.000000  -0.034573
27835.000000  -0.015816
27898.000000  -0.001240
27986.000000  0.021589
28076.000000  0.024920
28122.000000  -0.043749
28173.000000  -0.015008
28234.000000  -0.005159
28303.000000  0.031106
28392.000000  0.028258
28485.000000  -0.008364
28579.000000  -0.012639
28657.000000  -0.023247
28738.000000  -0.015574
28813.000000  0.059358
28902.000000  -0.008990
28983.000000  0.005287
29084.000000  0.024477
29125.000000  -0.045048
29151.000000  0.020256
29198.000000  -0.037267
29253.000000  0.066457
29293.000000  -0.046164
29333.000000  0.029335
29356.000000  -0.029521
29388.000000  0.004824
29416.000000  0.003539
29447.000000  -0.015554
29481.000000  0.027055
29524.000000  0.013748
29563.000000  0.014852
29576.000000  -0.045670
29580.000000  -0.039241
29626.000000  0.067493
29691.000000  0.004607
29767.000000  0.039083
29808.000000  -0.037780
29833.000000  0.021000
29853.000000  0.020944
29865.000000  0.050984
29884.000000  0.042650
29895.000000  0.026155
29976.000000  -0.184259
30028.000000  -0.048816
30062.000000  -0.033660
30072.000000  -0.024577
30108.000000  0.017541
30141.000000  -0.000393
30150.000000  -0.006938
30198.000000  0.075399
30261.000000  -0.034076
30313.000000  -0.008031
30378.000000  0.022549
30429.000000  -0.031907
30458.000000  -0.003666
30506.000000  0.029951
30568.000000  -0.011580
30607.000000  -0.011018
30651.000000  0.037155
30666.000000  -0.019122
30699.000000  -0.030799
30769.000000  0.027660
30825.000000  -0.006582
30881.000000  0.008064
30954.000000  -0.017109
30994.000000  0.030918
31056.000000  -0.036346
31088.000000  0.018169
31121.000000  -0.021853
31129.000000  -0.018702
31178.000000  0.019659
31242.000000  0.037799
31298.000000  -0.035973
31354.000000  0.042222
31415.000000  -0.003305
31451.000000  -0.003262
31503.000000  -0.029387
31559.000000  0.003564
31592.000000  0.024214
31633.000000  -0.032083
31634.000000  0.028638
31718.000000  0.036757
31779.000000  -0.024797
31863.000000  0.006541
31941.000000  -0.004699
32022.000000  0.017767
32075.000000  -0.059812
32089.000000  0.004284
32157.000000  0.028837
32217.000000  0.011201
32277.000000  -0.012190
32328.000000  -0.034373
32363.000000  0.025425
32424.000000  0.028310
32453.000000  -0.049640
32480.000000  0.041431
32501.000000  -0.004799
32586.000000  -0.012270
32750.000000  0.048490
32796.000000  -0.002385
32861.000000  -0.005791
32924.000000  0.012289
32947.000000  -0.014466
33011.000000  -0.062183
33071.000000  -0.003414
33138.000000  0.012600
33156.000000  -0.039823
33202.000000  0.017921
33203.000000  -0.025665
33243.000000  0.043156
33273.000000  -0.017220
33297.000000  0.009759
33404.000000  0.045582
33493.000000  0.004562
33601.000000  -0.020055
33672.000000  0.041647
33722.000000  -0.019944
33774.000000  -0.016341
33828.000000  -0.032092
33897.000000  0.026223
33953.000000  -0.001599
34010.000000  -0.009529
34077.000000  0.066482
34108.000000  -0.036511
34160.000000  0.008765
34184.000000  -0.036600
34208.000000  -0.013595
34232.000000  0.032457
34257.000000  -0.000820
34271.000000  0.021149
34273.000000  -0.097695
34322.000000  0.043313
34415.000000  0.034086
34498.000000  0.000991
34561.000000  -0.011341
34664.000000  -0.007880
34766.000000  0.032866
34828.000000  0.006356
34914.000000  -0.041775
35010.000000  0.035287
35072.000000  0.000227
35128.000000  -0.039039
35172.000000  0.011484
35290.000000  0.019237
35317.000000  -0.054609
35360.000000  0.007064
35402.000000  0.009151
35451.000000  0.029404
35508.000000  0.004616
35586.000000  -0.026943
35631.000000  -0.019552
35669.000000  -0.011525
35684.000000  -0.015710
35764.000000  0.062439
35843.000000  -0.002384
35889.000000  -0.046690
35925.000000  -0.010934
35948.000000  -0.004921
36019.000000  0.057874
36119.000000  0.014757
36217.000000  0.028838
36269.000000  -0.027970
36323.000000  -0.010513
36351.000000  -0.008662
36356.000000  0.002925
36359.000000  -0.068364
36387.000000  0.031968
36406.000000  0.028868
36412.000000  -0.043418
36422.000000  -0.010042
36497.000000  0.081076
36500.000000  -0.075346
36550.000000  0.037552
36624.000000  0.005413
36661.000000  0.035802
36763.000000  0.009822
36852.000000  0.011571
36901.000000  -0.010451
36936.000000  -0.031369
36959.000000  -0.004843
36998.000000  0.018987
37006.000000  -0.026389
37018.000000  -0.026659
37075.000000  0.039444
37136.000000  0.013650
37202.000000  0.015126
37279.000000  -0.018411
37328.000000  -0.000021
37374.000000  -0.000852
37429.000000  0.007095
37489.000000  -0.001721
37550.000000  0.007918
37609.000000  0.008019
37669.000000  -0.015567
37730.000000  0.012146
37780.000000  0.003562
37816.000000  -0.032249
37867.000000  0.009891
37926.000000  -0.002844
38011.000000  0.029697
38053.000000  0.011522
38088.000000  -0.004314
38124.000000  -0.001219
38151.000000  0.003990
38152.000000  -0.025060
38254.000000  -0.009969
38321.000000  0.008096
38332.000000  -0.033485
38421.000000  0.025612
38509.000000  0.021118
38594.000000  -0.005307
38678.000000  0.010636
38762.000000  0.030199
38866.000000  -0.021343
38951.000000  0.018714
39035.000000  -0.020654
39118.000000  0.017872
39203.000000  -0.043819
39279.000000  0.012431
39326.000000  -0.004330
39376.000000  0.006542
39431.000000  0.036364
39462.000000  -0.046291
39498.000000  0.026427
39534.000000  -0.010967
39571.000000  -0.025504
39634.000000  0.048616
39713.000000  -0.005420
39777.000000  0.010662
39855.000000  0.031955
39910.000000  0.021126
39948.000000  -0.077597
39956.000000  -0.017636
39964.000000  -0.047809
39971.000000  0.017330
39973.000000  -0.058726
40028.000000  0.136641
40103.000000  0.007408
40149.000000  0.031236
40180.000000  -0.063105
40213.000000  0.014934
40233.000000  -0.036704
40263.000000  0.055696
40295.000000  -0.006764
40327.000000  0.012618
40359.000000  -0.017648
40394.000000  -0.034477
40395.000000  -0.037364
40448.000000  0.003049
40510.000000  0.026792
40568.000000  -0.019038
40624.000000  -0.027073
40686.000000  0.029225
40714.000000  -0.006352
40758.000000  -0.012167
40777.000000  -0.013502
40794.000000  0.027010
40812.000000  -0.026685
40817.000000  -0.036129
