576.000000  0.215785
758.000000  0.170985
980.000000  0.200771
1217.000000  0.205359
1472.000000  0.242794
1675.000000  0.253218
1881.000000  0.249951
2113.000000  0.279499
2295.000000  0.265108
2480.000000  0.268545
2698.000000  0.279687
2860.000000  0.279906
3020.000000  0.261648
3172.000000  0.273721
3276.000000  0.239570
3383.000000  0.213060
3456.000000  0.214899
3531.000000  0.162637
3619.000000  0.215507
3764.000000  0.216920
3887.000000  0.223426
3948.000000  0.180584
4035.000000  0.195743
4117.000000  0.188988
4184.000000  0.199649
4237.000000  0.197498
4313.000000  0.226781
4442.000000  0.245145
4577.000000  0.249040
4680.000000  0.239024
4796.000000  0.259502
5033.000000  0.299439
5197.000000  0.273676
5368.000000  0.288155
5567.000000  0.307631
5701.000000  0.275393
5728.000000  0.205556
5888.000000  0.271917
6060.000000  0.306231
6223.000000  0.349233
6421.000000  0.337783
6587.000000  0.314525
6620.000000  0.244514
6779.000000  0.338474
6986.000000  0.377140
7175.000000  0.357907
7255.000000  0.295498
7373.000000  0.315719
7412.000000  0.278483
7541.000000  0.280060
7685.000000  0.292526
7887.000000  0.353605
8095.000000  0.373650
8279.000000  0.324028
8493.000000  0.329299
8568.000000  0.289722
8681.000000  0.296158
8857.000000  0.356659
9008.000000  0.374359
9145.000000  0.444921
9211.000000  0.361792
9287.000000  0.338202
9390.000000  0.362179
9499.000000  0.317447
9572.000000  0.228616
9611.000000  0.220522
9708.000000  0.260603
9801.000000  0.257372
9928.000000  0.315091
10040.000000  0.281117
10155.000000  0.303707
10320.000000  0.336291
10462.000000  0.335128
10674.000000  0.369063
10842.000000  0.375470
11009.000000  0.376514
11174.000000  0.357376
11341.000000  0.373409
11479.000000  0.393591
11575.000000  0.352304
11701.000000  0.325929
11858.000000  0.347404
11992.000000  0.362356
12054.000000  0.312640
12241.000000  0.391530
12279.000000  0.298752
12390.000000  0.313269
12461.000000  0.312222
12574.000000  0.358785
12734.000000  0.386574
12900.000000  0.404369
13071.000000  0.423510
13339.000000  0.480592
13620.000000  0.512296
13900.000000  0.511306
14144.000000  0.543727
14333.000000  0.513742
14538.000000  0.526614
14642.000000  0.476511
14809.000000  0.523413
15013.000000  0.512392
15281.000000  0.559338
15524.000000  0.530138
15646.000000  0.497926
15818.000000  0.525559
16088.000000  0.559878
16273.000000  0.601468
16464.000000  0.584066
16652.000000  0.567303
16822.000000  0.543530
17006.000000  0.588232
17189.000000  0.584553
17350.000000  0.622769
17477.000000  0.449914
17639.000000  0.459072
17766.000000  0.477944
17901.000000  0.440031
17971.000000  0.524149
18084.000000  0.558787
18220.000000  0.524057
18427.000000  0.666864
18546.000000  0.674416
18696.000000  0.600846
18852.000000  0.524950
18985.000000  0.630945
19109.000000  0.527857
19274.000000  0.539137
19443.000000  0.542449
19669.000000  0.526526
19897.000000  0.635529
20162.000000  0.675831
20443.000000  0.681212
20627.000000  0.661092
20779.000000  0.705057
20948.000000  0.742941
21103.000000  0.867434
21250.000000  0.681629
21344.000000  0.543357
21473.000000  0.633991
21595.000000  0.605462
21726.000000  0.583926
21784.000000  0.544196
21917.000000  0.602696
22063.000000  0.642089
22175.000000  0.520578
22267.000000  0.503469
22356.000000  0.479964
22445.000000  0.450913
22530.000000  0.472359
22540.000000  0.488382
22598.000000  0.409725
22734.000000  0.444887
22861.000000  0.471051
22982.000000  0.458577
23066.000000  0.441874
23164.000000  0.463334
23265.000000  0.456252
23365.000000  0.458231
23441.000000  0.472264
23475.000000  0.431003
23549.000000  0.431863
23661.000000  0.468189
23754.000000  0.464129
23834.000000  0.455629
23904.000000  0.445527
23957.000000  0.504987
24031.000000  0.827320
24055.000000  0.429762
24060.000000  0.413359
24146.000000  0.635794
24312.000000  0.639147
24412.000000  0.559769
24519.000000  0.468057
24717.000000  0.548004
24863.000000  0.509510
24982.000000  0.526409
25093.000000  0.544886
25253.000000  0.529990
25392.000000  0.513963
25482.000000  0.530027
25612.000000  0.501627
25770.000000  0.532527
25896.000000  0.510619
26067.000000  0.529471
26261.000000  0.538637
26405.000000  0.531553
26525.000000  0.519988
26683.000000  0.554581
26792.000000  0.548073
26869.000000  0.548486
26958.000000  0.656549
27046.000000  0.653381
27079.000000  0.601203
27131.000000  0.766346
27260.000000  0.820273
27300.000000  0.693466
27363.000000  0.449264
27401.000000  0.432503
27420.000000  0.385103
27476.000000  0.534871
27567.000000  0.545223
27718.000000  0.547747
27861.000000  0.623686
27993.000000  0.527895
28083.000000  0.527056
28169.000000  0.502918
28253.000000  0.476618
28261.000000  0.431504
28319.000000  0.511205
28397.000000  0.517598
28554.000000  0.575123
28761.000000  0.626743
28942.000000  0.628390
29038.000000  0.521027
29146.000000  0.482078
29275.000000  0.540912
29390.000000  0.618306
29517.000000  0.651768
29656.000000  0.657019
29779.000000  0.673846
29904.000000  0.672718
30032.000000  0.996133
30139.000000  0.846874
30258.000000  0.895356
30452.000000  1.017347
30538.000000  0.924288
30578.000000  0.759458
30662.000000  0.952668
30725.000000  1.035967
30737.000000  0.435551
30773.000000  0.536590
30828.000000  0.556292
30937.000000  0.579662
31035.000000  0.668271
31118.000000  0.487873
31238.000000  0.803642
31294.000000  0.722884
31423.000000  0.458105
31507.000000  0.415127
31588.000000  0.457127
31687.000000  0.470890
31811.000000  0.463448
31898.000000  0.451841
31978.000000  0.464567
32063.000000  0.480762
32162.000000  0.481997
32273.000000  0.475918
32439.000000  0.471926
32529.000000  0.475718
32662.000000  0.501427
32805.000000  0.507161
32917.000000  0.496294
32937.000000  0.414682
33051.000000  0.496041
33189.000000  0.539619
33323.000000  0.520310
33507.000000  0.546239
33636.000000  0.518411
33672.000000  0.493178
33722.000000  0.477388
33790.000000  0.462828
33813.000000  0.458502
33873.000000  0.480335
33967.000000  0.497701
34070.000000  0.519743
34160.000000  0.491494
34269.000000  0.500580
34350.000000  0.507649
34430.000000  0.508865
34586.000000  0.566644
34705.000000  0.601438
34833.000000  0.587940
34958.000000  0.575611
35002.000000  0.495053
35039.000000  0.464450
35129.000000  0.494482
35272.000000  0.506554
35380.000000  0.459736
35468.000000  0.478921
35579.000000  0.487262
35628.000000  0.470427
35715.000000  0.595510
35812.000000  0.531154
35908.000000  0.524919
35998.000000  0.514869
36083.000000  0.494671
36165.000000  0.535246
36260.000000  0.528675
36369.000000  0.528455
36461.000000  0.532921
36641.000000  0.570451
36755.000000  0.543192
36962.000000  0.595169
37228.000000  0.628041
37459.000000  0.605536
37668.000000  0.593786
37800.000000  0.593876
37941.000000  0.604689
38044.000000  0.594617
38122.000000  0.640452
38165.000000  0.608206
38173.000000  0.427640
38183.000000  0.673129
38261.000000  0.578349
38363.000000  0.603894
38463.000000  0.609918
38568.000000  0.601060
38661.000000  0.591217
38714.000000  0.621322
38763.000000  0.565204
38842.000000  0.591565
38979.000000  0.570445
39033.000000  0.737778
39064.000000  0.448042
39152.000000  1.211119
39267.000000  0.540495
39308.000000  0.499476
39313.000000  0.431915
39348.000000  0.521300
39352.000000  0.524248
39380.000000  0.431531
39445.000000  0.485696
39535.000000  0.475562
39620.000000  0.466068
39719.000000  0.481859
39829.000000  0.495680
39942.000000  0.469422
39985.000000  0.444329
39994.000000  0.391902
40000.000000  0.427244
40009.000000  0.415993
40034.000000  0.428852
40063.000000  0.414355
40137.000000  0.451493
40218.000000  0.473325
40299.000000  0.470155
40370.000000  0.465782
40415.000000  0.433041
40498.000000  0.459403
40591.000000  0.449007
40709.000000  0.473006
40792.000000  0.448530
40813.000000  0.421338
40816.000000  0.411797
