576.000000  0.192323
722.000000  0.132220
876.000000  0.153250
1035.000000  0.129218
1206.000000  0.159370
1397.000000  0.172408
1595.000000  0.207523
1760.000000  0.196386
1911.000000  0.176885
2049.000000  0.170232
2217.000000  0.185516
2419.000000  0.228688
2601.000000  0.220198
2776.000000  0.227834
2918.000000  0.207047
3066.000000  0.191578
3173.000000  0.119272
3271.000000  0.121743
3412.000000  0.120663
3524.000000  0.146665
3622.000000  0.125155
3679.000000  0.089344
3757.000000  0.121380
3849.000000  0.124500
3942.000000  0.151153
4026.000000  0.182872
4119.000000  0.165943
4195.000000  0.167243
4324.000000  0.209480
4498.000000  0.234632
4641.000000  0.187026
4785.000000  0.196705
4887.000000  0.152751
5048.000000  0.260960
5223.000000  0.250896
5309.000000  0.151957
5376.000000  0.190019
5469.000000  0.178371
5620.000000  0.325806
5701.000000  0.255539
5764.000000  0.177137
5829.000000  0.133997
5907.000000  0.167058
6037.000000  0.173435
6189.000000  0.264357
6306.000000  0.267237
6500.000000  0.297384
6692.000000  0.287294
6867.000000  0.258057
6970.000000  0.219060
6970.000000  0.083871
7015.000000  0.156032
7068.000000  0.264111
7133.000000  0.248307
7208.000000  0.227505
7319.000000  0.248335
7465.000000  0.257021
7597.000000  0.238511
7738.000000  0.305463
7833.000000  0.251665
7942.000000  0.206740
7998.000000  0.188038
8043.000000  0.123231
8127.000000  0.163094
8252.000000  0.205754
8338.000000  0.185233
8438.000000  0.157509
8620.000000  0.215868
8764.000000  0.222517
8899.000000  0.215872
9111.000000  0.244489
9312.000000  0.230766
9480.000000  0.207015
9631.000000  0.207685
9763.000000  0.171008
9908.000000  0.232150
10097.000000  0.271212
10386.000000  0.315690
10638.000000  0.323234
10869.000000  0.299135
11114.000000  0.337356
11318.000000  0.338309
11557.000000  0.343550
11785.000000  0.334113
11939.000000  0.269693
12086.000000  0.289292
12242.000000  0.288799
12472.000000  0.356581
12525.000000  0.292510
12738.000000  0.402140
12943.000000  0.352201
13141.000000  0.336922
13265.000000  0.281005
13340.000000  0.267289
13421.000000  0.264314
13546.000000  0.321835
13676.000000  0.347081
13885.000000  0.405259
14102.000000  0.482798
14368.000000  0.457150
14629.000000  0.406948
14865.000000  0.391915
15057.000000  0.371709
15158.000000  0.304285
15326.000000  0.409340
15509.000000  0.368904
15598.000000  0.264385
15692.000000  0.286051
15811.000000  0.326704
15984.000000  0.367221
16186.000000  0.444920
16346.000000  0.370335
16504.000000  0.333861
16543.000000  0.262250
16727.000000  0.383842
16932.000000  0.447054
17125.000000  0.506813
17213.000000  0.451234
17311.000000  0.315805
17430.000000  0.337276
17568.000000  0.371707
17703.000000  0.395694
17874.000000  0.439534
18053.000000  0.450863
18254.000000  0.538448
18379.000000  0.536839
18534.000000  0.572959
18697.000000  0.576950
18846.000000  0.592320
18995.000000  0.640041
19045.000000  1.029080
19200.000000  0.361329
19280.000000  0.395073
19337.000000  0.355140
19436.000000  0.324446
19560.000000  0.365088
19690.000000  0.453900
19841.000000  0.404383
19971.000000  0.393890
20068.000000  0.416058
20166.000000  0.399259
20316.000000  0.431168
20497.000000  0.368751
20753.000000  0.398879
20986.000000  0.769748
21151.000000  0.895741
21309.000000  0.720086
21447.000000  0.738632
21568.000000  0.621225
21690.000000  0.582662
21857.000000  0.879432
22109.000000  0.773372
22320.000000  0.691055
22530.000000  0.696205
22686.000000  0.604940
22799.000000  0.688202
22871.000000  0.644820
23029.000000  0.577422
23225.000000  0.663474
23410.000000  0.403938
23502.000000  0.388173
23554.000000  0.395785
23605.000000  0.325765
23701.000000  0.324986
23888.000000  0.363891
24089.000000  0.434827
24218.000000  0.390032
24334.000000  0.379892
24475.000000  0.454886
24589.000000  0.482401
24691.000000  0.467572
24814.000000  0.517479
24949.000000  0.515974
25038.000000  0.529284
25129.000000  0.567065
25187.000000  0.513808
25297.000000  0.604344
25341.000000  0.466002
25429.000000  0.486082
25603.000000  0.479084
25742.000000  0.489553
25869.000000  0.448876
26021.000000  0.418947
26045.000000  0.332203
26154.000000  0.359450
26274.000000  0.418603
26335.000000  0.374076
26402.000000  0.422720
26480.000000  0.472523
26497.000000  0.516437
26629.000000  0.548872
26749.000000  0.664299
26851.000000  0.660601
27037.000000  0.800169
27118.000000  0.330570
27179.000000  0.319706
27268.000000  0.324227
27358.000000  0.351353
27472.000000  0.700908
27561.000000  0.645151
27687.000000  0.737252
27860.000000  0.740180
27965.000000  0.769396
28126.000000  1.031426
28279.000000  0.443337
28363.000000  0.370604
28449.000000  0.375313
28554.000000  0.372405
28654.000000  0.369956
28755.000000  0.387090
28893.000000  0.418170
28995.000000  0.398976
29096.000000  0.516817
29192.000000  0.562955
29269.000000  0.391462
29357.000000  0.386504
29424.000000  0.403534
29508.000000  0.424004
29578.000000  0.384923
29629.000000  0.352318
29787.000000  0.370816
29888.000000  0.388111
29961.000000  0.421365
30048.000000  0.563114
30154.000000  0.671202
30297.000000  0.858669
30477.000000  0.885724
30622.000000  0.832036
30714.000000  0.787303
30840.000000  0.768740
30985.000000  0.747905
31199.000000  0.941754
31319.000000  0.882609
31445.000000  0.608713
31514.000000  0.364361
31558.000000  0.330778
31634.000000  0.397010
31760.000000  0.406540
31772.000000  0.364787
31877.000000  0.488202
31930.000000  0.505206
31984.000000  0.514286
32107.000000  0.540025
32286.000000  0.603492
32434.000000  0.573948
32571.000000  0.636017
32676.000000  0.608718
32805.000000  0.624649
32858.000000  0.369919
32936.000000  0.412421
33019.000000  0.388824
33113.000000  0.393141
33197.000000  0.371087
33219.000000  0.357371
33282.000000  0.400771
33356.000000  0.401621
33439.000000  0.402959
33510.000000  0.370844
33582.000000  0.381600
33675.000000  0.391732
33761.000000  0.398399
33836.000000  0.410911
33903.000000  0.409995
33996.000000  0.401776
34091.000000  0.398452
34169.000000  0.393518
34255.000000  0.386224
34362.000000  0.413435
34419.000000  0.396201
34442.000000  0.369243
34515.000000  0.392838
34605.000000  0.393503
34701.000000  0.406297
34799.000000  0.437753
34842.000000  0.416303
34918.000000  0.380691
34950.000000  0.385823
35064.000000  0.415747
35212.000000  0.458611
35364.000000  0.421968
35541.000000  0.465455
35690.000000  0.450138
35786.000000  0.422484
35887.000000  0.455345
35960.000000  0.446184
35961.000000  0.370014
36017.000000  0.377560
36093.000000  0.384777
36177.000000  0.391888
36288.000000  0.428022
36369.000000  0.436113
36396.000000  0.424798
36459.000000  0.402546
36559.000000  0.429374
36626.000000  0.392285
36732.000000  0.400172
36824.000000  0.428442
36910.000000  0.434492
36970.000000  0.436555
37076.000000  0.453805
37205.000000  0.498236
37298.000000  0.493032
37404.000000  0.485600
37532.000000  0.489694
37636.000000  0.524375
37641.000000  0.355291
37652.000000  0.367369
37662.000000  0.392477
37708.000000  0.412467
37758.000000  0.403861
37813.000000  0.400915
37846.000000  0.409273
37916.000000  0.425864
38006.000000  0.433164
38095.000000  0.438581
38199.000000  0.445984
38281.000000  0.444042
38388.000000  0.456578
38396.000000  0.402298
38492.000000  0.449799
38567.000000  0.422359
38651.000000  0.422562
38774.000000  0.446563
38800.000000  0.475348
38875.000000  0.420578
38989.000000  0.467580
39003.000000  0.393512
39031.000000  0.413183
39114.000000  0.435507
39193.000000  0.424225
39219.000000  0.394458
39254.000000  0.400094
39282.000000  0.421641
39305.000000  0.401744
39306.000000  0.383642
39351.000000  0.409850
39426.000000  0.421965
39527.000000  0.456147
39638.000000  0.469897
39703.000000  0.462273
39762.000000  0.427291
39816.000000  0.440032
39828.000000  0.437411
39899.000000  0.439466
39976.000000  0.441220
40080.000000  0.451160
40166.000000  0.464340
40299.000000  0.480116
40462.000000  0.486716
40506.000000  0.468501
40571.000000  0.463490
40642.000000  0.484223
40657.000000  0.456485
40712.000000  0.482538
40789.000000  0.491709
40818.000000  0.433094
