4067.000000  3.047776
4740.000000  0.229083
5565.000000  -0.150896
6015.000000  0.151346
6838.000000  0.092140
8050.000000  0.242721
9704.000000  0.119146
11550.000000  0.267892
12773.000000  0.259619
14397.000000  0.136675
16396.000000  0.201619
17410.000000  0.236957
19005.000000  0.142464
19750.000000  0.225756
20865.000000  -0.059356
23030.000000  0.426977
25126.000000  0.482590
26839.000000  0.128916
29801.000000  0.460987
31743.000000  0.248015
33822.000000  0.151649
36394.000000  0.407481
38357.000000  0.327748
38862.000000  0.165112
40574.000000  0.275861
41738.000000  -0.043233
43387.000000  0.554781
45833.000000  0.164001
48586.000000  0.448626
51278.000000  0.431557
51963.000000  -0.066314
54395.000000  0.515403
55354.000000  -0.042738
58252.000000  0.586932
58908.000000  0.137664
61538.000000  0.388642
63957.000000  0.130562
65298.000000  0.068445
67746.000000  0.674496
68455.000000  0.151722
70745.000000  0.079216
72915.000000  0.538938
75442.000000  0.027295
77194.000000  0.283221
78300.000000  0.027313
79192.000000  0.243175
80933.000000  0.245345
82087.000000  0.248055
84049.000000  -0.178252
85317.000000  0.514668
88575.000000  0.199013
91307.000000  0.294220
93215.000000  0.492557
94555.000000  0.171346
94943.000000  0.112848
95518.000000  0.120646
97322.000000  0.344990
98517.000000  -0.232683
99962.000000  0.477894
100677.000000  -0.145048
102898.000000  0.230837
104349.000000  -0.007214
105761.000000  0.543022
106841.000000  0.107124
107682.000000  -0.080393
108078.000000  0.461784
110140.000000  -0.113218
112019.000000  0.041574
113591.000000  0.579784
115017.000000  0.212198
116075.000000  0.326769
118171.000000  -0.271816
119513.000000  0.436762
120196.000000  0.202921
121619.000000  -0.187757
122632.000000  0.160795
124113.000000  0.475285
124694.000000  -0.364820
126041.000000  0.196714
127252.000000  0.341974
128254.000000  0.013279
129549.000000  -0.065350
129729.000000  0.011854
130247.000000  0.042828
131098.000000  0.381721
131593.000000  0.602398
133478.000000  -0.229795
134582.000000  0.160645
135853.000000  0.212700
137676.000000  0.006903
139938.000000  0.361441
141867.000000  0.359068
143462.000000  0.148413
146278.000000  0.344004
148715.000000  0.385389
149557.000000  -0.031790
150367.000000  0.095663
151855.000000  0.814678
153580.000000  -0.114689
154460.000000  -0.050705
155276.000000  0.055407
155756.000000  0.339706
156854.000000  -0.205099
157747.000000  0.194483
158918.000000  -0.129414
159640.000000  0.264292
160079.000000  0.136589
160593.000000  -0.173185
160596.000000  0.212627
160596.000000  -0.158392
