4067.000000  2.654840
4740.000000  2.952876
5565.000000  2.795377
6015.000000  2.950715
6838.000000  3.015835
8050.000000  3.194974
9704.000000  3.317865
11550.000000  3.495844
12773.000000  3.796388
14397.000000  3.891279
16396.000000  4.064161
17410.000000  4.276674
19005.000000  4.415946
19750.000000  4.608069
20865.000000  4.578840
23030.000000  4.990997
25126.000000  5.369214
26839.000000  5.471325
29801.000000  5.845049
31743.000000  6.037168
33822.000000  6.199603
36394.000000  6.526395
38357.000000  6.878777
38862.000000  6.962852
40574.000000  7.217371
41738.000000  7.202408
43387.000000  7.569248
45833.000000  7.765169
48586.000000  8.143504
51278.000000  8.492588
51963.000000  8.371502
54395.000000  8.863950
55354.000000  8.836463
58252.000000  9.341695
58908.000000  9.365637
61538.000000  9.757228
63957.000000  9.899841
65298.000000  9.902606
67746.000000  10.545345
68455.000000  10.703392
70745.000000  10.739614
72915.000000  11.265511
75442.000000  11.282338
77194.000000  11.595248
78300.000000  11.715123
79192.000000  11.914411
80933.000000  12.051656
82087.000000  12.389835
84049.000000  12.120051
85317.000000  12.634294
88575.000000  12.743094
91307.000000  12.992158
93215.000000  13.393586
94555.000000  13.606913
94943.000000  13.736266
95518.000000  13.831717
97322.000000  14.128784
98517.000000  13.942341
99962.000000  14.466998
100677.000000  14.428864
102898.000000  14.604677
104349.000000  14.670197
105761.000000  15.160033
106841.000000  15.194665
107682.000000  15.211221
108078.000000  15.569436
110140.000000  15.567163
112019.000000  15.581054
113591.000000  16.071915
115017.000000  16.241068
116075.000000  16.600227
118171.000000  16.391603
119513.000000  16.809534
120196.000000  17.083609
121619.000000  16.792749
122632.000000  16.996540
124113.000000  17.405283
124694.000000  17.049467
126041.000000  17.232992
127252.000000  17.592911
128254.000000  17.645998
129549.000000  17.646713
129729.000000  17.731201
130247.000000  17.785379
131098.000000  18.118626
131593.000000  18.710619
133478.000000  18.400486
134582.000000  18.550556
135853.000000  18.749538
137676.000000  18.723513
139938.000000  19.117014
141867.000000  19.467854
143462.000000  19.543512
146278.000000  19.843586
148715.000000  20.151745
149557.000000  20.281242
150367.000000  20.352829
151855.000000  21.120892
153580.000000  20.994915
154460.000000  21.019304
155276.000000  21.027325
155756.000000  21.332342
156854.000000  21.236452
157747.000000  21.511606
158918.000000  21.348639
159640.000000  21.685846
160079.000000  21.795509
160593.000000  21.617411
160596.000000  21.823515
160596.000000  21.725794
