576.000000  0.121641
731.000000  -0.029424
907.000000  0.027317
1108.000000  0.006387
1300.000000  0.000553
1465.000000  0.006643
1583.000000  -0.032423
1730.000000  0.041539
1944.000000  0.021314
2139.000000  -0.001574
2338.000000  0.000513
2394.000000  -0.066874
2561.000000  0.069312
2732.000000  -0.006467
2919.000000  0.023845
3104.000000  0.036072
3308.000000  -0.014380
3527.000000  -0.000400
3706.000000  0.001034
3853.000000  -0.072359
4035.000000  0.006929
4207.000000  0.013232
4385.000000  0.024304
4536.000000  0.019954
4695.000000  -0.015010
4860.000000  0.018368
5024.000000  -0.021274
5173.000000  0.003422
5349.000000  0.000223
5530.000000  -0.013360
5589.000000  -0.067890
5753.000000  0.058445
5811.000000  -0.069427
5929.000000  0.039632
6055.000000  0.000258
6194.000000  0.008740
6374.000000  0.007756
6513.000000  -0.009352
6566.000000  -0.051248
6679.000000  0.042612
6775.000000  -0.039248
6903.000000  0.047294
6962.000000  -0.057433
7102.000000  0.047572
7252.000000  0.022070
7302.000000  -0.084854
7432.000000  0.041586
7514.000000  0.011028
7622.000000  -0.002444
7743.000000  0.039527
7844.000000  0.041062
7950.000000  -0.026626
8059.000000  0.041417
8190.000000  0.001464
8377.000000  0.007944
8526.000000  0.016775
8631.000000  -0.070957
8685.000000  -0.013694
8827.000000  0.004937
8980.000000  -0.028763
9060.000000  -0.007218
9082.000000  -0.058614
9146.000000  0.050149
9224.000000  0.051415
9298.000000  -0.079114
9406.000000  0.039492
9500.000000  0.047615
9600.000000  -0.043560
9688.000000  -0.033461
9772.000000  0.004129
9864.000000  -0.000137
9971.000000  0.070260
10086.000000  0.015577
10192.000000  -0.009531
10300.000000  0.002126
10406.000000  -0.010294
10496.000000  0.002814
10580.000000  0.003299
10746.000000  0.055869
10848.000000  -0.035857
10928.000000  -0.019728
11003.000000  -0.008503
11075.000000  0.004442
11155.000000  -0.018401
11283.000000  -0.017880
11434.000000  -0.010070
11511.000000  -0.069546
11636.000000  0.055688
11769.000000  -0.012166
11912.000000  0.015193
11976.000000  -0.056731
12055.000000  0.006546
12184.000000  0.010022
12261.000000  -0.002124
12445.000000  0.049425
12603.000000  -0.005462
12802.000000  0.013484
12908.000000  -0.042470
13038.000000  0.007902
13198.000000  0.029032
13369.000000  -0.004757
13535.000000  0.008370
13726.000000  0.005538
13883.000000  0.033079
14056.000000  0.035074
14178.000000  -0.040300
14260.000000  -0.017241
14355.000000  0.002521
14450.000000  0.002672
14502.000000  -0.015822
14583.000000  0.004283
14691.000000  -0.028048
14781.000000  -0.027134
14881.000000  -0.001576
15000.000000  0.063580
15138.000000  0.039635
15291.000000  0.012480
15425.000000  -0.023593
15597.000000  0.012543
15733.000000  -0.023593
15848.000000  -0.042563
15927.000000  -0.008334
16016.000000  0.007187
16091.000000  -0.005423
16174.000000  0.000512
16281.000000  0.026263
16407.000000  0.008628
16558.000000  0.022701
16714.000000  -0.028401
16890.000000  0.016765
17062.000000  0.041003
17208.000000  -0.000581
17361.000000  0.020442
17504.000000  0.030451
17659.000000  0.003870
17785.000000  0.018397
17897.000000  -0.021627
18016.000000  0.009331
18114.000000  -0.008915
18236.000000  0.061933
18389.000000  0.017834
18530.000000  -0.019478
18679.000000  -0.055760
18822.000000  0.055156
18929.000000  -0.082493
19037.000000  -0.052246
19103.000000  0.092579
19185.000000  0.068576
19261.000000  -0.072185
19328.000000  -0.211184
19407.000000  0.244848
19521.000000  0.185202
19600.000000  -0.422388
19648.000000  -0.006567
19731.000000  0.023043
19854.000000  0.014213
19903.000000  -0.031601
19976.000000  0.043319
20054.000000  0.337522
20089.000000  0.028662
20169.000000  -0.368724
20245.000000  -0.026066
20270.000000  -0.033012
20415.000000  0.080055
20553.000000  0.043479
20703.000000  0.077463
20887.000000  0.056100
21088.000000  -0.028756
21302.000000  -0.061652
21505.000000  -0.009813
21595.000000  -0.081966
21708.000000  0.006201
21857.000000  0.036237
22020.000000  0.008827
22131.000000  0.021886
22178.000000  -0.083405
22230.000000  0.022046
22303.000000  0.052435
22391.000000  0.004839
22455.000000  0.000103
22524.000000  0.032269
22614.000000  -0.080194
22658.000000  0.073080
22718.000000  -0.087811
22787.000000  0.031505
22867.000000  -0.004754
23016.000000  0.158851
23137.000000  -0.114047
23235.000000  -0.051317
23368.000000  0.156554
23435.000000  -0.009923
23502.000000  -0.228934
23528.000000  -0.002685
23546.000000  -0.002003
23561.000000  -0.015163
23575.000000  -0.006167
23584.000000  0.042894
23591.000000  -0.048200
23638.000000  0.066572
23794.000000  0.002704
23821.000000  -0.027682
23894.000000  -0.022177
23961.000000  0.017436
24046.000000  0.008218
24118.000000  0.012918
24202.000000  0.010737
24335.000000  0.028028
24429.000000  -0.031848
24530.000000  0.004669
24627.000000  0.044504
24760.000000  -0.003696
24839.000000  -0.036797
24925.000000  -0.006395
25010.000000  -0.004478
25104.000000  -0.003054
25170.000000  0.000500
25238.000000  0.003951
25285.000000  -0.033476
25312.000000  0.032754
25350.000000  0.005354
25405.000000  0.016600
25474.000000  0.015548
25521.000000  0.011878
25631.000000  0.005469
25746.000000  0.014879
25906.000000  0.040021
26064.000000  -0.022255
26187.000000  -0.032968
26251.000000  -0.060023
26348.000000  0.003912
26423.000000  -0.013001
26479.000000  -0.023674
26551.000000  0.011270
26620.000000  0.000533
26691.000000  -0.006749
26759.000000  0.030114
26835.000000  0.028791
26909.000000  -0.004748
26983.000000  -0.014816
27089.000000  0.006392
27166.000000  0.003838
27263.000000  0.025528
27373.000000  -0.005386
27484.000000  0.018248
27611.000000  -0.014988
27676.000000  -0.039464
27773.000000  -0.018997
27945.000000  0.058598
28090.000000  0.018698
28166.000000  -0.040634
28281.000000  0.044782
28420.000000  -0.037419
28527.000000  0.010760
28609.000000  -0.050568
28724.000000  0.018548
28837.000000  0.006816
28953.000000  0.011685
29066.000000  0.008770
29098.000000  -0.005756
29146.000000  0.015092
29223.000000  0.086149
29302.000000  0.038370
29379.000000  -0.015293
29452.000000  0.035739
29505.000000  -0.064377
29558.000000  -0.017070
29674.000000  0.025749
29796.000000  0.001495
29858.000000  -0.055493
29936.000000  -0.008326
30012.000000  0.033384
30081.000000  -0.110058
30127.000000  0.203861
30176.000000  0.052800
30301.000000  -0.236732
30456.000000  0.032560
30570.000000  -0.004276
30703.000000  -0.012331
30771.000000  -0.020938
30839.000000  -0.002327
30907.000000  0.144557
30968.000000  -0.050951
31020.000000  -0.082010
31037.000000  -0.065248
31109.000000  0.000066
31136.000000  -0.015664
31306.000000  0.084830
31428.000000  -0.035720
31539.000000  0.015789
31657.000000  0.030686
31793.000000  0.013331
31933.000000  0.002443
32061.000000  0.012312
32189.000000  -0.001187
32336.000000  -0.016385
32466.000000  0.011592
32576.000000  0.018607
32655.000000  -0.015879
32728.000000  -0.011711
32806.000000  -0.008970
32910.000000  0.000894
33014.000000  -0.030560
33094.000000  -0.029886
33134.000000  -0.013243
33201.000000  0.028488
33257.000000  -0.014876
33320.000000  0.040672
33370.000000  -0.043930
33410.000000  -0.027146
33466.000000  0.046815
33528.000000  -0.008142
33557.000000  -0.031075
33598.000000  0.011829
33664.000000  0.067784
33805.000000  -0.000303
33943.000000  0.032231
34070.000000  0.034890
34174.000000  0.073029
34255.000000  -0.174171
34304.000000  -0.041007
34329.000000  -0.010203
34384.000000  0.038446
34418.000000  -0.020280
34479.000000  0.094224
34546.000000  0.002040
34638.000000  -0.021133
34720.000000  -0.063686
34790.000000  0.039834
34843.000000  0.026038
34898.000000  0.016359
34946.000000  -0.048254
35042.000000  -0.003384
35111.000000  -0.033034
35156.000000  0.049080
35204.000000  -0.062773
35274.000000  0.018322
35324.000000  -0.019944
35430.000000  0.038453
35476.000000  -0.009118
35477.000000  -0.075297
35497.000000  0.047534
35508.000000  -0.029351
35532.000000  0.019706
35548.000000  -0.013525
35575.000000  0.094379
35616.000000  0.007091
35666.000000  -0.000852
35748.000000  0.014533
35831.000000  0.026616
35906.000000  -0.031456
36005.000000  0.198315
36043.000000  0.210936
36124.000000  -0.506039
36184.000000  0.031358
36254.000000  0.024167
36320.000000  -0.038419
36350.000000  0.013022
36377.000000  0.237166
36426.000000  0.044682
36465.000000  -0.110138
36513.000000  -0.010925
36559.000000  -0.015716
36570.000000  -0.048676
36641.000000  -0.086499
36710.000000  0.016233
36805.000000  0.019707
36894.000000  0.067225
36993.000000  -0.040251
37088.000000  0.110242
37192.000000  -0.078271
37262.000000  -0.073596
37314.000000  0.009069
37349.000000  0.013739
37353.000000  -0.002396
37357.000000  0.190399
37388.000000  -0.042853
37453.000000  0.087087
37490.000000  0.051254
37507.000000  0.018225
37508.000000  0.036903
37588.000000  -0.385258
37690.000000  0.406757
37767.000000  -0.052929
37847.000000  -0.325478
38008.000000  0.035782
38130.000000  0.003389
38200.000000  -0.015333
38258.000000  -0.043540
38324.000000  -0.018688
38352.000000  -0.022076
38419.000000  0.009721
38476.000000  0.015996
38530.000000  0.020236
38616.000000  0.001578
38738.000000  0.031564
38878.000000  0.002172
38969.000000  -0.029298
39064.000000  -0.011173
39134.000000  -0.016278
39168.000000  0.002089
39212.000000  0.013482
39223.000000  -0.054762
39265.000000  0.050075
39314.000000  0.013775
39357.000000  -0.004604
39373.000000  -0.002205
39395.000000  -0.033888
39449.000000  -0.028251
39516.000000  0.036231
39604.000000  0.007346
39697.000000  0.010062
39762.000000  -0.009312
39809.000000  -0.009095
39865.000000  -0.000580
39890.000000  -0.004942
39934.000000  0.003321
39977.000000  0.026084
39991.000000  -0.014371
40057.000000  -0.039993
40137.000000  0.033184
40198.000000  0.004341
40280.000000  0.024499
40313.000000  -0.055457
40386.000000  0.036646
40474.000000  0.007315
40571.000000  -0.005715
40601.000000  -0.007020
40601.000000  -0.068777
40662.000000  0.052398
40698.000000  -0.020332
40734.000000  -0.009478
40766.000000  -0.010521
40803.000000  0.006379
40816.000000  -0.009877
