576.000000  68.393295
731.000000  80.275879
907.000000  81.069092
1108.000000  82.995537
1300.000000  81.907249
1465.000000  82.401131
1583.000000  77.772186
1730.000000  81.130394
1944.000000  81.867538
2139.000000  82.267998
2338.000000  81.521690
2394.000000  73.182541
2561.000000  80.172447
2732.000000  79.701958
2919.000000  80.686333
3104.000000  81.974266
3308.000000  80.965416
3527.000000  80.345192
3706.000000  80.182991
3853.000000  70.385437
4035.000000  72.783852
4207.000000  72.697601
4385.000000  75.274796
4536.000000  77.290916
4695.000000  74.213600
4860.000000  76.619202
5024.000000  74.051903
5173.000000  74.062370
5349.000000  73.236015
5530.000000  71.542908
5589.000000  61.518501
5753.000000  70.385132
5811.000000  57.520527
5929.000000  64.757439
6055.000000  64.511589
6194.000000  64.710320
6374.000000  66.263405
6513.000000  62.722767
6566.000000  54.370491
6679.000000  62.512470
6775.000000  52.193344
6903.000000  63.022118
6962.000000  51.114716
7102.000000  60.813545
7252.000000  62.503685
7302.000000  45.138981
7432.000000  55.025066
7514.000000  56.556267
7622.000000  57.356953
7743.000000  62.855858
7844.000000  68.346939
7950.000000  64.441780
8059.000000  69.654984
8190.000000  69.365044
8377.000000  69.564194
8526.000000  71.406799
8631.000000  64.273857
8685.000000  61.885948
8827.000000  62.245323
8980.000000  56.696869
9060.000000  54.744942
9082.000000  39.733200
9146.000000  53.728069
9224.000000  62.011051
9298.000000  46.147953
9406.000000  54.559074
9500.000000  62.611687
9600.000000  55.759014
9688.000000  48.492020
9772.000000  47.913349
9864.000000  48.172417
9971.000000  61.259727
10086.000000  63.329594
10192.000000  61.504906
10300.000000  62.159908
10406.000000  60.146820
10496.000000  60.580368
10580.000000  60.163815
10746.000000  66.419258
10848.000000  62.835724
10928.000000  59.820930
11003.000000  59.170322
11075.000000  59.330486
11155.000000  56.274391
11283.000000  52.752609
11434.000000  49.852886
11511.000000  31.638857
11636.000000  46.707996
11769.000000  44.384766
11912.000000  47.117912
11976.000000  31.872200
12055.000000  33.871662
12184.000000  37.381355
12261.000000  35.711117
12445.000000  48.544930
12603.000000  46.985905
12802.000000  49.272366
12908.000000  39.545410
13038.000000  42.063641
13198.000000  46.583389
13369.000000  46.694054
13535.000000  47.713364
13726.000000  48.628422
13883.000000  53.001236
14056.000000  58.287502
14178.000000  53.280342
14260.000000  50.752079
14355.000000  50.919502
14450.000000  50.968231
14502.000000  47.136982
14583.000000  47.344177
14691.000000  42.413811
14781.000000  35.081284
14881.000000  34.176300
15000.000000  48.851658
15138.000000  55.087090
15291.000000  56.274414
15425.000000  52.606304
15597.000000  53.293240
15733.000000  49.407299
15848.000000  43.414215
15927.000000  40.925724
16016.000000  42.417511
16091.000000  40.834827
16174.000000  41.530235
16281.000000  46.430607
16407.000000  47.541977
16558.000000  50.318821
16714.000000  45.975277
16890.000000  48.893379
17062.000000  54.479557
17208.000000  54.270096
17361.000000  55.246510
17504.000000  57.641941
17659.000000  59.203697
17785.000000  60.401772
17897.000000  58.105244
18016.000000  59.391224
18114.000000  59.197659
18236.000000  62.626415
18389.000000  63.509541
18530.000000  62.340782
18679.000000  57.741524
18822.000000  62.950050
18929.000000  54.387386
19037.000000  47.477882
19103.000000  58.787739
19185.000000  64.187401
19261.000000  58.543648
19328.000000  22.331738
19407.000000  60.798424
19521.000000  71.789917
19600.000000  24.436916
19648.000000  21.153381
19731.000000  28.875572
19854.000000  31.139204
19903.000000  23.695726
19976.000000  33.634377
20054.000000  68.632721
20089.000000  70.006813
20169.000000  33.938465
20245.000000  27.877209
20270.000000  17.447645
20415.000000  38.335320
20553.000000  45.558983
20703.000000  54.039375
20887.000000  58.734219
21088.000000  56.977726
21302.000000  49.676941
21505.000000  48.861626
21595.000000  36.197956
21708.000000  37.098225
21857.000000  42.070831
22020.000000  44.415455
22131.000000  47.074215
22178.000000  33.023407
22230.000000  37.867310
22303.000000  46.106617
22391.000000  46.341339
22455.000000  46.339264
22524.000000  50.080711
22614.000000  39.055458
22658.000000  49.489223
22718.000000  36.220276
22787.000000  41.650928
22867.000000  41.319103
23016.000000  58.149178
23137.000000  46.752678
23235.000000  39.243553
23368.000000  57.097317
23435.000000  56.279087
23502.000000  20.547142
23528.000000  20.098600
23546.000000  19.110476
23561.000000  14.628342
23575.000000  12.267616
23584.000000  25.180382
23591.000000  9.887239
23638.000000  29.746433
23794.000000  29.975525
23821.000000  23.886499
23894.000000  16.003176
23961.000000  21.845671
24046.000000  24.642721
24118.000000  26.940897
24202.000000  29.671591
24335.000000  35.279408
24429.000000  28.868210
24530.000000  30.186493
24627.000000  36.748226
24760.000000  36.474392
24839.000000  30.958866
24925.000000  29.336220
25010.000000  28.335329
25104.000000  27.770529
25170.000000  26.285530
25238.000000  28.025541
25285.000000  20.035196
25312.000000  27.220362
25350.000000  29.211075
25405.000000  32.309669
25474.000000  35.432278
25521.000000  36.192673
25631.000000  37.914417
25746.000000  40.029968
25906.000000  44.986149
26064.000000  42.713329
26187.000000  37.515030
26251.000000  26.670338
26348.000000  27.412432
26423.000000  24.033871
26479.000000  17.890684
26551.000000  21.059534
26620.000000  20.694736
26691.000000  19.300037
26759.000000  26.667362
26835.000000  31.859812
26909.000000  28.933081
26983.000000  28.075686
27089.000000  28.743076
27166.000000  29.710125
27263.000000  33.845146
27373.000000  33.574566
27484.000000  36.152721
27611.000000  34.263077
27676.000000  26.852421
27773.000000  22.502296
27945.000000  33.510403
28090.000000  36.628185
28166.000000  29.838329
28281.000000  36.583344
28420.000000  31.075821
28527.000000  32.500549
28609.000000  22.817228
28724.000000  26.261627
28837.000000  26.362347
28953.000000  30.032808
29066.000000  31.178591
29098.000000  30.538622
29146.000000  32.609329
29223.000000  44.474133
29302.000000  47.732838
29379.000000  46.997112
29452.000000  50.353695
29505.000000  43.500008
29558.000000  40.786755
29674.000000  44.614014
29796.000000  44.136875
29858.000000  37.553185
29936.000000  36.416157
30012.000000  41.299923
30081.000000  22.101873
30127.000000  50.214630
30176.000000  54.592228
30301.000000  26.701569
30456.000000  32.151443
30570.000000  31.456556
30703.000000  29.593178
30771.000000  25.187788
30839.000000  25.026342
30907.000000  45.645569
30968.000000  38.359871
31020.000000  27.089348
31037.000000  12.185221
31109.000000  11.898732
31136.000000  7.934989
31306.000000  27.439323
31428.000000  20.866571
31539.000000  24.134102
31657.000000  29.167849
31793.000000  31.652122
31933.000000  31.629250
32061.000000  33.358078
32189.000000  33.091331
32336.000000  31.267006
32466.000000  32.609665
32576.000000  35.168476
32655.000000  32.701614
32728.000000  30.806679
32806.000000  29.446781
32910.000000  29.417023
33014.000000  24.215307
33094.000000  17.842957
33134.000000  14.802890
33201.000000  20.687836
33257.000000  17.212000
33320.000000  25.677855
33370.000000  16.887226
33410.000000  10.159986
33466.000000  21.265736
33528.000000  19.570370
33557.000000  11.728832
33598.000000  14.661479
33664.000000  28.782129
33805.000000  28.207561
33943.000000  33.345676
34070.000000  37.408356
34174.000000  45.550297
34255.000000  21.998705
34304.000000  12.675900
34329.000000  10.112360
34384.000000  18.423580
34418.000000  14.835204
34479.000000  32.277126
34546.000000  32.731396
34638.000000  29.411968
34720.000000  17.192999
34790.000000  25.289948
34843.000000  29.498243
34898.000000  31.373003
34946.000000  24.218903
35042.000000  23.206924
35111.000000  16.780111
35156.000000  26.194912
35204.000000  13.838725
35274.000000  17.901464
35324.000000  13.347542
35430.000000  21.302639
35476.000000  19.656725
35477.000000  0.822082
35497.000000  12.998332
35508.000000  5.756300
35532.000000  10.704678
35548.000000  7.431530
35575.000000  27.205770
35616.000000  27.769386
35666.000000  28.095558
35748.000000  30.078325
35831.000000  33.820274
35906.000000  29.541588
36005.000000  49.589817
36043.000000  62.118362
36124.000000  11.176370
36184.000000  17.699379
36254.000000  22.533201
36320.000000  14.673370
36350.000000  16.779949
36377.000000  47.837086
36426.000000  51.545670
36465.000000  42.350208
36513.000000  41.067902
36559.000000  39.244194
36570.000000  33.683933
36641.000000  19.595028
36710.000000  22.265041
36805.000000  26.202579
36894.000000  35.258179
36993.000000  29.992584
37088.000000  42.917435
37192.000000  33.810863
37262.000000  23.420876
37314.000000  24.667807
37349.000000  27.183649
37353.000000  26.298794
37357.000000  48.183838
37388.000000  44.466724
37453.000000  51.027447
37490.000000  54.443348
37507.000000  55.605286
37508.000000  57.143654
37588.000000  18.513197
37690.000000  57.571430
37767.000000  55.502201
37847.000000  23.436432
38008.000000  29.509808
38130.000000  29.472462
38200.000000  27.512337
38258.000000  20.073099
38324.000000  16.475483
38352.000000  11.620899
38419.000000  13.556880
38476.000000  16.961021
38530.000000  21.130184
38616.000000  21.204750
38738.000000  26.336733
38878.000000  26.970873
38969.000000  22.167036
39064.000000  19.783192
39134.000000  16.683147
39168.000000  17.203976
39212.000000  19.767712
39223.000000  8.405606
39265.000000  19.041759
39314.000000  20.687353
39357.000000  20.628176
39373.000000  20.116533
39395.000000  13.154801
39449.000000  6.745677
39516.000000  15.114467
39604.000000  16.420055
39697.000000  18.610146
39762.000000  15.614695
39809.000000  14.393422
39865.000000  14.702904
39890.000000  13.637222
39934.000000  13.877063
39977.000000  19.462936
39991.000000  16.505625
40057.000000  7.961140
40137.000000  15.207667
40198.000000  16.290070
40280.000000  20.650593
40313.000000  9.559614
40386.000000  17.127396
40474.000000  18.576595
40571.000000  17.454279
40601.000000  15.925066
40601.000000  0.041406
40662.000000  12.751490
40698.000000  7.866869
40734.000000  5.591698
40766.000000  3.084897
40803.000000  4.696320
40816.000000  2.153977
