4067.000000  35.059589
6258.000000  -27.716574
8879.000000  -0.575849
12333.000000  -0.270342
14568.000000  1.421500
17620.000000  -0.263297
19817.000000  0.745844
20988.000000  -2.407807
22279.000000  -0.863666
22868.000000  -3.855360
23922.000000  1.831503
24903.000000  0.478038
26163.000000  0.652359
26483.000000  -3.293894
26870.000000  1.846412
27362.000000  -1.984536
28069.000000  4.804928
28931.000000  0.185452
30174.000000  -0.743402
31686.000000  1.144655
32116.000000  -0.152322
32930.000000  -0.487675
34307.000000  0.966027
36300.000000  1.243627
38660.000000  -4.981687
39671.000000  -0.537528
40396.000000  -1.167012
40874.000000  -0.127121
41286.000000  0.029896
41973.000000  0.043976
43114.000000  1.053339
44020.000000  2.509484
45851.000000  0.601361
47343.000000  -2.632411
47694.000000  3.335254
49211.000000  1.619206
50402.000000  -1.589644
53043.000000  1.903328
55838.000000  -0.411101
58286.000000  -0.547687
60665.000000  -1.529505
62085.000000  0.386014
64788.000000  0.938198
67064.000000  -1.269039
69131.000000  -0.633122
71087.000000  -0.544077
72241.000000  -0.233504
74172.000000  0.310997
77060.000000  0.455579
78316.000000  -1.263216
78690.000000  -0.922642
79336.000000  0.436534
79948.000000  0.071648
81243.000000  2.010468
83257.000000  0.267154
84377.000000  0.298410
87596.000000  0.999321
90937.000000  -1.337425
93821.000000  -0.570069
96227.000000  0.783474
98160.000000  -1.316727
99114.000000  -0.036985
101160.000000  0.113967
102476.000000  -0.087078
104644.000000  -0.501796
106171.000000  0.246119
107672.000000  -0.074183
108772.000000  0.189777
110096.000000  -0.829309
111055.000000  0.219076
112219.000000  0.093008
113069.000000  0.281905
114290.000000  -0.294136
115050.000000  0.416503
116166.000000  -0.380004
117287.000000  -0.263370
118666.000000  -0.979856
119542.000000  0.716631
120774.000000  -0.106033
121282.000000  -0.523112
122146.000000  0.071817
122979.000000  0.165452
123721.000000  0.663692
124312.000000  -0.128659
125052.000000  -0.298116
125412.000000  -0.163553
126092.000000  0.034874
126907.000000  -0.177425
128039.000000  0.348745
129273.000000  0.034411
129676.000000  -0.549883
130211.000000  -0.144769
130807.000000  0.134012
131281.000000  -0.098745
131407.000000  -0.227233
131442.000000  -0.132434
132101.000000  0.090114
132536.000000  -0.075398
132825.000000  0.053995
133295.000000  -0.061442
133768.000000  0.100839
134921.000000  0.124878
135807.000000  0.704830
137055.000000  0.330608
137901.000000  -0.336849
138703.000000  0.058112
139289.000000  -0.120414
140006.000000  -0.100143
140273.000000  -0.133997
140672.000000  -0.394032
140918.000000  -0.028469
141357.000000  0.562925
141841.000000  0.037655
142920.000000  0.015290
144256.000000  -0.054477
145350.000000  0.181338
146002.000000  -0.572517
146151.000000  -0.221511
146582.000000  0.296654
147224.000000  -0.018755
148301.000000  0.387903
148566.000000  -0.318984
148663.000000  -0.445403
149060.000000  0.900100
149634.000000  -0.563209
150057.000000  -0.065873
150394.000000  -0.059536
150455.000000  -0.131438
150942.000000  -0.130754
151325.000000  0.003203
151597.000000  0.003273
151670.000000  -0.079783
151679.000000  -0.075646
151700.000000  0.232692
152369.000000  0.080308
153371.000000  0.228121
154766.000000  0.095962
155723.000000  -0.236525
156495.000000  0.285255
156897.000000  -0.282285
157464.000000  -0.024174
157679.000000  -0.294027
158062.000000  0.448741
158253.000000  -0.403232
158360.000000  0.058441
158398.000000  0.230451
158904.000000  -0.011348
159481.000000  -0.211049
160133.000000  0.347857
160466.000000  -0.188568
160506.000000  -0.402293
