4067.000000  95.455566
6258.000000  91.132477
8879.000000  89.736588
12333.000000  88.243118
14568.000000  89.555679
17620.000000  88.651474
19817.000000  88.647110
20988.000000  86.238029
22279.000000  82.836861
22868.000000  45.893089
23922.000000  74.293427
24903.000000  76.736122
26163.000000  80.123550
26483.000000  20.119562
26870.000000  70.208817
27362.000000  10.966273
28069.000000  82.234802
28931.000000  84.904007
30174.000000  82.656677
31686.000000  83.590660
32116.000000  85.283218
32930.000000  81.890793
34307.000000  83.514061
36300.000000  86.072273
38660.000000  65.683540
39671.000000  56.895180
40396.000000  10.225560
40874.000000  0.772037
41286.000000  0.093719
41973.000000  0.030239
43114.000000  45.988838
44020.000000  72.984161
45851.000000  77.710724
47343.000000  57.891228
47694.000000  77.939270
49211.000000  81.967628
50402.000000  78.475418
53043.000000  81.616089
55838.000000  81.140938
58286.000000  79.216698
60665.000000  74.199043
62085.000000  73.588371
64788.000000  76.837555
67064.000000  70.228447
69131.000000  67.858109
71087.000000  62.283527
72241.000000  58.787186
74172.000000  60.011791
77060.000000  64.336548
78316.000000  51.849197
78690.000000  37.545635
79336.000000  46.518391
79948.000000  46.106441
81243.000000  65.899536
83257.000000  67.207291
84377.000000  67.892708
87596.000000  72.965790
90937.000000  64.398972
93821.000000  59.790646
96227.000000  64.825203
98160.000000  55.434502
99114.000000  53.184067
101160.000000  53.115185
102476.000000  49.530396
104644.000000  40.857933
106171.000000  46.684307
107672.000000  44.724358
108772.000000  46.610546
110096.000000  33.866653
111055.000000  39.202152
112219.000000  39.628853
113069.000000  46.008453
114290.000000  42.668751
115050.000000  43.679913
116166.000000  41.090141
117287.000000  33.154648
118666.000000  7.600938
119542.000000  27.648258
120774.000000  29.569334
121282.000000  12.729052
122146.000000  13.982336
122979.000000  19.684530
123721.000000  36.176571
124312.000000  32.964722
125052.000000  25.595549
125412.000000  24.494963
126092.000000  23.512201
126907.000000  19.035749
128039.000000  26.816160
129273.000000  30.330484
129676.000000  14.129578
130211.000000  5.993959
130807.000000  10.443754
131281.000000  13.431004
131407.000000  5.115070
131442.000000  0.706598
132101.000000  2.120914
132536.000000  0.059676
132825.000000  0.006313
133295.000000  0.009680
133768.000000  0.010246
134921.000000  5.991159
135807.000000  25.703022
137055.000000  30.854568
137901.000000  27.823708
138703.000000  28.919537
139289.000000  22.859249
140006.000000  24.537968
140273.000000  18.579605
140672.000000  4.135750
140918.000000  2.490206
141357.000000  20.805056
141841.000000  28.229364
142920.000000  27.362133
144256.000000  23.867521
145350.000000  28.854996
146002.000000  14.406655
146151.000000  4.856228
146582.000000  17.940882
147224.000000  16.684641
148301.000000  25.364172
148566.000000  19.756451
148663.000000  0.635788
149060.000000  29.474443
149634.000000  16.148796
150057.000000  13.753432
150394.000000  11.195245
150455.000000  2.781774
150942.000000  3.876577
151325.000000  2.564157
151597.000000  1.890147
151670.000000  1.177137
151679.000000  0.043702
151700.000000  11.066621
152369.000000  16.807276
153371.000000  20.305574
154766.000000  19.599079
155723.000000  16.899147
156495.000000  22.593952
156897.000000  13.040980
157464.000000  7.036511
157679.000000  4.112159
158062.000000  16.995798
158253.000000  6.306130
158360.000000  9.488553
158398.000000  15.622546
158904.000000  17.514334
159481.000000  8.903360
160133.000000  18.457567
160466.000000  16.191900
160506.000000  4.584545
