399.000000  0.076467
559.000000  0.070709
668.000000  0.071219
733.000000  0.037903
808.000000  0.049664
959.000000  0.075998
1133.000000  0.090824
1254.000000  0.103051
1404.000000  0.098289
1543.000000  0.086590
1686.000000  0.090036
1816.000000  0.085629
1948.000000  0.077401
2084.000000  0.077192
2210.000000  0.064661
2313.000000  0.048331
2426.000000  0.044036
2529.000000  0.036289
2682.000000  0.043050
2792.000000  0.056380
2930.000000  0.067225
3081.000000  0.080984
3231.000000  0.079761
3388.000000  0.085766
3506.000000  0.064292
3622.000000  0.067700
3793.000000  0.102551
3937.000000  0.098164
4068.000000  0.095895
4211.000000  0.101083
4366.000000  0.106752
4535.000000  0.117783
4663.000000  0.105116
4807.000000  0.096632
4938.000000  0.107146
5073.000000  0.111711
5187.000000  0.106226
5333.000000  0.105610
5502.000000  0.113539
5653.000000  0.083181
5759.000000  0.056766
5829.000000  0.056146
5905.000000  0.107797
5989.000000  0.118993
6116.000000  0.142021
6241.000000  0.198452
6370.000000  0.168083
6492.000000  0.160542
6593.000000  0.139983
6597.000000  0.024812
6615.000000  0.027300
6622.000000  0.006019
6624.000000  0.001980
6671.000000  0.029767
6719.000000  0.015140
6763.000000  0.014925
6814.000000  0.015210
6876.000000  0.029484
6969.000000  0.040357
7118.000000  0.058397
7253.000000  0.060707
7380.000000  0.058976
7499.000000  0.048209
7628.000000  0.048339
7695.000000  0.020226
7758.000000  0.016648
7792.000000  0.013371
7853.000000  0.019476
7978.000000  0.044585
8096.000000  0.050358
8203.000000  0.059152
8289.000000  0.063646
8386.000000  0.064361
8473.000000  0.058831
8570.000000  0.065497
8661.000000  0.067211
8801.000000  0.040995
8884.000000  0.045351
9026.000000  0.120688
9063.000000  0.089672
9230.000000  0.119279
9400.000000  0.106528
9564.000000  0.114724
9677.000000  0.094368
9794.000000  0.085851
9944.000000  0.107315
10113.000000  0.138060
10223.000000  0.083634
10346.000000  0.077158
10437.000000  0.070541
10573.000000  0.090959
10679.000000  0.079183
10842.000000  0.133142
10992.000000  0.147352
11152.000000  0.180478
11325.000000  0.161968
11486.000000  0.115259
11671.000000  0.148436
11843.000000  0.130516
12009.000000  0.142357
12121.000000  0.103645
12271.000000  0.158219
12412.000000  0.130121
12501.000000  0.096926
12617.000000  0.106284
12749.000000  0.112237
12903.000000  0.138361
13038.000000  0.143693
13202.000000  0.093560
13276.000000  0.084428
13323.000000  0.113079
13432.000000  0.203339
13524.000000  0.312824
13606.000000  0.318529
13680.000000  0.310291
13760.000000  0.110292
13838.000000  0.070466
13919.000000  0.075876
14008.000000  0.058662
14083.000000  0.049625
14162.000000  0.063342
14228.000000  0.056757
14325.000000  0.068787
14403.000000  0.051384
14484.000000  0.057918
14567.000000  0.058145
14653.000000  0.060676
14727.000000  0.046603
14810.000000  0.059485
14896.000000  0.056324
14993.000000  0.061064
15099.000000  0.080201
15260.000000  0.108170
15424.000000  0.124664
15568.000000  0.100782
15710.000000  0.084568
15878.000000  0.102018
16050.000000  0.119456
16213.000000  0.118419
16382.000000  0.119274
16521.000000  0.102468
16670.000000  0.118575
16838.000000  0.119566
16986.000000  0.104961
17130.000000  0.097715
17243.000000  0.081086
17352.000000  0.070226
17468.000000  0.064255
17563.000000  0.070699
17644.000000  0.078758
17735.000000  0.101523
17817.000000  0.055677
17897.000000  0.060019
17975.000000  0.053730
18078.000000  0.084649
18202.000000  0.069483
18302.000000  0.065371
18366.000000  0.080264
18416.000000  0.076291
18494.000000  0.111021
18585.000000  0.140756
18683.000000  0.189703
18771.000000  0.146749
18912.000000  0.187528
19011.000000  0.131999
19158.000000  0.212811
19342.000000  0.187105
19498.000000  0.180401
19669.000000  0.143752
19849.000000  0.151934
20006.000000  0.158261
20150.000000  0.114023
20307.000000  0.191870
20457.000000  0.188524
20583.000000  0.184932
20685.000000  0.216580
20788.000000  0.214006
20890.000000  0.244020
21002.000000  0.315164
21085.000000  0.322773
21161.000000  0.064865
21247.000000  0.272043
21335.000000  0.306212
21419.000000  0.358530
21502.000000  0.100161
21594.000000  0.111673
21686.000000  0.093317
21772.000000  0.081541
21873.000000  0.359495
21955.000000  0.321565
22083.000000  0.346539
22173.000000  0.064584
22325.000000  0.188909
22368.000000  0.196023
22408.000000  0.527904
22438.000000  0.411116
22462.000000  0.383886
22487.000000  0.518862
22544.000000  0.607190
22593.000000  0.534061
22641.000000  0.611824
22723.000000  0.582235
22750.000000  0.285624
22827.000000  0.422940
22877.000000  0.503055
22909.000000  0.373495
22933.000000  0.353069
22986.000000  0.405015
23033.000000  0.436053
23089.000000  0.539294
23105.000000  0.554617
23106.000000  0.590467
23153.000000  0.013505
23216.000000  0.017085
23277.000000  0.032875
23358.000000  0.025590
23453.000000  0.060478
23555.000000  0.038379
23640.000000  0.039261
23725.000000  0.052853
23805.000000  0.052329
23889.000000  0.058518
23975.000000  0.060753
24054.000000  0.046416
24148.000000  0.060235
24221.000000  0.059082
24376.000000  0.110038
24419.000000  0.087230
24566.000000  0.098184
24734.000000  0.111096
24865.000000  0.107500
25053.000000  0.117910
25163.000000  0.117182
25167.000000  0.010058
25240.000000  0.062010
25324.000000  0.091697
25418.000000  0.097322
25495.000000  0.061363
25578.000000  0.058603
25645.000000  0.105509
25746.000000  0.164898
25824.000000  0.070394
25952.000000  0.062809
26090.000000  0.091473
26142.000000  0.089111
26284.000000  0.079284
26419.000000  0.073354
26563.000000  0.066728
26681.000000  0.057139
26739.000000  0.026680
26806.000000  0.044780
26876.000000  0.055818
26979.000000  0.065586
27020.000000  0.031015
27079.000000  0.033187
27136.000000  0.034181
27204.000000  0.044773
27261.000000  0.033590
27332.000000  0.032037
27438.000000  0.044509
27603.000000  0.049989
27745.000000  0.061685
27917.000000  0.074492
28070.000000  0.077549
28196.000000  0.068618
28353.000000  0.084176
28448.000000  0.061401
28537.000000  0.071959
28586.000000  0.021466
28640.000000  0.020224
28693.000000  0.018896
28745.000000  0.019441
28815.000000  0.026900
28890.000000  0.028663
28950.000000  0.028978
29002.000000  0.018656
29052.000000  0.018553
29112.000000  0.021299
29175.000000  0.067422
29219.000000  0.068517
29268.000000  0.015800
29335.000000  0.017170
29369.000000  0.011080
29427.000000  0.015111
29498.000000  0.020727
29551.000000  0.018955
29665.000000  0.033335
29833.000000  0.056104
29976.000000  0.065957
30135.000000  0.084677
30277.000000  0.084432
30331.000000  0.071616
30472.000000  0.083554
30587.000000  0.061186
30716.000000  0.062706
30746.000000  0.049292
30905.000000  0.085624
30994.000000  0.070684
31068.000000  0.069350
31175.000000  0.064196
31220.000000  0.018056
31349.000000  0.026814
31410.000000  0.019107
31445.000000  0.011622
31491.000000  0.016988
31572.000000  0.025364
31664.000000  0.032938
31751.000000  0.041852
31846.000000  0.078463
31942.000000  0.057848
31985.000000  0.034048
32029.000000  0.019822
32061.000000  0.014711
32077.000000  0.017531
32105.000000  0.012178
32143.000000  0.009164
32227.000000  0.020772
32319.000000  0.034351
32394.000000  0.042033
32485.000000  0.052841
32632.000000  0.064306
32822.000000  0.092927
32870.000000  0.038580
32952.000000  0.048762
33043.000000  0.057682
33060.000000  0.019741
33130.000000  0.043797
33209.000000  0.042501
33306.000000  0.043839
33385.000000  0.043931
33466.000000  0.045510
33564.000000  0.045812
33653.000000  0.059727
33670.000000  0.028217
33740.000000  0.020255
33816.000000  0.023697
33896.000000  0.034725
33970.000000  0.043073
34054.000000  0.052799
34141.000000  0.054701
34220.000000  0.050259
34317.000000  0.058785
34389.000000  0.063819
34457.000000  0.062389
34503.000000  0.050224
34561.000000  0.023106
34659.000000  0.029875
34690.000000  0.017961
34805.000000  0.033765
34862.000000  0.018314
34979.000000  0.061505
35074.000000  0.057132
35254.000000  0.072081
35276.000000  0.025108
35291.000000  0.045550
35361.000000  0.041604
35443.000000  0.031309
35545.000000  0.040855
35673.000000  0.049501
35789.000000  0.054398
35902.000000  0.059801
36029.000000  0.065145
36163.000000  0.062153
36275.000000  0.047012
36346.000000  0.020601
36422.000000  0.021562
36444.000000  0.013678
36447.000000  0.002604
36537.000000  0.036863
36677.000000  0.079709
36802.000000  0.075234
36939.000000  0.062206
37011.000000  0.033562
37020.000000  0.005991
37051.000000  0.009633
37052.000000  0.008554
37131.000000  0.030321
37230.000000  0.033478
37327.000000  0.045160
37402.000000  0.040009
37466.000000  0.036967
37467.000000  0.002458
37510.000000  0.021244
37539.000000  0.008505
37561.000000  0.007868
37581.000000  0.009199
37584.000000  0.002848
37627.000000  0.037311
37712.000000  0.042729
37793.000000  0.041764
37883.000000  0.048904
37972.000000  0.055208
38005.000000  0.039742
38050.000000  0.035388
38086.000000  0.038762
38092.000000  0.027914
38141.000000  0.017699
38239.000000  0.027495
38337.000000  0.038964
38436.000000  0.054984
38484.000000  0.036818
38538.000000  0.022038
38653.000000  0.034770
38748.000000  0.052487
38894.000000  0.095001
38989.000000  0.089087
39044.000000  0.053570
39071.000000  0.041546
39122.000000  0.026646
39235.000000  0.045396
39386.000000  0.070434
39565.000000  0.108828
39613.000000  0.070703
39682.000000  0.072315
39776.000000  0.059784
39869.000000  0.069771
39924.000000  0.061741
39986.000000  0.082611
40057.000000  0.066630
40139.000000  0.064155
40224.000000  0.054562
40302.000000  0.058362
40380.000000  0.053621
40468.000000  0.079972
40515.000000  0.077062
40593.000000  0.086798
40644.000000  0.066541
40727.000000  0.038375
40761.000000  0.027110
40772.000000  0.011900
40776.000000  0.005117
40778.000000  0.004974
40813.000000  0.106342
40816.000000  0.077035
