2285.000000  0.461931
2889.000000  0.384769
3363.000000  0.326600
3852.000000  0.327251
4471.000000  0.431990
5100.000000  0.510228
5807.000000  0.500808
6656.000000  0.629790
7383.000000  0.606763
8159.000000  0.583939
9001.000000  0.620018
9908.000000  0.669839
10737.000000  0.761785
11598.000000  0.772016
12427.000000  0.829133
13159.000000  0.616235
13586.000000  0.574592
14233.000000  0.746273
14935.000000  0.723494
15584.000000  0.813612
16109.000000  0.622347
16508.000000  0.483391
16915.000000  0.455373
17494.000000  0.622085
17996.000000  0.660135
18691.000000  0.692067
19406.000000  0.705793
20085.000000  0.534429
20772.000000  0.644396
21220.000000  0.538332
21523.000000  0.456823
21857.000000  0.472187
22212.000000  0.468175
22562.000000  0.455687
22925.000000  0.405278
23223.000000  0.392047
23590.000000  0.385797
23854.000000  0.589346
24400.000000  0.695971
25196.000000  0.925892
25956.000000  0.907968
26777.000000  0.967024
27496.000000  0.973283
28117.000000  0.815211
28679.000000  0.710763
29192.000000  0.740145
29725.000000  0.911907
30240.000000  0.857043
30909.000000  1.067712
31694.000000  0.819890
32274.000000  0.654566
32740.000000  0.757718
33258.000000  1.042312
33602.000000  0.906306
34094.000000  1.245545
34773.000000  1.425712
35480.000000  1.472905
36001.000000  1.288019
36605.000000  1.104015
36959.000000  1.085569
37461.000000  0.973235
37805.000000  1.150053
38051.000000  1.016449
38436.000000  0.679488
39136.000000  0.801631
39748.000000  0.842803
40204.000000  0.915977
40489.000000  1.094707
40626.000000  1.074445
40632.000000  0.744045
40651.000000  0.718627
40752.000000  1.379319
40821.000000  1.346708
40914.000000  0.966738
41057.000000  0.906804
41310.000000  1.008931
41693.000000  0.747389
41851.000000  0.737765
42142.000000  0.847355
42517.000000  0.833446
42972.000000  0.886377
43598.000000  0.994237
43901.000000  0.870200
44206.000000  0.873704
44474.000000  0.839547
44862.000000  1.271507
45190.000000  1.087556
45443.000000  1.275007
45803.000000  1.467662
46103.000000  1.178642
46394.000000  1.239233
46776.000000  0.995451
47178.000000  1.069045
47398.000000  0.931070
47727.000000  1.182571
48091.000000  0.941044
48439.000000  0.930554
48789.000000  0.952982
49137.000000  0.948412
49548.000000  0.962403
49883.000000  0.986754
50259.000000  0.962537
50737.000000  1.014627
51020.000000  1.053930
51278.000000  0.909666
51618.000000  1.059207
52029.000000  1.128391
52435.000000  1.226003
52917.000000  1.245638
53194.000000  1.041623
53488.000000  0.960276
53944.000000  1.759682
54106.000000  1.776964
54330.000000  1.978849
54510.000000  0.679825
54547.000000  0.639967
54746.000000  0.657580
54929.000000  0.660771
55226.000000  0.781751
55601.000000  1.965677
56160.000000  2.127696
56643.000000  2.220001
57188.000000  0.858250
57531.000000  0.834541
57755.000000  0.719932
58067.000000  0.750351
58505.000000  1.111394
59183.000000  1.426016
59525.000000  1.298433
59956.000000  0.953668
60509.000000  0.991589
61249.000000  1.056652
61775.000000  0.991162
62292.000000  0.997605
62828.000000  1.052718
63471.000000  1.103912
64091.000000  1.313478
64704.000000  1.841522
65329.000000  1.800643
65986.000000  1.870235
66889.000000  1.967096
67775.000000  1.896294
68315.000000  1.797525
68562.000000  1.525528
68883.000000  0.848786
69231.000000  1.005144
69521.000000  1.028278
69930.000000  1.113324
70276.000000  1.132085
70640.000000  0.947569
71011.000000  1.920126
71396.000000  0.926085
71867.000000  1.208227
72154.000000  1.025658
72528.000000  1.469712
72891.000000  1.430621
73107.000000  0.940842
73428.000000  0.978900
73664.000000  1.060434
73951.000000  1.066018
74024.000000  0.938833
74354.000000  0.927079
74811.000000  1.147486
75122.000000  1.124943
75455.000000  1.184894
75849.000000  1.291773
76080.000000  1.255022
76387.000000  1.167924
76654.000000  1.203263
76876.000000  1.297637
77153.000000  1.367374
77279.000000  1.195574
77527.000000  1.199508
77952.000000  1.286414
78253.000000  1.022679
78607.000000  1.159194
78761.000000  1.285286
78970.000000  1.294898
79253.000000  1.057400
79730.000000  1.038221
80184.000000  1.017250
80386.000000  1.019986
80492.000000  1.009908
80712.000000  1.096607
81084.000000  1.275876
81640.000000  1.235370
82095.000000  1.250239
82434.000000  1.192768
82668.000000  1.066049
82990.000000  1.036539
83144.000000  0.978740
83469.000000  1.243501
83891.000000  1.254151
84121.000000  1.228450
84312.000000  1.060629
84407.000000  1.307930
84475.000000  0.910531
84629.000000  0.940762
84705.000000  0.917911
84729.000000  0.860555
84844.000000  1.173035
84847.000000  1.008315
84931.000000  0.880906
84942.000000  0.964678
84956.000000  0.824555
85086.000000  1.571930
85091.000000  1.456215
85282.000000  0.929701
85549.000000  0.954929
85821.000000  1.022370
86038.000000  0.983188
86154.000000  1.109655
86495.000000  1.150037
86654.000000  1.030577
86708.000000  0.986048
86984.000000  1.038534
87091.000000  0.953662
87257.000000  1.105865
87376.000000  1.053857
87578.000000  1.055764
87850.000000  1.091739
88103.000000  1.075144
88239.000000  0.955353
88346.000000  0.954332
88409.000000  0.923708
88434.000000  0.880147
88831.000000  1.063608
89079.000000  0.996949
89427.000000  1.026678
89803.000000  1.089814
90157.000000  1.115415
90342.000000  1.072223
90395.000000  1.011036
90451.000000  0.962842
90475.000000  0.902993
90484.000000  0.884202
90500.000000  1.026676
90745.000000  1.015231
90899.000000  0.937613
91026.000000  0.976419
91203.000000  1.039826
91303.000000  0.982470
91452.000000  0.951110
91499.000000  0.940885
