4067.000000  0.815915
4456.000000  0.548813
5122.000000  0.420074
6097.000000  0.406001
6844.000000  0.473496
7990.000000  0.741964
9111.000000  0.793376
9836.000000  0.808937
10448.000000  0.849022
11217.000000  0.771717
12379.000000  0.936036
13699.000000  1.021530
15116.000000  1.131800
16290.000000  1.037810
17401.000000  0.992753
18438.000000  1.092203
19441.000000  1.246283
20211.000000  1.286562
21060.000000  0.966837
21924.000000  1.016427
22717.000000  0.965242
23652.000000  0.982682
24583.000000  1.237671
25529.000000  1.104791
26427.000000  0.895448
27476.000000  1.048841
28792.000000  0.983754
29590.000000  0.989525
30605.000000  1.073518
31456.000000  1.085523
32457.000000  1.137955
33303.000000  1.172862
34830.000000  1.541435
36145.000000  1.868746
37343.000000  1.107817
38374.000000  1.394791
39044.000000  0.993899
40455.000000  1.199675
41530.000000  1.225581
42568.000000  1.229618
43361.000000  1.214808
44317.000000  1.258667
45260.000000  1.495614
46313.000000  1.189719
47147.000000  1.241278
47764.000000  1.330460
48354.000000  1.902522
48804.000000  1.364062
49486.000000  1.433045
50122.000000  1.350882
50929.000000  1.573434
52114.000000  1.349291
53243.000000  1.267212
54620.000000  1.563104
55841.000000  1.361499
56714.000000  1.339474
57816.000000  1.483189
58473.000000  1.215030
59084.000000  1.189832
59487.000000  1.373049
60488.000000  1.817298
60758.000000  1.434942
61561.000000  1.549953
61754.000000  1.246198
62388.000000  1.391603
62978.000000  1.074029
63493.000000  1.044229
64086.000000  1.737895
64593.000000  2.087538
64912.000000  2.168550
65378.000000  1.503302
65533.000000  1.230592
65812.000000  1.366980
66300.000000  1.736197
66500.000000  1.437005
66756.000000  1.176995
66929.000000  0.958944
67592.000000  1.399398
67806.000000  1.652466
68684.000000  1.707305
69988.000000  2.077915
70806.000000  1.972013
71866.000000  2.251829
72868.000000  2.201042
73218.000000  1.974504
73664.000000  0.932294
74061.000000  0.939215
74512.000000  0.974518
74871.000000  1.005337
75477.000000  1.454554
76587.000000  1.483375
77380.000000  1.467062
78107.000000  1.222220
78999.000000  1.380581
79779.000000  1.391149
80997.000000  1.534582
82430.000000  1.579796
83534.000000  1.699591
84452.000000  1.585954
85254.000000  1.369177
86419.000000  1.631298
87774.000000  1.761185
89122.000000  1.715200
90528.000000  1.778935
91999.000000  1.850388
93530.000000  1.760467
94729.000000  1.828174
95861.000000  1.881534
97811.000000  2.045131
99062.000000  2.206491
100891.000000  2.499444
102018.000000  2.517972
103286.000000  2.965002
103995.000000  2.467007
104771.000000  2.592761
105338.000000  2.375958
106001.000000  2.504753
106668.000000  2.588817
108246.000000  2.552430
109193.000000  2.672925
110491.000000  2.486573
111859.000000  2.386192
113913.000000  2.493390
115361.000000  2.505800
117462.000000  2.481790
118260.000000  1.957079
119482.000000  2.396980
120053.000000  2.236581
121652.000000  2.632681
122558.000000  2.398784
124219.000000  2.686497
125307.000000  3.179050
126522.000000  3.799387
127225.000000  1.934328
128626.000000  3.417776
129234.000000  3.217135
130489.000000  3.601244
131282.000000  2.642537
132070.000000  2.665197
132878.000000  2.197891
134025.000000  3.561667
134822.000000  3.057854
135394.000000  3.015512
135693.000000  2.025126
136237.000000  2.113636
136582.000000  2.277116
136962.000000  3.083540
137548.000000  2.641672
138265.000000  2.752789
138662.000000  2.739637
138861.000000  2.783568
139080.000000  2.412167
139709.000000  3.824922
140160.000000  5.182378
140696.000000  4.067190
140984.000000  3.203902
142110.000000  2.547896
142484.000000  2.701087
143347.000000  2.597999
144112.000000  3.092818
144768.000000  2.348730
145048.000000  2.464391
146394.000000  5.482873
148229.000000  2.096020
148456.000000  1.897028
149214.000000  1.915983
149696.000000  1.786007
150064.000000  1.729017
150422.000000  1.851788
150717.000000  1.892918
150883.000000  1.780991
151365.000000  1.757157
151811.000000  1.745573
151845.000000  1.724487
152304.000000  2.027537
152779.000000  1.993128
153580.000000  2.165729
154232.000000  2.309011
154473.000000  2.184149
154791.000000  2.231621
154926.000000  2.279243
155059.000000  2.175256
155244.000000  2.255372
155439.000000  2.600293
155461.000000  2.566919
155746.000000  2.240165
155903.000000  1.885206
156170.000000  1.655124
156564.000000  1.785168
156963.000000  1.739007
157686.000000  1.894792
158309.000000  2.236670
158516.000000  2.009159
158717.000000  1.978676
158733.000000  1.737305
158740.000000  1.640867
158816.000000  1.621130
159268.000000  1.909724
159443.000000  1.857461
159800.000000  1.776395
160232.000000  1.926051
160472.000000  1.846765
160517.000000  1.795942
