216.000000  34.437874
321.000000  34.864433
444.000000  36.525162
513.000000  22.033546
577.000000  20.788630
648.000000  21.690577
696.000000  15.558614
772.000000  21.955120
843.000000  17.167534
922.000000  22.354330
1001.000000  18.925814
1098.000000  22.327131
1177.000000  26.182117
1237.000000  20.080414
1315.000000  16.261427
1376.000000  15.835561
1430.000000  9.809438
1483.000000  10.941148
1526.000000  9.377633
1583.000000  10.411625
1636.000000  9.414804
1692.000000  12.587086
1752.000000  11.977912
1814.000000  12.889708
1884.000000  15.211021
1969.000000  18.917418
2022.000000  14.102093
2094.000000  13.876327
2176.000000  17.597982
2239.000000  16.858036
2279.000000  13.116002
2323.000000  15.294017
2408.000000  22.390608
2518.000000  22.272272
2606.000000  25.196398
2714.000000  23.597094
2785.000000  26.433098
2856.000000  22.719803
2967.000000  25.464218
3018.000000  7.470152
3064.000000  8.157934
3115.000000  7.555848
3183.000000  10.025399
3271.000000  13.119628
3344.000000  14.842270
3401.000000  9.092100
3453.000000  8.674657
3510.000000  8.744349
3571.000000  9.311471
3631.000000  8.232435
3682.000000  7.571833
3732.000000  8.157102
3829.000000  13.833153
3946.000000  18.362995
4034.000000  22.438400
4145.000000  22.573677
4249.000000  22.087223
4375.000000  24.456156
4452.000000  23.736691
4538.000000  21.840427
4620.000000  21.577110
4696.000000  17.191700
4775.000000  19.020948
4865.000000  23.514227
4946.000000  24.379099
4999.000000  16.324837
5110.000000  19.913296
5183.000000  21.409086
5271.000000  28.360792
5354.000000  22.168606
5480.000000  19.061918
5560.000000  18.209896
5649.000000  27.572927
5727.000000  21.360149
5802.000000  23.770596
5873.000000  22.477528
5954.000000  28.654095
6034.000000  15.384557
6113.000000  17.884567
6193.000000  18.782562
6303.000000  18.539200
6350.000000  12.939308
6396.000000  17.999228
6440.000000  22.879292
6480.000000  26.236517
6526.000000  38.106724
6564.000000  37.656406
6603.000000  46.605240
6609.000000  51.774872
6658.000000  6.677765
6682.000000  3.300451
6751.000000  6.615718
6814.000000  8.927493
6877.000000  7.649721
6913.000000  4.031251
7000.000000  6.835754
7119.000000  10.306075
7155.000000  3.844821
7156.000000  0.870467
7246.000000  10.261489
7456.000000  15.402060
7526.000000  11.304339
7619.000000  11.075297
7687.000000  8.826227
7769.000000  8.439684
7814.000000  4.900608
7874.000000  5.114625
7902.000000  4.519926
8015.000000  10.701821
8129.000000  16.048132
8205.000000  11.176044
8292.000000  10.680377
8347.000000  6.541924
8411.000000  7.018521
8474.000000  8.338337
8578.000000  10.702065
8634.000000  6.923906
8686.000000  6.518235
8736.000000  6.005946
8809.000000  8.054214
8892.000000  11.005242
8964.000000  13.842587
9024.000000  9.273660
9085.000000  7.935170
9159.000000  8.498561
9220.000000  8.091169
9281.000000  9.813418
9354.000000  8.071084
9415.000000  7.766937
9491.000000  8.644085
9565.000000  8.319176
9641.000000  8.302315
9716.000000  7.950726
9788.000000  7.543425
9853.000000  9.050773
9914.000000  8.201586
9972.000000  6.355532
10048.000000  8.067999
10110.000000  7.992965
10180.000000  7.565584
10253.000000  9.803078
10375.000000  12.882386
10476.000000  14.105074
10616.000000  16.259546
10700.000000  11.011848
10803.000000  20.196741
10879.000000  19.502012
10958.000000  18.698029
11031.000000  20.118404
11126.000000  17.548655
11164.000000  12.992098
11247.000000  16.360613
11341.000000  23.611015
11425.000000  27.610636
11511.000000  16.962778
11582.000000  12.156127
11656.000000  13.232822
11757.000000  14.600953
11830.000000  12.960196
11906.000000  17.446222
11982.000000  18.706541
12094.000000  27.148325
12127.000000  12.885642
12140.000000  25.005802
12141.000000  34.956070
12166.000000  2.974066
12255.000000  9.544836
12356.000000  11.026843
12485.000000  15.640942
12600.000000  14.892965
12683.000000  13.205621
12784.000000  16.799719
12873.000000  17.641737
12957.000000  16.945738
13052.000000  15.003777
13133.000000  14.573500
13222.000000  20.443169
13307.000000  16.366449
13386.000000  15.611151
13463.000000  13.206916
13553.000000  20.055237
13637.000000  14.449210
13713.000000  14.994164
13792.000000  15.325854
13901.000000  15.843151
13994.000000  12.481953
14080.000000  14.189821
14175.000000  12.940055
14236.000000  13.277867
14320.000000  11.675425
14403.000000  15.891875
14482.000000  14.431322
14566.000000  14.087539
14654.000000  14.286801
14724.000000  13.033477
14801.000000  15.684978
14855.000000  9.637046
14952.000000  14.052046
15034.000000  12.691291
15134.000000  16.328592
15229.000000  14.960711
15301.000000  11.848760
15400.000000  15.545814
15498.000000  17.231598
15515.000000  6.053511
15606.000000  12.482123
15682.000000  16.748117
15763.000000  14.700286
15870.000000  15.084903
15966.000000  13.810251
16049.000000  12.546132
16133.000000  14.582086
16220.000000  13.295610
16297.000000  12.047534
16376.000000  13.482677
16460.000000  12.193281
16546.000000  12.231524
16623.000000  11.310402
16719.000000  13.802407
16805.000000  11.474246
16912.000000  13.972509
17009.000000  12.916284
17037.000000  7.063682
17093.000000  10.243967
17170.000000  14.896057
17239.000000  16.675789
17328.000000  15.426638
17401.000000  10.403536
17483.000000  12.883242
17595.000000  14.422950
17661.000000  11.661354
17706.000000  14.060768
17744.000000  15.325356
17826.000000  23.207916
17896.000000  21.128349
18010.000000  27.639801
18152.000000  27.176329
18260.000000  21.264404
18358.000000  21.385798
18458.000000  23.758015
18546.000000  13.320233
18650.000000  14.461751
18756.000000  22.503891
18802.000000  22.371716
18830.000000  20.827290
18874.000000  26.595673
18911.000000  27.159002
18947.000000  28.720846
19001.000000  34.312454
19022.000000  46.216389
19070.000000  28.329689
19163.000000  32.096016
19255.000000  26.830677
19348.000000  29.696667
19440.000000  32.985233
19578.000000  26.121033
19652.000000  31.059053
19668.000000  31.347366
19765.000000  23.599821
19789.000000  24.306244
19911.000000  44.547562
19961.000000  31.620062
20025.000000  38.877846
20071.000000  41.749268
20117.000000  42.342617
20131.000000  35.874443
20142.000000  43.128689
20143.000000  46.334343
20157.000000  52.388371
20206.000000  7.138638
20339.000000  8.788589
20434.000000  9.241172
20534.000000  12.619610
20624.000000  13.566065
20686.000000  6.070229
20813.000000  14.572692
20892.000000  11.865656
20970.000000  15.441378
21038.000000  14.997909
21070.000000  10.961389
21129.000000  12.989375
21172.000000  6.764947
21226.000000  4.106037
21318.000000  9.300934
21424.000000  10.080812
21501.000000  8.833017
21584.000000  7.696556
21606.000000  3.926085
21607.000000  1.076806
21664.000000  5.767650
21727.000000  8.401053
21807.000000  9.028273
21909.000000  12.282271
21982.000000  9.173829
22048.000000  8.132933
22053.000000  1.840872
22057.000000  1.515652
22071.000000  2.782096
22154.000000  5.751914
22281.000000  9.254787
22338.000000  8.733261
22390.000000  8.088937
22464.000000  10.317664
22528.000000  10.824018
22614.000000  10.635766
22694.000000  10.757591
22777.000000  13.066938
22876.000000  12.413742
22968.000000  13.610126
23054.000000  12.242308
23155.000000  13.434855
23251.000000  14.259267
23348.000000  14.697114
23437.000000  13.850142
23521.000000  12.021073
23623.000000  13.920400
23716.000000  10.771471
23758.000000  10.053213
23821.000000  11.889238
23890.000000  21.721159
23980.000000  24.286358
24066.000000  28.307503
24072.000000  22.684303
24128.000000  20.656357
24201.000000  15.935300
24221.000000  3.344290
24284.000000  4.988523
24367.000000  8.091905
24463.000000  10.132676
24539.000000  8.021336
24621.000000  7.323574
24643.000000  3.802484
24644.000000  1.161029
24686.000000  4.803152
24769.000000  4.976262
24831.000000  5.230666
24875.000000  4.836962
24904.000000  4.190119
25002.000000  11.738626
25077.000000  9.308517
25171.000000  11.566669
25266.000000  13.091861
25304.000000  11.362535
25389.000000  11.422341
25473.000000  13.908970
25559.000000  15.507230
25637.000000  12.086541
25716.000000  11.057567
25811.000000  14.891650
25864.000000  10.854394
25886.000000  7.883687
25929.000000  11.799081
25935.000000  9.546617
25974.000000  5.088110
26047.000000  7.464699
26163.000000  10.541894
26294.000000  12.308654
26378.000000  11.790241
26439.000000  9.211783
26441.000000  0.445266
26444.000000  0.990981
26447.000000  1.526882
26449.000000  0.461211
26511.000000  5.224183
26607.000000  6.980518
26717.000000  9.995708
26808.000000  11.825774
26901.000000  11.956904
26944.000000  10.734575
27029.000000  10.977735
27109.000000  10.356049
27178.000000  12.410875
27235.000000  12.241846
27245.000000  8.641160
27323.000000  3.841007
27415.000000  6.449506
27518.000000  9.612980
27616.000000  12.244252
27722.000000  10.348141
27790.000000  10.186927
27796.000000  6.731320
27798.000000  0.469756
27838.000000  2.408589
27929.000000  5.842812
28013.000000  7.412771
28125.000000  10.055353
28263.000000  12.899073
28324.000000  9.830016
28344.000000  3.293058
28350.000000  1.630220
28404.000000  4.502015
28503.000000  9.091505
28601.000000  10.266483
28717.000000  12.811386
28790.000000  7.712453
28833.000000  8.327118
28883.000000  7.184929
28985.000000  12.146503
29076.000000  13.688137
29144.000000  12.719807
29152.000000  1.591762
29155.000000  0.465267
29188.000000  42.687954
29241.000000  45.702148
29267.000000  40.509727
29304.000000  48.266930
29333.000000  49.289425
29347.000000  63.125252
29412.000000  4.147956
29533.000000  11.681764
29642.000000  10.586556
29740.000000  12.540104
29833.000000  11.258080
29905.000000  9.160098
30007.000000  11.296549
30108.000000  9.742552
30187.000000  9.338166
30265.000000  12.944643
30273.000000  4.478029
30337.000000  9.770746
30351.000000  6.136256
30431.000000  4.856084
30517.000000  7.217028
30541.000000  3.586408
30601.000000  5.422957
30681.000000  6.138071
30762.000000  8.021907
30885.000000  11.918713
30891.000000  2.673208
30997.000000  9.867048
31116.000000  12.508315
31202.000000  6.751169
31264.000000  5.317750
31335.000000  5.208306
31403.000000  4.642031
31450.000000  3.709231
31495.000000  4.790723
31583.000000  4.271819
31666.000000  4.856053
31698.000000  2.550527
31715.000000  0.970417
31733.000000  0.961960
31820.000000  5.785852
31905.000000  7.361772
31981.000000  6.147941
32028.000000  2.386393
32050.000000  1.780677
32122.000000  5.959845
32226.000000  8.751569
32324.000000  8.837249
32393.000000  7.256020
32399.000000  0.782808
32452.000000  4.734267
32470.000000  1.472917
32496.000000  2.174055
32519.000000  1.540955
32521.000000  0.985584
32523.000000  0.082296
32569.000000  3.683662
32612.000000  2.343685
32648.000000  5.594728
32706.000000  3.049797
32794.000000  5.468411
32872.000000  5.322923
32894.000000  2.261447
32981.000000  12.333597
33067.000000  6.371738
33149.000000  7.766564
33250.000000  9.191785
33357.000000  11.878545
33449.000000  13.861394
33530.000000  11.896966
33613.000000  12.971394
33697.000000  13.282263
33768.000000  13.238323
33879.000000  10.777127
33947.000000  5.521934
33988.000000  2.280436
33996.000000  0.704079
34032.000000  2.300689
34076.000000  2.340261
34082.000000  1.313966
34146.000000  9.857764
34241.000000  11.486310
34325.000000  13.985060
34402.000000  17.245710
34503.000000  18.643339
34583.000000  10.744846
34662.000000  12.379921
34750.000000  15.618070
34834.000000  11.867865
34913.000000  11.948052
34991.000000  10.782481
35078.000000  15.523228
35161.000000  12.456133
35241.000000  11.832901
35321.000000  10.482426
35404.000000  11.628315
35498.000000  14.418468
35569.000000  12.472668
35661.000000  15.784497
35739.000000  12.089622
35832.000000  10.479636
35907.000000  21.139725
35989.000000  17.239655
36062.000000  17.604450
36157.000000  17.022886
36234.000000  14.395205
36315.000000  15.530094
36422.000000  20.288326
36544.000000  15.734272
36666.000000  28.489849
36703.000000  29.713556
36732.000000  29.964594
36768.000000  28.802601
36804.000000  26.911015
36820.000000  40.027191
36924.000000  5.253531
36967.000000  3.337758
37024.000000  3.947474
37050.000000  3.669736
37160.000000  9.019890
37253.000000  9.910171
37354.000000  12.269442
37456.000000  14.546521
37477.000000  12.509092
37490.000000  2.479076
37567.000000  5.430061
37644.000000  6.661811
37718.000000  8.362576
37815.000000  10.911812
37928.000000  12.833333
38004.000000  7.767184
38060.000000  8.926375
38089.000000  8.045055
38096.000000  2.181911
38159.000000  5.646153
38264.000000  7.669438
38367.000000  9.355981
38456.000000  10.703838
38537.000000  11.399849
38637.000000  13.727954
38674.000000  8.956863
38697.000000  10.254708
38755.000000  14.478318
38893.000000  11.714189
38984.000000  9.872473
39003.000000  3.682286
39098.000000  10.482371
39186.000000  10.752885
39274.000000  10.632549
39349.000000  11.382170
39371.000000  11.938019
39440.000000  8.769117
39563.000000  11.216994
39668.000000  12.846520
39742.000000  11.118757
39817.000000  12.092892
39857.000000  11.147431
39860.000000  1.909763
39905.000000  7.494547
40014.000000  11.573950
40125.000000  9.893426
40213.000000  12.832813
40293.000000  13.549523
40310.000000  8.367248
40311.000000  1.333477
40358.000000  12.886250
40452.000000  15.745479
40558.000000  11.924552
40678.000000  17.496595
40715.000000  9.279456
40802.000000  12.498118
40818.000000  6.289268
40820.000000  1.313341
