216.000000  0.048015
321.000000  0.048853
444.000000  0.064209
513.000000  0.032788
577.000000  0.028466
648.000000  0.030212
696.000000  0.021832
772.000000  0.033943
843.000000  0.027671
922.000000  0.034959
1001.000000  0.030781
1098.000000  0.041741
1177.000000  0.046019
1237.000000  0.031441
1315.000000  0.026772
1376.000000  0.021749
1430.000000  0.015714
1483.000000  0.016366
1526.000000  0.014737
1583.000000  0.016032
1636.000000  0.016826
1692.000000  0.017943
1752.000000  0.017245
1814.000000  0.021539
1884.000000  0.026039
1969.000000  0.033314
2022.000000  0.025605
2094.000000  0.026817
2176.000000  0.033542
2239.000000  0.032869
2279.000000  0.026110
2323.000000  0.029836
2408.000000  0.040350
2518.000000  0.054974
2606.000000  0.057234
2714.000000  0.051744
2785.000000  0.056316
2856.000000  0.049208
2967.000000  0.058453
3018.000000  0.016052
3064.000000  0.014861
3115.000000  0.014609
3183.000000  0.020674
3271.000000  0.028840
3344.000000  0.026506
3401.000000  0.019168
3453.000000  0.017426
3510.000000  0.017120
3571.000000  0.016492
3631.000000  0.016703
3682.000000  0.015809
3732.000000  0.016493
3829.000000  0.031430
3946.000000  0.046415
4034.000000  0.055302
4145.000000  0.059362
4249.000000  0.063047
4375.000000  0.068851
4452.000000  0.068096
4538.000000  0.063626
4620.000000  0.061424
4696.000000  0.046690
4775.000000  0.053557
4865.000000  0.065659
4946.000000  0.058964
4999.000000  0.041934
5110.000000  0.063367
5183.000000  0.061780
5271.000000  0.082578
5354.000000  0.068263
5480.000000  0.059266
5560.000000  0.054770
5649.000000  0.063670
5727.000000  0.062015
5802.000000  0.076488
5873.000000  0.071526
5954.000000  0.086331
6034.000000  0.045693
6113.000000  0.044901
6193.000000  0.055752
6303.000000  0.057873
6350.000000  0.037106
6396.000000  0.049484
6440.000000  0.068015
6480.000000  0.087876
6526.000000  0.130077
6564.000000  0.140689
6603.000000  0.203101
6609.000000  0.218976
6658.000000  0.016383
6682.000000  0.007944
6751.000000  0.016361
6814.000000  0.022786
6877.000000  0.018104
6913.000000  0.009832
7000.000000  0.017775
7119.000000  0.027904
7155.000000  0.009827
7156.000000  0.002055
7246.000000  0.028335
7456.000000  0.049143
7526.000000  0.032732
7619.000000  0.030595
7687.000000  0.024733
7769.000000  0.021698
7814.000000  0.012692
7874.000000  0.014079
7902.000000  0.011547
8015.000000  0.031808
8129.000000  0.046714
8205.000000  0.035500
8292.000000  0.029237
8347.000000  0.017811
8411.000000  0.020894
8474.000000  0.021892
8578.000000  0.032743
8634.000000  0.020094
8686.000000  0.017751
8736.000000  0.018166
8809.000000  0.022312
8892.000000  0.030410
8964.000000  0.041570
9024.000000  0.027312
9085.000000  0.023791
9159.000000  0.025036
9220.000000  0.023158
9281.000000  0.023821
9354.000000  0.024733
9415.000000  0.023777
9491.000000  0.025072
9565.000000  0.024994
9641.000000  0.025084
9716.000000  0.025189
9788.000000  0.025113
9853.000000  0.026198
9914.000000  0.025161
9972.000000  0.018709
10048.000000  0.026226
10110.000000  0.022689
10180.000000  0.023603
10253.000000  0.027312
10375.000000  0.043842
10476.000000  0.045855
10616.000000  0.060699
10700.000000  0.043474
10803.000000  0.077112
10879.000000  0.074919
10958.000000  0.073075
11031.000000  0.068101
11126.000000  0.068441
11164.000000  0.047971
11247.000000  0.061595
11341.000000  0.097489
11425.000000  0.117787
11511.000000  0.067520
11582.000000  0.043403
11656.000000  0.047889
11757.000000  0.054139
11830.000000  0.050642
11906.000000  0.064350
11982.000000  0.072606
12094.000000  0.102431
12127.000000  0.047559
12140.000000  0.106379
12141.000000  0.136756
12166.000000  0.008986
12255.000000  0.027125
12356.000000  0.038903
12485.000000  0.057745
12600.000000  0.058631
12683.000000  0.050643
12784.000000  0.063831
12873.000000  0.070761
12957.000000  0.066391
13052.000000  0.058684
13133.000000  0.055507
13222.000000  0.072631
13307.000000  0.058628
13386.000000  0.061596
13463.000000  0.052976
13553.000000  0.072075
13637.000000  0.058841
13713.000000  0.061305
13792.000000  0.054125
13901.000000  0.062646
13994.000000  0.049463
14080.000000  0.062433
14175.000000  0.053729
14236.000000  0.046733
14320.000000  0.047390
14403.000000  0.070370
14482.000000  0.061713
14566.000000  0.058848
14654.000000  0.061240
14724.000000  0.055732
14801.000000  0.066670
14855.000000  0.038254
14952.000000  0.061622
15034.000000  0.053839
15134.000000  0.062245
15229.000000  0.062379
15301.000000  0.050994
15400.000000  0.066388
15498.000000  0.077826
15515.000000  0.024142
15606.000000  0.054353
15682.000000  0.068383
15763.000000  0.066154
15870.000000  0.062064
15966.000000  0.053821
16049.000000  0.056005
16133.000000  0.057786
16220.000000  0.061146
16297.000000  0.052115
16376.000000  0.060685
16460.000000  0.057658
16546.000000  0.057904
16623.000000  0.048035
16719.000000  0.057037
16805.000000  0.057394
16912.000000  0.062962
17009.000000  0.064089
17037.000000  0.028164
17093.000000  0.051088
17170.000000  0.071909
17239.000000  0.082048
17328.000000  0.075526
17401.000000  0.044482
17483.000000  0.060781
17595.000000  0.063727
17661.000000  0.053938
17706.000000  0.069216
17744.000000  0.062920
17826.000000  0.115209
17896.000000  0.106394
18010.000000  0.158131
18152.000000  0.152955
18260.000000  0.110850
18358.000000  0.103640
18458.000000  0.113807
18546.000000  0.066158
18650.000000  0.077680
18756.000000  0.120206
18802.000000  0.122054
18830.000000  0.108545
18874.000000  0.137708
18911.000000  0.156348
18947.000000  0.170775
19001.000000  0.208646
19022.000000  0.348169
19070.000000  0.163082
19163.000000  0.184967
19255.000000  0.155527
19348.000000  0.157932
19440.000000  0.177879
19578.000000  0.152534
19652.000000  0.188218
19668.000000  0.173794
19765.000000  0.146385
19789.000000  0.116885
19911.000000  0.316807
19961.000000  0.196101
20025.000000  0.224333
20071.000000  0.293916
20117.000000  0.250316
20131.000000  0.238794
20142.000000  0.270852
20143.000000  0.345516
20157.000000  0.433128
20206.000000  0.030500
20339.000000  0.034156
20434.000000  0.041369
20534.000000  0.051489
20624.000000  0.057018
20686.000000  0.025890
20813.000000  0.070689
20892.000000  0.057992
20970.000000  0.064173
21038.000000  0.070065
21070.000000  0.048323
21129.000000  0.060959
21172.000000  0.029001
21226.000000  0.015138
21318.000000  0.035837
21424.000000  0.043203
21501.000000  0.039672
21584.000000  0.033165
21606.000000  0.016510
21607.000000  0.004754
21664.000000  0.025203
21727.000000  0.033493
21807.000000  0.041645
21909.000000  0.053309
21982.000000  0.044078
22048.000000  0.036771
22053.000000  0.007851
22057.000000  0.006144
22071.000000  0.011154
22154.000000  0.024946
22281.000000  0.042353
22338.000000  0.037479
22390.000000  0.036145
22464.000000  0.043105
22528.000000  0.049911
22614.000000  0.043275
22694.000000  0.050506
22777.000000  0.056937
22876.000000  0.055555
22968.000000  0.065932
23054.000000  0.051614
23155.000000  0.065379
23251.000000  0.065458
23348.000000  0.072618
23437.000000  0.068965
23521.000000  0.058639
23623.000000  0.062515
23716.000000  0.052947
23758.000000  0.047265
23821.000000  0.054860
23890.000000  0.121436
23980.000000  0.124860
24066.000000  0.157728
24072.000000  0.124268
24128.000000  0.111429
24201.000000  0.083096
24221.000000  0.014920
24284.000000  0.021465
24367.000000  0.037261
24463.000000  0.044642
24539.000000  0.036761
24621.000000  0.032924
24643.000000  0.016246
24644.000000  0.004756
24686.000000  0.020337
24769.000000  0.021169
24831.000000  0.023628
24875.000000  0.021828
24904.000000  0.017507
25002.000000  0.049932
25077.000000  0.043475
25171.000000  0.055344
25266.000000  0.066351
25304.000000  0.055487
25389.000000  0.056843
25473.000000  0.068949
25559.000000  0.077383
25637.000000  0.058260
25716.000000  0.054637
25811.000000  0.075692
25864.000000  0.051580
25886.000000  0.036184
25929.000000  0.057907
25935.000000  0.043771
25974.000000  0.023020
26047.000000  0.029466
26163.000000  0.049301
26294.000000  0.060026
26378.000000  0.056137
26439.000000  0.042550
26441.000000  0.002030
26444.000000  0.004192
26447.000000  0.006533
26449.000000  0.001939
26511.000000  0.022792
26607.000000  0.031012
26717.000000  0.042466
26808.000000  0.057798
26901.000000  0.057398
26944.000000  0.045588
27029.000000  0.054078
27109.000000  0.052694
27178.000000  0.061431
27235.000000  0.058966
27245.000000  0.039782
27323.000000  0.016783
27415.000000  0.029597
27518.000000  0.040407
27616.000000  0.052224
27722.000000  0.046105
27790.000000  0.047021
27796.000000  0.027055
27798.000000  0.002016
27838.000000  0.010474
27929.000000  0.023013
28013.000000  0.033430
28125.000000  0.047893
28263.000000  0.063128
28324.000000  0.046180
28344.000000  0.014621
28350.000000  0.006912
28404.000000  0.019946
28503.000000  0.037452
28601.000000  0.048118
28717.000000  0.064755
28790.000000  0.037269
28833.000000  0.035983
28883.000000  0.034311
28985.000000  0.059595
29076.000000  0.068635
29144.000000  0.063641
29152.000000  0.006963
29155.000000  0.001988
29188.000000  0.326957
29241.000000  0.355570
29267.000000  0.300294
29304.000000  0.327579
29333.000000  0.360340
29347.000000  0.624040
29412.000000  0.017903
29533.000000  0.048056
29642.000000  0.048943
29740.000000  0.056613
29833.000000  0.049421
29905.000000  0.040687
30007.000000  0.046023
30108.000000  0.045296
30187.000000  0.043453
30265.000000  0.062975
30273.000000  0.017629
30337.000000  0.043474
30351.000000  0.026509
30431.000000  0.021790
30517.000000  0.028457
30541.000000  0.015268
30601.000000  0.024372
30681.000000  0.027963
30762.000000  0.030271
30885.000000  0.056638
30891.000000  0.011200
30997.000000  0.046205
31116.000000  0.061785
31202.000000  0.031276
31264.000000  0.022381
31335.000000  0.024027
31403.000000  0.019252
31450.000000  0.016342
31495.000000  0.021530
31583.000000  0.019461
31666.000000  0.022407
31698.000000  0.010908
31715.000000  0.004196
31733.000000  0.004115
31820.000000  0.026470
31905.000000  0.028719
31981.000000  0.028492
32028.000000  0.010719
32050.000000  0.006808
32122.000000  0.027807
32226.000000  0.040034
32324.000000  0.043551
32393.000000  0.031540
32399.000000  0.003433
32452.000000  0.021861
32470.000000  0.006206
32496.000000  0.009280
32519.000000  0.006594
32521.000000  0.004170
32523.000000  0.000318
32569.000000  0.015565
32612.000000  0.009467
32648.000000  0.021436
32706.000000  0.012850
32794.000000  0.023654
32872.000000  0.022855
32894.000000  0.009370
32981.000000  0.057336
33067.000000  0.026703
33149.000000  0.030121
33250.000000  0.039697
33357.000000  0.055920
33449.000000  0.065677
33530.000000  0.058227
33613.000000  0.062258
33697.000000  0.058559
33768.000000  0.056793
33879.000000  0.050409
33947.000000  0.024632
33988.000000  0.009971
33996.000000  0.003044
34032.000000  0.009875
34076.000000  0.010020
34082.000000  0.005111
34146.000000  0.045748
34241.000000  0.054614
34325.000000  0.069405
34402.000000  0.081064
34503.000000  0.090288
34583.000000  0.050690
34662.000000  0.055818
34750.000000  0.079702
34834.000000  0.056120
34913.000000  0.059875
34991.000000  0.053322
35078.000000  0.076206
35161.000000  0.054898
35241.000000  0.060303
35321.000000  0.053211
35404.000000  0.051555
35498.000000  0.073619
35569.000000  0.058915
35661.000000  0.079863
35739.000000  0.063911
35832.000000  0.052853
35907.000000  0.122315
35989.000000  0.082542
36062.000000  0.089605
36157.000000  0.082206
36234.000000  0.075488
36315.000000  0.083219
36422.000000  0.102959
36544.000000  0.084195
36666.000000  0.182674
36703.000000  0.199617
36732.000000  0.186920
36768.000000  0.184479
36804.000000  0.144383
36820.000000  0.290043
36924.000000  0.022769
36967.000000  0.014693
37024.000000  0.017323
37050.000000  0.016902
37160.000000  0.041408
37253.000000  0.046840
37354.000000  0.057997
37456.000000  0.074551
37477.000000  0.058713
37490.000000  0.010622
37567.000000  0.024845
37644.000000  0.032030
37718.000000  0.038279
37815.000000  0.052396
37928.000000  0.058493
38004.000000  0.039449
38060.000000  0.040323
38089.000000  0.037494
38096.000000  0.009237
38159.000000  0.025174
38264.000000  0.035901
38367.000000  0.042814
38456.000000  0.051778
38537.000000  0.056731
38637.000000  0.060218
38674.000000  0.042237
38697.000000  0.048429
38755.000000  0.073760
38893.000000  0.056538
38984.000000  0.045140
39003.000000  0.015708
39098.000000  0.049909
39186.000000  0.048376
39274.000000  0.051107
39349.000000  0.053907
39371.000000  0.054726
39440.000000  0.039441
39563.000000  0.050335
39668.000000  0.061646
39742.000000  0.054406
39817.000000  0.053381
39857.000000  0.051746
39860.000000  0.008449
39905.000000  0.033107
40014.000000  0.053359
40125.000000  0.045611
40213.000000  0.062176
40293.000000  0.065585
40310.000000  0.036948
40311.000000  0.005656
40358.000000  0.059595
40452.000000  0.072216
40558.000000  0.056629
40678.000000  0.087665
40715.000000  0.041883
40802.000000  0.058214
40818.000000  0.027699
40820.000000  0.004896
