816.000000  55.489666
1063.000000  58.383064
1296.000000  52.170288
1621.000000  56.960941
1869.000000  59.043495
2090.000000  59.549667
2372.000000  60.153858
2623.000000  57.583492
2921.000000  58.163769
3116.000000  55.046249
3281.000000  46.996983
3506.000000  50.115089
3706.000000  56.647205
3876.000000  51.686382
4037.000000  41.254471
4200.000000  39.360394
4333.000000  35.556644
4457.000000  30.295034
4563.000000  24.874477
4657.000000  21.090065
4715.000000  31.704149
4773.000000  35.437420
4850.000000  22.017994
4948.000000  28.444242
5057.000000  35.068970
5210.000000  31.065083
5402.000000  37.552418
5606.000000  43.248657
5796.000000  43.384598
6049.000000  41.671616
6263.000000  41.920692
6511.000000  41.021175
6592.000000  30.942854
6615.000000  19.835499
6625.000000  6.767026
6664.000000  17.528616
6740.000000  18.407608
6807.000000  18.039721
6891.000000  21.912884
6979.000000  24.456678
7004.000000  17.135168
7110.000000  29.678265
7242.000000  35.068295
7353.000000  35.802113
7467.000000  29.537380
7600.000000  29.340595
7769.000000  36.056164
7936.000000  41.383560
8077.000000  34.598331
8229.000000  37.319843
8337.000000  31.513575
8416.000000  24.116085
8523.000000  26.615238
8622.000000  25.928858
8784.000000  38.281361
8955.000000  43.280956
9132.000000  45.681190
9295.000000  41.043533
9526.000000  41.263947
9730.000000  42.221649
9921.000000  37.906597
9958.000000  30.941195
10178.000000  37.709557
10339.000000  39.173084
10517.000000  37.901367
10678.000000  35.905827
10845.000000  39.645802
10889.000000  35.003696
11028.000000  36.823158
11158.000000  30.053711
11274.000000  28.895399
11460.000000  27.689859
11635.000000  29.273796
11826.000000  31.739643
11960.000000  30.476025
12112.000000  26.824242
12292.000000  27.997662
12453.000000  30.759338
12660.000000  35.063343
12829.000000  29.435104
12967.000000  29.414713
13122.000000  31.132835
13200.000000  27.183542
13416.000000  33.650555
13639.000000  31.873726
13847.000000  30.121466
14024.000000  30.520567
14240.000000  33.155590
14471.000000  33.331715
14645.000000  29.098904
14809.000000  31.664961
15002.000000  26.702881
15228.000000  30.640841
15494.000000  36.987709
15736.000000  39.151886
15956.000000  39.744301
16226.000000  38.542511
16494.000000  41.695408
16714.000000  40.982803
16945.000000  43.177258
17127.000000  41.097363
17267.000000  38.434219
17438.000000  42.311302
17609.000000  32.307476
17741.000000  33.911736
17867.000000  37.503952
17915.000000  36.390369
18004.000000  38.302380
18126.000000  53.424938
18258.000000  30.775997
18324.000000  11.939146
18383.000000  15.795188
18480.000000  30.273581
18609.000000  29.351341
18762.000000  30.860895
18893.000000  29.861181
19032.000000  33.456097
19203.000000  33.832256
19365.000000  29.042685
19477.000000  19.691868
19596.000000  21.780460
19685.000000  20.408928
19780.000000  19.158834
19909.000000  20.611645
20081.000000  21.532312
20137.000000  16.775019
20280.000000  19.839233
20362.000000  16.876396
20487.000000  19.821793
20605.000000  15.986162
20669.000000  11.381853
20742.000000  7.633749
20799.000000  5.959939
20964.000000  19.765545
21025.000000  17.697681
21155.000000  21.299892
21298.000000  26.883961
21445.000000  28.961185
21604.000000  29.085102
21803.000000  31.297121
21962.000000  34.277023
22126.000000  34.084938
22328.000000  34.269661
22409.000000  31.582277
22563.000000  31.778284
22734.000000  34.738068
22974.000000  44.005539
23211.000000  45.168007
23509.000000  49.589436
23717.000000  44.563084
23897.000000  45.216972
24048.000000  37.553699
24225.000000  36.269512
24407.000000  41.389603
24623.000000  39.286579
24830.000000  50.152557
25000.000000  50.571720
25170.000000  50.757725
25390.000000  40.918915
25618.000000  38.847958
25872.000000  35.347546
26040.000000  34.370689
26285.000000  36.682152
26568.000000  47.737160
26848.000000  43.276024
27146.000000  44.162205
27356.000000  43.306885
27500.000000  43.488716
27648.000000  36.399464
27760.000000  41.557358
27874.000000  50.659607
27922.000000  25.500154
28059.000000  48.615082
28138.000000  47.244797
28293.000000  50.401657
28465.000000  51.551575
28669.000000  57.878769
28849.000000  57.253613
29013.000000  60.637825
29144.000000  14.720653
29273.000000  17.276569
29309.000000  13.707145
29433.000000  24.943218
29588.000000  26.933384
29766.000000  30.839767
29870.000000  40.307468
30097.000000  55.656548
30278.000000  52.605068
30491.000000  52.783066
30679.000000  56.448078
30849.000000  21.099144
31071.000000  23.666979
31170.000000  16.101097
31252.000000  10.898523
31282.000000  4.841896
31355.000000  5.559900
31430.000000  55.541168
31504.000000  12.982199
31700.000000  32.442062
31843.000000  33.273117
31927.000000  38.521809
32031.000000  38.098175
32112.000000  44.538975
32183.000000  41.622257
32255.000000  42.883335
32378.000000  14.819058
32536.000000  17.565990
32697.000000  20.784321
32842.000000  17.660376
32960.000000  14.969280
33106.000000  19.278303
33215.000000  15.292920
33335.000000  27.657906
33507.000000  30.095314
33626.000000  30.417391
33705.000000  25.573149
33788.000000  29.585764
34015.000000  35.943165
34174.000000  39.227638
34294.000000  40.158611
34367.000000  39.233162
34464.000000  37.710831
34604.000000  43.299843
34773.000000  43.734718
34936.000000  16.045622
35123.000000  17.918598
35278.000000  17.277227
35459.000000  17.775524
35630.000000  17.544865
35731.000000  17.216343
35757.000000  8.695032
35792.000000  5.108815
35899.000000  29.846001
35967.000000  27.913744
36013.000000  27.547249
36036.000000  18.982277
36054.000000  1.760759
36104.000000  5.330234
36138.000000  3.399104
36149.000000  10.157563
36237.000000  5.571475
36304.000000  5.283888
36346.000000  6.600629
36358.000000  9.151481
36510.000000  13.596019
36656.000000  15.710386
36760.000000  15.922645
36919.000000  18.308853
37068.000000  20.302773
37175.000000  14.906923
37252.000000  10.295348
37329.000000  10.093250
37391.000000  8.321851
37399.000000  11.513574
37403.000000  2.703804
37470.000000  9.925619
37572.000000  11.642502
37691.000000  13.158163
37801.000000  14.172453
37819.000000  4.195805
37880.000000  5.597636
38041.000000  17.163122
38199.000000  18.332060
38320.000000  19.642635
38402.000000  16.927227
38549.000000  22.378092
38654.000000  15.696432
38724.000000  9.660606
38800.000000  8.858228
38862.000000  7.239278
38972.000000  10.473925
39047.000000  10.329744
39159.000000  13.265890
39236.000000  10.721066
39256.000000  6.227513
39270.000000  3.119829
39271.000000  0.084343
39345.000000  13.386898
39443.000000  11.141446
39534.000000  14.773962
39619.000000  14.615025
39676.000000  15.826585
39770.000000  14.579132
39867.000000  15.825202
39956.000000  13.691710
40035.000000  14.825089
40115.000000  15.159258
40211.000000  17.649319
40235.000000  11.695313
40260.000000  9.821789
40300.000000  15.167204
40306.000000  15.235578
40313.000000  2.486525
40361.000000  7.349996
40458.000000  12.472692
40549.000000  13.693918
40638.000000  13.442691
40730.000000  12.791800
40787.000000  14.905365
40818.000000  8.303372
