216.000000  0.170807
301.000000  -0.031892
396.000000  0.019270
472.000000  -0.039236
538.000000  0.016840
599.000000  -0.022900
641.000000  0.011131
704.000000  -0.011918
774.000000  0.016517
837.000000  0.000826
906.000000  -0.023215
980.000000  0.016846
1064.000000  0.005085
1144.000000  0.025746
1202.000000  -0.032067
1264.000000  0.006872
1327.000000  0.019343
1371.000000  -0.013780
1425.000000  -0.003259
1469.000000  -0.006504
1508.000000  0.005044
1559.000000  -0.006356
1608.000000  -0.000918
1655.000000  -0.000388
1700.000000  0.008620
1764.000000  -0.024960
1831.000000  0.033194
1906.000000  -0.019680
1984.000000  0.024298
2041.000000  0.009244
2129.000000  -0.004469
2209.000000  -0.005645
2268.000000  -0.005288
2306.000000  0.022330
2361.000000  -0.003098
2447.000000  -0.004383
2540.000000  0.002509
2614.000000  0.025049
2692.000000  -0.016308
2769.000000  -0.013579
2882.000000  0.013375
2942.000000  0.001960
2995.000000  -0.027566
3032.000000  -0.011512
3104.000000  0.021897
3190.000000  -0.011149
3263.000000  0.006161
3335.000000  0.002967
3424.000000  0.017522
3516.000000  -0.012807
3601.000000  -0.057516
3691.000000  0.073083
3727.000000  -0.000424
3788.000000  0.005327
3812.000000  -0.034071
3869.000000  0.007349
3916.000000  0.006404
3964.000000  0.009570
4011.000000  -0.041314
4061.000000  0.034687
4100.000000  -0.008436
4175.000000  0.008365
4272.000000  -0.011701
4366.000000  0.023494
4480.000000  -0.007137
4564.000000  0.015265
4655.000000  0.017605
4743.000000  -0.013308
4814.000000  -0.003921
4901.000000  0.002699
4973.000000  0.022168
5039.000000  -0.024195
5116.000000  0.034788
5194.000000  -0.035665
5278.000000  0.008713
5354.000000  0.009047
5440.000000  -0.047361
5523.000000  0.057144
5627.000000  0.004184
5714.000000  -0.002179
5782.000000  -0.015871
5849.000000  0.018799
5933.000000  -0.008752
6012.000000  0.009279
6098.000000  0.001374
6180.000000  -0.005075
6246.000000  -0.017374
6331.000000  0.024958
6399.000000  -0.016325
6480.000000  0.041209
6565.000000  -0.017736
6634.000000  -0.023056
6703.000000  0.050587
6753.000000  -0.048684
6795.000000  -0.046471
6868.000000  0.124323
6921.000000  0.020343
6959.000000  0.040780
6974.000000  0.073195
7011.000000  -0.226794
7068.000000  -0.021909
7144.000000  0.026509
7227.000000  -0.003796
7319.000000  0.003272
7357.000000  -0.044633
7397.000000  0.014695
7479.000000  0.017144
7550.000000  0.016823
7626.000000  -0.002103
7709.000000  0.005661
7800.000000  -0.003118
7874.000000  -0.008931
7958.000000  0.008316
8039.000000  0.006455
8084.000000  -0.008945
8171.000000  0.000541
8193.000000  -0.012720
8219.000000  -0.003715
8266.000000  0.014714
8290.000000  -0.009732
8362.000000  0.004201
8437.000000  0.004919
8468.000000  -0.013891
8558.000000  0.041396
8650.000000  -0.018645
8688.000000  -0.037023
8727.000000  0.013772
8814.000000  0.019040
8884.000000  0.014396
8975.000000  0.009503
9049.000000  -0.001428
9097.000000  -0.023741
9099.000000  -0.027871
9106.000000  0.034472
9108.000000  -0.030914
9160.000000  0.039221
9260.000000  -0.001202
9322.000000  -0.002266
9394.000000  0.008891
9486.000000  -0.005525
9571.000000  0.055485
9642.000000  -0.055298
9717.000000  0.012946
9818.000000  -0.029632
9900.000000  0.045724
9974.000000  -0.005496
10048.000000  0.004592
10132.000000  -0.000711
10211.000000  0.001908
10295.000000  -0.013322
10374.000000  0.051043
10446.000000  -0.005619
10510.000000  -0.063010
10604.000000  0.002933
10679.000000  0.049686
10777.000000  0.033315
10835.000000  -0.027087
10908.000000  -0.005799
10983.000000  0.022038
11071.000000  -0.043160
11125.000000  0.004659
11168.000000  -0.039792
11265.000000  0.091870
11342.000000  0.007781
11442.000000  -0.022891
11521.000000  -0.040912
11596.000000  0.004117
11682.000000  0.054946
11745.000000  -0.067871
11831.000000  -0.031285
11899.000000  0.061821
11992.000000  0.002219
12072.000000  -0.029217
12123.000000  0.003352
12184.000000  -0.029648
12245.000000  0.028183
12310.000000  0.003795
12399.000000  0.018434
12545.000000  0.052214
12598.000000  0.006123
12663.000000  0.042047
12754.000000  0.029700
12815.000000  0.032170
12880.000000  0.089440
12886.000000  -0.172990
12978.000000  -0.100945
13019.000000  -0.014493
13054.000000  -0.013339
13087.000000  0.003801
13126.000000  0.016802
13130.000000  -0.022856
13150.000000  0.089171
13153.000000  -0.056163
13216.000000  0.016880
13337.000000  -0.012747
13431.000000  -0.002985
13517.000000  -0.012079
13619.000000  0.023686
13637.000000  -0.051951
13706.000000  0.046478
13739.000000  -0.006778
13814.000000  0.012052
13836.000000  -0.064002
13903.000000  0.051026
13992.000000  0.009178
14080.000000  -0.011143
14189.000000  0.033333
14235.000000  -0.011449
14295.000000  -0.010024
14319.000000  -0.029896
14373.000000  0.030220
14455.000000  -0.004986
14539.000000  -0.031841
14621.000000  0.059100
14700.000000  -0.030113
14785.000000  0.017643
14818.000000  -0.030392
14824.000000  -0.029750
14890.000000  0.035293
14941.000000  -0.016595
15062.000000  0.034431
15093.000000  -0.015808
15130.000000  -0.013338
15193.000000  0.019394
15299.000000  0.007160
15417.000000  0.008626
15444.000000  -0.033485
15518.000000  0.026505
15586.000000  0.017223
15674.000000  -0.006579
15742.000000  -0.004392
15787.000000  -0.056048
15862.000000  0.045291
15908.000000  -0.010232
15989.000000  0.012519
16041.000000  -0.044523
16079.000000  0.038759
16123.000000  -0.039270
16164.000000  0.043495
16272.000000  -0.004687
16366.000000  0.032092
16439.000000  -0.045160
16499.000000  0.021523
16553.000000  0.001616
16605.000000  -0.015442
16657.000000  -0.031276
16731.000000  0.079227
16783.000000  -0.017353
16837.000000  -0.004457
16889.000000  -0.002185
16937.000000  -0.001236
16999.000000  -0.033267
17069.000000  0.034479
17153.000000  0.009125
17212.000000  -0.055752
17270.000000  0.049796
17333.000000  -0.010372
17391.000000  0.010813
17449.000000  -0.011914
17513.000000  0.002582
17571.000000  0.011232
17633.000000  0.009880
17693.000000  -0.006353
17752.000000  -0.043556
17812.000000  0.035593
17872.000000  0.026067
17932.000000  -0.016071
17992.000000  -0.009502
18053.000000  -0.008576
18115.000000  0.022253
18176.000000  -0.034475
18246.000000  0.020475
18310.000000  0.021730
18393.000000  -0.025008
18473.000000  -0.010248
18601.000000  0.047522
18703.000000  -0.040990
18790.000000  0.051304
18883.000000  0.002762
18970.000000  -0.021952
19025.000000  0.027685
19111.000000  0.020992
19193.000000  0.013090
19264.000000  -0.036542
19341.000000  0.001103
19420.000000  0.020725
19496.000000  0.008489
19576.000000  0.018020
19665.000000  0.012490
19728.000000  -0.063375
19808.000000  0.025644
19906.000000  -0.010198
19986.000000  -0.057515
20067.000000  0.038526
20136.000000  -0.007450
20215.000000  0.045177
20296.000000  -0.047305
20318.000000  -0.000224
20345.000000  0.053882
20373.000000  0.062472
20475.000000  -0.122547
20585.000000  0.001331
20680.000000  0.028705
20766.000000  -0.000261
20854.000000  -0.020579
20934.000000  0.025084
21018.000000  -0.003432
21088.000000  0.017155
21200.000000  -0.022521
21275.000000  -0.030547
21351.000000  0.057837
21441.000000  -0.016261
21534.000000  0.040503
21622.000000  -0.008326
21705.000000  -0.008521
21829.000000  0.031563
21943.000000  0.008579
22034.000000  -0.038453
22109.000000  0.018151
22204.000000  -0.010393
22279.000000  -0.032837
22368.000000  -0.034806
22436.000000  0.081668
22542.000000  0.071794
22560.000000  0.079388
22611.000000  -0.156964
22691.000000  0.056672
22785.000000  -0.093936
22857.000000  0.046589
22981.000000  0.012437
23063.000000  -0.016528
23147.000000  0.008222
23217.000000  -0.029154
23292.000000  0.017193
23358.000000  -0.002732
23434.000000  0.018098
23515.000000  -0.076395
23602.000000  0.045427
23683.000000  -0.055850
23769.000000  0.052917
23852.000000  0.008044
23884.000000  -0.033059
23947.000000  0.015681
24036.000000  0.027731
24071.000000  -0.018219
24153.000000  0.019030
24195.000000  -0.025339
24254.000000  -0.021453
24311.000000  0.036573
24417.000000  0.028251
24480.000000  0.017214
24548.000000  0.026231
24606.000000  -0.048350
24669.000000  0.015325
24733.000000  0.049168
24787.000000  0.004078
24845.000000  0.036529
24903.000000  -0.069920
24942.000000  -0.029038
24997.000000  0.019771
25053.000000  0.158731
25116.000000  -0.071154
25213.000000  0.157220
25308.000000  -0.283685
25369.000000  -0.025873
25430.000000  -0.013636
25493.000000  0.033773
25570.000000  0.225650
25656.000000  -0.228873
25762.000000  0.027944
25851.000000  0.108413
25943.000000  -0.135949
26047.000000  0.084315
26126.000000  0.036075
26223.000000  0.001427
26250.000000  -0.021131
26320.000000  0.004987
26425.000000  0.009562
26482.000000  -0.043505
26521.000000  -0.008545
26567.000000  -0.065325
26621.000000  0.132071
26665.000000  -0.017349
26703.000000  -0.035174
26740.000000  -0.075887
26793.000000  0.170645
26867.000000  0.011898
26998.000000  0.048704
27113.000000  -0.031473
27177.000000  -0.089138
27268.000000  0.008213
27352.000000  -0.079311
27466.000000  0.034012
27538.000000  -0.004607
27661.000000  0.014704
27755.000000  -0.046928
27837.000000  0.073502
27846.000000  0.004374
27869.000000  0.046134
27893.000000  -0.019093
27922.000000  -0.009519
27963.000000  -0.001054
28023.000000  0.010063
28115.000000  0.029803
28201.000000  -0.006396
28290.000000  0.079400
28312.000000  0.082072
28341.000000  -0.110396
28408.000000  0.456762
28470.000000  -0.171932
28533.000000  -0.070077
28595.000000  -0.057151
28600.000000  -0.256687
28613.000000  -0.134699
28741.000000  0.019704
28884.000000  0.029556
28956.000000  -0.007676
29049.000000  0.002100
29119.000000  0.013367
29207.000000  -0.073662
29295.000000  0.016949
29370.000000  0.030572
29458.000000  0.025132
29494.000000  -0.032029
29503.000000  -0.002979
29565.000000  -0.027481
29612.000000  0.036697
29613.000000  -0.040108
29650.000000  0.035499
29733.000000  -0.007719
29756.000000  -0.075314
29794.000000  0.067157
29825.000000  0.009738
29852.000000  -0.050754
29923.000000  0.056948
29977.000000  -0.002663
30011.000000  -0.029599
30031.000000  0.011636
30087.000000  0.033274
30134.000000  -0.031245
30190.000000  0.007602
30219.000000  0.001239
30307.000000  0.038251
30369.000000  -0.023008
30442.000000  -0.046748
30537.000000  0.076752
30632.000000  0.020758
30645.000000  -0.055368
30654.000000  -0.013860
30756.000000  0.015878
30840.000000  0.012735
30931.000000  -0.017440
31031.000000  0.041559
31124.000000  -0.014275
31217.000000  0.008068
31227.000000  -0.042271
31245.000000  -0.016011
31320.000000  0.033135
31387.000000  0.002229
31488.000000  -0.009312
31569.000000  0.031753
31641.000000  -0.009189
31725.000000  0.019391
31781.000000  -0.003089
31813.000000  -0.008106
31836.000000  -0.019119
31916.000000  0.007942
32011.000000  0.014607
32094.000000  -0.007678
32182.000000  -0.008227
32273.000000  0.035378
32337.000000  -0.024381
32391.000000  0.013362
32472.000000  -0.026551
32515.000000  0.006193
32564.000000  0.035937
32609.000000  -0.038970
32652.000000  0.019821
32654.000000  -0.055751
32740.000000  0.030464
32831.000000  0.008274
32931.000000  0.018761
33039.000000  0.009712
33112.000000  -0.017057
33117.000000  -0.022279
33160.000000  0.034939
33174.000000  -0.016547
33176.000000  -0.035555
33253.000000  0.029673
33359.000000  0.063637
33445.000000  -0.035505
33559.000000  0.010984
33578.000000  -0.029059
33648.000000  0.019096
33716.000000  -0.016600
33717.000000  -0.038073
33726.000000  0.005186
33795.000000  0.019224
33875.000000  0.041262
33949.000000  -0.023334
34054.000000  0.006183
34129.000000  -0.038482
34214.000000  0.031059
34282.000000  0.010760
34356.000000  0.028626
34398.000000  -0.029624
34486.000000  0.001313
34514.000000  -0.007772
34603.000000  -0.012719
34712.000000  0.026961
34778.000000  -0.020408
34865.000000  0.026984
34983.000000  0.017097
35047.000000  -0.039899
35112.000000  -0.010370
35191.000000  0.001274
35273.000000  0.025816
35345.000000  0.028323
35411.000000  -0.029061
35457.000000  -0.016079
35618.000000  0.025252
35707.000000  -0.013612
35759.000000  0.012071
35834.000000  -0.016634
35926.000000  0.005482
35949.000000  -0.010315
35952.000000  -0.024876
36065.000000  0.047400
36183.000000  0.019371
36255.000000  -0.062272
36331.000000  0.046669
36397.000000  0.017110
36476.000000  -0.049115
36577.000000  0.033130
36668.000000  0.050318
36753.000000  -0.063187
36840.000000  -0.002737
36931.000000  0.051657
36963.000000  -0.049187
37052.000000  0.017530
37134.000000  0.037355
37214.000000  -0.022944
37315.000000  0.002492
37404.000000  -0.044505
37502.000000  0.064461
37547.000000  -0.029032
37615.000000  0.000114
37718.000000  0.038866
37750.000000  0.031498
37798.000000  -0.000792
37853.000000  -0.000837
37900.000000  -0.038547
37991.000000  0.035475
38045.000000  -0.039258
38135.000000  -0.033362
38193.000000  -0.025336
38236.000000  -0.049400
38269.000000  0.041798
38276.000000  0.019326
38369.000000  0.053472
38463.000000  -0.026201
38537.000000  -0.065893
38618.000000  0.021388
38700.000000  0.046691
38782.000000  -0.007814
38899.000000  0.023825
38961.000000  -0.012481
39027.000000  0.005400
39090.000000  0.003426
39138.000000  -0.005153
39172.000000  0.000433
39254.000000  0.012203
39298.000000  -0.067532
39310.000000  0.044395
39360.000000  -0.009989
39443.000000  -0.034745
39541.000000  0.008385
39611.000000  -0.003298
39657.000000  0.048025
39759.000000  0.009458
39801.000000  -0.018651
39814.000000  -0.073593
39819.000000  0.042779
39893.000000  0.053779
39964.000000  -0.020802
39997.000000  -0.000246
40040.000000  -0.059804
40110.000000  0.004270
40188.000000  0.049493
40264.000000  -0.026463
40347.000000  0.024637
40409.000000  -0.014393
40416.000000  -0.056395
40417.000000  0.030349
40474.000000  0.040521
40540.000000  -0.027274
40634.000000  -0.000750
40709.000000  0.004885
40798.000000  0.003659
40813.000000  0.017008
40815.000000  -0.031638
40817.000000  0.003650
