2285.000000  1.447278
2842.000000  1.484737
3353.000000  1.529299
3736.000000  1.647290
4470.000000  1.732901
4942.000000  1.751632
5717.000000  1.923025
6573.000000  1.995081
7500.000000  2.165890
8552.000000  2.185190
9333.000000  2.270449
9952.000000  2.365690
10551.000000  2.393598
10990.000000  2.553090
11617.000000  2.540125
12243.000000  2.568175
12718.000000  2.663996
13480.000000  2.764702
14222.000000  2.897627
15147.000000  3.004137
15819.000000  3.049189
16299.000000  3.166838
16580.000000  3.094035
16785.000000  3.089820
17204.000000  3.207366
17814.000000  3.338077
18127.000000  3.279969
18621.000000  3.391234
19349.000000  3.505955
20116.000000  3.590956
20927.000000  3.593106
21580.000000  3.695211
22154.000000  3.741780
22774.000000  3.820864
23153.000000  3.960025
24221.000000  4.006447
24662.000000  4.027516
25414.000000  4.144954
26364.000000  4.294904
27312.000000  4.404304
27630.000000  4.377843
28850.000000  4.480982
30151.000000  4.685375
31150.000000  4.858983
31695.000000  4.824477
32089.000000  4.995245
32625.000000  4.987309
33276.000000  5.046788
33996.000000  5.149702
34868.000000  5.238131
36831.000000  5.470523
38518.000000  5.635469
40113.000000  5.898136
41523.000000  5.904083
43052.000000  6.276696
44164.000000  6.410717
45284.000000  6.501540
46387.000000  6.728507
47589.000000  6.889575
48401.000000  6.812127
48490.000000  6.871325
49192.000000  6.992540
50512.000000  7.116431
51176.000000  7.075147
51905.000000  7.284118
52729.000000  7.516030
54199.000000  7.431114
54844.000000  7.686652
55880.000000  7.801637
57059.000000  7.930049
58007.000000  7.848437
58568.000000  8.019194
59174.000000  8.097603
59333.000000  8.407360
60096.000000  8.233135
60380.000000  8.356463
60930.000000  8.352349
61719.000000  8.603499
62368.000000  8.525850
63383.000000  8.528625
64506.000000  8.710588
66179.000000  9.093755
68432.000000  9.195117
69980.000000  9.246084
71211.000000  9.453607
72560.000000  9.610562
73114.000000  9.760016
74040.000000  9.932295
74479.000000  9.961789
75672.000000  9.872231
76218.000000  10.062979
77360.000000  10.319962
78109.000000  10.561296
78862.000000  10.590290
79805.000000  10.677731
79981.000000  10.651025
80593.000000  10.622866
81063.000000  10.829110
81854.000000  10.943343
83143.000000  11.248022
83971.000000  10.931973
85209.000000  11.355123
86566.000000  11.269750
87470.000000  11.701089
87869.000000  11.519505
88552.000000  11.653214
88942.000000  11.768673
89062.000000  11.834651
89239.000000  11.824774
89524.000000  11.951536
89771.000000  11.589027
90405.000000  11.705905
90694.000000  11.921515
90808.000000  11.881326
91274.000000  11.780233
91407.000000  12.214915
91476.000000  12.105065
91480.000000  11.916199
