269.000000  72.647209
327.000000  75.681915
358.000000  52.151035
374.000000  66.707184
415.000000  68.134293
471.000000  75.962418
531.000000  75.345451
578.000000  76.618927
601.000000  64.312920
667.000000  78.594376
738.000000  71.270638
791.000000  74.604858
836.000000  70.804832
888.000000  69.190994
932.000000  54.595150
937.000000  14.594353
982.000000  67.978447
1006.000000  66.153442
1046.000000  71.592430
1087.000000  69.212273
1131.000000  70.545822
1191.000000  70.288559
1230.000000  71.689781
1277.000000  74.107132
1332.000000  74.291260
1382.000000  69.085953
1422.000000  67.365646
1451.000000  61.462879
1488.000000  61.389332
1512.000000  60.110569
1540.000000  61.926125
1584.000000  70.958038
1599.000000  53.315090
1634.000000  69.151566
1652.000000  52.139492
1684.000000  57.735489
1722.000000  60.296028
1759.000000  64.486015
1798.000000  63.801773
1835.000000  62.639629
1842.000000  21.135345
1884.000000  58.948673
1931.000000  55.457733
1959.000000  50.764549
2008.000000  61.428024
2058.000000  61.939804
2085.000000  55.719532
2114.000000  52.234344
2149.000000  65.627060
2196.000000  64.466324
2226.000000  51.656246
2258.000000  61.534363
2294.000000  54.787582
2328.000000  51.900803
2374.000000  59.815746
2401.000000  48.817005
2423.000000  54.391342
2456.000000  53.816116
2498.000000  61.308556
2548.000000  65.277290
2582.000000  56.483459
2608.000000  54.212200
2643.000000  50.319515
2656.000000  44.644966
2671.000000  48.295399
2697.000000  30.749517
2730.000000  33.326447
2778.000000  57.031803
2806.000000  46.332542
2836.000000  48.432617
2885.000000  53.738411
2933.000000  49.382347
2996.000000  60.451763
3047.000000  51.534782
3047.000000  0.183391
3096.000000  53.300373
3129.000000  39.904701
3143.000000  30.411339
3182.000000  56.323769
3218.000000  55.816914
3260.000000  61.988373
3328.000000  63.693016
3357.000000  56.057156
3404.000000  62.272625
3440.000000  63.739239
3485.000000  69.028160
3511.000000  68.704575
3536.000000  69.197899
3563.000000  54.805977
3595.000000  67.557747
3620.000000  64.519104
3648.000000  60.840641
3691.000000  66.291199
3742.000000  64.675522
3742.000000  0.479620
3785.000000  59.382515
3844.000000  73.602875
3905.000000  68.885574
3914.000000  60.131233
3955.000000  74.246025
3981.000000  50.531876
4036.000000  72.147301
4065.000000  72.660706
4081.000000  33.071964
4111.000000  43.788250
4144.000000  49.544201
4175.000000  42.217491
4213.000000  36.032059
4239.000000  37.639416
4264.000000  53.485893
4318.000000  69.604607
4319.000000  2.198277
4361.000000  59.922783
4404.000000  59.882553
4439.000000  63.009827
4461.000000  53.001160
4506.000000  63.590260
4565.000000  63.193977
4600.000000  67.728676
4643.000000  60.549427
4649.000000  14.481256
4686.000000  52.617722
4725.000000  49.574116
4766.000000  51.010410
4802.000000  48.816818
4822.000000  31.510189
4836.000000  30.503067
4864.000000  39.769127
4890.000000  45.598927
4918.000000  44.924377
4953.000000  54.524929
4996.000000  57.368237
5021.000000  43.594719
5048.000000  49.522705
5079.000000  54.748650
5109.000000  50.755901
5147.000000  53.264492
5181.000000  51.931923
5211.000000  49.089554
5271.000000  46.801933
5302.000000  59.091846
5332.000000  59.622265
5367.000000  63.819122
5375.000000  56.798691
5392.000000  63.921268
5419.000000  68.027832
5435.000000  47.254658
5469.000000  32.931438
5502.000000  35.782467
5527.000000  54.468269
5567.000000  51.946686
5617.000000  59.272026
5673.000000  61.830902
5720.000000  51.598782
5763.000000  53.721363
5808.000000  57.314728
5860.000000  61.813908
5929.000000  49.328812
5935.000000  47.308220
6002.000000  57.272793
6033.000000  47.085472
6097.000000  55.598717
6138.000000  51.382565
6155.000000  30.380960
6197.000000  51.382648
6259.000000  70.265755
6289.000000  72.189537
6299.000000  34.667572
6371.000000  47.267628
6409.000000  66.267014
6429.000000  69.249916
6458.000000  67.404358
6488.000000  71.490990
6500.000000  29.027617
6516.000000  27.552319
6536.000000  37.848469
6548.000000  17.431664
6574.000000  63.388378
6621.000000  63.341755
6660.000000  62.644810
6713.000000  61.966522
6742.000000  50.240803
6763.000000  60.380833
6825.000000  59.858536
6859.000000  59.518551
6878.000000  52.841896
6917.000000  66.038391
6945.000000  46.937763
6981.000000  61.689495
7019.000000  47.812012
7070.000000  69.413536
7093.000000  45.969772
7131.000000  31.211218
7151.000000  34.169468
7167.000000  18.781563
7208.000000  41.172089
7245.000000  47.196159
7281.000000  62.059410
7285.000000  12.494511
7320.000000  59.273476
7331.000000  17.838604
7363.000000  61.765701
7391.000000  58.692837
7423.000000  38.025120
7448.000000  61.180000
7510.000000  65.827614
7555.000000  34.875668
7616.000000  57.280701
7654.000000  33.716244
7700.000000  53.805691
7763.000000  55.178253
7819.000000  41.575459
7862.000000  53.448997
7933.000000  41.475517
8000.000000  40.436768
8066.000000  40.844254
8118.000000  47.508385
8169.000000  44.460220
8179.000000  8.593293
8214.000000  39.423374
8228.000000  34.908543
8250.000000  30.438868
8278.000000  44.864700
8313.000000  36.917671
8345.000000  34.012367
8365.000000  39.127571
8391.000000  39.151524
8429.000000  41.046749
8429.000000  0.198082
8466.000000  38.770836
8494.000000  40.332561
8508.000000  20.427536
8547.000000  24.728493
8586.000000  27.282724
8593.000000  15.592116
8622.000000  22.476763
8657.000000  30.225935
8683.000000  26.993843
8700.000000  11.336745
8721.000000  36.817047
8732.000000  39.136189
8750.000000  39.023708
8761.000000  37.598633
8788.000000  48.947094
8812.000000  32.465832
8833.000000  41.548363
8845.000000  30.818335
8884.000000  17.299334
8937.000000  29.292393
8973.000000  32.620602
9011.000000  32.448753
9059.000000  42.659393
9084.000000  39.488583
9111.000000  30.057283
9115.000000  11.074765
9133.000000  25.822390
9151.000000  41.368046
9176.000000  46.536331
9194.000000  41.045380
9223.000000  46.318363
9246.000000  20.295647
9256.000000  16.457558
9261.000000  8.532713
9268.000000  13.874383
9289.000000  12.807362
9306.000000  9.074828
9321.000000  23.994619
9336.000000  19.593061
9362.000000  30.025301
9406.000000  25.418087
9413.000000  7.141602
9461.000000  31.160631
9508.000000  28.809210
9521.000000  10.672632
9534.000000  11.453700
9547.000000  11.428828
9573.000000  14.067764
9587.000000  16.456312
9606.000000  12.515667
9616.000000  16.120512
9648.000000  18.118807
9663.000000  21.384912
9697.000000  21.842499
9701.000000  9.537600
9727.000000  21.926188
9756.000000  20.849600
9787.000000  29.282459
9792.000000  5.316325
9823.000000  26.322628
9837.000000  21.508106
9868.000000  42.633362
9890.000000  15.840508
9939.000000  36.937817
9959.000000  12.218473
9989.000000  16.779289
10004.000000  7.648121
10034.000000  22.570339
10061.000000  13.155770
10080.000000  15.083315
10095.000000  13.466022
10127.000000  20.061640
10166.000000  21.221771
10196.000000  14.355201
10196.000000  0.042120
10201.000000  8.368779
10206.000000  5.257684
10232.000000  13.976222
10249.000000  17.320314
10266.000000  5.715377
10280.000000  13.194349
10293.000000  3.513968
10314.000000  9.815750
10328.000000  7.307726
10340.000000  3.359936
10350.000000  9.570810
10352.000000  2.240955
10356.000000  0.688159
10365.000000  59.696136
10372.000000  71.197708
10376.000000  57.102818
