995.000000  61.938824
1254.000000  58.893044
1467.000000  59.312057
1726.000000  62.537785
2014.000000  64.306190
2278.000000  59.983086
2563.000000  61.291641
2864.000000  62.045383
3172.000000  66.516670
3479.000000  61.808247
3814.000000  61.690323
4179.000000  64.344536
4506.000000  58.990974
4819.000000  56.910210
5084.000000  51.456757
5239.000000  38.311569
5411.000000  51.619297
5602.000000  54.376919
5811.000000  49.954178
5922.000000  52.304737
6029.000000  36.834110
6123.000000  38.972183
6216.000000  37.094578
6322.000000  37.287502
6446.000000  37.747879
6608.000000  36.662830
6816.000000  44.709190
6839.000000  24.515335
7021.000000  49.189884
7222.000000  45.803204
7413.000000  42.217449
7546.000000  35.127850
7712.000000  40.629566
7918.000000  36.590488
8106.000000  36.058624
8309.000000  36.198029
8362.000000  26.302792
8581.000000  46.699753
8833.000000  42.088711
9013.000000  41.437225
9200.000000  32.028244
9383.000000  32.548660
9600.000000  35.445839
9840.000000  38.721199
10120.000000  42.494358
10373.000000  36.008148
10415.000000  24.133526
10600.000000  32.572701
10819.000000  37.204006
11198.000000  41.737541
11511.000000  40.026463
11768.000000  39.382080
12033.000000  38.555878
12311.000000  39.307602
12537.000000  38.606174
12731.000000  36.397484
12771.000000  22.535000
12927.000000  32.922668
13082.000000  34.652683
13325.000000  41.495819
13552.000000  40.805763
13780.000000  35.790081
14026.000000  35.722015
14230.000000  34.247883
14423.000000  35.160812
14617.000000  34.854561
14770.000000  34.951893
14943.000000  26.825941
15118.000000  28.311174
15372.000000  33.068508
15617.000000  43.289070
15873.000000  41.492809
16184.000000  41.863979
16490.000000  41.561623
16750.000000  41.751480
17070.000000  38.738693
17361.000000  39.290756
17575.000000  34.086033
17784.000000  37.891445
17968.000000  41.959290
18215.000000  49.166267
18472.000000  48.737858
18756.000000  51.683105
18938.000000  49.784729
19219.000000  47.998459
19414.000000  50.182777
19526.000000  45.324127
19679.000000  41.482849
19781.000000  40.734573
19883.000000  44.999847
19992.000000  45.961372
20094.000000  47.295700
20191.000000  22.740759
20272.000000  19.305077
20362.000000  27.579847
20457.000000  26.345295
20537.000000  15.573730
20669.000000  30.122131
20773.000000  28.811682
20883.000000  36.467178
20985.000000  36.634933
21074.000000  36.481972
21155.000000  44.564552
21171.000000  37.813156
21208.000000  46.507271
21340.000000  11.416910
21460.000000  12.281299
21697.000000  16.656759
21858.000000  16.801331
22117.000000  45.844288
22376.000000  43.674702
22612.000000  35.918438
22847.000000  35.631454
23001.000000  34.143604
23131.000000  38.414597
23279.000000  31.341583
23452.000000  36.455044
23691.000000  38.959209
23955.000000  37.331554
24162.000000  37.457390
24340.000000  35.936329
24561.000000  34.457542
24817.000000  33.532879
24932.000000  26.568233
25226.000000  44.180744
25474.000000  44.745316
25625.000000  40.951790
25778.000000  42.244194
25906.000000  30.786646
26011.000000  32.786156
26238.000000  45.975609
26403.000000  42.830029
26630.000000  53.686012
26871.000000  55.708920
27149.000000  55.962406
27455.000000  57.483578
27763.000000  33.564552
28043.000000  31.812847
28234.000000  27.755054
28415.000000  43.835056
28619.000000  50.525562
28813.000000  50.360542
28954.000000  55.103199
29066.000000  32.178806
29103.000000  8.823774
29221.000000  16.996178
29302.000000  9.877567
29383.000000  36.475147
29408.000000  8.544603
29460.000000  36.209908
29542.000000  57.269962
29668.000000  65.907494
29795.000000  67.046135
29843.000000  6.417883
29942.000000  12.287344
30063.000000  17.236944
30130.000000  10.615173
30184.000000  4.022143
30238.000000  4.211899
30309.000000  15.224092
30425.000000  18.051838
30554.000000  15.574876
30694.000000  11.816640
30772.000000  12.301938
30814.000000  11.342714
30898.000000  9.748640
31018.000000  15.418477
31174.000000  16.140537
31373.000000  22.413960
31509.000000  19.848656
31643.000000  18.191610
31825.000000  24.532043
32011.000000  26.440207
32166.000000  23.082710
32337.000000  27.465385
32519.000000  26.370317
32672.000000  26.911613
32760.000000  20.648203
32848.000000  19.721401
32933.000000  14.647145
33012.000000  13.072264
33096.000000  14.081463
33180.000000  12.650105
33284.000000  13.426323
33366.000000  11.480855
33440.000000  15.234598
33501.000000  10.698734
33529.000000  6.484514
33687.000000  16.926130
33756.000000  9.408478
33811.000000  13.726709
33883.000000  14.270761
33963.000000  16.300280
34067.000000  14.758156
34216.000000  15.833428
34388.000000  19.202187
34504.000000  16.764698
34574.000000  8.759192
34641.000000  6.276910
34713.000000  5.994982
34740.000000  7.270077
34877.000000  8.653899
34987.000000  10.014658
35042.000000  8.188893
35184.000000  11.665091
35301.000000  11.459889
35399.000000  8.390128
35505.000000  8.328415
35609.000000  8.018724
35759.000000  16.615339
35911.000000  16.861122
36042.000000  14.296959
36203.000000  20.963051
36360.000000  22.559412
36486.000000  21.570648
36623.000000  17.648987
36745.000000  18.444881
36824.000000  11.678889
36909.000000  13.459060
36994.000000  15.692613
37039.000000  27.468378
37176.000000  30.324560
37289.000000  12.662743
37431.000000  14.309337
37610.000000  17.884020
37669.000000  26.792570
37779.000000  34.039989
37902.000000  33.911575
38017.000000  34.806984
38057.000000  37.041565
38132.000000  42.826023
38163.000000  40.240017
38164.000000  43.416241
38168.000000  11.827524
38245.000000  10.471780
38323.000000  9.101720
38407.000000  11.645486
38523.000000  13.392162
38587.000000  10.003042
38645.000000  11.009074
38671.000000  9.979942
38721.000000  3.376234
38808.000000  17.628519
38898.000000  10.219503
39010.000000  15.337364
39176.000000  16.627460
39315.000000  14.026155
39428.000000  19.170450
39589.000000  23.793552
39761.000000  19.473457
39808.000000  13.901679
39908.000000  15.771718
39958.000000  7.480360
39966.000000  1.678502
40039.000000  6.349821
40129.000000  9.340517
40198.000000  10.806931
40289.000000  10.962981
40332.000000  9.175079
40398.000000  10.756856
40415.000000  7.417037
40515.000000  10.319575
40576.000000  12.227296
40666.000000  14.260922
40766.000000  14.888616
40813.000000  15.071927
40823.000000  13.918861
40825.000000  9.628974
40827.000000  2.343776
