995.000000  0.605150
1257.000000  0.637495
1534.000000  0.706760
1839.000000  0.714446
2174.000000  0.751990
2523.000000  0.795542
2821.000000  0.816183
3097.000000  0.876161
3373.000000  0.917813
3633.000000  0.962452
3843.000000  0.965790
4027.000000  0.976202
4260.000000  1.044456
4538.000000  1.017176
4828.000000  1.078503
5119.000000  1.080201
5318.000000  1.120171
5529.000000  1.136677
5647.000000  1.128963
5734.000000  1.134573
5847.000000  1.157808
6032.000000  1.154809
6264.000000  1.211043
6437.000000  1.241866
6540.000000  1.211523
6671.000000  1.260979
6907.000000  1.300596
7206.000000  1.304438
7540.000000  1.364715
7902.000000  1.426033
8266.000000  1.442728
8575.000000  1.463518
8870.000000  1.524665
9037.000000  1.505379
9145.000000  1.519579
9259.000000  1.572430
9435.000000  1.628273
9649.000000  1.582068
9916.000000  1.723743
10134.000000  1.674140
10378.000000  1.661158
10661.000000  1.759149
11010.000000  1.762204
11192.000000  1.778887
11331.000000  1.785588
11443.000000  1.831841
11546.000000  1.858712
11768.000000  1.835253
12002.000000  1.831175
12242.000000  1.904188
12481.000000  1.889020
12706.000000  1.981484
12953.000000  2.016612
13148.000000  2.054047
13356.000000  2.025917
13623.000000  2.010760
13911.000000  2.083612
14221.000000  2.123518
14540.000000  2.200419
14826.000000  2.163007
15023.000000  2.274650
15154.000000  2.270320
15293.000000  2.190025
15434.000000  2.253550
15581.000000  2.274832
15720.000000  2.307917
15844.000000  2.260197
15950.000000  2.329972
16131.000000  2.400678
16395.000000  2.384321
16626.000000  2.423928
16877.000000  2.409452
17165.000000  2.432550
17454.000000  2.500431
17708.000000  2.580254
17890.000000  2.620231
18103.000000  2.510366
18323.000000  2.579380
18516.000000  2.644442
18693.000000  2.625190
18945.000000  2.619579
19189.000000  2.705869
19540.000000  2.694127
19820.000000  2.827723
20027.000000  2.767643
20273.000000  2.743806
20418.000000  2.818736
20539.000000  2.809217
20758.000000  2.840520
21130.000000  2.885614
21508.000000  2.986318
22060.000000  3.031925
22526.000000  3.058476
22851.000000  3.122130
23096.000000  3.165078
23297.000000  3.171677
23492.000000  3.159314
23638.000000  3.145404
23931.000000  3.202470
24024.000000  3.312165
24131.000000  3.340260
24276.000000  3.205597
24430.000000  3.246110
24653.000000  3.266891
24887.000000  3.366024
25098.000000  3.458534
25452.000000  3.385172
25803.000000  3.438321
26051.000000  3.499731
26264.000000  3.502892
26397.000000  3.461065
26542.000000  3.590398
26778.000000  3.544179
26908.000000  3.614335
27193.000000  3.534727
27320.000000  3.589338
27527.000000  3.645331
27671.000000  3.596502
27960.000000  3.651221
28037.000000  3.692855
28154.000000  3.663601
28298.000000  3.677126
28449.000000  3.696068
28602.000000  3.820418
28712.000000  3.783761
28781.000000  3.780827
28867.000000  3.826695
29066.000000  3.838298
29198.000000  3.754123
29381.000000  3.832277
29506.000000  3.770370
29666.000000  3.828316
29905.000000  3.924469
30362.000000  3.947623
30598.000000  3.972811
30861.000000  3.973515
30944.000000  3.956205
31153.000000  3.993376
31409.000000  3.931950
31469.000000  4.014822
31578.000000  4.048082
31880.000000  4.068480
32231.000000  4.063785
32462.000000  4.226484
32797.000000  4.139919
33304.000000  4.234620
33675.000000  4.278266
34040.000000  4.274684
34412.000000  4.335585
34636.000000  4.377262
34995.000000  4.510476
35235.000000  4.458567
35661.000000  4.532854
36163.000000  4.545908
36671.000000  4.605906
37271.000000  4.659708
37716.000000  4.809023
37994.000000  4.768964
38313.000000  4.810796
38458.000000  4.834986
38854.000000  4.911165
39105.000000  4.878441
39283.000000  4.955129
39552.000000  4.995988
39717.000000  5.052364
39949.000000  5.052033
40376.000000  5.061431
40627.000000  5.008470
40723.000000  5.039636
40791.000000  5.037133
40815.000000  5.036648
