995.000000  0.605150
1257.000000  0.032345
1534.000000  0.069265
1839.000000  0.007686
2174.000000  0.037545
2523.000000  0.043552
2821.000000  0.020641
3097.000000  0.059978
3373.000000  0.041652
3633.000000  0.044639
3843.000000  0.003338
4027.000000  0.010412
4260.000000  0.068254
4538.000000  -0.027280
4828.000000  0.061327
5119.000000  0.001699
5318.000000  0.039970
5529.000000  0.016506
5647.000000  -0.007714
5734.000000  0.005609
5847.000000  0.023236
6032.000000  -0.002999
6264.000000  0.056233
6437.000000  0.030823
6540.000000  -0.030342
6671.000000  0.049456
6907.000000  0.039617
7206.000000  0.003842
7540.000000  0.060276
7902.000000  0.061319
8266.000000  0.016694
8575.000000  0.020790
8870.000000  0.061147
9037.000000  -0.019286
9145.000000  0.014200
9259.000000  0.052851
9435.000000  0.055843
9649.000000  -0.046206
9916.000000  0.141675
10134.000000  -0.049603
10378.000000  -0.012982
10661.000000  0.097991
11010.000000  0.003055
11192.000000  0.016683
11331.000000  0.006701
11443.000000  0.046253
11546.000000  0.026871
11768.000000  -0.023458
12002.000000  -0.004078
12242.000000  0.073013
12481.000000  -0.015168
12706.000000  0.092464
12953.000000  0.035129
13148.000000  0.037434
13356.000000  -0.028130
13623.000000  -0.015157
13911.000000  0.072852
14221.000000  0.039906
14540.000000  0.076901
14826.000000  -0.037411
15023.000000  0.111643
15154.000000  -0.004330
15293.000000  -0.080295
15434.000000  0.063525
15581.000000  0.021283
15720.000000  0.033085
15844.000000  -0.047720
15950.000000  0.069775
16131.000000  0.070706
16395.000000  -0.016357
16626.000000  0.039606
16877.000000  -0.014476
17165.000000  0.023099
17454.000000  0.067881
17708.000000  0.079823
17890.000000  0.039977
18103.000000  -0.109864
18323.000000  0.069014
18516.000000  0.065061
18693.000000  -0.019252
18945.000000  -0.005611
19189.000000  0.086290
19540.000000  -0.011742
19820.000000  0.133596
20027.000000  -0.060081
20273.000000  -0.023836
20418.000000  0.074929
20539.000000  -0.009519
20758.000000  0.031303
21130.000000  0.045094
21508.000000  0.100705
22060.000000  0.045606
22526.000000  0.026551
22851.000000  0.063654
23096.000000  0.042948
23297.000000  0.006599
23492.000000  -0.012363
23638.000000  -0.013911
23931.000000  0.057066
24024.000000  0.109695
24131.000000  0.028095
24276.000000  -0.134663
24430.000000  0.040513
24653.000000  0.020781
24887.000000  0.099133
25098.000000  0.092510
25452.000000  -0.073363
25803.000000  0.053149
26051.000000  0.061410
26264.000000  0.003161
26397.000000  -0.041826
26542.000000  0.129333
26778.000000  -0.046219
26908.000000  0.070156
27193.000000  -0.079608
27320.000000  0.054611
27527.000000  0.055992
27671.000000  -0.048829
27960.000000  0.054719
28037.000000  0.041635
28154.000000  -0.029254
28298.000000  0.013525
28449.000000  0.018942
28602.000000  0.124350
28712.000000  -0.036656
28781.000000  -0.002935
28867.000000  0.045869
29066.000000  0.011602
29198.000000  -0.084175
29381.000000  0.078155
29506.000000  -0.061907
29666.000000  0.057946
29905.000000  0.096153
30362.000000  0.023154
30598.000000  0.025188
30861.000000  0.000704
30944.000000  -0.017310
31153.000000  0.037171
31409.000000  -0.061426
31469.000000  0.082872
31578.000000  0.033260
31880.000000  0.020398
32231.000000  -0.004695
32462.000000  0.162700
32797.000000  -0.086565
33304.000000  0.094701
33675.000000  0.043647
34040.000000  -0.003582
34412.000000  0.060901
34636.000000  0.041677
34995.000000  0.133214
35235.000000  -0.051909
35661.000000  0.074287
36163.000000  0.013055
36671.000000  0.059998
37271.000000  0.053802
37716.000000  0.149314
37994.000000  -0.040059
38313.000000  0.041832
38458.000000  0.024190
38854.000000  0.076179
39105.000000  -0.032724
39283.000000  0.076687
39552.000000  0.040860
39717.000000  0.056376
39949.000000  -0.000331
40376.000000  0.009398
40627.000000  -0.052961
40723.000000  0.031166
40791.000000  -0.002503
40815.000000  -0.000485
