269.000000  2.119289
321.000000  -1.966264
351.000000  0.189110
387.000000  -0.135794
442.000000  -0.124736
505.000000  0.185376
543.000000  -0.031854
568.000000  -0.121861
603.000000  -0.010339
673.000000  0.012459
745.000000  0.179245
798.000000  -0.019554
833.000000  0.041479
874.000000  0.037436
911.000000  0.075893
965.000000  -0.005058
1017.000000  0.005940
1067.000000  -0.015393
1101.000000  -0.023860
1136.000000  -0.047021
1175.000000  0.065895
1213.000000  -0.308442
1264.000000  0.240516
1322.000000  0.113196
1349.000000  -0.132717
1372.000000  0.080582
1406.000000  -0.035252
1444.000000  -0.032125
1456.000000  -0.009760
1468.000000  0.035418
1477.000000  -0.013105
1496.000000  -0.021777
1518.000000  -0.014894
1526.000000  -0.042368
1547.000000  0.049132
1573.000000  -0.023820
1594.000000  0.000262
1623.000000  -0.054365
1686.000000  0.104571
1737.000000  0.002826
1775.000000  -0.092413
1826.000000  0.116196
1872.000000  -0.047543
1910.000000  -0.166546
1935.000000  0.046472
1960.000000  0.119611
1997.000000  -0.017251
2030.000000  0.118646
2084.000000  0.052355
2117.000000  -0.312588
2165.000000  0.242196
2207.000000  -0.190588
2242.000000  0.202927
2298.000000  -0.043714
2366.000000  0.040049
2420.000000  -0.046131
2453.000000  -0.043793
2504.000000  0.065751
2546.000000  0.031833
2594.000000  -0.111267
2637.000000  -0.106048
2652.000000  -0.012943
2683.000000  0.006970
2740.000000  0.126106
2796.000000  -0.023367
2837.000000  0.051819
2884.000000  -0.180686
2916.000000  -0.012824
2928.000000  -0.083059
2956.000000  0.210475
2989.000000  -0.030009
3023.000000  0.010089
3061.000000  -0.028708
3090.000000  -0.125240
3121.000000  0.097995
3160.000000  0.012355
3174.000000  0.090102
3209.000000  -0.159994
3247.000000  0.027603
3270.000000  0.063086
3303.000000  -0.104804
3330.000000  -0.035167
3372.000000  0.035195
3409.000000  -0.010394
3445.000000  -0.015196
3472.000000  0.007505
3500.000000  0.001647
3539.000000  0.032924
3589.000000  -0.032771
3606.000000  -0.035370
3648.000000  0.056514
3701.000000  0.025895
3751.000000  -0.023572
3801.000000  -0.049198
3831.000000  -0.006460
3883.000000  0.063454
3945.000000  0.027682
3947.000000  -0.094883
3997.000000  0.086322
4044.000000  -0.010740
4075.000000  -0.052944
4114.000000  0.022513
4145.000000  -0.038756
4166.000000  0.024524
4206.000000  -0.015826
4206.000000  -0.007184
4243.000000  0.029063
4261.000000  -0.036299
4281.000000  0.000159
4309.000000  0.000849
4322.000000  0.013467
4352.000000  0.100005
4381.000000  -0.019226
4393.000000  0.036411
4443.000000  -0.004471
4467.000000  0.043292
4516.000000  -0.009144
4567.000000  0.064034
4609.000000  -0.131784
4668.000000  0.103899
4707.000000  -0.085087
4747.000000  0.002430
4784.000000  0.059586
4837.000000  0.102362
4850.000000  -0.245369
4888.000000  0.191231
4920.000000  -0.050417
4967.000000  -0.012688
5004.000000  0.020457
5049.000000  0.000279
5082.000000  0.037803
5135.000000  -0.020468
5183.000000  -0.012668
5224.000000  -0.114721
5260.000000  -0.011481
5302.000000  0.089289
5330.000000  -0.070653
5359.000000  -0.073491
5387.000000  0.003431
5407.000000  0.112257
5445.000000  0.082926
5460.000000  -0.166122
5502.000000  0.096629
5536.000000  -0.113855
5568.000000  0.114158
5601.000000  -0.019006
5604.000000  -0.101672
5621.000000  0.131560
5641.000000  -0.066506
5667.000000  0.044437
5705.000000  -0.024358
5743.000000  -0.010881
5770.000000  0.059082
5780.000000  0.002874
5825.000000  -0.052187
5855.000000  0.014105
5897.000000  0.051051
5936.000000  0.004859
5974.000000  -0.014730
6010.000000  0.020543
6053.000000  0.015339
6102.000000  -0.071684
6162.000000  -0.041446
6223.000000  0.161890
6272.000000  -0.021961
6341.000000  -0.032199
6421.000000  -0.032527
6465.000000  -0.083604
6544.000000  0.034077
6619.000000  -0.005780
6693.000000  0.041256
6762.000000  -0.023872
6794.000000  -0.014015
6816.000000  -0.030166
6832.000000  -0.045312
6859.000000  0.046338
6889.000000  0.019187
6943.000000  0.044455
6971.000000  -0.063592
7029.000000  0.019678
7087.000000  0.010934
7160.000000  0.056016
7211.000000  -0.082257
7266.000000  -0.003529
7325.000000  0.049316
7350.000000  -0.012184
7389.000000  0.008876
7424.000000  -0.018298
7455.000000  0.105253
7494.000000  0.057902
7526.000000  -0.176950
7526.000000  -0.049389
7555.000000  0.094002
7593.000000  -0.014942
7622.000000  0.003670
7668.000000  -0.005760
7698.000000  -0.068570
7707.000000  0.054199
7745.000000  -0.017706
7780.000000  0.017216
7807.000000  0.019361
7849.000000  -0.024591
7882.000000  0.041135
7918.000000  -0.047242
7951.000000  0.016102
7989.000000  -0.020287
8022.000000  0.033866
8069.000000  -0.036329
8104.000000  0.010657
8137.000000  0.065305
8168.000000  -0.046204
8202.000000  0.025159
8239.000000  -0.019426
8262.000000  0.043914
8281.000000  -0.055122
8302.000000  -0.018208
8321.000000  -0.030027
8342.000000  0.061230
8370.000000  0.021177
8399.000000  0.029238
8440.000000  -0.050539
8461.000000  -0.004196
8509.000000  0.000417
8544.000000  0.063627
8560.000000  -0.058385
8583.000000  -0.000017
8617.000000  0.031268
8665.000000  0.082399
8667.000000  -0.115980
8680.000000  0.030909
8706.000000  -0.060416
8721.000000  -0.024562
8732.000000  0.000564
8769.000000  -0.000253
8792.000000  -0.016821
8827.000000  -0.006057
8833.000000  -0.013432
8881.000000  0.000180
8909.000000  0.000188
8928.000000  -0.002830
8960.000000  0.033000
8991.000000  0.001092
9049.000000  -0.035316
9066.000000  -0.000489
9115.000000  0.052248
9126.000000  -0.052050
9149.000000  0.001223
9189.000000  0.019662
9219.000000  -0.006897
9252.000000  0.042665
9273.000000  -0.012503
9303.000000  0.017993
9329.000000  -0.058595
9350.000000  -0.015840
9369.000000  0.036111
9404.000000  0.015286
9423.000000  -0.004907
9438.000000  -0.012946
9459.000000  -0.005025
9472.000000  -0.016310
9475.000000  -0.009791
9488.000000  0.038212
9511.000000  -0.021507
9529.000000  0.011598
9554.000000  0.012156
9554.000000  -0.036343
9597.000000  0.018170
9601.000000  -0.020059
9632.000000  0.017918
9670.000000  0.035559
9695.000000  -0.007284
9729.000000  -0.024237
9766.000000  0.008718
9786.000000  0.012152
9799.000000  -0.027193
9827.000000  0.019227
9865.000000  0.011721
9896.000000  -0.001313
9913.000000  -0.033554
9931.000000  -0.002274
9950.000000  0.017072
9968.000000  -0.018927
9986.000000  -0.016477
10005.000000  0.002579
10012.000000  0.012221
10029.000000  0.017651
10049.000000  -0.026763
10062.000000  -0.002826
10098.000000  0.042199
10114.000000  -0.009821
10138.000000  0.046812
10161.000000  -0.052970
10202.000000  0.007649
10251.000000  0.025526
10257.000000  -0.066667
10285.000000  0.006624
10298.000000  0.009043
10312.000000  -0.017274
10344.000000  0.029286
10365.000000  -0.012810
10375.000000  -0.000105
