4067.000000  60.551220
4776.000000  58.801567
5220.000000  36.133545
5919.000000  43.379982
7049.000000  55.503475
8081.000000  57.689262
8611.000000  58.919300
9950.000000  59.552586
11252.000000  64.461533
11747.000000  44.095085
12162.000000  34.776356
12911.000000  40.604004
13826.000000  57.353844
14768.000000  61.419552
15781.000000  61.254837
16983.000000  61.464851
18400.000000  57.096474
19645.000000  54.840130
20534.000000  49.856655
21294.000000  43.845909
21875.000000  42.917919
22749.000000  41.039890
23559.000000  46.412796
24217.000000  42.328106
25038.000000  41.517609
25608.000000  39.377678
26680.000000  46.784286
27696.000000  47.279598
28550.000000  39.812809
29389.000000  30.336639
30376.000000  36.124218
31095.000000  35.889786
31624.000000  30.951033
32320.000000  32.142593
33166.000000  39.898445
33806.000000  35.462090
34719.000000  36.943253
36022.000000  43.138592
37054.000000  47.413616
37966.000000  38.137604
39152.000000  37.139946
40442.000000  42.556480
41186.000000  39.165085
42136.000000  33.583969
43020.000000  30.610567
43877.000000  29.464218
45082.000000  37.345844
46123.000000  33.309986
47363.000000  36.094276
48537.000000  34.617954
49702.000000  35.671593
50724.000000  31.819019
51351.000000  23.869663
52351.000000  42.138020
53476.000000  46.550396
54506.000000  41.868584
56051.000000  43.571899
57479.000000  41.375534
59252.000000  42.189587
60544.000000  37.611130
61534.000000  28.524136
62475.000000  27.724659
63388.000000  24.319166
64130.000000  25.666601
65083.000000  32.731796
66069.000000  28.055265
67110.000000  29.562355
68254.000000  34.370335
69618.000000  38.893021
70724.000000  35.168377
72201.000000  37.988098
73749.000000  37.295006
74873.000000  29.190298
75957.000000  30.028652
77023.000000  31.326849
77933.000000  37.928818
79357.000000  47.215149
80930.000000  49.069004
81961.000000  46.178822
82480.000000  42.979195
83202.000000  39.254562
84335.000000  32.181351
85500.000000  33.754124
87037.000000  38.040970
88205.000000  32.926609
89817.000000  29.794115
90841.000000  33.312717
91859.000000  39.233440
93345.000000  42.250355
94282.000000  37.742485
95588.000000  42.285477
96538.000000  36.328934
97766.000000  39.694382
98839.000000  37.189667
99923.000000  26.560719
100620.000000  29.908680
101260.000000  31.407642
102251.000000  42.428883
103234.000000  52.249580
104475.000000  29.917494
105141.000000  29.412853
105725.000000  26.390135
106440.000000  33.787735
107390.000000  53.840096
109047.000000  60.467773
110951.000000  57.022392
111644.000000  27.698845
112597.000000  45.643131
113817.000000  48.770077
114706.000000  41.515072
115912.000000  51.984364
116990.000000  47.264080
117703.000000  64.259521
119035.000000  21.268242
119920.000000  33.720348
120754.000000  20.920498
120904.000000  14.966181
121199.000000  27.449921
121893.000000  17.911993
122728.000000  38.506332
123384.000000  13.509069
123933.000000  17.367018
124234.000000  14.458543
125349.000000  23.016798
126528.000000  27.618423
127708.000000  31.149117
129003.000000  26.650064
130119.000000  23.879368
131171.000000  23.802599
131883.000000  24.476370
132824.000000  29.391108
133658.000000  50.019699
134417.000000  50.750778
135832.000000  50.739746
136897.000000  61.502560
137935.000000  54.369839
139209.000000  65.583054
140144.000000  42.867233
140236.000000  6.155837
140558.000000  18.513241
140822.000000  21.304674
141291.000000  17.896513
141793.000000  22.735714
142465.000000  27.917030
143010.000000  28.876999
143723.000000  17.436228
143742.000000  3.970123
144198.000000  8.085068
144601.000000  9.884026
144952.000000  10.657900
145415.000000  13.074803
145927.000000  7.517918
146512.000000  12.680546
147082.000000  11.238237
147489.000000  13.601918
147853.000000  14.521249
148730.000000  19.424858
149098.000000  13.166039
149495.000000  6.032161
149674.000000  5.403912
149810.000000  6.015618
150046.000000  7.937004
150299.000000  8.664790
150458.000000  6.964429
150845.000000  5.241772
151064.000000  4.618363
151378.000000  7.316821
151978.000000  10.592374
152384.000000  5.647779
152967.000000  10.419224
153564.000000  14.696075
153914.000000  11.932915
154657.000000  12.910649
154696.000000  6.125065
155103.000000  10.973431
155268.000000  8.497169
155927.000000  17.519310
156134.000000  5.985050
156398.000000  5.561499
157087.000000  12.735616
157577.000000  14.274937
158292.000000  17.830172
158838.000000  16.102188
159446.000000  22.281366
159594.000000  8.986707
159740.000000  39.615471
159740.000000  0.095133
159815.000000  10.137370
159842.000000  10.266809
159850.000000  2.190700
160103.000000  6.086932
160290.000000  4.417046
160451.000000  2.906542
160482.000000  0.986188
