4067.000000  21.993896
4776.000000  28.228432
5220.000000  40.949116
5919.000000  35.858223
7049.000000  28.097919
8081.000000  26.952099
8611.000000  27.606737
9950.000000  26.912239
11252.000000  22.688229
11747.000000  34.348362
12162.000000  42.214680
12911.000000  37.237709
13826.000000  25.669548
14768.000000  22.071968
15781.000000  20.301701
16983.000000  21.692934
18400.000000  25.590437
19645.000000  26.005671
20534.000000  29.555855
21294.000000  32.671055
21875.000000  31.664238
22749.000000  34.227417
23559.000000  29.598946
24217.000000  33.753914
25038.000000  33.809837
25608.000000  37.789650
26680.000000  28.338123
27696.000000  28.956566
28550.000000  36.135170
29389.000000  42.099476
30376.000000  37.111458
31095.000000  37.747215
31624.000000  39.628365
32320.000000  39.717083
33166.000000  34.266365
33806.000000  33.552361
34719.000000  35.478771
36022.000000  24.757935
37054.000000  29.329979
37966.000000  35.086868
39152.000000  34.770908
40442.000000  33.343391
41186.000000  33.016273
42136.000000  35.787575
43020.000000  38.477428
43877.000000  39.414494
45082.000000  36.215157
46123.000000  39.237709
47363.000000  36.550110
48537.000000  36.822968
49702.000000  36.636116
50724.000000  39.336346
51351.000000  41.150459
52351.000000  33.143112
53476.000000  29.440006
54506.000000  32.227303
56051.000000  31.741631
57479.000000  34.296947
59252.000000  33.663261
60544.000000  35.034676
61534.000000  39.798737
62475.000000  39.940868
63388.000000  40.624477
64130.000000  39.959263
65083.000000  35.316422
66069.000000  37.773125
67110.000000  37.720455
68254.000000  34.464161
69618.000000  32.667126
70724.000000  34.558857
72201.000000  32.288197
73749.000000  33.288338
74873.000000  36.945694
75957.000000  37.036861
77023.000000  35.407677
77933.000000  32.592155
79357.000000  26.981211
80930.000000  26.605082
81961.000000  25.742908
82480.000000  28.507143
83202.000000  29.559124
84335.000000  34.424870
85500.000000  33.320763
87037.000000  30.566729
88205.000000  33.054237
89817.000000  33.853619
90841.000000  31.205103
91859.000000  27.925047
93345.000000  26.259495
94282.000000  28.380838
95588.000000  25.223190
96538.000000  29.605293
97766.000000  28.129555
98839.000000  28.619879
99923.000000  31.677416
100620.000000  29.843077
101260.000000  29.533907
102251.000000  23.231606
103234.000000  19.248346
104475.000000  28.934258
105141.000000  29.485804
105725.000000  28.517282
106440.000000  26.224348
107390.000000  17.387840
109047.000000  13.953143
110951.000000  15.082587
111644.000000  26.244783
112597.000000  18.685581
113817.000000  17.204231
114706.000000  19.734808
115912.000000  16.276653
116990.000000  17.314859
117703.000000  11.137577
119035.000000  24.089338
119920.000000  22.384199
120754.000000  24.395191
120904.000000  24.952290
121199.000000  21.573721
121893.000000  16.370150
122728.000000  18.173391
123384.000000  27.575583
123933.000000  29.672327
124234.000000  27.277142
125349.000000  25.604010
126528.000000  24.313780
127708.000000  21.824930
129003.000000  22.612562
130119.000000  25.213469
131171.000000  23.971874
131883.000000  24.794142
132824.000000  21.873552
133658.000000  15.977344
134417.000000  15.147528
135832.000000  15.291066
136897.000000  11.195234
137935.000000  12.934652
139209.000000  9.494489
140144.000000  14.123058
140236.000000  23.273151
140558.000000  20.007660
140822.000000  19.250608
141291.000000  16.108973
141793.000000  18.681732
142465.000000  16.878088
143010.000000  15.540820
143723.000000  18.214224
143742.000000  20.353851
144198.000000  18.792486
144601.000000  18.529726
144952.000000  19.232412
145415.000000  19.724974
145927.000000  20.216888
146512.000000  18.602285
147082.000000  18.350563
147489.000000  17.633902
147853.000000  16.218109
148730.000000  15.041137
149098.000000  15.500598
149495.000000  16.745726
149674.000000  16.683172
149810.000000  16.493021
150046.000000  13.912533
150299.000000  14.004540
150458.000000  11.983955
150845.000000  12.356295
151064.000000  11.111036
151378.000000  14.527949
151978.000000  12.943914
152384.000000  12.175541
152967.000000  12.777493
153564.000000  11.141864
153914.000000  11.214602
154657.000000  10.307198
154696.000000  11.821141
155103.000000  10.753198
155268.000000  11.312556
155927.000000  9.148841
156134.000000  10.089495
156398.000000  11.540049
157087.000000  9.066581
157577.000000  9.813801
158292.000000  8.634043
158838.000000  10.018984
159446.000000  5.749949
159594.000000  5.631948
159740.000000  4.046470
159740.000000  6.272807
159815.000000  4.964180
159842.000000  4.091829
159850.000000  5.575492
160103.000000  3.339833
160290.000000  3.258259
160451.000000  3.094055
160482.000000  3.091205
