995.000000  0.229821
1199.000000  0.193099
1383.000000  0.153351
1582.000000  0.168565
1866.000000  0.189504
2099.000000  0.229601
2379.000000  0.196868
2672.000000  0.216013
2953.000000  0.225413
3229.000000  0.275880
3557.000000  0.285948
3905.000000  0.350218
4174.000000  0.286649
4426.000000  0.227870
4771.000000  0.317823
5029.000000  0.271342
5194.000000  0.250905
5393.000000  0.214547
5534.000000  0.188973
5663.000000  0.166389
5808.000000  0.204631
5950.000000  0.223420
6065.000000  0.176973
6227.000000  0.193533
6445.000000  0.238524
6672.000000  0.285507
6911.000000  0.282063
7146.000000  0.251397
7406.000000  0.275663
7681.000000  0.291256
7915.000000  0.258953
8089.000000  0.259336
8266.000000  0.215708
8381.000000  0.216864
8497.000000  0.245593
8701.000000  0.291794
8702.000000  0.140004
8902.000000  0.301106
9068.000000  0.283212
9251.000000  0.247984
9469.000000  0.238456
9619.000000  0.235517
9625.000000  0.142141
9741.000000  0.221777
9828.000000  0.242054
9962.000000  0.255778
10053.000000  0.243372
10173.000000  0.234364
10323.000000  0.262740
10481.000000  0.276290
10805.000000  0.331880
11089.000000  0.312610
11387.000000  0.337477
11612.000000  0.299534
11828.000000  0.431994
12098.000000  0.465481
12310.000000  0.394832
12543.000000  0.499675
12828.000000  0.688552
13101.000000  0.561905
13313.000000  0.488723
13560.000000  0.536760
13750.000000  0.955129
14014.000000  0.599319
14310.000000  0.585134
14537.000000  0.634272
14752.000000  0.645373
14921.000000  0.501729
15087.000000  0.474006
15221.000000  0.505993
15335.000000  0.440328
15455.000000  0.488936
15593.000000  0.459840
15720.000000  0.398881
15866.000000  0.397069
16015.000000  0.437306
16149.000000  0.334145
16312.000000  0.429033
16492.000000  0.800471
16711.000000  0.475605
16908.000000  0.433880
17057.000000  0.432052
17220.000000  0.331974
17433.000000  0.394357
17649.000000  0.349652
17838.000000  0.495829
18081.000000  0.505196
18262.000000  0.313726
18429.000000  0.353357
18712.000000  0.553301
18899.000000  0.379547
18950.000000  0.313144
19116.000000  0.366746
19259.000000  0.331064
19393.000000  0.343623
19530.000000  0.408676
19661.000000  0.365475
19748.000000  0.320634
19820.000000  0.323561
19889.000000  0.369369
20057.000000  0.417688
20256.000000  0.438545
20465.000000  0.456929
20674.000000  0.435183
20855.000000  0.473788
21062.000000  0.480899
21354.000000  0.470756
21612.000000  0.482705
21928.000000  0.509374
21984.000000  0.382161
22224.000000  0.489405
22501.000000  0.509435
22812.000000  0.552878
23114.000000  0.582313
23375.000000  0.665960
23498.000000  0.633215
23705.000000  0.543008
23884.000000  0.579817
24088.000000  0.509593
24281.000000  0.597831
24457.000000  0.590700
24641.000000  0.610716
24894.000000  0.651917
25158.000000  0.631630
25360.000000  0.700827
25541.000000  0.414932
25730.000000  0.600079
25920.000000  0.714863
26103.000000  0.900260
26257.000000  0.482140
26425.000000  0.829100
26559.000000  0.923040
26716.000000  0.731411
26927.000000  0.722027
27057.000000  0.697936
27169.000000  0.651712
27276.000000  0.603646
27402.000000  0.661798
27568.000000  0.704909
27764.000000  0.703794
27979.000000  0.405341
28105.000000  0.394920
28250.000000  0.399893
28485.000000  0.453966
28643.000000  0.420319
28741.000000  0.372142
28896.000000  0.569683
29002.000000  0.865958
29289.000000  0.914367
29530.000000  0.823802
29772.000000  0.776701
29954.000000  0.844666
30236.000000  0.922076
30456.000000  1.009706
30588.000000  0.431854
30813.000000  0.459440
31079.000000  0.465944
31376.000000  0.803074
31689.000000  0.544087
31907.000000  0.555295
32177.000000  0.578684
32374.000000  0.579108
32510.000000  0.442158
32633.000000  0.384339
32731.000000  0.406477
32836.000000  0.391307
32999.000000  0.502413
33039.000000  0.420053
33154.000000  0.498769
33274.000000  0.484967
33277.000000  0.344670
33347.000000  0.410290
33512.000000  0.477897
33688.000000  0.789435
33859.000000  1.116117
34018.000000  0.509365
34166.000000  0.465812
34337.000000  0.444366
34513.000000  0.467458
34665.000000  0.480322
34750.000000  0.444269
34831.000000  0.428666
34909.000000  0.404625
34982.000000  0.396494
35056.000000  0.427025
35115.000000  0.442528
35219.000000  0.509496
35314.000000  0.611566
35405.000000  0.443504
35475.000000  0.395431
35583.000000  0.453542
35695.000000  0.422169
35793.000000  0.431065
35896.000000  0.451734
35943.000000  0.496244
36015.000000  0.481971
36077.000000  0.511093
36155.000000  0.496607
36232.000000  0.527946
36326.000000  0.581575
36399.000000  0.581509
36501.000000  0.621735
36575.000000  0.669648
36607.000000  0.580225
36642.000000  1.033581
36675.000000  0.658222
36800.000000  0.412270
36929.000000  0.415653
37121.000000  0.487680
37184.000000  0.433724
37342.000000  0.503846
37428.000000  0.466698
37492.000000  0.420300
37653.000000  0.455021
37773.000000  0.462984
37812.000000  0.421454
37847.000000  0.362876
37879.000000  0.373403
37921.000000  0.384031
37962.000000  0.374876
37974.000000  0.390086
38048.000000  0.387314
38131.000000  0.433981
38262.000000  0.447205
38351.000000  0.437485
38407.000000  0.422607
38410.000000  0.375454
38487.000000  0.452967
38606.000000  0.418743
38731.000000  0.445403
38784.000000  0.436229
38895.000000  0.455350
39045.000000  0.453172
39203.000000  0.518183
39340.000000  0.502369
39483.000000  0.489459
39584.000000  0.441494
39707.000000  0.464550
39826.000000  0.537848
39899.000000  0.474330
39923.000000  0.416537
39980.000000  0.399706
40076.000000  0.418188
40160.000000  0.418841
40270.000000  0.452403
40312.000000  0.422002
40342.000000  0.420213
40367.000000  0.398000
40442.000000  0.424631
40523.000000  0.442104
40592.000000  0.442888
40659.000000  0.432137
40745.000000  0.459331
40807.000000  0.505204
40809.000000  0.397708
40820.000000  0.385116
