995.000000  0.162946
1199.000000  -0.031592
1383.000000  -0.018238
1582.000000  0.010309
1866.000000  0.020626
2099.000000  0.025596
2379.000000  -0.027742
2672.000000  0.020281
2953.000000  0.003083
3229.000000  0.047664
3557.000000  0.007374
3905.000000  0.053229
4174.000000  -0.065530
4426.000000  -0.048233
4771.000000  0.082581
5029.000000  -0.047506
5194.000000  -0.019498
5393.000000  -0.037007
5534.000000  -0.025055
5663.000000  -0.025817
5808.000000  0.033465
5950.000000  0.019883
6065.000000  -0.050495
6227.000000  0.018889
6445.000000  0.037942
6672.000000  0.044159
6911.000000  -0.000373
7146.000000  -0.037571
7406.000000  0.026118
7681.000000  0.014717
7915.000000  -0.037654
8089.000000  -0.009195
8266.000000  -0.034808
8381.000000  -0.001367
8497.000000  0.026382
8701.000000  0.037619
8702.000000  -0.154471
8902.000000  0.163551
9068.000000  -0.025288
9251.000000  -0.031112
9469.000000  -0.006102
9619.000000  -0.020510
9625.000000  -0.086700
9741.000000  0.085756
9828.000000  0.017936
9962.000000  0.011643
10053.000000  -0.013923
10173.000000  -0.002898
10323.000000  0.018672
10481.000000  0.015830
10805.000000  0.054107
11089.000000  -0.025816
11387.000000  0.009917
11612.000000  -0.041572
11828.000000  0.045124
12098.000000  0.025218
12310.000000  -0.019736
12543.000000  0.001103
12828.000000  0.023269
13101.000000  -0.011015
13313.000000  -0.019573
13560.000000  0.054014
13750.000000  -0.014278
14014.000000  -0.019681
14310.000000  0.008071
14537.000000  0.060803
14752.000000  0.013630
14921.000000  -0.149648
15087.000000  -0.017001
15221.000000  0.006711
15335.000000  -0.033980
15455.000000  0.063784
15593.000000  -0.007639
15720.000000  -0.031659
15866.000000  0.018204
16015.000000  0.057593
16149.000000  -0.068905
16312.000000  0.057783
16492.000000  0.016191
16711.000000  0.002798
16908.000000  -0.033677
17057.000000  0.022272
17220.000000  -0.062261
17433.000000  -0.013857
17649.000000  0.019806
17838.000000  0.120720
18081.000000  0.026110
18262.000000  -0.174001
18429.000000  0.015439
18712.000000  0.217119
18899.000000  -0.173700
18950.000000  -0.070448
19116.000000  0.049441
19259.000000  -0.021923
19393.000000  0.010425
19530.000000  0.056216
19661.000000  -0.053017
19748.000000  -0.029360
19820.000000  -0.006329
19889.000000  0.045589
20057.000000  0.019154
20256.000000  0.033176
20465.000000  0.019547
20674.000000  -0.017689
20855.000000  0.023111
21062.000000  0.002545
21354.000000  0.006175
21612.000000  -0.022697
21928.000000  0.041477
21984.000000  -0.128706
22224.000000  0.094915
22501.000000  0.010257
22812.000000  0.027714
23114.000000  0.032321
23375.000000  -0.008082
23498.000000  -0.037060
23705.000000  0.013233
23884.000000  0.059413
24088.000000  -0.085497
24281.000000  0.100794
24457.000000  -0.010213
24641.000000  0.017005
24894.000000  0.015179
25158.000000  -0.003588
25360.000000  0.047167
25541.000000  -0.247418
25730.000000  0.163341
25920.000000  0.121682
26103.000000  0.138991
26257.000000  -0.367836
26425.000000  0.340677
26559.000000  0.079766
26716.000000  -0.185205
26927.000000  -0.006632
27057.000000  -0.022331
27169.000000  -0.079804
27276.000000  -0.029928
27402.000000  0.056843
27568.000000  0.038011
27764.000000  0.013132
27979.000000  -0.290289
28105.000000  -0.013650
28250.000000  0.003418
28485.000000  0.048557
28643.000000  -0.029505
28741.000000  -0.067113
28896.000000  0.211263
29002.000000  0.289362
29289.000000  0.035795
29530.000000  -0.080815
29772.000000  -0.060069
29954.000000  0.079776
30236.000000  0.058185
30456.000000  0.080216
30588.000000  -0.548051
30813.000000  0.015140
31079.000000  0.013170
31376.000000  0.318748
31689.000000  -0.244413
31907.000000  0.006182
32177.000000  -0.013480
32374.000000  0.030652
32510.000000  -0.146212
32633.000000  -0.038453
32731.000000  0.013345
32836.000000  -0.008698
32999.000000  0.103568
33039.000000  -0.084256
33154.000000  0.069267
33274.000000  -0.015431
33277.000000  -0.127722
33347.000000  0.056291
33512.000000  0.063818
33688.000000  0.302014
33859.000000  0.309492
34018.000000  -0.596743
34166.000000  -0.031098
34337.000000  -0.019925
34513.000000  0.019996
34665.000000  0.001593
34750.000000  -0.043788
34831.000000  -0.013045
34909.000000  0.001988
34982.000000  -0.009505
35056.000000  0.017090
35115.000000  0.027275
35219.000000  0.045915
35314.000000  0.111048
35405.000000  -0.164103
35475.000000  -0.049683
35583.000000  0.035562
35695.000000  -0.017768
35793.000000  0.008240
35896.000000  0.007731
35943.000000  0.066814
36015.000000  -0.035265
36077.000000  0.025528
36155.000000  0.008757
36232.000000  0.021495
36326.000000  0.050799
36399.000000  0.003029
36501.000000  0.029440
36575.000000  0.044396
36607.000000  -0.073669
36642.000000  0.442355
36675.000000  -0.384383
36800.000000  -0.229243
36929.000000  -0.002256
37121.000000  0.064444
37184.000000  -0.048458
37342.000000  0.077235
37428.000000  -0.064795
37492.000000  -0.026156
37653.000000  0.024075
37773.000000  0.004808
37812.000000  -0.064269
37847.000000  -0.006957
37879.000000  0.002551
37921.000000  0.010662
37962.000000  -0.013552
37974.000000  0.015273
38048.000000  -0.003222
38131.000000  0.013075
38262.000000  0.026231
38351.000000  0.000127
38407.000000  -0.009789
38410.000000  -0.047221
38487.000000  0.064384
38606.000000  -0.017617
38731.000000  0.012854
38784.000000  -0.022165
38895.000000  0.033000
39045.000000  0.009928
39203.000000  0.043407
39340.000000  -0.008781
39483.000000  -0.012171
39584.000000  -0.039069
39707.000000  0.011207
39826.000000  0.027835
39899.000000  -0.018057
39923.000000  -0.050544
39980.000000  -0.023122
40076.000000  0.017153
40160.000000  0.009851
40270.000000  0.013816
40312.000000  -0.013740
40342.000000  -0.014621
40367.000000  -0.001542
40442.000000  0.013742
40523.000000  0.015184
40592.000000  -0.007588
40659.000000  0.007496
40745.000000  0.021193
40807.000000  0.024963
40809.000000  -0.095437
40820.000000  -0.000006
