816.000000  0.252224
1085.000000  -0.025493
1313.000000  -0.003794
1538.000000  -0.022508
1772.000000  0.028741
2089.000000  0.032277
2407.000000  0.034941
2669.000000  -0.002321
2905.000000  0.008667
3149.000000  -0.002473
3429.000000  0.018534
3617.000000  -0.023286
3779.000000  0.003189
3939.000000  0.042612
4073.000000  -0.086399
4225.000000  -0.020713
4348.000000  -0.035521
4356.000000  -0.068162
4433.000000  0.055081
4608.000000  0.031409
4744.000000  -0.002501
4846.000000  0.003806
4965.000000  0.002317
5111.000000  -0.005392
5279.000000  0.038288
5590.000000  0.054143
5820.000000  -0.013181
5961.000000  0.000574
6195.000000  0.043193
6369.000000  -0.009219
6534.000000  -0.021513
6712.000000  -0.006745
6854.000000  -0.039384
6936.000000  -0.004923
7041.000000  0.025786
7190.000000  0.005748
7210.000000  -0.088591
7315.000000  0.093257
7431.000000  -0.016976
7643.000000  0.039616
7665.000000  -0.104341
7896.000000  0.125306
8076.000000  -0.007470
8313.000000  0.055164
8586.000000  -0.001637
8727.000000  -0.027966
8893.000000  -0.015614
9093.000000  0.013665
9301.000000  0.031763
9512.000000  0.033583
9727.000000  0.051721
9945.000000  0.000361
10102.000000  0.012799
10227.000000  -0.046689
10381.000000  -0.003323
10555.000000  0.007083
10745.000000  -0.009619
10869.000000  -0.046476
10904.000000  -0.103260
11009.000000  0.084952
11181.000000  -0.010063
11352.000000  0.012918
11492.000000  -0.042721
11615.000000  -0.031972
11752.000000  0.000466
11913.000000  0.042820
12054.000000  -0.001556
12202.000000  -0.009452
12321.000000  -0.009169
12432.000000  -0.015315
12540.000000  0.013992
12706.000000  0.010774
12886.000000  0.029611
12937.000000  -0.055622
13124.000000  0.103224
13301.000000  -0.060137
13511.000000  0.023600
13710.000000  0.020975
13759.000000  -0.067313
13987.000000  0.093222
14239.000000  0.048130
14347.000000  -0.074258
14584.000000  0.105810
14885.000000  -0.001552
15191.000000  0.056964
15471.000000  -0.052513
15775.000000  0.053962
15984.000000  -0.034099
16252.000000  -0.019388
16321.000000  -0.034681
16617.000000  0.077992
16836.000000  -0.017885
17028.000000  -0.022962
17236.000000  0.041807
17463.000000  -0.035465
17648.000000  -0.034993
17789.000000  0.036104
17933.000000  -0.005163
18141.000000  0.057261
18354.000000  0.021363
18578.000000  0.010976
18826.000000  0.008390
19055.000000  -0.042039
19176.000000  -0.033690
19267.000000  -0.058675
19425.000000  0.035175
19607.000000  0.018973
19859.000000  0.023262
20168.000000  0.090730
20419.000000  -0.085498
20574.000000  -0.029514
20698.000000  -0.050398
20855.000000  0.050144
20961.000000  0.041206
21073.000000  0.095347
21170.000000  -0.135149
21337.000000  0.033584
21423.000000  -0.041608
21525.000000  0.010129
21614.000000  -0.037900
21785.000000  0.032387
21914.000000  -0.024866
22056.000000  0.003397
22222.000000  0.014734
22358.000000  0.005555
22562.000000  0.016245
22768.000000  0.043156
22963.000000  -0.031279
23119.000000  -0.006520
23267.000000  0.060342
23407.000000  -0.029752
23613.000000  0.033830
23696.000000  -0.096495
23873.000000  0.086428
24039.000000  -0.039972
24216.000000  -0.010888
24427.000000  0.076374
24687.000000  0.052765
24937.000000  -0.024271
25160.000000  0.032085
25357.000000  -0.040610
25522.000000  0.052368
25665.000000  -0.029308
25795.000000  0.007789
25858.000000  -0.024917
25920.000000  -0.017479
26065.000000  0.071503
26238.000000  0.023173
26416.000000  -0.024616
26604.000000  0.037841
26879.000000  0.019351
27164.000000  -0.002574
27432.000000  0.076699
27625.000000  -0.107255
27800.000000  -0.066727
27870.000000  -0.059489
28095.000000  0.304071
28256.000000  -0.134529
28348.000000  -0.206230
28432.000000  -0.053372
28602.000000  0.298012
28707.000000  -0.035146
28854.000000  0.044025
29004.000000  0.002847
29126.000000  -0.025519
29262.000000  0.074184
29356.000000  -0.019093
29464.000000  -0.343282
29579.000000  0.041948
29752.000000  0.076605
29904.000000  -0.029217
30058.000000  0.111477
30252.000000  0.231870
30446.000000  -0.010144
30637.000000  -0.003636
30832.000000  0.008740
30985.000000  -0.025658
31123.000000  -0.007771
31276.000000  -0.105132
31476.000000  0.012458
31619.000000  0.055350
31789.000000  -0.045314
31912.000000  0.065488
31986.000000  -0.113000
32050.000000  0.268033
32115.000000  -0.026685
32190.000000  0.152471
32303.000000  0.070180
32392.000000  -0.559092
32501.000000  0.006005
32593.000000  0.094923
32691.000000  -0.278720
32784.000000  0.003766
32901.000000  0.020677
33055.000000  -0.021132
33101.000000  -0.027972
33189.000000  0.031755
33288.000000  0.337569
33407.000000  0.290227
33471.000000  -0.655826
33493.000000  -0.056018
33535.000000  0.030772
33543.000000  -0.033272
33587.000000  0.014986
33621.000000  0.000212
33711.000000  0.125300
33810.000000  -0.043741
33857.000000  0.277719
33912.000000  0.036691
34031.000000  -0.256625
34088.000000  -0.151075
34124.000000  0.008636
34149.000000  -0.003834
34151.000000  -0.022688
34199.000000  0.049959
34308.000000  0.037376
34423.000000  -0.016292
34515.000000  0.001324
34576.000000  0.008327
34644.000000  -0.034695
34727.000000  0.056694
34849.000000  -0.006024
34977.000000  -0.001065
35162.000000  0.057804
35236.000000  -0.051300
35431.000000  0.045982
35667.000000  0.035174
35870.000000  0.023243
36060.000000  0.003189
36230.000000  -0.056383
36322.000000  -0.055329
36425.000000  0.035862
36504.000000  -0.086314
36609.000000  0.162290
36778.000000  -0.030723
36958.000000  0.061013
36972.000000  -0.105809
36995.000000  0.071381
37018.000000  0.069736
37018.000000  -0.298238
37049.000000  0.037709
37166.000000  0.080903
37300.000000  -0.010366
37490.000000  0.036763
37728.000000  0.036755
37976.000000  0.005243
38141.000000  -0.035709
38269.000000  -0.034013
38372.000000  -0.029380
38404.000000  -0.004286
38425.000000  -0.043152
38482.000000  0.002165
38508.000000  -0.013043
38629.000000  0.019210
38663.000000  -0.008917
38766.000000  0.041803
38855.000000  0.000340
38884.000000  -0.049429
38965.000000  0.029307
39036.000000  0.000552
39110.000000  0.001052
39183.000000  -0.011107
39264.000000  0.004961
39286.000000  -0.029660
39287.000000  0.017535
39372.000000  0.036174
39474.000000  0.013079
39556.000000  0.011420
39645.000000  -0.012322
39747.000000  -0.008798
39833.000000  0.015675
39913.000000  -0.013481
40001.000000  0.000752
40083.000000  0.025550
40197.000000  -0.022725
40304.000000  0.052018
40410.000000  -0.024715
40513.000000  0.009637
40631.000000  0.013367
40732.000000  0.032069
40784.000000  -0.037660
40816.000000  -0.086775
40817.000000  -0.015437
40821.000000  0.002589
