816.000000  0.148792
1066.000000  0.148633
1066.000000  0.000143
1261.000000  0.098402
1292.000000  0.046853
1576.000000  0.142193
1872.000000  0.154789
1900.000000  0.030003
2167.000000  0.153920
2437.000000  0.162951
2730.000000  0.219882
2930.000000  0.154108
3102.000000  0.161398
3207.000000  0.092594
3369.000000  0.114320
3489.000000  0.100348
3645.000000  0.130097
3834.000000  0.124405
4008.000000  0.136016
4179.000000  0.095473
4311.000000  0.085353
4430.000000  0.060640
4526.000000  0.044847
4610.000000  0.044614
4712.000000  0.056940
4794.000000  0.054600
4904.000000  0.072755
5024.000000  0.083008
5203.000000  0.117739
5350.000000  0.097382
5386.000000  0.083266
5543.000000  0.108354
5683.000000  0.090826
5837.000000  0.082876
5929.000000  0.083757
6043.000000  0.091153
6189.000000  0.090978
6259.000000  0.060540
6412.000000  0.104744
6555.000000  0.113145
6744.000000  0.158233
6865.000000  0.099203
7004.000000  0.114916
7179.000000  0.116057
7381.000000  0.134169
7593.000000  0.136572
7784.000000  0.144608
7927.000000  0.107565
8023.000000  0.088217
8184.000000  0.133391
8392.000000  0.146769
8633.000000  0.166939
8886.000000  0.211313
9072.000000  0.184905
9240.000000  0.200868
9362.000000  0.157239
9495.000000  0.149189
9666.000000  0.140834
9839.000000  0.174687
10014.000000  0.184068
10179.000000  0.170232
10329.000000  0.163480
10479.000000  0.098776
10636.000000  0.148230
10919.000000  0.160016
11157.000000  0.159223
11335.000000  0.149922
11494.000000  0.139573
11680.000000  0.175925
11860.000000  0.153960
12017.000000  0.134525
12282.000000  0.152698
12457.000000  0.147905
12531.000000  0.119956
12743.000000  0.180094
12910.000000  0.170586
13147.000000  0.176723
13261.000000  0.120040
13371.000000  0.164737
13518.000000  0.155423
13706.000000  0.190547
13919.000000  0.177332
14119.000000  0.186339
14192.000000  0.139320
14413.000000  0.170896
14604.000000  0.156733
14732.000000  0.141530
14841.000000  0.108492
14988.000000  0.113296
15013.000000  0.045503
15081.000000  0.048564
15134.000000  0.052644
15280.000000  0.133325
15456.000000  0.169582
15593.000000  0.173370
15804.000000  0.200718
16016.000000  0.296104
16213.000000  0.235054
16425.000000  0.235070
16683.000000  0.263024
16885.000000  0.230540
17113.000000  0.192816
17444.000000  0.223118
17705.000000  0.289795
17952.000000  0.198968
18183.000000  0.304757
18413.000000  0.215255
18603.000000  0.189771
18837.000000  0.146360
19012.000000  0.173869
19216.000000  0.195896
19305.000000  0.143973
19354.000000  0.034167
19456.000000  0.107857
19647.000000  0.066311
19736.000000  0.041194
19828.000000  0.038986
19938.000000  0.044404
20135.000000  0.131075
20310.000000  0.124237
20519.000000  0.126015
20718.000000  0.122691
20968.000000  0.143535
21188.000000  0.181779
21465.000000  0.154049
21779.000000  0.180726
22060.000000  0.186821
22207.000000  0.121186
22376.000000  0.148084
22606.000000  0.225253
22809.000000  0.270243
22975.000000  0.153464
23136.000000  0.242008
23314.000000  0.250896
23477.000000  0.280168
23623.000000  0.217033
23768.000000  0.258749
23955.000000  0.305471
24137.000000  0.298665
24344.000000  0.319626
24542.000000  0.314895
24719.000000  0.252522
24915.000000  0.288765
25115.000000  0.332299
25320.000000  0.343791
25473.000000  0.333544
25558.000000  0.295812
25782.000000  0.332234
25992.000000  0.339456
26223.000000  0.361928
26404.000000  0.471383
26522.000000  0.269916
26695.000000  0.457799
26847.000000  0.447826
27032.000000  0.545529
27104.000000  0.161152
27158.000000  0.087533
27166.000000  0.035060
27243.000000  0.110214
27365.000000  0.296901
27454.000000  0.401329
27552.000000  0.264993
27662.000000  0.192441
27763.000000  0.087689
27855.000000  0.093289
27987.000000  0.127810
28170.000000  0.266473
28372.000000  0.388401
28560.000000  0.354840
28712.000000  0.360143
28819.000000  0.326241
28941.000000  0.076983
29072.000000  0.079026
29226.000000  0.105840
29405.000000  0.158870
29552.000000  0.135557
29675.000000  0.130898
29839.000000  0.120720
29969.000000  0.115708
30095.000000  0.153972
30270.000000  0.184493
30398.000000  0.173245
30442.000000  0.142705
30549.000000  0.184785
30713.000000  0.223049
30909.000000  0.240778
31100.000000  0.289904
31284.000000  0.319580
31429.000000  0.324306
31607.000000  0.490245
31793.000000  0.514536
31911.000000  0.507564
32040.000000  0.601940
32159.000000  0.713139
32236.000000  0.853607
32288.000000  0.025529
32358.000000  0.043377
32428.000000  0.038403
32482.000000  0.032327
32535.000000  0.031809
32587.000000  0.020980
32652.000000  0.027238
32718.000000  0.075623
32752.000000  0.125108
32850.000000  0.140607
32974.000000  0.172011
33144.000000  0.664267
33295.000000  0.636851
33426.000000  0.842575
33550.000000  0.091359
33590.000000  0.047615
33701.000000  0.082283
33805.000000  0.073510
33921.000000  0.075527
34118.000000  0.144361
34369.000000  0.176275
34529.000000  0.234841
34565.000000  0.073999
34718.000000  0.103214
34844.000000  0.106219
35040.000000  0.162821
35160.000000  0.096451
35227.000000  0.056215
35359.000000  0.110624
35499.000000  0.112419
35610.000000  0.108770
35717.000000  0.157547
35803.000000  0.196629
35849.000000  0.178174
35894.000000  0.185061
35913.000000  0.266661
35960.000000  0.019998
36025.000000  0.022246
36073.000000  0.030870
36129.000000  0.030765
36182.000000  0.017824
36263.000000  0.045280
36335.000000  0.029746
36384.000000  0.026271
36461.000000  0.030916
36545.000000  0.038199
36647.000000  0.056172
36747.000000  0.061485
36766.000000  0.027491
36812.000000  0.053013
36851.000000  0.061209
36882.000000  0.029733
36898.000000  0.008987
36912.000000  0.007316
36912.000000  0.000041
36950.000000  0.058930
36987.000000  0.030617
36988.000000  0.011246
37140.000000  0.036084
37193.000000  0.040879
37252.000000  0.038111
37319.000000  0.056319
37456.000000  0.100778
37665.000000  0.175663
37932.000000  0.174096
38164.000000  0.166166
38354.000000  0.120741
38490.000000  0.094622
38616.000000  0.112466
38788.000000  0.133906
38999.000000  0.171866
39082.000000  0.074449
39088.000000  0.006793
39099.000000  0.010670
39173.000000  0.067328
39248.000000  0.032622
39264.000000  0.008145
39346.000000  0.072292
39461.000000  0.069362
39671.000000  0.093808
39836.000000  0.105895
40000.000000  0.108231
40160.000000  0.115057
40274.000000  0.082067
40334.000000  0.065708
40393.000000  0.074431
40453.000000  0.099257
40566.000000  0.113028
40630.000000  0.095648
40686.000000  0.110848
40769.000000  0.089169
40816.000000  0.060106
40817.000000  0.003202
