216.000000  0.172678
293.000000  0.053150
414.000000  0.150913
483.000000  0.088779
562.000000  0.106976
621.000000  0.128154
679.000000  0.122668
755.000000  0.128031
838.000000  0.122312
907.000000  0.126254
999.000000  0.135678
1093.000000  0.147462
1185.000000  0.133718
1248.000000  0.134013
1326.000000  0.135066
1375.000000  0.117044
1429.000000  0.106645
1473.000000  0.130974
1517.000000  0.093941
1560.000000  0.112721
1603.000000  0.126207
1667.000000  0.128673
1713.000000  0.129090
1765.000000  0.118775
1830.000000  0.128756
1913.000000  0.131524
2006.000000  0.143286
2056.000000  0.068892
2118.000000  0.132747
2227.000000  0.140991
2281.000000  0.139090
2325.000000  0.122205
2369.000000  0.116630
2412.000000  0.123025
2462.000000  0.128282
2511.000000  0.138081
2556.000000  0.114288
2619.000000  0.145302
2700.000000  0.135121
2789.000000  0.169059
2893.000000  0.179542
2967.000000  0.161620
3050.000000  0.171089
3136.000000  0.192807
3230.000000  0.161660
3344.000000  0.187098
3431.000000  0.183990
3514.000000  0.190412
3603.000000  0.158378
3686.000000  0.201176
3785.000000  0.165736
3872.000000  0.195547
3963.000000  0.200540
4028.000000  0.165289
4116.000000  0.189136
4214.000000  0.180925
4373.000000  0.215587
4472.000000  0.212136
4557.000000  0.189407
4642.000000  0.199689
4720.000000  0.162059
4766.000000  0.181584
4840.000000  0.159113
4930.000000  0.204369
5017.000000  0.214045
5104.000000  0.202817
5183.000000  0.208345
5263.000000  0.206351
5342.000000  0.200788
5426.000000  0.192579
5494.000000  0.182807
5585.000000  0.186710
5673.000000  0.203310
5743.000000  0.209614
5850.000000  0.250898
5909.000000  0.301473
5940.000000  0.273474
5979.000000  0.292950
6017.000000  0.340309
6055.000000  0.335241
6079.000000  0.385062
6080.000000  0.358611
6088.000000  0.159179
6132.000000  0.304170
6209.000000  0.289328
6226.000000  0.247167
6269.000000  0.197148
6353.000000  0.184665
6456.000000  0.184678
6556.000000  0.205155
6620.000000  0.203467
6700.000000  0.210696
6773.000000  0.209541
6837.000000  0.205831
6888.000000  0.185259
6937.000000  0.149672
6981.000000  0.175911
7035.000000  0.153941
7112.000000  0.197668
7173.000000  0.186577
7246.000000  0.170553
7330.000000  0.160983
7378.000000  0.166306
7426.000000  0.168737
7476.000000  0.163770
7523.000000  0.172617
7577.000000  0.164782
7626.000000  0.167615
7723.000000  0.187679
7808.000000  0.188256
7885.000000  0.191256
7962.000000  0.194984
8036.000000  0.215664
8139.000000  0.232377
8201.000000  0.203565
8307.000000  0.224272
8382.000000  0.215397
8465.000000  0.234599
8564.000000  0.232147
8630.000000  0.213825
8688.000000  0.227260
8777.000000  0.210027
8869.000000  0.203289
8946.000000  0.224310
9039.000000  0.242253
9116.000000  0.235634
9195.000000  0.254550
9278.000000  0.228550
9363.000000  0.232197
9469.000000  0.233057
9569.000000  0.226650
9628.000000  0.226797
9695.000000  0.221375
9779.000000  0.268005
9852.000000  0.257284
9934.000000  0.239362
10008.000000  0.241029
10102.000000  0.222060
10208.000000  0.238531
10297.000000  0.247070
10346.000000  0.232373
10389.000000  0.296552
10490.000000  0.332416
10521.000000  0.439844
10540.000000  0.200052
10592.000000  0.198375
10681.000000  0.198181
10741.000000  0.192312
10774.000000  0.200644
10806.000000  0.174691
10889.000000  0.210454
10973.000000  0.203579
11036.000000  0.212594
11126.000000  0.231433
11198.000000  0.214386
11266.000000  0.205274
11379.000000  0.226684
11457.000000  0.212695
11469.000000  0.207504
11557.000000  0.215210
11630.000000  0.203341
11703.000000  0.209612
11743.000000  0.198813
11792.000000  0.215665
11834.000000  0.205802
11943.000000  0.227199
12085.000000  0.255060
12162.000000  0.204742
12225.000000  0.213255
12276.000000  0.205466
12328.000000  0.213747
12397.000000  0.193681
12464.000000  0.212324
12520.000000  0.230499
12571.000000  0.211282
12623.000000  0.211400
12675.000000  0.212424
12742.000000  0.215734
12821.000000  0.228848
12911.000000  0.234172
12974.000000  0.152001
13048.000000  0.184839
13109.000000  0.229445
13169.000000  0.234373
13232.000000  0.216630
13291.000000  0.233062
13350.000000  0.206759
13412.000000  0.232568
13470.000000  0.168394
13543.000000  0.217527
13606.000000  0.225753
13664.000000  0.249876
13724.000000  0.233651
13800.000000  0.231639
13830.000000  0.232097
13896.000000  0.233908
13969.000000  0.232199
14050.000000  0.230182
14131.000000  0.244310
14209.000000  0.236269
14314.000000  0.225276
14420.000000  0.242562
14513.000000  0.287790
14618.000000  0.272843
14701.000000  0.291163
14779.000000  0.295499
14856.000000  0.291100
14963.000000  0.316940
15041.000000  0.243318
15117.000000  0.287926
15181.000000  0.277927
15261.000000  0.274031
15345.000000  0.344002
15452.000000  0.297541
15537.000000  0.260707
15621.000000  0.276416
15694.000000  0.268715
15769.000000  0.245759
15854.000000  0.274446
15920.000000  0.244619
15998.000000  0.273655
16054.000000  0.289513
16086.000000  0.404594
16154.000000  0.233487
16274.000000  0.263470
16369.000000  0.290772
16471.000000  0.266781
16566.000000  0.276351
16674.000000  0.309729
16742.000000  0.287427
16843.000000  0.290618
16930.000000  0.329876
17034.000000  0.325612
17150.000000  0.330801
17241.000000  0.333315
17328.000000  0.317643
17398.000000  0.308321
17485.000000  0.361463
17561.000000  0.316114
17652.000000  0.244317
17759.000000  0.283492
17834.000000  0.346874
17918.000000  0.313281
18001.000000  0.310814
18065.000000  0.318295
18160.000000  0.368922
18178.000000  0.449495
18253.000000  0.390009
18324.000000  0.376899
18427.000000  0.327120
18507.000000  0.308244
18615.000000  0.349600
18700.000000  0.350473
18791.000000  0.362284
18922.000000  0.396773
19021.000000  0.390766
19135.000000  0.371371
19215.000000  0.354990
19303.000000  0.396465
19392.000000  0.462373
19481.000000  0.426725
19580.000000  0.344710
19658.000000  0.321983
19740.000000  0.329367
19833.000000  0.340740
19885.000000  0.288085
19972.000000  0.331110
20079.000000  0.383708
20150.000000  0.307673
20218.000000  0.308472
20272.000000  0.315432
20339.000000  0.300171
20429.000000  0.320190
20518.000000  0.342750
20604.000000  0.364263
20704.000000  0.380287
20775.000000  0.349848
20884.000000  0.377229
20979.000000  0.341963
21073.000000  0.364343
21160.000000  0.408173
21249.000000  0.428001
21348.000000  0.437194
21438.000000  0.399547
21527.000000  0.386772
21630.000000  0.353616
21713.000000  0.382590
21818.000000  0.322895
21911.000000  0.400327
21958.000000  0.359498
21999.000000  0.410223
22005.000000  0.376357
22049.000000  0.446934
22110.000000  0.456011
22217.000000  0.558197
22288.000000  0.552335
22384.000000  0.491560
22433.000000  0.425374
22495.000000  0.546627
22560.000000  0.573165
22629.000000  0.650088
22681.000000  0.437362
22738.000000  0.346272
22871.000000  0.526531
22923.000000  0.459485
22974.000000  0.439113
23044.000000  0.472310
23109.000000  0.496867
23185.000000  0.469336
23273.000000  0.464065
23367.000000  0.323718
23450.000000  0.403576
23552.000000  0.371332
23630.000000  0.367820
23675.000000  0.336007
23700.000000  0.294752
23790.000000  0.433709
23865.000000  0.695509
23876.000000  0.736547
23961.000000  0.797249
24004.000000  0.612018
24012.000000  0.912429
24060.000000  0.416062
24167.000000  0.411669
24231.000000  0.396609
24290.000000  0.321955
24300.000000  0.376796
24372.000000  0.518757
24380.000000  0.651584
24466.000000  0.327942
24571.000000  0.337971
24658.000000  0.359647
24763.000000  0.343328
24771.000000  0.341979
24857.000000  0.319779
24912.000000  0.346640
24924.000000  0.319444
25006.000000  0.317869
25086.000000  0.331934
25157.000000  0.342059
25239.000000  0.352162
25332.000000  0.359064
25409.000000  0.366331
25422.000000  0.315478
25450.000000  0.351667
25468.000000  0.334648
25555.000000  0.333649
25622.000000  0.344567
25708.000000  0.288205
25814.000000  0.359532
25891.000000  0.347476
25969.000000  0.309745
26036.000000  0.370722
26124.000000  0.339555
26145.000000  0.362980
26227.000000  0.365481
26259.000000  0.372313
26331.000000  0.348430
26446.000000  0.376057
26491.000000  0.366233
26600.000000  0.376990
26680.000000  0.369401
26784.000000  0.393105
26870.000000  0.373934
26915.000000  0.389638
26981.000000  0.391269
27044.000000  0.372414
27108.000000  0.372165
27193.000000  0.410114
27233.000000  0.354805
27236.000000  0.344235
27290.000000  0.322351
27402.000000  0.345350
27506.000000  0.364165
27569.000000  0.356916
27637.000000  0.363323
27702.000000  0.375694
27801.000000  0.391267
27889.000000  0.394668
28007.000000  0.384444
28077.000000  0.373049
28155.000000  0.352504
28254.000000  0.399609
28344.000000  0.391226
28413.000000  0.370916
28495.000000  0.408302
28584.000000  0.416993
28664.000000  0.387955
28771.000000  0.420885
28837.000000  0.397662
28858.000000  0.365768
28924.000000  0.387392
29007.000000  0.400226
29052.000000  0.462392
29114.000000  0.448852
29199.000000  0.496680
29265.000000  0.402296
29359.000000  0.470757
29371.000000  0.386798
29390.000000  0.345070
29453.000000  0.363765
29545.000000  0.373493
29585.000000  0.361047
29626.000000  0.349114
29639.000000  0.346354
29717.000000  0.399519
29794.000000  0.391742
29885.000000  0.400917
29981.000000  0.401313
30048.000000  0.379592
30135.000000  0.419012
30242.000000  0.395554
30304.000000  0.395426
30371.000000  0.369587
30436.000000  0.402204
30499.000000  0.382896
30547.000000  0.395670
30586.000000  0.378361
30646.000000  0.409421
30663.000000  0.383289
30702.000000  0.378418
30765.000000  0.320363
30861.000000  0.358274
30964.000000  0.362341
31028.000000  0.395997
31118.000000  0.404309
31162.000000  0.350680
31164.000000  0.302813
31171.000000  0.362619
31174.000000  0.348256
31181.000000  0.363614
31238.000000  0.375011
31344.000000  0.366456
31377.000000  0.379179
31466.000000  0.397442
31532.000000  0.337845
31637.000000  0.405275
31737.000000  0.403828
31837.000000  0.390708
31966.000000  0.423957
32050.000000  0.397938
32117.000000  0.392234
32205.000000  0.401314
32262.000000  0.399591
32307.000000  0.386068
32350.000000  0.337222
32453.000000  0.391650
32516.000000  0.383803
32555.000000  0.377442
32578.000000  0.356487
32670.000000  0.378056
32765.000000  0.405932
32802.000000  0.329306
32853.000000  0.374509
32930.000000  0.395480
33015.000000  0.368680
33106.000000  0.375279
33217.000000  0.424774
33240.000000  0.388036
33249.000000  0.366093
33309.000000  0.378176
33312.000000  0.364230
33336.000000  0.343164
33355.000000  0.384322
33363.000000  0.378647
33515.000000  0.421222
33607.000000  0.394175
33674.000000  0.411684
33716.000000  0.409652
33769.000000  0.415727
33833.000000  0.427976
33927.000000  0.408342
34011.000000  0.396566
34091.000000  0.424066
34169.000000  0.411141
34250.000000  0.395452
34329.000000  0.380250
34354.000000  0.399133
34356.000000  0.388380
34390.000000  0.396456
34417.000000  0.386605
34440.000000  0.395653
34444.000000  0.338309
34501.000000  0.413120
34570.000000  0.344781
34623.000000  0.404800
34658.000000  0.393913
34678.000000  0.379098
34742.000000  0.434781
34830.000000  0.374884
34915.000000  0.422092
35013.000000  0.450745
35062.000000  0.429427
35151.000000  0.408655
35184.000000  0.433061
35192.000000  0.418403
35281.000000  0.434336
35323.000000  0.422832
35334.000000  0.385630
35382.000000  0.403848
35390.000000  0.392336
35396.000000  0.427102
35477.000000  0.431740
35561.000000  0.432539
35632.000000  0.432171
35727.000000  0.444182
35828.000000  0.467440
35840.000000  0.406810
35862.000000  0.429473
35954.000000  0.413819
36051.000000  0.397063
36165.000000  0.441325
36240.000000  0.408458
36327.000000  0.413613
36399.000000  0.428682
36428.000000  0.446075
36444.000000  0.390111
36445.000000  0.400106
36508.000000  0.407430
36590.000000  0.426957
36662.000000  0.415154
36758.000000  0.411686
36843.000000  0.432865
36915.000000  0.452085
37001.000000  0.456558
37024.000000  0.411190
37099.000000  0.431652
37194.000000  0.454446
37289.000000  0.455530
37359.000000  0.399870
37440.000000  0.456104
37501.000000  0.439072
37571.000000  0.444240
37659.000000  0.473052
37712.000000  0.479530
37771.000000  0.447571
37818.000000  0.459543
37819.000000  0.403500
37820.000000  0.407930
37872.000000  0.421222
37939.000000  0.380525
38023.000000  0.425610
38099.000000  0.435273
38171.000000  0.421958
38238.000000  0.385987
38239.000000  0.407562
38308.000000  0.443004
38387.000000  0.405769
38478.000000  0.412022
38548.000000  0.458837
38639.000000  0.471426
38663.000000  0.376610
38665.000000  0.396007
38733.000000  0.432160
38828.000000  0.458110
38904.000000  0.475455
38963.000000  0.418437
39039.000000  0.439563
39093.000000  0.429815
39094.000000  0.417597
39175.000000  0.464229
39256.000000  0.414464
39327.000000  0.426800
39404.000000  0.429996
39438.000000  0.427585
39486.000000  0.439348
39563.000000  0.467389
39644.000000  0.400581
39765.000000  0.467371
39786.000000  0.423923
39861.000000  0.444387
39876.000000  0.449759
39950.000000  0.434911
40043.000000  0.449473
40145.000000  0.467985
40242.000000  0.490675
40289.000000  0.467473
40296.000000  0.443597
40352.000000  0.462128
40371.000000  0.437193
40419.000000  0.432470
40495.000000  0.413206
40594.000000  0.456472
40689.000000  0.477257
40776.000000  0.470839
40817.000000  0.454434
