2285.000000  19.490877
3585.000000  -15.472482
4217.000000  -1.084219
4769.000000  0.227605
5470.000000  -0.438739
6183.000000  -0.376382
6780.000000  -0.137307
7471.000000  0.768581
8096.000000  -0.114875
8662.000000  -0.519125
9110.000000  -0.165612
9476.000000  -0.866927
9879.000000  1.174956
10472.000000  0.352281
10844.000000  -0.122645
11201.000000  -0.113629
11691.000000  -1.383650
11970.000000  0.047524
12463.000000  2.031284
12862.000000  0.718009
13402.000000  -0.632839
13839.000000  0.202129
14356.000000  -0.641281
14920.000000  -0.337286
15333.000000  -1.026978
16002.000000  -0.075253
16501.000000  0.955061
16830.000000  -0.491012
17085.000000  0.575677
17248.000000  -0.307341
17451.000000  0.622878
17899.000000  -0.383167
18217.000000  0.457134
18725.000000  0.073833
19376.000000  -0.447241
20040.000000  0.002196
20494.000000  0.038220
21006.000000  -0.163973
21252.000000  -1.316961
21504.000000  -0.304208
21787.000000  -0.210913
22239.000000  0.279121
22657.000000  0.032826
22920.000000  -0.258763
23247.000000  0.205605
23557.000000  -0.029691
24076.000000  -0.100144
24221.000000  -0.060460
24370.000000  1.156180
24617.000000  0.477129
24925.000000  0.253690
25447.000000  0.314664
25735.000000  -0.145070
26067.000000  -0.065652
26628.000000  -0.175474
27353.000000  0.555452
27901.000000  -0.066539
28411.000000  -0.571951
28884.000000  0.866486
29836.000000  -0.079551
30622.000000  0.953324
31401.000000  -0.639535
32171.000000  0.906451
33889.000000  0.186943
34524.000000  -0.818362
35444.000000  0.294060
36224.000000  0.083468
37291.000000  -0.288351
38085.000000  0.142661
38837.000000  -0.541766
39582.000000  -0.393450
40772.000000  1.217639
42957.000000  0.147481
44838.000000  -0.727971
45602.000000  -1.668594
46499.000000  0.153480
47461.000000  0.224036
48179.000000  -0.299634
48917.000000  0.008257
49731.000000  0.116715
50510.000000  -0.111965
51253.000000  -0.448155
52044.000000  0.261314
52727.000000  -0.095177
53205.000000  -0.005066
53759.000000  -0.457203
54452.000000  0.120381
55101.000000  -0.260683
55537.000000  -0.147303
56004.000000  -0.033152
56396.000000  0.613308
56709.000000  -0.579400
57025.000000  -0.033813
57264.000000  0.143013
57548.000000  -0.021798
57689.000000  -0.175191
58022.000000  0.327858
58569.000000  -0.031856
58989.000000  -0.304072
59471.000000  0.412214
59864.000000  -0.185280
60061.000000  0.146226
60184.000000  0.100948
60390.000000  -0.220263
60632.000000  -0.101415
60911.000000  0.121495
61021.000000  -0.322610
61547.000000  0.165436
62211.000000  0.174356
62857.000000  -0.003629
63527.000000  0.012585
64195.000000  0.271132
64514.000000  -0.163430
64859.000000  -0.020277
65281.000000  0.119274
65781.000000  0.072930
66540.000000  -0.252728
67080.000000  0.148208
67571.000000  -0.090487
67846.000000  0.018800
68173.000000  0.261760
68631.000000  -0.000809
68962.000000  0.357157
69136.000000  -0.310987
69495.000000  0.366555
69865.000000  -0.001522
70349.000000  -0.072859
71201.000000  0.235555
71987.000000  -0.426732
72540.000000  0.003573
72819.000000  -0.274580
73234.000000  -0.004363
73604.000000  -0.173341
73922.000000  0.060354
74188.000000  -0.234131
74644.000000  0.081618
74998.000000  -0.077021
75406.000000  0.108489
75989.000000  2.025495
76363.000000  -1.733247
76830.000000  0.093407
77401.000000  0.144627
77766.000000  -0.267139
77998.000000  -0.173103
78265.000000  -0.282116
78563.000000  0.302544
78803.000000  -0.200118
79075.000000  -0.243967
79429.000000  0.281416
79849.000000  0.032661
80376.000000  0.107378
80822.000000  -0.073507
81236.000000  0.114297
81585.000000  -0.090487
82153.000000  -0.184308
82558.000000  0.212031
82973.000000  -0.202676
83364.000000  -0.042820
83801.000000  0.127021
84161.000000  0.052341
84440.000000  -0.050953
84580.000000  -0.110249
84789.000000  0.063767
85073.000000  -0.009792
85223.000000  -0.195942
85293.000000  -0.003024
85478.000000  0.019862
85649.000000  0.057650
85741.000000  -0.112265
85745.000000  -0.010438
85777.000000  0.019796
86005.000000  0.131887
86384.000000  0.203480
86872.000000  -0.051267
87331.000000  -0.025174
87536.000000  0.019176
87582.000000  -0.119129
87590.000000  -0.147050
87715.000000  0.141741
87831.000000  -0.066479
88046.000000  -0.034348
88289.000000  0.025472
88702.000000  -0.022576
89009.000000  -0.002762
89238.000000  0.026730
89510.000000  -0.015107
90009.000000  0.080708
90365.000000  -0.038319
90620.000000  0.012196
90862.000000  -0.015324
91068.000000  0.016901
91241.000000  -0.067824
91448.000000  0.060032
91484.000000  -0.100281
91489.000000  -0.040589
