2285.000000  0.570949
2877.000000  0.514417
3355.000000  0.343228
3850.000000  0.478259
4576.000000  0.559492
5295.000000  0.543592
6094.000000  0.694087
6866.000000  0.698751
7615.000000  0.704592
8442.000000  0.742887
9260.000000  0.730957
9977.000000  0.798891
10566.000000  0.728243
11114.000000  0.654625
11427.000000  0.521764
11645.000000  0.611884
12020.000000  0.653008
12470.000000  0.709889
12912.000000  0.690677
13348.000000  0.730800
13858.000000  0.843777
14561.000000  0.900991
15233.000000  0.889419
15808.000000  0.770836
16444.000000  0.817893
17061.000000  0.794438
17585.000000  0.755038
18023.000000  0.744701
18447.000000  0.748567
19282.000000  0.948085
19945.000000  0.957193
20748.000000  1.119921
21583.000000  1.114734
22368.000000  1.205219
22952.000000  0.944725
23523.000000  1.009629
23963.000000  0.999265
24226.000000  1.043717
24782.000000  1.089756
25404.000000  1.062814
25907.000000  1.007669
26558.000000  1.055515
27201.000000  1.170899
27868.000000  1.125915
28343.000000  1.114440
28911.000000  1.093878
29515.000000  1.105431
30000.000000  1.062376
30509.000000  1.094608
30871.000000  1.046584
31352.000000  1.030921
31743.000000  1.035415
32312.000000  1.114888
32732.000000  1.079687
33280.000000  1.035121
33853.000000  1.179904
34424.000000  1.222085
34947.000000  1.110181
35344.000000  0.951686
35802.000000  0.961724
36320.000000  1.079914
36819.000000  1.085989
37462.000000  1.303278
38193.000000  1.188041
38670.000000  1.524433
39141.000000  1.526476
39583.000000  1.168653
40111.000000  1.202550
40782.000000  1.248212
41460.000000  1.410226
42184.000000  1.569785
42766.000000  1.590515
43249.000000  1.332899
43643.000000  1.237895
44054.000000  1.202427
44471.000000  1.290540
44822.000000  1.221985
45504.000000  1.373838
45940.000000  1.353135
46339.000000  1.365554
46846.000000  1.493178
47413.000000  1.503408
47990.000000  1.478197
48548.000000  1.593068
49021.000000  1.716732
49600.000000  1.589682
50087.000000  1.678451
50751.000000  1.698324
51259.000000  1.867132
51775.000000  1.883019
52163.000000  1.775767
52882.000000  1.852517
53480.000000  2.002368
54041.000000  1.969453
54916.000000  2.044111
55720.000000  1.769715
56547.000000  1.817693
57357.000000  1.842410
57911.000000  1.774035
58557.000000  1.790676
59351.000000  2.017447
59798.000000  1.750280
60327.000000  1.399986
60760.000000  1.666740
61087.000000  2.297249
61371.000000  1.170919
61830.000000  1.285067
62407.000000  1.996570
62785.000000  1.862308
63280.000000  1.921225
63771.000000  2.632738
64193.000000  1.452809
64597.000000  1.423925
64918.000000  1.491227
65262.000000  1.460007
65471.000000  2.734202
65829.000000  2.648200
66176.000000  2.560464
66688.000000  1.729187
67225.000000  2.915673
67990.000000  2.493327
68817.000000  2.172964
69293.000000  1.893780
69706.000000  1.427541
70163.000000  1.291499
70690.000000  1.518998
71202.000000  1.620333
71887.000000  1.770627
72500.000000  1.767164
73061.000000  2.207130
73496.000000  1.400971
73952.000000  1.409804
74437.000000  1.408535
74853.000000  1.388942
75271.000000  1.394129
75521.000000  1.324451
75964.000000  1.390945
76462.000000  1.551499
76802.000000  1.498485
77166.000000  1.508177
77458.000000  1.569030
77932.000000  1.936305
78468.000000  1.380849
79115.000000  1.442046
79454.000000  1.197700
79504.000000  1.432218
79568.000000  1.055000
79772.000000  1.124000
79945.000000  1.181083
80237.000000  1.254104
80321.000000  1.472581
80346.000000  1.231509
80437.000000  1.040038
80762.000000  1.156197
81290.000000  1.144921
81676.000000  1.188222
82077.000000  1.195577
82193.000000  1.160962
82494.000000  1.192693
82582.000000  1.026633
82584.000000  0.964455
82649.000000  0.964645
82911.000000  1.018648
83373.000000  1.180991
83456.000000  1.020806
83688.000000  1.103379
83949.000000  1.260064
84253.000000  1.190287
84555.000000  1.259548
84949.000000  1.176641
85305.000000  1.195026
85596.000000  1.060015
85856.000000  1.107266
86157.000000  1.060871
86438.000000  1.112249
86708.000000  1.123584
87149.000000  1.192120
87474.000000  1.139596
87489.000000  0.978791
87696.000000  1.015666
87793.000000  1.011001
88035.000000  1.048793
88110.000000  1.017495
88129.000000  1.044982
88262.000000  1.042976
88475.000000  0.978978
88728.000000  0.978572
88991.000000  1.048799
89172.000000  1.019001
89182.000000  0.919021
89198.000000  0.906871
89410.000000  0.962695
89659.000000  1.034645
89965.000000  1.038644
90508.000000  1.186774
90915.000000  1.143236
91133.000000  1.100491
91366.000000  1.120953
91473.000000  1.118909
91476.000000  0.997138
91494.000000  0.953088
