2285.000000  0.119454
2877.000000  0.139376
3355.000000  0.110231
3850.000000  0.137514
4576.000000  0.130911
5295.000000  0.159875
6094.000000  0.160613
6866.000000  0.157702
7615.000000  0.168627
8442.000000  0.168868
9260.000000  0.192818
9977.000000  0.205025
10566.000000  0.200337
11114.000000  0.203544
11427.000000  0.187764
11645.000000  0.181008
12020.000000  0.179125
12470.000000  0.169116
12912.000000  0.184591
13348.000000  0.217054
13858.000000  0.192619
14561.000000  0.193384
15233.000000  0.207052
15808.000000  0.226216
16444.000000  0.224213
17061.000000  0.234608
17585.000000  0.235395
18023.000000  0.237468
18447.000000  0.268463
19282.000000  0.266765
19945.000000  0.286254
20748.000000  0.309624
21583.000000  0.339011
22368.000000  0.334029
22952.000000  0.306331
23523.000000  0.358984
23963.000000  0.356926
24226.000000  0.354517
24782.000000  0.343473
25404.000000  0.329933
25907.000000  0.327750
26558.000000  0.351600
27201.000000  0.422407
27868.000000  0.352417
28343.000000  0.368511
28911.000000  0.363618
29515.000000  0.374525
30000.000000  0.346908
30509.000000  0.389997
30871.000000  0.348857
31352.000000  0.344014
31743.000000  0.376069
32312.000000  0.367220
32732.000000  0.400309
33280.000000  0.371862
33853.000000  0.404288
34424.000000  0.385458
34947.000000  0.365274
35344.000000  0.371109
35802.000000  0.385023
36320.000000  0.420827
36819.000000  0.437356
37462.000000  0.418222
38193.000000  0.418529
38670.000000  0.444391
39141.000000  0.405472
39583.000000  0.433790
40111.000000  0.442139
40782.000000  0.450052
41460.000000  0.454969
42184.000000  0.413297
42766.000000  0.449063
43249.000000  0.436114
43643.000000  0.429574
44054.000000  0.440343
44471.000000  0.447134
44822.000000  0.448645
45504.000000  0.448834
45940.000000  0.429087
46339.000000  0.479852
46846.000000  0.469737
47413.000000  0.450985
47990.000000  0.436325
48548.000000  0.513585
49021.000000  0.460576
49600.000000  0.506725
50087.000000  0.521145
50751.000000  0.493002
51259.000000  0.462030
51775.000000  0.450286
52163.000000  0.434226
52882.000000  0.499948
53480.000000  0.456542
54041.000000  0.477566
54916.000000  0.492410
55720.000000  0.486696
56547.000000  0.484376
57357.000000  0.465269
57911.000000  0.465005
58557.000000  0.426978
59351.000000  0.450377
59798.000000  0.487597
60327.000000  0.481982
60760.000000  0.483942
61087.000000  0.430047
61371.000000  0.415941
61830.000000  0.438718
62407.000000  0.429743
62785.000000  0.446427
63280.000000  0.438190
63771.000000  0.465894
64193.000000  0.476709
64597.000000  0.415180
64918.000000  0.429353
65262.000000  0.400859
65471.000000  0.369417
65829.000000  0.363711
66176.000000  0.339982
66688.000000  0.343904
67225.000000  0.327624
67990.000000  0.337079
68817.000000  0.342296
69293.000000  0.323647
69706.000000  0.318808
70163.000000  0.319645
70690.000000  0.309363
71202.000000  0.342835
71887.000000  0.318672
72500.000000  0.314219
73061.000000  0.352788
73496.000000  0.317232
73952.000000  0.346146
74437.000000  0.320402
74853.000000  0.334337
75271.000000  0.326321
75521.000000  0.318583
75964.000000  0.312294
76462.000000  0.279892
76802.000000  0.282062
77166.000000  0.296168
77458.000000  0.259935
77932.000000  0.260260
78468.000000  0.271480
79115.000000  0.276359
79454.000000  0.234988
79504.000000  0.223508
79568.000000  0.232016
79772.000000  0.216397
79945.000000  0.207876
80237.000000  0.210894
80321.000000  0.200042
80346.000000  0.174421
80437.000000  0.192309
80762.000000  0.201265
81290.000000  0.191666
81676.000000  0.196831
82077.000000  0.184497
82193.000000  0.199902
82494.000000  0.161374
82582.000000  0.142449
82584.000000  0.136839
82649.000000  0.130545
82911.000000  0.140017
83373.000000  0.158175
83456.000000  0.132034
83688.000000  0.138019
83949.000000  0.145141
84253.000000  0.127689
84555.000000  0.128385
84949.000000  0.141086
85305.000000  0.137154
85596.000000  0.108843
85856.000000  0.105134
86157.000000  0.101048
86438.000000  0.100389
86708.000000  0.095695
87149.000000  0.111697
87474.000000  0.086286
87489.000000  0.097578
87696.000000  0.089029
87793.000000  0.071741
88035.000000  0.071978
88110.000000  0.075273
88129.000000  0.063775
88262.000000  0.062417
88475.000000  0.067372
88728.000000  0.067556
88991.000000  0.065727
89172.000000  0.063542
89182.000000  0.050876
89198.000000  0.065937
89410.000000  0.051995
89659.000000  0.059851
89965.000000  0.059699
90508.000000  0.084422
90915.000000  0.068188
91133.000000  0.064615
91366.000000  0.056086
91473.000000  0.046724
91476.000000  0.045940
91494.000000  0.036110
