2285.000000  0.119454
2877.000000  0.019922
3355.000000  -0.029145
3850.000000  0.027283
4576.000000  -0.006604
5295.000000  0.028965
6094.000000  0.000738
6866.000000  -0.002911
7615.000000  0.010925
8442.000000  0.000241
9260.000000  0.023949
9977.000000  0.012207
10566.000000  -0.004687
11114.000000  0.003207
11427.000000  -0.015780
11645.000000  -0.006756
12020.000000  -0.001883
12470.000000  -0.010009
12912.000000  0.015475
13348.000000  0.032463
13858.000000  -0.024435
14561.000000  0.000765
15233.000000  0.013668
15808.000000  0.019164
16444.000000  -0.002002
17061.000000  0.010395
17585.000000  0.000786
18023.000000  0.002074
18447.000000  0.030994
19282.000000  -0.001698
19945.000000  0.019490
20748.000000  0.023369
21583.000000  0.029388
22368.000000  -0.004982
22952.000000  -0.027698
23523.000000  0.052654
23963.000000  -0.002058
24226.000000  -0.002410
24782.000000  -0.011044
25404.000000  -0.013540
25907.000000  -0.002183
26558.000000  0.023850
27201.000000  0.070807
27868.000000  -0.069990
28343.000000  0.016093
28911.000000  -0.004893
29515.000000  0.010907
30000.000000  -0.027617
30509.000000  0.043089
30871.000000  -0.041140
31352.000000  -0.004842
31743.000000  0.032055
32312.000000  -0.008849
32732.000000  0.033089
33280.000000  -0.028447
33853.000000  0.032426
34424.000000  -0.018830
34947.000000  -0.020184
35344.000000  0.005835
35802.000000  0.013914
36320.000000  0.035804
36819.000000  0.016529
37462.000000  -0.019134
38193.000000  0.000307
38670.000000  0.025862
39141.000000  -0.038918
39583.000000  0.028318
40111.000000  0.008349
40782.000000  0.007914
41460.000000  0.004917
42184.000000  -0.041672
42766.000000  0.035766
43249.000000  -0.012949
43643.000000  -0.006540
44054.000000  0.010769
44471.000000  0.006791
44822.000000  0.001511
45504.000000  0.000189
45940.000000  -0.019747
46339.000000  0.050764
46846.000000  -0.010115
47413.000000  -0.018752
47990.000000  -0.014660
48548.000000  0.077260
49021.000000  -0.053009
49600.000000  0.046149
50087.000000  0.014420
50751.000000  -0.028143
51259.000000  -0.030972
51775.000000  -0.011744
52163.000000  -0.016060
52882.000000  0.065722
53480.000000  -0.043406
54041.000000  0.021023
54916.000000  0.014845
55720.000000  -0.005714
56547.000000  -0.002321
57357.000000  -0.019107
57911.000000  -0.000264
58557.000000  -0.038027
59351.000000  0.023399
59798.000000  0.037220
60327.000000  -0.005615
60760.000000  0.001960
61087.000000  -0.053895
61371.000000  -0.014106
61830.000000  0.022777
62407.000000  -0.008976
62785.000000  0.016684
63280.000000  -0.008237
63771.000000  0.027704
64193.000000  0.010815
64597.000000  -0.061528
64918.000000  0.014172
65262.000000  -0.028494
65471.000000  -0.031441
65829.000000  -0.005707
66176.000000  -0.023729
66688.000000  0.003922
67225.000000  -0.016280
67990.000000  0.009455
68817.000000  0.005217
69293.000000  -0.018649
69706.000000  -0.004839
70163.000000  0.000837
70690.000000  -0.010282
71202.000000  0.033472
71887.000000  -0.024163
72500.000000  -0.004453
73061.000000  0.038569
73496.000000  -0.035556
73952.000000  0.028914
74437.000000  -0.025744
74853.000000  0.013935
75271.000000  -0.008015
75521.000000  -0.007738
75964.000000  -0.006289
76462.000000  -0.032402
76802.000000  0.002169
77166.000000  0.014107
77458.000000  -0.036234
77932.000000  0.000325
78468.000000  0.011220
79115.000000  0.004880
79454.000000  -0.041372
79504.000000  -0.011480
79568.000000  0.008508
79772.000000  -0.015618
79945.000000  -0.008522
80237.000000  0.003018
80321.000000  -0.010853
80346.000000  -0.025621
80437.000000  0.017888
80762.000000  0.008956
81290.000000  -0.009599
81676.000000  0.005165
82077.000000  -0.012334
82193.000000  0.015404
82494.000000  -0.038528
82582.000000  -0.018925
82584.000000  -0.005610
82649.000000  -0.006295
82911.000000  0.009472
83373.000000  0.018158
83456.000000  -0.026140
83688.000000  0.005984
83949.000000  0.007122
84253.000000  -0.017452
84555.000000  0.000696
84949.000000  0.012700
85305.000000  -0.003932
85596.000000  -0.028310
85856.000000  -0.003710
86157.000000  -0.004086
86438.000000  -0.000659
86708.000000  -0.004694
87149.000000  0.016002
87474.000000  -0.025411
87489.000000  0.011293
87696.000000  -0.008550
87793.000000  -0.017288
88035.000000  0.000237
88110.000000  0.003295
88129.000000  -0.011499
88262.000000  -0.001358
88475.000000  0.004955
88728.000000  0.000185
88991.000000  -0.001829
89172.000000  -0.002185
89182.000000  -0.012666
89198.000000  0.015060
89410.000000  -0.013941
89659.000000  0.007855
89965.000000  -0.000151
90508.000000  0.024723
90915.000000  -0.016234
91133.000000  -0.003573
91366.000000  -0.008529
91473.000000  -0.009362
91476.000000  -0.000784
91494.000000  -0.009830
