2285.000000  95.638626
3576.000000  91.456223
4130.000000  89.663307
4783.000000  89.465752
5651.000000  87.734406
6758.000000  85.194778
7757.000000  87.752106
8580.000000  88.606659
9232.000000  85.833321
9891.000000  88.086311
10671.000000  85.368881
11243.000000  87.114815
11617.000000  89.380615
12092.000000  84.446953
12442.000000  76.449371
12924.000000  87.053726
13429.000000  84.697357
13783.000000  83.308067
14232.000000  82.650391
14713.000000  81.572746
15290.000000  81.301888
15603.000000  82.043625
16008.000000  79.530701
16497.000000  78.688797
16958.000000  79.048691
17260.000000  80.014290
17499.000000  83.130463
18060.000000  78.348335
18835.000000  85.276863
19608.000000  81.411125
20125.000000  76.736465
20813.000000  83.570351
21414.000000  83.760750
22243.000000  83.145096
22860.000000  80.940804
23619.000000  78.980919
24348.000000  80.379539
24762.000000  84.818390
25201.000000  70.541122
25517.000000  62.052261
25777.000000  62.223763
26120.000000  62.929176
26383.000000  58.656830
26692.000000  71.243851
27125.000000  72.821716
27574.000000  70.539818
27990.000000  19.144867
28109.000000  14.245941
28674.000000  57.770550
29137.000000  72.961609
29583.000000  71.158302
30085.000000  64.903549
30668.000000  49.349380
30988.000000  52.522945
31165.000000  46.214741
31371.000000  47.074963
31644.000000  46.429722
31789.000000  22.867157
31967.000000  45.739071
32027.000000  34.852737
32425.000000  47.946808
32616.000000  5.477175
32915.000000  2.114832
33178.000000  7.856062
33400.000000  19.897526
33639.000000  52.056648
34014.000000  57.550846
34322.000000  67.166252
34636.000000  67.446762
35088.000000  74.116745
35488.000000  75.043587
35811.000000  69.782028
36157.000000  69.154129
36412.000000  56.871796
36772.000000  60.291542
37127.000000  36.311501
37586.000000  55.747253
38157.000000  53.701382
38610.000000  46.892925
38758.000000  42.939789
39193.000000  60.969715
39726.000000  67.200996
40048.000000  59.874928
40387.000000  49.746418
40953.000000  54.195957
41335.000000  59.840714
42106.000000  70.205101
43133.000000  69.740715
43897.000000  67.027054
44693.000000  65.036255
45280.000000  39.445992
45977.000000  58.708286
46743.000000  71.145508
47419.000000  66.257965
48135.000000  57.178169
48806.000000  64.208611
49511.000000  68.054237
50415.000000  64.533684
51026.000000  60.245163
51660.000000  58.891369
52341.000000  49.229259
53094.000000  51.153519
54043.000000  58.476109
54867.000000  67.335533
55468.000000  61.305897
55954.000000  51.331787
56550.000000  48.616554
57047.000000  48.009594
57546.000000  48.899376
58054.000000  45.086903
58646.000000  48.405930
59260.000000  48.429848
59742.000000  51.755207
60182.000000  53.703606
60507.000000  35.229206
61126.000000  30.953682
61853.000000  48.948578
62398.000000  37.574154
63276.000000  47.292011
64043.000000  44.795082
64991.000000  53.159054
65749.000000  56.761784
66344.000000  52.184547
66977.000000  51.509621
67534.000000  47.171429
68155.000000  43.160267
68612.000000  51.749390
68880.000000  35.811348
69332.000000  31.216747
69555.000000  38.775642
69868.000000  27.630911
70212.000000  25.257858
70737.000000  29.069828
71278.000000  27.043306
71862.000000  28.261158
72392.000000  28.736786
72791.000000  20.105413
72925.000000  4.152428
73213.000000  7.199432
73715.000000  23.098269
74189.000000  26.089388
74622.000000  26.813503
75041.000000  34.607388
75280.000000  17.975967
75522.000000  16.135948
76045.000000  20.998880
76507.000000  20.601004
76877.000000  5.929873
77285.000000  11.480011
77668.000000  12.356563
77912.000000  14.779535
78233.000000  6.369720
78639.000000  21.565168
78914.000000  17.363201
78990.000000  0.133832
79129.000000  17.911369
79413.000000  17.043697
79838.000000  21.440191
80050.000000  24.959997
80304.000000  2.948689
80577.000000  0.431440
80805.000000  1.057520
81276.000000  15.683285
81420.000000  3.048558
81680.000000  5.547477
82293.000000  38.540745
82981.000000  35.624924
83327.000000  30.515789
83875.000000  23.413084
84241.000000  19.016754
84449.000000  17.884428
84805.000000  27.785906
85025.000000  13.513052
85090.000000  2.586985
85163.000000  12.422775
85250.000000  0.115162
85524.000000  8.093639
85886.000000  21.605724
86363.000000  21.454071
86719.000000  15.145395
87030.000000  16.337549
87358.000000  17.115704
87537.000000  3.123370
87770.000000  24.093939
87971.000000  24.500906
88088.000000  23.096203
88136.000000  19.342649
88151.000000  0.417409
88414.000000  16.781071
88710.000000  20.597332
88942.000000  16.410572
89235.000000  21.737476
89681.000000  24.124199
89997.000000  21.150244
90202.000000  20.234901
90224.000000  1.687376
90224.000000  0.088136
90461.000000  9.365049
90709.000000  6.628782
90944.000000  16.597248
91285.000000  25.018627
91465.000000  15.679678
91501.000000  8.560776
