576.000000  0.181007
715.000000  0.129827
891.000000  0.136010
1087.000000  0.134665
1240.000000  0.171742
1349.000000  0.150937
1451.000000  0.142143
1555.000000  0.139026
1668.000000  0.170757
1767.000000  0.151918
1917.000000  0.150995
2035.000000  0.150238
2161.000000  0.162281
2310.000000  0.158027
2345.000000  0.087534
2496.000000  0.148295
2648.000000  0.182289
2810.000000  0.202984
2971.000000  0.232529
3075.000000  0.203870
3178.000000  0.214319
3237.000000  0.116026
3361.000000  0.148737
3493.000000  0.164196
3619.000000  0.173987
3633.000000  0.067921
3717.000000  0.144685
3779.000000  0.119135
3839.000000  0.119264
3926.000000  0.155028
4014.000000  0.174844
4110.000000  0.162981
4226.000000  0.175804
4314.000000  0.180279
4376.000000  0.170243
4527.000000  0.207830
4699.000000  0.244282
4724.000000  0.100633
4871.000000  0.205421
5010.000000  0.208594
5096.000000  0.140651
5201.000000  0.141401
5216.000000  0.087277
5345.000000  0.154304
5534.000000  0.189887
5596.000000  0.131871
5770.000000  0.193429
5934.000000  0.208821
6077.000000  0.220084
6253.000000  0.226661
6459.000000  0.260018
6650.000000  0.256377
6677.000000  0.115832
6844.000000  0.254328
6991.000000  0.276954
7122.000000  0.260737
7315.000000  0.302276
7481.000000  0.288021
7625.000000  0.256134
7785.000000  0.240624
7907.000000  0.235912
8014.000000  0.257988
8114.000000  0.282398
8165.000000  0.148333
8313.000000  0.226279
8470.000000  0.231599
8600.000000  0.251866
8730.000000  0.249511
8878.000000  0.402440
8944.000000  0.344993
9102.000000  0.240703
9249.000000  0.258013
9387.000000  0.238051
9561.000000  0.243108
9696.000000  0.235503
9842.000000  0.247879
9906.000000  0.175160
10033.000000  0.228916
10110.000000  0.193976
10171.000000  0.160307
10242.000000  0.177126
10324.000000  0.186002
10471.000000  0.219724
10608.000000  0.238477
10784.000000  0.250014
10954.000000  0.251064
11021.000000  0.204919
11172.000000  0.253543
11316.000000  0.243729
11346.000000  0.179168
11440.000000  0.218296
11562.000000  0.247523
11637.000000  0.234170
11710.000000  0.222332
11780.000000  0.200757
11856.000000  0.184154
11957.000000  0.201021
12055.000000  0.207371
12118.000000  0.202425
12172.000000  0.188460
12253.000000  0.222750
12334.000000  0.227481
12431.000000  0.194496
12473.000000  0.155737
12590.000000  0.206807
12625.000000  0.162662
12746.000000  0.226886
12940.000000  0.262791
13112.000000  0.258209
13282.000000  0.247567
13416.000000  0.242249
13541.000000  0.236722
13647.000000  0.237598
13781.000000  0.229407
13897.000000  0.236382
14013.000000  0.241407
14125.000000  0.232769
14247.000000  0.235376
14315.000000  0.186515
14467.000000  0.239669
14590.000000  0.265582
14715.000000  0.267286
14853.000000  0.278253
14976.000000  0.281142
15078.000000  0.272616
15202.000000  0.310153
15347.000000  0.333095
15559.000000  0.364018
15795.000000  0.375945
16000.000000  0.413379
16189.000000  0.414281
16290.000000  0.364065
16477.000000  0.398941
16631.000000  0.357954
16732.000000  0.335096
16832.000000  0.330583
16963.000000  0.429225
17024.000000  0.321734
17056.000000  0.229665
17100.000000  0.364469
17176.000000  0.403524
17240.000000  0.389562
17342.000000  0.444847
17454.000000  0.399110
17585.000000  0.355961
17706.000000  0.389109
17824.000000  0.319913
17908.000000  0.242097
17966.000000  0.239073
18069.000000  0.250653
18153.000000  0.255731
18276.000000  0.273569
18361.000000  0.255359
18483.000000  0.302234
18611.000000  0.309802
18686.000000  0.362038
18787.000000  0.340280
18905.000000  0.326656
18960.000000  0.314260
19002.000000  0.329768
19053.000000  0.321062
19209.000000  0.337217
19367.000000  0.349462
19434.000000  0.287565
19511.000000  0.337489
19588.000000  0.339500
19720.000000  0.345060
19795.000000  0.321343
19904.000000  0.358860
20070.000000  0.340578
20225.000000  0.411414
20317.000000  0.356493
20444.000000  0.416213
20572.000000  0.400146
20676.000000  0.339911
20745.000000  0.325189
20836.000000  0.405607
20925.000000  0.350885
21000.000000  0.355041
21088.000000  0.433829
21157.000000  0.476101
21237.000000  0.376950
21303.000000  0.265891
21348.000000  0.444849
21417.000000  0.434467
21511.000000  0.498093
21665.000000  0.479307
21810.000000  0.423077
21954.000000  0.515467
22046.000000  0.450048
22210.000000  0.465988
22342.000000  0.582821
22456.000000  0.510400
22565.000000  0.456205
22654.000000  0.581536
22738.000000  0.792675
22869.000000  0.375778
22968.000000  0.333076
23085.000000  0.345466
23158.000000  0.318946
23202.000000  0.256143
23261.000000  0.264350
23362.000000  0.453169
23513.000000  0.559165
23639.000000  0.625758
23746.000000  0.444745
23856.000000  0.405433
23966.000000  0.558656
24081.000000  0.590460
24183.000000  0.601305
24263.000000  0.634085
24304.000000  0.639296
24322.000000  0.266415
24378.000000  0.288522
24469.000000  0.316823
24520.000000  0.286559
24579.000000  0.301529
24634.000000  0.872506
24673.000000  0.288565
24721.000000  0.288123
24770.000000  0.299676
24857.000000  0.497997
24964.000000  0.518683
25042.000000  0.508946
25137.000000  0.491450
25296.000000  0.510459
25424.000000  0.455971
25545.000000  0.536176
25730.000000  0.574414
25883.000000  0.482663
25940.000000  0.415140
26040.000000  0.346447
26124.000000  0.374387
26270.000000  0.534156
26327.000000  0.608283
26387.000000  0.357208
26428.000000  0.328686
26436.000000  0.357515
26436.000000  0.254279
26462.000000  0.296059
26468.000000  0.607049
26474.000000  0.731491
26580.000000  0.336289
26719.000000  0.337949
26897.000000  0.385880
27054.000000  0.403985
27156.000000  0.350517
27245.000000  0.340464
27312.000000  0.344100
27402.000000  0.355435
27458.000000  0.340717
27491.000000  0.348375
27535.000000  0.358999
27579.000000  0.344311
27614.000000  0.361442
27633.000000  0.321085
27693.000000  0.305063
27792.000000  0.328687
27909.000000  0.339534
28042.000000  0.347841
28185.000000  0.384018
28326.000000  0.364334
28457.000000  0.365560
28551.000000  0.364263
28643.000000  0.349411
28758.000000  0.383612
28908.000000  0.368181
29036.000000  0.374840
29180.000000  0.401742
29297.000000  0.410597
29388.000000  0.414708
29456.000000  0.366261
29524.000000  0.365238
29568.000000  0.350215
29683.000000  0.420527
29793.000000  0.426695
29883.000000  0.427037
30044.000000  0.464508
30125.000000  0.420456
30241.000000  0.440464
30346.000000  0.386381
30458.000000  0.394630
30588.000000  0.401229
30683.000000  0.391252
30729.000000  0.359635
30870.000000  0.478308
30980.000000  0.440926
31071.000000  0.458080
31121.000000  0.390648
31265.000000  0.461817
31461.000000  0.477463
31652.000000  0.493787
31739.000000  0.424598
31843.000000  0.417195
31940.000000  0.394140
32002.000000  0.408445
32055.000000  0.400359
32173.000000  0.440902
32253.000000  0.406065
32325.000000  0.434200
32403.000000  0.484237
32519.000000  0.519143
32558.000000  0.404269
32583.000000  0.371647
32618.000000  0.394548
32666.000000  0.362037
32727.000000  0.365488
32826.000000  0.481943
32863.000000  0.448810
32979.000000  0.509375
33091.000000  0.510692
33209.000000  0.506125
33266.000000  0.374872
33319.000000  0.446053
33331.000000  0.369117
33357.000000  0.409311
33399.000000  0.430798
33443.000000  0.430333
33491.000000  0.437528
33539.000000  0.403547
33587.000000  0.410950
33644.000000  0.421544
33751.000000  0.429617
33835.000000  0.426811
33890.000000  0.407057
33964.000000  0.386659
34052.000000  0.385143
34151.000000  0.408725
34206.000000  0.416280
34300.000000  0.422631
34347.000000  0.398575
34432.000000  0.482031
34509.000000  0.440211
34561.000000  0.445513
34669.000000  0.510821
34800.000000  0.564363
34956.000000  0.630641
35077.000000  0.613731
35183.000000  0.535985
35281.000000  0.528629
35339.000000  0.487188
35397.000000  0.487057
35494.000000  0.383665
35536.000000  0.510261
35570.000000  0.491766
35601.000000  0.536184
35612.000000  0.471790
35635.000000  0.425198
35710.000000  0.385648
35763.000000  0.385691
35809.000000  0.367825
35865.000000  0.381925
35916.000000  0.374800
35978.000000  0.415189
36069.000000  0.527962
36096.000000  0.579313
36143.000000  0.361235
36207.000000  0.371769
36302.000000  0.426740
36369.000000  0.405042
36422.000000  0.366180
36457.000000  0.361441
36562.000000  0.416608
36706.000000  0.411093
36788.000000  0.387597
36870.000000  0.438996
36901.000000  0.443547
36938.000000  0.440163
36976.000000  0.436327
37017.000000  0.463867
37077.000000  0.452038
37095.000000  0.486622
37152.000000  0.475541
37276.000000  0.511487
37310.000000  0.402566
37444.000000  0.523986
37587.000000  0.514615
37751.000000  0.473235
37869.000000  0.441616
37992.000000  0.452381
38093.000000  0.450179
38177.000000  0.439878
38257.000000  0.452557
38304.000000  0.422644
38387.000000  0.439758
38526.000000  0.594919
38578.000000  0.432237
38672.000000  0.440997
38786.000000  0.476492
38866.000000  0.449076
38904.000000  0.403438
38946.000000  0.554175
39012.000000  0.586093
39086.000000  0.595966
39139.000000  0.535591
39182.000000  0.506542
39207.000000  0.413121
39258.000000  0.417970
39290.000000  0.426663
39320.000000  0.484321
39334.000000  0.559806
39375.000000  0.379323
39441.000000  0.404566
39516.000000  0.402056
39604.000000  0.424909
39692.000000  0.450324
39743.000000  0.406975
39766.000000  0.411716
39794.000000  0.419729
39796.000000  0.380863
39824.000000  0.415698
39880.000000  0.389801
39948.000000  0.405612
40037.000000  0.418396
40131.000000  0.445708
40216.000000  0.450393
40248.000000  0.412680
40286.000000  0.432740
40334.000000  0.444023
40367.000000  0.428204
40372.000000  0.388894
40461.000000  0.449080
40494.000000  0.397716
40536.000000  0.441601
40607.000000  0.450215
40661.000000  0.447445
40732.000000  0.477355
40805.000000  0.476756
40822.000000  0.406175
