269.000000  2.030650
332.000000  0.157644
375.000000  0.188655
432.000000  0.094406
478.000000  0.085141
511.000000  0.200555
568.000000  0.268708
571.000000  0.013219
595.000000  0.209651
669.000000  0.257473
728.000000  0.285766
791.000000  0.257186
846.000000  0.230012
900.000000  0.249371
908.000000  0.179483
958.000000  0.144155
1004.000000  0.220200
1022.000000  0.001516
1075.000000  0.222453
1115.000000  0.207187
1156.000000  0.141379
1192.000000  0.251144
1230.000000  0.142974
1253.000000  0.107622
1304.000000  0.268720
1344.000000  0.230906
1391.000000  0.272831
1436.000000  0.187746
1465.000000  0.324086
1503.000000  0.129671
1503.000000  0.000402
1538.000000  0.211625
1568.000000  0.057997
1612.000000  0.253753
1655.000000  0.251609
1710.000000  0.137306
1768.000000  0.216699
1809.000000  0.225758
1862.000000  0.330388
1903.000000  0.262515
1937.000000  0.319967
1978.000000  0.351308
2027.000000  0.373265
2089.000000  0.409712
2121.000000  0.344999
2166.000000  0.376259
2197.000000  0.303369
2238.000000  0.336171
2286.000000  0.278206
2331.000000  0.279902
2380.000000  0.348521
2416.000000  0.240335
2441.000000  0.343921
2474.000000  0.196487
2487.000000  0.001151
2530.000000  0.269605
2587.000000  0.395812
2646.000000  0.258415
2692.000000  0.179533
2735.000000  0.245916
2785.000000  0.294645
2814.000000  0.190960
2847.000000  0.249416
2886.000000  0.226929
2934.000000  0.234412
2973.000000  0.232228
3000.000000  0.282881
3027.000000  0.255465
3046.000000  0.240618
3076.000000  0.210200
3105.000000  0.199148
3146.000000  0.236373
3180.000000  0.100997
3230.000000  0.276805
3264.000000  0.202602
3299.000000  0.258501
3332.000000  0.103831
3365.000000  0.224808
3396.000000  0.108811
3419.000000  0.226600
3452.000000  0.209606
3461.000000  0.098181
3487.000000  0.105959
3509.000000  0.137293
3534.000000  0.136137
3555.000000  0.177645
3590.000000  0.184371
3605.000000  0.050651
3640.000000  0.059458
3686.000000  0.177651
3697.000000  0.054970
3721.000000  0.164741
3743.000000  0.136449
3771.000000  0.139995
3799.000000  0.114789
3839.000000  0.091220
3890.000000  0.199184
3892.000000  0.037724
3943.000000  0.137066
3967.000000  0.151182
4008.000000  0.166652
4027.000000  0.145666
4060.000000  0.088146
4119.000000  0.128494
4159.000000  0.134930
4200.000000  0.104397
4215.000000  0.000347
4251.000000  0.068996
4284.000000  0.055667
4314.000000  0.066210
4366.000000  0.081085
4415.000000  0.055959
4452.000000  0.037241
4495.000000  0.096719
4547.000000  0.085744
4585.000000  0.025984
4618.000000  0.018884
4665.000000  0.029182
4714.000000  0.003946
4761.000000  0.037321
4799.000000  0.053124
4827.000000  0.036026
4862.000000  0.005481
4912.000000  0.044164
4973.000000  0.058233
5017.000000  0.035815
5057.000000  0.036266
5102.000000  0.013113
5149.000000  0.013295
5188.000000  0.000107
5221.000000  0.000024
5255.000000  0.000027
5285.000000  0.000024
5339.000000  0.041593
5398.000000  0.043207
5441.000000  0.036024
5492.000000  0.035473
5565.000000  0.060846
5565.000000  0.000309
5612.000000  0.080970
5658.000000  0.099538
5708.000000  0.059210
5742.000000  0.063608
5770.000000  0.041012
5796.000000  0.080700
5838.000000  0.118308
5884.000000  0.039105
5932.000000  0.143983
5992.000000  0.083330
6004.000000  0.058022
6045.000000  0.000183
6112.000000  0.029962
6162.000000  0.016077
6163.000000  0.000072
6198.000000  0.013488
6244.000000  0.076514
6288.000000  0.050120
6335.000000  0.115239
6378.000000  0.119324
6417.000000  0.046253
6455.000000  0.124201
6486.000000  0.061206
6522.000000  0.052066
6566.000000  0.105795
6635.000000  0.090192
6667.000000  0.068689
6718.000000  0.115917
6745.000000  0.088388
6808.000000  0.093678
6887.000000  0.104543
6919.000000  0.020060
6969.000000  0.009873
7005.000000  0.027490
7035.000000  0.014995
7086.000000  0.005216
7127.000000  0.018632
7157.000000  0.000120
7204.000000  0.000034
7234.000000  0.065066
7283.000000  0.063401
7316.000000  0.130410
7339.000000  0.085508
7357.000000  0.114789
7381.000000  0.136218
7410.000000  0.086187
7444.000000  0.139532
7477.000000  0.133818
7497.000000  0.131136
7530.000000  0.127456
7546.000000  0.080312
7572.000000  0.093273
7577.000000  0.054023
7614.000000  0.109824
7645.000000  0.107423
7703.000000  0.160612
7741.000000  0.124365
7779.000000  0.095713
7829.000000  0.115869
7881.000000  0.092175
7913.000000  0.081326
7959.000000  0.069367
8005.000000  0.120466
8055.000000  0.092722
8055.000000  0.000614
8078.000000  0.071699
8099.000000  0.039166
8122.000000  0.042722
8130.000000  0.032015
8158.000000  0.041017
8185.000000  0.036457
8211.000000  0.036102
8252.000000  0.061683
8287.000000  0.057510
8312.000000  0.045238
8344.000000  0.046237
8391.000000  0.065116
8422.000000  0.023405
8439.000000  0.015554
8487.000000  0.051631
8528.000000  0.050856
8558.000000  0.035178
8576.000000  0.013663
8597.000000  0.004823
8630.000000  0.009910
8678.000000  0.019572
8711.000000  0.017524
8735.000000  0.007107
8755.000000  0.000086
8786.000000  0.004810
8820.000000  0.011541
8841.000000  0.007352
8844.000000  0.001235
8852.000000  0.005326
8867.000000  0.006115
8878.000000  0.000074
8896.000000  0.005149
8922.000000  0.006237
8940.000000  0.035734
8954.000000  0.004153
8970.000000  0.023410
8985.000000  0.029509
9010.000000  0.025143
9034.000000  0.026977
9054.000000  0.020331
9074.000000  0.001632
9093.000000  0.016421
9130.000000  0.041763
9143.000000  0.027253
9147.000000  0.001164
9170.000000  0.000076
9215.000000  0.016335
9239.000000  0.000350
9276.000000  0.000072
9311.000000  0.009291
9366.000000  0.029722
9394.000000  0.015554
9413.000000  0.020593
9462.000000  0.039744
9512.000000  0.043952
9532.000000  0.009054
9563.000000  0.006182
9578.000000  0.006712
9596.000000  0.007729
9603.000000  0.005941
9618.000000  0.007737
9625.000000  0.001535
9671.000000  0.055115
9695.000000  0.005747
9725.000000  0.000082
9742.000000  0.026061
9776.000000  0.035058
9800.000000  0.015672
9805.000000  0.003844
9853.000000  0.053168
9879.000000  0.017841
9917.000000  0.049544
9945.000000  0.059524
9967.000000  0.050510
9989.000000  0.058423
10021.000000  0.042375
10044.000000  0.033294
10072.000000  0.025369
10090.000000  0.028115
10103.000000  0.009548
10115.000000  0.011662
10132.000000  0.005902
10163.000000  0.011169
10185.000000  0.002844
10194.000000  0.003316
10202.000000  0.002628
10218.000000  0.039665
10238.000000  0.033585
10260.000000  0.039580
10277.000000  0.029775
10300.000000  0.017293
10320.000000  0.009982
10342.000000  0.027555
10357.000000  0.017134
10376.000000  0.023438
