269.000000  96.289062
332.000000  79.856216
375.000000  87.821457
432.000000  80.547241
478.000000  78.823685
511.000000  86.399223
568.000000  88.507851
571.000000  34.929485
595.000000  86.394104
669.000000  87.887802
728.000000  86.976761
791.000000  88.257034
846.000000  87.387558
900.000000  87.731476
908.000000  79.035187
958.000000  82.726723
1004.000000  85.893082
1022.000000  4.931621
1075.000000  85.922638
1115.000000  85.682472
1156.000000  82.159225
1192.000000  85.646889
1230.000000  72.525703
1253.000000  77.466324
1304.000000  85.914841
1344.000000  86.442741
1391.000000  87.171341
1436.000000  83.858475
1465.000000  89.329865
1503.000000  78.168121
1503.000000  1.283286
1538.000000  84.430313
1568.000000  56.915005
1612.000000  84.094902
1655.000000  86.569809
1710.000000  74.078026
1768.000000  83.720520
1809.000000  84.430397
1862.000000  87.752548
1903.000000  81.100410
1937.000000  84.880806
1978.000000  87.564064
2027.000000  87.335655
2089.000000  87.331337
2121.000000  85.695374
2166.000000  87.270859
2197.000000  84.676949
2238.000000  82.909950
2286.000000  83.665451
2331.000000  83.381691
2380.000000  85.347084
2416.000000  80.144211
2441.000000  81.698257
2474.000000  73.287354
2487.000000  1.712249
2530.000000  81.046387
2587.000000  85.063675
2646.000000  80.199844
2692.000000  73.782692
2735.000000  76.257736
2785.000000  80.660156
2814.000000  74.891937
2847.000000  79.261055
2886.000000  75.350204
2934.000000  73.815277
2973.000000  76.725266
3000.000000  79.558510
3027.000000  76.723045
3046.000000  77.314880
3076.000000  75.507141
3105.000000  74.963295
3146.000000  77.715240
3180.000000  56.936729
3230.000000  79.755493
3264.000000  71.262024
3299.000000  76.264008
3332.000000  58.597183
3365.000000  75.346901
3396.000000  57.756393
3419.000000  75.621552
3452.000000  71.860977
3461.000000  56.730972
3487.000000  57.772076
3509.000000  65.010002
3534.000000  62.608105
3555.000000  69.937935
3590.000000  69.826141
3605.000000  41.335175
3640.000000  42.347458
3686.000000  69.504128
3697.000000  42.462765
3721.000000  67.358063
3743.000000  63.906490
3771.000000  64.367783
3799.000000  59.709686
3839.000000  51.742439
3890.000000  71.610497
3892.000000  32.451408
3943.000000  60.992420
3967.000000  63.697540
4008.000000  65.503334
4027.000000  62.752796
4060.000000  51.146580
4119.000000  58.229744
4159.000000  61.219269
4200.000000  53.396450
4215.000000  0.380660
4251.000000  43.034378
4284.000000  40.292706
4314.000000  40.188854
4366.000000  48.291737
4415.000000  39.258938
4452.000000  29.416138
4495.000000  49.145054
4547.000000  48.730949
4585.000000  22.660789
4618.000000  17.347464
4665.000000  24.697683
4714.000000  4.382647
4761.000000  29.456833
4799.000000  38.506073
4827.000000  28.673500
4862.000000  5.894536
4912.000000  32.093845
4973.000000  41.011578
5017.000000  29.934444
5057.000000  29.547892
5102.000000  12.917206
5149.000000  12.022103
5188.000000  0.120918
5221.000000  0.025084
5255.000000  0.030154
5285.000000  0.027713
5339.000000  29.768547
5398.000000  31.111776
5441.000000  26.706617
5492.000000  27.927744
5565.000000  38.797287
5565.000000  0.287461
5612.000000  45.169056
5658.000000  47.860729
5708.000000  38.376095
5742.000000  38.309105
5770.000000  29.278299
5796.000000  43.787529
5838.000000  50.894897
5884.000000  27.589203
5932.000000  57.035263
5992.000000  41.474369
6004.000000  32.920250
6045.000000  0.183557
6112.000000  23.858435
6162.000000  13.288946
6163.000000  0.071903
6198.000000  12.226904
6244.000000  43.550541
6288.000000  32.271488
6335.000000  51.134544
6378.000000  53.330875
6417.000000  30.222178
6455.000000  52.475475
6486.000000  32.012974
6522.000000  33.503159
6566.000000  48.042278
6635.000000  46.248714
6667.000000  39.348007
6718.000000  50.567688
6745.000000  42.185883
6808.000000  47.460407
6887.000000  49.302456
6919.000000  16.359068
6969.000000  7.954292
7005.000000  21.020157
7035.000000  11.181574
7086.000000  4.781919
7127.000000  14.978598
7157.000000  0.110899
7204.000000  0.033273
7234.000000  40.292374
7283.000000  37.419819
7316.000000  55.952602
7339.000000  46.270866
7357.000000  51.508949
7381.000000  58.039604
7410.000000  45.275299
7444.000000  58.624233
7477.000000  57.065105
7497.000000  57.000744
7530.000000  54.154163
7546.000000  43.516365
7572.000000  47.119656
7577.000000  35.488770
7614.000000  52.626629
7645.000000  52.371037
7703.000000  60.692394
7741.000000  54.881142
7779.000000  45.571312
7829.000000  52.384197
7881.000000  48.441204
7913.000000  44.856434
7959.000000  40.214260
8005.000000  53.954399
8055.000000  46.690948
8055.000000  0.517865
8078.000000  39.994724
8099.000000  27.056519
8122.000000  31.106201
8130.000000  24.600069
8158.000000  28.272614
8185.000000  27.812382
8211.000000  27.003864
8252.000000  37.713913
8287.000000  36.889965
8312.000000  31.885281
8344.000000  32.833641
8391.000000  37.515507
8422.000000  18.383436
8439.000000  13.206528
8487.000000  35.773052
8528.000000  33.584122
8558.000000  27.316385
8576.000000  12.256556
8597.000000  4.738929
8630.000000  8.779049
8678.000000  16.994295
8711.000000  15.313758
8735.000000  6.304468
8755.000000  0.077265
8786.000000  4.744449
8820.000000  9.778522
8841.000000  6.251654
8844.000000  1.128285
8852.000000  5.089927
8867.000000  5.536249
8878.000000  0.079900
8896.000000  5.062243
8922.000000  6.082145
8940.000000  27.169340
8954.000000  3.921257
8970.000000  18.651888
8985.000000  23.128466
9010.000000  20.134665
9034.000000  22.272120
9054.000000  17.196735
9074.000000  1.773056
9093.000000  14.992091
9130.000000  31.607187
9143.000000  22.048674
9147.000000  1.277465
9170.000000  0.081619
9215.000000  15.529810
9239.000000  0.388299
9276.000000  0.078660
9311.000000  8.660537
9366.000000  23.527020
9394.000000  13.752888
9413.000000  17.243372
9462.000000  28.942888
9512.000000  31.971848
9532.000000  7.304887
9563.000000  6.282469
9578.000000  5.969058
9596.000000  7.107415
9603.000000  6.054455
9618.000000  6.961004
9625.000000  1.410207
9671.000000  34.326283
9695.000000  5.572934
9725.000000  0.081467
9742.000000  20.695820
9776.000000  27.491322
9800.000000  14.287864
9805.000000  3.500957
9853.000000  33.642853
9879.000000  14.836576
9917.000000  34.163464
9945.000000  38.686592
9967.000000  35.730385
9989.000000  38.774574
10021.000000  29.500982
10044.000000  26.637163
10072.000000  21.254025
10090.000000  21.496088
10103.000000  8.783088
10115.000000  10.822055
10132.000000  6.205027
10163.000000  11.050444
10185.000000  2.918433
10194.000000  2.802999
10202.000000  2.831290
10218.000000  30.846313
10238.000000  27.279562
10260.000000  29.828558
10277.000000  25.143099
10300.000000  16.545378
10320.000000  9.417697
10342.000000  23.565174
10357.000000  15.812672
10376.000000  20.592613
