4067.000000  35.305565
6257.000000  7.328660
8872.000000  6.774099
12254.000000  7.463798
14866.000000  7.308389
17133.000000  7.758565
17974.000000  6.416464
19168.000000  4.436897
19678.000000  1.106383
20176.000000  1.789047
21073.000000  1.753911
21809.000000  1.950413
22253.000000  1.321749
23033.000000  1.773358
23825.000000  2.012801
24419.000000  0.875525
25189.000000  1.575033
25417.000000  0.954126
25568.000000  0.885529
25668.000000  0.871383
25713.000000  0.678894
25741.000000  0.607325
25931.000000  0.866639
26282.000000  3.803111
27509.000000  7.001843
29286.000000  6.664018
31002.000000  8.023568
31879.000000  7.949949
33312.000000  9.120136
34333.000000  8.000541
35913.000000  5.913774
36966.000000  5.857758
39152.000000  7.098578
41288.000000  7.464256
41775.000000  4.912293
44062.000000  5.411546
46062.000000  4.819514
49356.000000  3.371227
49984.000000  1.893105
50846.000000  1.791307
51527.000000  1.681250
52030.000000  1.056436
52417.000000  4.453580
53223.000000  4.951306
54809.000000  5.307056
56505.000000  5.274528
58868.000000  5.521285
60136.000000  6.149832
62062.000000  7.941108
63203.000000  6.032476
64852.000000  7.368722
66387.000000  5.398642
68674.000000  4.748100
69778.000000  4.196207
70663.000000  3.369211
71460.000000  2.911850
72739.000000  4.026646
73701.000000  2.488870
74109.000000  2.523840
75009.000000  3.456194
75673.000000  3.870893
76470.000000  3.761884
77486.000000  4.099851
79073.000000  6.494623
81748.000000  6.996323
83191.000000  4.318517
83789.000000  4.465512
85253.000000  4.779471
86724.000000  5.050249
87095.000000  3.304121
87707.000000  3.356317
88331.000000  2.315949
89327.000000  3.938080
90767.000000  4.069290
91660.000000  3.883810
92971.000000  4.459330
95136.000000  3.781184
96139.000000  4.170187
97083.000000  3.770206
97966.000000  3.127427
99281.000000  3.511149
100489.000000  2.928397
101724.000000  3.263489
102638.000000  2.665247
103540.000000  2.274614
104834.000000  3.497267
106237.000000  3.564316
107485.000000  2.765511
108811.000000  2.940276
109781.000000  3.437393
110738.000000  2.217803
111582.000000  2.210799
112385.000000  2.497599
113251.000000  3.110333
114534.000000  2.997776
115788.000000  3.263059
116931.000000  3.144073
117525.000000  2.906288
118081.000000  2.565203
119200.000000  2.593356
120303.000000  2.462584
121442.000000  2.621981
122300.000000  2.435923
123070.000000  2.779719
124307.000000  3.057044
126058.000000  3.281046
127448.000000  3.093671
128804.000000  3.067551
129988.000000  2.794830
131444.000000  2.961647
132587.000000  2.428277
133624.000000  3.150810
134237.000000  2.842596
134572.000000  2.026850
134843.000000  2.021681
135416.000000  2.061369
135812.000000  2.433195
136005.000000  1.971533
136113.000000  1.936273
136395.000000  2.182349
136795.000000  2.131207
137471.000000  2.120414
138005.000000  2.081767
138854.000000  1.970721
139654.000000  1.961695
140702.000000  2.173392
141591.000000  2.016209
142156.000000  1.949760
142860.000000  2.403087
143443.000000  2.146395
144609.000000  2.044296
145489.000000  2.234325
146330.000000  2.093861
147077.000000  1.984024
147583.000000  2.116133
147960.000000  2.223926
148438.000000  2.051064
148835.000000  2.047508
149364.000000  2.549750
149859.000000  2.903464
150289.000000  2.229335
150892.000000  2.164039
151579.000000  2.407649
152181.000000  2.230918
152937.000000  2.157430
153375.000000  2.182532
153454.000000  2.080782
153643.000000  1.956308
153735.000000  2.054960
154063.000000  1.926198
154131.000000  1.906595
154164.000000  2.065804
154604.000000  2.017260
154992.000000  2.289949
155483.000000  1.914511
155972.000000  2.278475
156078.000000  2.112999
156125.000000  1.923055
156366.000000  1.883495
156913.000000  1.930758
157325.000000  2.057875
157873.000000  1.942706
158643.000000  1.916150
159075.000000  2.043290
159501.000000  2.044603
159783.000000  2.019856
159989.000000  2.130238
160246.000000  2.174356
160339.000000  2.028497
160432.000000  2.023472
160509.000000  1.835219
160517.000000  1.736764
160532.000000  1.767220
160532.000000  1.739111
160532.000000  1.772041
160532.000000  1.798326
160532.000000  1.738076
160538.000000  1.695916
160538.000000  1.919234
160538.000000  2.054360
160538.000000  1.950996
