4067.000000  33.660397
6257.000000  6.674655
8872.000000  6.093949
12254.000000  6.579301
14866.000000  6.458406
17133.000000  6.844968
17974.000000  5.561243
19168.000000  3.713919
19678.000000  0.488415
20176.000000  1.134948
21073.000000  1.014314
21809.000000  1.226502
22253.000000  0.554087
23033.000000  0.977270
23825.000000  1.191602
24419.000000  0.115108
25189.000000  0.866502
25417.000000  0.292401
25568.000000  0.228842
25668.000000  0.210335
25713.000000  0.048034
25741.000000  0.014614
25931.000000  0.271298
26282.000000  3.082480
27509.000000  6.105256
29286.000000  5.730377
31002.000000  6.939998
31879.000000  6.859388
33312.000000  8.047179
34333.000000  6.991364
35913.000000  4.894842
36966.000000  4.876463
39152.000000  6.064679
41288.000000  6.354626
41775.000000  3.838691
44062.000000  4.310870
46062.000000  3.686485
49356.000000  2.308686
49984.000000  0.906505
50846.000000  0.735704
51527.000000  0.676023
52030.000000  0.099561
52417.000000  3.390249
53223.000000  3.859041
54809.000000  4.180593
56505.000000  4.093277
58868.000000  4.279803
60136.000000  4.955873
62062.000000  6.620838
63203.000000  4.706478
64852.000000  6.015472
66387.000000  4.086023
68674.000000  3.320404
69778.000000  2.827263
70663.000000  2.009971
71460.000000  1.520076
72739.000000  2.560457
73701.000000  1.125987
74109.000000  1.173211
75009.000000  2.130432
75673.000000  2.529371
76470.000000  2.409902
77486.000000  2.712744
79073.000000  5.068441
81748.000000  5.580031
83191.000000  2.960308
83789.000000  3.069413
85253.000000  3.318885
86724.000000  3.629921
87095.000000  1.916743
87707.000000  1.995327
88331.000000  0.884216
89327.000000  2.440178
90767.000000  2.570195
91660.000000  2.499885
92971.000000  2.939067
95136.000000  2.312659
96139.000000  2.694495
97083.000000  2.274842
97966.000000  1.607431
99281.000000  1.967027
100489.000000  1.372097
101724.000000  1.725075
102638.000000  1.121894
103540.000000  0.629423
104834.000000  1.795509
106237.000000  1.889430
107485.000000  1.017108
108811.000000  1.174666
109781.000000  1.582214
110738.000000  0.401599
111582.000000  0.465313
112385.000000  0.699332
113251.000000  1.290153
114534.000000  1.129434
115788.000000  1.370724
116931.000000  1.363479
117525.000000  1.092646
118081.000000  0.704390
119200.000000  0.726840
120303.000000  0.613472
121442.000000  0.596630
122300.000000  0.605285
123070.000000  0.815275
124307.000000  1.142206
126058.000000  1.334139
127448.000000  1.162922
128804.000000  1.030832
129988.000000  0.770652
131444.000000  0.879725
132587.000000  0.433883
133624.000000  1.048442
134237.000000  0.774133
134572.000000  0.071898
134843.000000  0.016143
135416.000000  0.132297
135812.000000  0.483376
136005.000000  0.095462
136113.000000  0.058970
136395.000000  0.213385
136795.000000  0.188570
137471.000000  0.179217
138005.000000  0.157085
138854.000000  0.001592
139654.000000  0.000353
140702.000000  0.148767
141591.000000  0.029803
142156.000000  0.001061
142860.000000  0.365192
143443.000000  0.044180
144609.000000  0.001397
145489.000000  0.028582
146330.000000  0.046524
147077.000000  0.001196
147583.000000  0.000224
147960.000000  0.075631
148438.000000  0.001074
148835.000000  0.000171
149364.000000  0.432756
149859.000000  0.823588
150289.000000  0.192135
150892.000000  0.103445
151579.000000  0.228196
152181.000000  0.201805
152937.000000  0.164109
153375.000000  0.189330
153454.000000  0.083173
153643.000000  0.085008
153735.000000  0.026443
154063.000000  0.000945
154131.000000  0.000069
154164.000000  0.063602
154604.000000  0.112973
154992.000000  0.324279
155483.000000  0.031433
155972.000000  0.312546
156078.000000  0.194364
156125.000000  0.027129
156366.000000  0.000884
156913.000000  0.000255
157325.000000  0.071069
157873.000000  0.060872
158643.000000  0.083028
159075.000000  0.199415
159501.000000  0.156092
159783.000000  0.209682
159989.000000  0.319717
160246.000000  0.352147
160339.000000  0.178568
160432.000000  0.234897
160509.000000  0.129334
160517.000000  0.001149
160532.000000  0.016358
160532.000000  0.000939
160532.000000  0.000004
160532.000000  0.000004
160532.000000  0.000673
160538.000000  0.000725
160538.000000  0.000004
160538.000000  0.000004
160538.000000  0.004140
