216.000000  0.147824
286.000000  0.101729
374.000000  0.121602
446.000000  0.119776
517.000000  0.103819
578.000000  0.112294
622.000000  0.066227
681.000000  0.099032
759.000000  0.115236
830.000000  0.105638
901.000000  0.121711
983.000000  0.125020
1055.000000  0.136632
1126.000000  0.129066
1186.000000  0.129809
1257.000000  0.110545
1313.000000  0.113836
1358.000000  0.102747
1403.000000  0.109228
1447.000000  0.104028
1487.000000  0.103364
1534.000000  0.107024
1574.000000  0.102230
1619.000000  0.107179
1663.000000  0.115062
1714.000000  0.114595
1766.000000  0.114643
1834.000000  0.124872
1912.000000  0.136149
1992.000000  0.113704
2077.000000  0.128070
2166.000000  0.138714
2218.000000  0.163731
2268.000000  0.126448
2327.000000  0.143621
2409.000000  0.132675
2471.000000  0.146231
2540.000000  0.132638
2610.000000  0.163642
2677.000000  0.152128
2743.000000  0.135999
2798.000000  0.080892
2837.000000  0.116061
2891.000000  0.122321
2955.000000  0.135433
3021.000000  0.129829
3081.000000  0.135891
3135.000000  0.133329
3185.000000  0.102733
3234.000000  0.132852
3280.000000  0.122464
3332.000000  0.144454
3377.000000  0.103203
3421.000000  0.134187
3481.000000  0.125146
3567.000000  0.148850
3648.000000  0.159936
3731.000000  0.176855
3810.000000  0.147031
3891.000000  0.168286
3971.000000  0.186404
4064.000000  0.205542
4146.000000  0.186592
4230.000000  0.188141
4310.000000  0.174674
4398.000000  0.166020
4473.000000  0.189765
4548.000000  0.154533
4592.000000  0.136793
4680.000000  0.162104
4741.000000  0.172709
4779.000000  0.184993
4824.000000  0.195378
4876.000000  0.194312
4947.000000  0.218868
5008.000000  0.174028
5076.000000  0.186111
5141.000000  0.151791
5195.000000  0.153475
5235.000000  0.123867
5274.000000  0.148076
5337.000000  0.173620
5387.000000  0.149414
5441.000000  0.169607
5498.000000  0.165793
5554.000000  0.136230
5610.000000  0.116745
5664.000000  0.109269
5722.000000  0.111159
5770.000000  0.107744
5807.000000  0.151102
5853.000000  0.186824
5871.000000  0.198601
5891.000000  0.201378
5917.000000  0.244268
5944.000000  0.249176
5979.000000  0.259631
6013.000000  0.276234
6044.000000  0.313703
6069.000000  0.311201
6126.000000  0.292853
6166.000000  0.276265
6199.000000  0.257643
6243.000000  0.216611
6322.000000  0.243038
6352.000000  0.197860
6387.000000  0.194714
6445.000000  0.156696
6504.000000  0.164273
6560.000000  0.147588
6591.000000  0.163273
6621.000000  0.149888
6701.000000  0.161090
6795.000000  0.146790
6872.000000  0.185745
6954.000000  0.175719
7017.000000  0.147981
7098.000000  0.173355
7187.000000  0.157255
7209.000000  0.165108
7244.000000  0.138751
7307.000000  0.144067
7322.000000  0.083502
7432.000000  0.173101
7433.000000  0.137166
7445.000000  0.167856
7484.000000  0.164614
7532.000000  0.158745
7585.000000  0.161129
7686.000000  0.182011
7788.000000  0.192406
7876.000000  0.195910
7949.000000  0.133442
8009.000000  0.169848
8057.000000  0.151347
8111.000000  0.120496
8160.000000  0.116456
8217.000000  0.112417
8272.000000  0.166327
8323.000000  0.166480
8372.000000  0.126666
8434.000000  0.178934
8516.000000  0.183805
8597.000000  0.183851
8666.000000  0.207189
8703.000000  0.179263
8757.000000  0.152599
8818.000000  0.176339
8877.000000  0.130858
8937.000000  0.129353
8998.000000  0.175962
9057.000000  0.168674
9117.000000  0.135407
9178.000000  0.131777
9237.000000  0.193839
9298.000000  0.184095
9357.000000  0.187864
9417.000000  0.154212
9477.000000  0.173149
9541.000000  0.190424
9576.000000  0.196973
9623.000000  0.176464
9681.000000  0.166539
9746.000000  0.186643
9804.000000  0.183945
9860.000000  0.179247
9925.000000  0.192306
9991.000000  0.189230
10079.000000  0.184519
10172.000000  0.189550
10254.000000  0.220173
10349.000000  0.239412
10442.000000  0.241234
10504.000000  0.220276
10577.000000  0.247956
10668.000000  0.240462
10760.000000  0.182020
10814.000000  0.227111
10837.000000  0.226300
10863.000000  0.212875
10895.000000  0.177003
10935.000000  0.191432
10980.000000  0.245035
11021.000000  0.246336
11024.000000  0.231574
11068.000000  0.232258
11135.000000  0.254977
11222.000000  0.229747
11277.000000  0.245246
11364.000000  0.247000
11444.000000  0.228335
11545.000000  0.256269
11582.000000  0.182391
11629.000000  0.232473
11670.000000  0.179676
11713.000000  0.285642
11718.000000  0.310869
11751.000000  0.235766
11781.000000  0.242099
11827.000000  0.259626
11871.000000  0.180420
11894.000000  0.268664
11903.000000  0.281719
12009.000000  0.229348
12113.000000  0.217893
12187.000000  0.170977
12271.000000  0.254089
12334.000000  0.261489
12418.000000  0.256665
12502.000000  0.256662
12586.000000  0.249956
12670.000000  0.196449
12754.000000  0.227971
12838.000000  0.249437
12922.000000  0.287828
13006.000000  0.255042
13089.000000  0.256672
13174.000000  0.255969
13257.000000  0.279902
13342.000000  0.264607
13423.000000  0.259492
13509.000000  0.266293
13593.000000  0.268801
13678.000000  0.262623
13761.000000  0.213797
13838.000000  0.260539
13884.000000  0.247932
13936.000000  0.241658
13992.000000  0.200979
14023.000000  0.233662
14063.000000  0.197937
14100.000000  0.301621
14142.000000  0.276549
14225.000000  0.282943
14302.000000  0.295251
14344.000000  0.280944
14384.000000  0.263965
14424.000000  0.277980
14464.000000  0.245483
14503.000000  0.255119
14544.000000  0.279381
14584.000000  0.276445
14624.000000  0.271547
14663.000000  0.294763
14704.000000  0.272209
14744.000000  0.278410
14784.000000  0.259800
14824.000000  0.263354
14863.000000  0.234552
14878.000000  0.235001
14927.000000  0.245212
14982.000000  0.258533
15024.000000  0.215608
15055.000000  0.227350
15092.000000  0.228149
15140.000000  0.261796
15206.000000  0.250770
15288.000000  0.260467
15379.000000  0.278886
15471.000000  0.280956
15566.000000  0.280195
15644.000000  0.287324
15724.000000  0.229320
15800.000000  0.303458
15891.000000  0.274575
15946.000000  0.251618
15996.000000  0.199328
16054.000000  0.280232
16115.000000  0.275566
16174.000000  0.255559
16234.000000  0.243949
16295.000000  0.247352
16355.000000  0.259143
16415.000000  0.253845
16472.000000  0.228510
16533.000000  0.231401
16593.000000  0.263136
16652.000000  0.258339
16713.000000  0.228448
16774.000000  0.257604
16823.000000  0.241730
16862.000000  0.242121
16917.000000  0.237263
16984.000000  0.230779
17044.000000  0.256266
17088.000000  0.260335
17133.000000  0.253545
17177.000000  0.275340
17232.000000  0.265383
17291.000000  0.216047
17351.000000  0.261478
17404.000000  0.227532
17420.000000  0.286954
17453.000000  0.247947
17496.000000  0.340076
17537.000000  0.359246
17575.000000  0.339462
17618.000000  0.344202
17664.000000  0.319314
17708.000000  0.369204
17752.000000  0.392869
17796.000000  0.383036
17840.000000  0.380502
17884.000000  0.365275
17928.000000  0.327692
17972.000000  0.327259
18016.000000  0.370547
18060.000000  0.335422
18104.000000  0.362531
18132.000000  0.371068
18150.000000  0.362133
18185.000000  0.344349
18214.000000  0.285668
18251.000000  0.402418
18296.000000  0.432356
18344.000000  0.287266
18394.000000  0.322800
18435.000000  0.295071
18475.000000  0.360904
18514.000000  0.334007
18541.000000  0.258510
18584.000000  0.319849
18628.000000  0.299947
18676.000000  0.270892
18724.000000  0.287229
18772.000000  0.319680
18820.000000  0.303462
18868.000000  0.311742
18916.000000  0.313595
18963.000000  0.289877
18984.000000  0.286056
19011.000000  0.261255
19054.000000  0.296768
19096.000000  0.284481
19144.000000  0.283208
19190.000000  0.322113
19210.000000  0.335152
19238.000000  0.406309
19279.000000  0.448230
19323.000000  0.416882
19363.000000  0.445520
19404.000000  0.426940
19448.000000  0.447459
19492.000000  0.443586
19536.000000  0.375556
19579.000000  0.369956
19607.000000  0.601184
19629.000000  0.531392
19657.000000  0.501526
19683.000000  0.549995
19708.000000  0.609802
19739.000000  0.666895
19771.000000  0.611137
19803.000000  0.635718
19835.000000  0.727890
19855.000000  0.852200
19887.000000  0.302720
19931.000000  0.301539
19985.000000  0.322506
20033.000000  0.313170
20065.000000  0.343965
20094.000000  0.371162
20112.000000  0.378918
20118.000000  0.379310
20220.000000  0.315078
20315.000000  0.236421
20391.000000  0.283680
20461.000000  0.312121
20548.000000  0.260739
20643.000000  0.303446
20702.000000  0.237738
20756.000000  0.269713
20807.000000  0.281781
20845.000000  0.266358
20885.000000  0.289396
20918.000000  0.306522
20930.000000  0.272481
20931.000000  0.286221
20952.000000  0.276770
20979.000000  0.262267
21012.000000  0.265334
21059.000000  0.266009
21086.000000  0.298907
21091.000000  0.288097
21144.000000  0.280947
21224.000000  0.286317
21234.000000  0.196401
21274.000000  0.284501
21325.000000  0.287095
21363.000000  0.273097
21467.000000  0.312472
21560.000000  0.318983
21625.000000  0.306945
21711.000000  0.308994
21804.000000  0.325239
21894.000000  0.285999
21897.000000  0.258274
21966.000000  0.287616
22004.000000  0.269271
22118.000000  0.278844
22142.000000  0.278379
22171.000000  0.281501
22226.000000  0.284660
22278.000000  0.266741
22296.000000  0.243542
22328.000000  0.277162
22348.000000  0.209887
22393.000000  0.213901
22435.000000  0.273391
22478.000000  0.283455
22515.000000  0.315843
22537.000000  0.222867
22613.000000  0.337295
22693.000000  0.296500
22744.000000  0.229841
22804.000000  0.287717
22854.000000  0.303710
22898.000000  0.288708
22928.000000  0.292585
22945.000000  0.306389
22960.000000  0.276793
22969.000000  0.260008
23040.000000  0.289095
23149.000000  0.292324
23183.000000  0.265668
23184.000000  0.256670
23202.000000  0.283239
23225.000000  0.293165
23315.000000  0.304147
23320.000000  0.247612
23395.000000  0.281648
23427.000000  0.264503
23548.000000  0.318603
23620.000000  0.311537
23664.000000  0.315667
23713.000000  0.295198
23767.000000  0.310289
23788.000000  0.314746
23819.000000  0.273946
23847.000000  0.306043
23908.000000  0.307985
23975.000000  0.325506
24042.000000  0.308382
24103.000000  0.311762
24184.000000  0.323005
24246.000000  0.331841
24284.000000  0.326160
24340.000000  0.286103
24388.000000  0.298026
24442.000000  0.319999
24499.000000  0.319445
24555.000000  0.305828
24611.000000  0.322278
24641.000000  0.312178
24690.000000  0.303135
24740.000000  0.317523
24790.000000  0.333592
24877.000000  0.330232
24919.000000  0.349765
24949.000000  0.335131
24987.000000  0.354294
25004.000000  0.322642
25005.000000  0.320359
25009.000000  0.296676
25114.000000  0.338023
25187.000000  0.245788
25288.000000  0.333516
25372.000000  0.341942
25451.000000  0.318095
25542.000000  0.338126
25605.000000  0.357461
25683.000000  0.350573
25765.000000  0.359899
25829.000000  0.330172
25892.000000  0.345705
25956.000000  0.344949
26020.000000  0.338260
26074.000000  0.326958
26122.000000  0.332560
26181.000000  0.344069
26254.000000  0.334301
26341.000000  0.372647
26413.000000  0.313515
26467.000000  0.338143
26503.000000  0.306842
26556.000000  0.345725
26621.000000  0.324252
26684.000000  0.366220
26757.000000  0.347780
26826.000000  0.363584
26890.000000  0.382581
26943.000000  0.391973
26976.000000  0.357369
27005.000000  0.340414
27012.000000  0.394319
27027.000000  0.378833
27048.000000  0.412969
27071.000000  0.441385
27077.000000  0.462622
27143.000000  0.344912
27180.000000  0.373076
27216.000000  0.389697
27263.000000  0.383538
27282.000000  0.398239
27283.000000  0.351888
27345.000000  0.317676
27389.000000  0.261109
27461.000000  0.350569
27537.000000  0.346889
27593.000000  0.356713
27648.000000  0.361227
27704.000000  0.354359
27761.000000  0.323867
27836.000000  0.365721
27909.000000  0.349164
27976.000000  0.345887
28027.000000  0.354696
28087.000000  0.362358
28119.000000  0.349293
28132.000000  0.356798
28156.000000  0.328845
28194.000000  0.362255
28233.000000  0.407211
28255.000000  0.356939
28256.000000  0.325571
28280.000000  0.347546
28311.000000  0.333777
28339.000000  0.336564
28393.000000  0.343090
28454.000000  0.356084
28510.000000  0.335147
28566.000000  0.347125
28628.000000  0.344196
28656.000000  0.323120
28700.000000  0.339172
28712.000000  0.341998
28729.000000  0.327665
28745.000000  0.338212
28754.000000  0.329487
28817.000000  0.326764
28897.000000  0.358498
28985.000000  0.350755
29073.000000  0.380879
29134.000000  0.340626
29139.000000  0.306188
29151.000000  0.330604
29161.000000  0.337690
29243.000000  0.335987
29312.000000  0.354605
29398.000000  0.362431
29455.000000  0.365577
29518.000000  0.334323
29549.000000  0.337017
29550.000000  0.330221
29638.000000  0.347982
29709.000000  0.366190
29804.000000  0.368135
29868.000000  0.360363
29945.000000  0.342747
30013.000000  0.382985
30078.000000  0.335100
30126.000000  0.350421
30144.000000  0.346915
30173.000000  0.375045
30206.000000  0.372536
30252.000000  0.386412
30276.000000  0.387424
30305.000000  0.376230
30333.000000  0.316787
30384.000000  0.339800
30453.000000  0.301123
30509.000000  0.361156
30573.000000  0.341985
30644.000000  0.351318
30684.000000  0.310106
30718.000000  0.305232
30767.000000  0.372562
30791.000000  0.372739
30823.000000  0.366380
30853.000000  0.361269
30874.000000  0.320263
30925.000000  0.346533
31006.000000  0.371907
31081.000000  0.377717
31152.000000  0.351334
31217.000000  0.334642
31307.000000  0.363485
31348.000000  0.371367
31367.000000  0.397440
31386.000000  0.364110
31400.000000  0.343701
31413.000000  0.364495
31480.000000  0.364840
31543.000000  0.378361
31615.000000  0.389150
31685.000000  0.398041
31748.000000  0.404130
31848.000000  0.418809
31894.000000  0.370153
31931.000000  0.320068
31986.000000  0.375985
32011.000000  0.351909
32050.000000  0.392001
32094.000000  0.395626
32141.000000  0.400996
32184.000000  0.397750
32199.000000  0.387985
32210.000000  0.370282
32270.000000  0.351329
32304.000000  0.309783
32384.000000  0.378723
32431.000000  0.381137
32484.000000  0.375145
32540.000000  0.389773
32587.000000  0.364986
32622.000000  0.364101
32678.000000  0.336202
32720.000000  0.331573
32754.000000  0.396810
32783.000000  0.358460
32811.000000  0.399669
32819.000000  0.314846
32927.000000  0.375897
32994.000000  0.354147
33055.000000  0.380319
33148.000000  0.401384
33253.000000  0.408633
33340.000000  0.390211
33373.000000  0.389172
33401.000000  0.389876
33423.000000  0.385128
33431.000000  0.342221
33511.000000  0.380790
33554.000000  0.367083
33597.000000  0.373919
33641.000000  0.359550
33702.000000  0.375363
33756.000000  0.376653
33818.000000  0.366209
33870.000000  0.382844
33916.000000  0.384648
33972.000000  0.386222
34028.000000  0.396383
34084.000000  0.381602
34139.000000  0.395664
34195.000000  0.388524
34238.000000  0.379358
34294.000000  0.392770
34349.000000  0.396706
34406.000000  0.384924
34462.000000  0.402458
34518.000000  0.390891
34573.000000  0.398994
34630.000000  0.405132
34684.000000  0.364108
34741.000000  0.401184
34770.000000  0.386216
34824.000000  0.391843
34905.000000  0.361339
34998.000000  0.435847
35073.000000  0.425229
35139.000000  0.401489
35193.000000  0.412146
35259.000000  0.405627
35329.000000  0.414363
35419.000000  0.378435
35471.000000  0.421180
35522.000000  0.404986
35588.000000  0.439354
35653.000000  0.386448
35715.000000  0.392737
35781.000000  0.418320
35845.000000  0.424789
35909.000000  0.420567
35957.000000  0.390721
36020.000000  0.417231
36089.000000  0.385488
36138.000000  0.424093
36188.000000  0.422253
36263.000000  0.436381
36330.000000  0.427780
36413.000000  0.432225
36484.000000  0.444471
36577.000000  0.475846
36633.000000  0.493531
36650.000000  0.462031
36682.000000  0.438469
36723.000000  0.484859
36770.000000  0.493267
36818.000000  0.507452
36866.000000  0.420848
36902.000000  0.452590
36950.000000  0.409924
36998.000000  0.457328
37045.000000  0.460738
37093.000000  0.492308
37108.000000  0.419690
37131.000000  0.414976
37176.000000  0.487129
37191.000000  0.504383
37213.000000  0.522090
37241.000000  0.537322
37275.000000  0.557476
37304.000000  0.547495
37331.000000  0.562423
37358.000000  0.585154
37362.000000  0.596063
37392.000000  0.437722
37421.000000  0.418889
37462.000000  0.437109
37535.000000  0.435656
37618.000000  0.454970
37683.000000  0.472205
37752.000000  0.433929
37784.000000  0.392282
37813.000000  0.375953
37823.000000  0.368400
37829.000000  0.419317
37909.000000  0.423449
37996.000000  0.390539
38072.000000  0.399099
38131.000000  0.442252
38165.000000  0.426920
38202.000000  0.429161
38221.000000  0.430392
38237.000000  0.412878
38318.000000  0.413486
38407.000000  0.432835
38463.000000  0.431705
38527.000000  0.407597
38556.000000  0.425964
38590.000000  0.415902
38635.000000  0.424359
38673.000000  0.435010
38699.000000  0.454376
38730.000000  0.434442
38734.000000  0.415015
38777.000000  0.412185
38848.000000  0.433358
38903.000000  0.403148
38972.000000  0.398951
39066.000000  0.407732
39117.000000  0.413409
39136.000000  0.374554
39157.000000  0.428126
39183.000000  0.379556
39194.000000  0.427756
39241.000000  0.432615
39298.000000  0.382976
39350.000000  0.442794
39402.000000  0.386972
39455.000000  0.397236
39485.000000  0.420523
39530.000000  0.419858
39598.000000  0.439697
39643.000000  0.452671
39675.000000  0.483306
39703.000000  0.438737
39704.000000  0.340596
39714.000000  0.423270
39787.000000  0.437050
39821.000000  0.423647
39857.000000  0.365564
39899.000000  0.361697
39907.000000  0.405396
39935.000000  0.416582
39938.000000  0.386940
40006.000000  0.439404
40258.000000  0.479142
40302.000000  0.492524
40343.000000  0.473029
40384.000000  0.410378
40430.000000  0.419009
40521.000000  0.441842
40597.000000  0.414115
40625.000000  0.406072
40630.000000  0.400908
40667.000000  0.422258
40694.000000  0.427948
40730.000000  0.423360
40760.000000  0.363150
40796.000000  0.430231
40813.000000  0.433150
40814.000000  0.426840
