816.000000  0.254775
1071.000000  -0.038363
1301.000000  0.011400
1539.000000  -0.030976
1741.000000  0.021889
1950.000000  0.016804
2223.000000  0.030577
2505.000000  0.014599
2829.000000  0.048205
3062.000000  -0.018494
3284.000000  -0.015096
3519.000000  0.021840
3738.000000  -0.008094
3781.000000  -0.093661
3984.000000  0.050369
4165.000000  -0.017205
4375.000000  0.006155
4558.000000  -0.021532
4713.000000  -0.009560
4897.000000  0.020640
5049.000000  0.010467
5184.000000  -0.003718
5275.000000  -0.032683
5351.000000  0.016942
5598.000000  0.079058
5850.000000  0.037838
6107.000000  0.051807
6345.000000  -0.052231
6585.000000  0.020467
6751.000000  -0.031417
6925.000000  -0.007419
7107.000000  -0.014146
7261.000000  0.022912
7336.000000  -0.074109
7404.000000  -0.004608
7471.000000  -0.007393
7628.000000  0.031643
7778.000000  0.027571
7892.000000  -0.044731
8039.000000  0.033317
8157.000000  -0.013187
8318.000000  0.098514
8496.000000  -0.003629
8681.000000  0.043477
8816.000000  0.013562
8907.000000  -0.088813
9030.000000  0.027240
9148.000000  -0.053808
9251.000000  -0.025497
9332.000000  -0.048019
9441.000000  0.013967
9600.000000  0.029917
9751.000000  0.008728
9922.000000  0.016332
10165.000000  0.073146
10422.000000  -0.004957
10597.000000  -0.024960
10739.000000  -0.010533
10939.000000  0.020666
11140.000000  -0.027156
11282.000000  -0.007758
11473.000000  0.019681
11679.000000  0.008642
11864.000000  -0.036366
12031.000000  0.009732
12252.000000  0.055226
12508.000000  0.011564
12711.000000  -0.038100
12917.000000  -0.029080
13158.000000  0.052229
13307.000000  -0.050382
13499.000000  0.028853
13668.000000  0.013966
13808.000000  -0.028146
13988.000000  0.049889
14164.000000  -0.023121
14284.000000  -0.020943
14392.000000  -0.012731
14477.000000  -0.001878
14560.000000  -0.001516
14736.000000  0.014587
14868.000000  0.022003
15010.000000  -0.017036
15117.000000  -0.007261
15351.000000  0.062361
15611.000000  0.011600
15798.000000  0.018892
16085.000000  0.038673
16303.000000  0.037409
16492.000000  -0.063909
16697.000000  0.022988
16918.000000  -0.023182
17057.000000  0.017500
17151.000000  -0.073745
17277.000000  0.039123
17410.000000  -0.014582
17562.000000  0.009445
17687.000000  -0.012475
17824.000000  0.015222
18027.000000  -0.005422
18151.000000  -0.007486
18242.000000  -0.003904
18366.000000  -0.004753
18501.000000  0.000159
18633.000000  0.002128
18773.000000  0.025728
18999.000000  0.037342
19234.000000  0.018377
19446.000000  -0.021568
19710.000000  -0.008661
19896.000000  -0.008287
20074.000000  0.050291
20272.000000  0.025353
20409.000000  0.001937
20535.000000  -0.019633
20644.000000  -0.040750
20761.000000  0.021890
20863.000000  0.020769
20975.000000  0.006774
21136.000000  0.048549
21287.000000  -0.007424
21320.000000  -0.061001
21465.000000  0.020510
21568.000000  -0.035658
21699.000000  0.046291
21828.000000  0.002232
21964.000000  0.022451
22129.000000  -0.018437
22336.000000  0.030095
22548.000000  0.026262
22807.000000  -0.009097
23052.000000  -0.087348
23241.000000  0.075035
23428.000000  -0.003661
23621.000000  -0.036498
23821.000000  -0.009200
23987.000000  0.026151
24180.000000  0.027192
24326.000000  -0.023532
24399.000000  -0.049183
24544.000000  0.077754
24685.000000  -0.024413
24801.000000  0.026635
24928.000000  0.011016
25176.000000  0.003449
25421.000000  0.109285
25712.000000  0.032668
26004.000000  0.052963
26340.000000  -0.005232
26626.000000  0.015959
26942.000000  0.139769
27172.000000  -0.106412
27422.000000  -0.020181
27665.000000  -0.004322
27834.000000  0.038671
27961.000000  -0.041290
28108.000000  0.039388
28228.000000  -0.143467
28356.000000  0.094005
28479.000000  0.023899
28631.000000  0.011708
28722.000000  -0.311735
28889.000000  0.225053
29080.000000  0.186456
29279.000000  -0.296018
29492.000000  -0.037752
29603.000000  -0.076971
29716.000000  0.321080
29860.000000  0.181985
30037.000000  0.013352
30194.000000  -0.017287
30376.000000  -0.000480
30550.000000  0.005780
30721.000000  -0.037092
30883.000000  -0.019359
31010.000000  -0.005971
31107.000000  -0.123509
31227.000000  -0.031343
31399.000000  0.216751
31499.000000  -0.002664
31612.000000  0.173942
31786.000000  -0.455246
31936.000000  0.009669
32037.000000  0.045037
32104.000000  -0.268956
32126.000000  0.308548
32186.000000  0.371304
32270.000000  -0.789647
32355.000000  0.199325
32558.000000  0.079493
32781.000000  0.032043
32889.000000  -0.062792
33007.000000  0.069507
33201.000000  -0.000214
33457.000000  -0.156129
33647.000000  -0.041707
33787.000000  -0.027779
33975.000000  0.015978
34118.000000  0.009639
34233.000000  -0.050204
34285.000000  -0.001276
34453.000000  0.067916
34645.000000  -0.019774
34764.000000  -0.027019
34852.000000  -0.024479
34938.000000  -0.014327
35048.000000  0.016931
35075.000000  -0.031903
35123.000000  -0.037023
35155.000000  0.052311
35221.000000  -0.020375
35299.000000  0.034141
35399.000000  0.024532
35515.000000  -0.039930
35641.000000  0.005401
35758.000000  0.023730
35827.000000  0.022818
35867.000000  0.028072
35881.000000  -0.074062
35947.000000  -0.082630
35991.000000  0.009455
36046.000000  0.009144
36090.000000  0.004159
36124.000000  -0.021207
36162.000000  0.023966
36173.000000  -0.016919
36241.000000  0.014618
36309.000000  -0.005352
36347.000000  -0.016534
36387.000000  0.010574
36496.000000  0.020679
36617.000000  0.009600
36777.000000  0.059674
37013.000000  0.023315
37212.000000  -0.000997
37395.000000  0.074533
37447.000000  -0.047084
37479.000000  -0.123611
37481.000000  -0.064964
37561.000000  0.039569
37659.000000  0.020276
37769.000000  0.016925
37847.000000  0.000180
37923.000000  0.025021
37942.000000  -0.067604
37953.000000  -0.013712
38038.000000  0.031831
38138.000000  0.007706
38238.000000  0.030750
38321.000000  -0.023814
38365.000000  0.011798
38414.000000  -0.035724
38512.000000  0.048900
38626.000000  0.006231
38666.000000  -0.040130
38781.000000  0.037529
38882.000000  -0.006525
38995.000000  -0.013746
39090.000000  -0.013776
39192.000000  0.007933
39275.000000  0.004811
39283.000000  -0.051913
39294.000000  0.007388
39294.000000  -0.030262
39315.000000  0.028886
39367.000000  -0.005967
39469.000000  0.033544
39565.000000  0.023715
39676.000000  -0.013809
39692.000000  -0.019849
39781.000000  0.032761
39824.000000  -0.029367
39840.000000  -0.026099
39916.000000  0.044612
39997.000000  -0.012757
40088.000000  0.000977
40171.000000  0.032478
40257.000000  0.016596
40345.000000  -0.030000
40426.000000  0.018961
40513.000000  0.013929
40595.000000  -0.008189
40669.000000  0.003418
40733.000000  -0.015717
40775.000000  0.046559
40791.000000  -0.069651
40820.000000  0.015466
40821.000000  -0.051602
40825.000000  -0.004200
