816.000000  0.243997
1068.000000  0.218856
1275.000000  0.190138
1551.000000  0.225396
1842.000000  0.245095
2071.000000  0.231974
2333.000000  0.295088
2604.000000  0.306841
2847.000000  0.289856
3099.000000  0.291025
3313.000000  0.292059
3538.000000  0.315571
3707.000000  0.268497
3863.000000  0.225980
4035.000000  0.245856
4136.000000  0.211486
4219.000000  0.175127
4296.000000  0.174498
4442.000000  0.206125
4648.000000  0.226005
4815.000000  0.260684
4965.000000  0.260652
5148.000000  0.255982
5271.000000  0.228300
5382.000000  0.248258
5548.000000  0.269694
5725.000000  0.305402
5762.000000  0.260629
6018.000000  0.310706
6215.000000  0.323594
6405.000000  0.293082
6574.000000  0.295784
6695.000000  0.322417
6815.000000  0.302761
6875.000000  0.257255
6909.000000  0.279520
6949.000000  0.246264
7017.000000  0.244504
7107.000000  0.281373
7233.000000  0.314672
7385.000000  0.297563
7543.000000  0.310191
7731.000000  0.333863
7908.000000  0.312039
8109.000000  0.367647
8346.000000  0.425612
8523.000000  0.443098
8760.000000  0.465520
9000.000000  0.472640
9238.000000  0.408853
9496.000000  0.470955
9710.000000  0.405858
9844.000000  0.343257
9951.000000  0.289703
10032.000000  0.281570
10129.000000  0.299986
10277.000000  0.337872
10473.000000  0.342818
10676.000000  0.375455
10845.000000  0.342083
10872.000000  0.236132
11084.000000  0.408670
11317.000000  0.400347
11435.000000  0.322101
11519.000000  0.274881
11612.000000  0.313644
11694.000000  0.286634
11776.000000  0.266800
11865.000000  0.301241
11950.000000  0.296561
12032.000000  0.306674
12121.000000  0.292165
12189.000000  0.280727
12260.000000  0.278419
12385.000000  0.330416
12537.000000  0.344026
12713.000000  0.359090
12888.000000  0.356889
13061.000000  0.353814
13223.000000  0.325457
13394.000000  0.341625
13596.000000  0.380153
13865.000000  0.425771
14176.000000  0.449651
14414.000000  0.418093
14599.000000  0.416477
14818.000000  0.447132
15067.000000  0.488233
15375.000000  0.528674
15689.000000  0.533490
15917.000000  0.458895
16040.000000  0.473708
16115.000000  0.408096
16224.000000  0.439141
16251.000000  0.371708
16396.000000  0.457327
16476.000000  0.372610
16495.000000  0.331054
16601.000000  0.384894
16759.000000  0.470914
16896.000000  0.453506
17061.000000  0.452102
17238.000000  0.482295
17350.000000  0.438697
17448.000000  0.424485
17555.000000  0.433815
17749.000000  0.557653
17959.000000  0.533519
18159.000000  0.531124
18362.000000  0.485250
18574.000000  0.450686
18842.000000  0.502356
19069.000000  0.475361
19289.000000  0.493937
19596.000000  0.529923
19860.000000  0.576420
20127.000000  0.609085
20334.000000  0.575706
20411.000000  0.529921
20560.000000  0.619218
20724.000000  0.605388
20846.000000  0.572815
20944.000000  0.586149
21023.000000  0.486847
21080.000000  0.495702
21207.000000  0.534583
21293.000000  0.493751
21395.000000  0.477096
21490.000000  0.514629
21573.000000  0.483604
21661.000000  0.495206
21799.000000  0.563505
21930.000000  0.528716
22079.000000  0.568851
22186.000000  0.532604
22328.000000  0.483971
22522.000000  0.544040
22716.000000  0.548437
22910.000000  0.600776
23100.000000  0.576000
23336.000000  0.578688
23711.000000  0.604928
23912.000000  0.651343
24125.000000  0.603001
24324.000000  0.636186
24572.000000  0.669030
24830.000000  0.727547
25035.000000  0.706266
25331.000000  0.707000
25584.000000  0.793717
25807.000000  0.694609
26043.000000  0.750043
26377.000000  0.779127
26650.000000  0.821738
26895.000000  0.796344
27179.000000  0.896943
27448.000000  0.815536
27744.000000  1.020590
27960.000000  0.881956
28180.000000  0.648696
28391.000000  0.680493
28578.000000  0.676141
28764.000000  0.700052
28837.000000  0.683358
28921.000000  0.759224
29023.000000  0.672943
29105.000000  0.635477
29272.000000  0.560721
29365.000000  0.554972
29428.000000  0.790371
29492.000000  0.456636
29577.000000  0.462037
29636.000000  0.463637
29690.000000  0.459078
29758.000000  0.706450
29865.000000  0.670646
30026.000000  0.846959
30185.000000  0.869294
30303.000000  0.850718
30420.000000  0.767562
30583.000000  0.878980
30698.000000  0.824147
30846.000000  0.482684
30929.000000  0.778037
31044.000000  0.507728
31207.000000  0.654001
31368.000000  0.671677
31513.000000  0.754733
31657.000000  0.733264
31771.000000  0.714993
31932.000000  0.794365
32134.000000  0.804919
32329.000000  0.781272
32504.000000  0.726296
32644.000000  0.747039
32792.000000  0.771475
32890.000000  0.548234
32969.000000  0.491219
33027.000000  0.494990
33032.000000  0.610384
33118.000000  0.861607
33225.000000  1.305844
33338.000000  0.492617
33472.000000  0.532371
33656.000000  0.560837
33821.000000  0.619080
33991.000000  0.578428
34141.000000  0.534991
34256.000000  0.543904
34357.000000  0.586493
34526.000000  0.529765
34597.000000  0.531642
34611.000000  0.507001
34672.000000  0.629505
34681.000000  0.585484
34705.000000  0.641473
34749.000000  0.742352
34791.000000  0.590972
34830.000000  0.415042
34870.000000  0.436032
34906.000000  0.598903
34964.000000  0.672633
34991.000000  0.672315
35021.000000  0.668878
35045.000000  0.678380
35107.000000  0.418855
35220.000000  0.439511
35344.000000  0.440710
35466.000000  0.450715
35531.000000  0.457774
35624.000000  0.440013
35696.000000  0.445866
35782.000000  0.461827
35882.000000  0.479533
35969.000000  0.461938
36093.000000  0.512360
36240.000000  0.526724
36281.000000  0.464318
36409.000000  0.514302
36467.000000  0.503939
36593.000000  0.542997
36672.000000  0.463046
36766.000000  0.498362
36968.000000  0.603601
37164.000000  0.589697
37304.000000  0.526147
37360.000000  0.458293
37398.000000  0.408165
37441.000000  0.401260
37484.000000  0.473298
37549.000000  0.471829
37649.000000  0.447025
37728.000000  0.432024
37825.000000  0.468243
37911.000000  0.460362
38086.000000  0.472107
38238.000000  0.497587
38317.000000  0.457249
38399.000000  0.424972
38443.000000  0.429932
38500.000000  0.430367
38577.000000  0.419255
38679.000000  0.460077
38875.000000  0.513474
39057.000000  0.584789
39191.000000  0.478943
39268.000000  0.478502
39353.000000  0.517234
39395.000000  0.438495
39405.000000  0.424123
39448.000000  0.510071
39461.000000  0.419074
39547.000000  0.408491
39638.000000  0.451026
39739.000000  0.458430
39822.000000  0.434098
39905.000000  0.447090
39922.000000  0.411799
40013.000000  0.510615
40111.000000  0.452556
40206.000000  0.429480
40311.000000  0.467782
40391.000000  0.421477
40393.000000  0.386919
40423.000000  0.418376
40483.000000  0.420071
40566.000000  0.422935
40637.000000  0.467748
40704.000000  0.444251
40797.000000  0.440660
40819.000000  0.424599
40820.000000  0.407338
