995.000000  0.258653
1254.000000  0.209818
1488.000000  0.196693
1796.000000  0.233565
2078.000000  0.259157
2341.000000  0.282247
2632.000000  0.316615
2959.000000  0.341444
3294.000000  0.365822
3619.000000  0.349413
3907.000000  0.351670
4215.000000  0.379383
4552.000000  0.427711
4865.000000  0.411272
5110.000000  0.313715
5273.000000  0.268767
5414.000000  0.320203
5633.000000  0.366391
5835.000000  0.356213
5990.000000  0.347937
6121.000000  0.267373
6280.000000  0.292989
6436.000000  0.272623
6624.000000  0.389039
6774.000000  0.340033
6957.000000  0.294803
7110.000000  0.292549
7280.000000  0.315685
7491.000000  0.310816
7726.000000  0.336882
7981.000000  0.343390
8165.000000  0.343090
8367.000000  0.343515
8573.000000  0.400137
8843.000000  0.447631
9029.000000  0.378985
9175.000000  0.352821
9222.000000  0.298413
9364.000000  0.382164
9567.000000  0.327446
9789.000000  0.347589
10025.000000  0.379025
10296.000000  0.407951
10472.000000  0.383650
10691.000000  0.354640
10813.000000  0.332770
10933.000000  0.303336
11008.000000  0.278052
11266.000000  0.364356
11441.000000  0.360970
11616.000000  0.386022
11794.000000  0.413361
11945.000000  0.428122
12152.000000  0.421772
12323.000000  0.359078
12455.000000  0.374365
12638.000000  0.404939
12890.000000  0.493112
13091.000000  0.505621
13322.000000  0.516792
13590.000000  0.467709
13859.000000  0.555728
14139.000000  0.531965
14410.000000  0.518556
14698.000000  0.503702
14974.000000  0.564421
15236.000000  0.573093
15451.000000  0.584819
15721.000000  0.584350
16009.000000  0.540536
16302.000000  0.502653
16530.000000  0.530105
16782.000000  0.527846
16984.000000  0.526856
17195.000000  0.533030
17404.000000  0.598914
17560.000000  0.549814
17743.000000  0.593807
17890.000000  0.547457
17983.000000  0.511162
18071.000000  0.468144
18117.000000  0.454460
18285.000000  0.506414
18486.000000  0.489886
18569.000000  0.492412
18625.000000  0.459531
18733.000000  0.517856
18845.000000  0.473624
19041.000000  0.644579
19211.000000  0.581987
19362.000000  0.531063
19475.000000  0.519558
19619.000000  0.523914
19823.000000  0.618671
19988.000000  0.561502
20147.000000  0.530436
20328.000000  0.603325
20422.000000  0.540454
20515.000000  0.537592
20680.000000  0.546233
20726.000000  0.453155
20857.000000  0.550465
21028.000000  0.551232
21169.000000  0.580935
21424.000000  0.588704
21668.000000  0.644566
21883.000000  0.602152
22142.000000  0.570000
22404.000000  0.573206
22704.000000  0.639332
23078.000000  0.732163
23445.000000  0.699632
23740.000000  0.705548
24032.000000  0.714543
24342.000000  0.716435
24597.000000  0.828289
24767.000000  0.776972
24913.000000  0.883188
25062.000000  0.562224
25226.000000  0.537303
25428.000000  0.581511
25626.000000  0.610646
25842.000000  0.915934
26051.000000  0.910741
26305.000000  0.962351
26459.000000  0.827465
26641.000000  0.865030
26862.000000  0.890627
26995.000000  0.756018
27150.000000  0.873613
27320.000000  0.875436
27471.000000  0.968362
27661.000000  0.941367
27874.000000  0.777765
28016.000000  0.769668
28136.000000  0.710814
28246.000000  0.647769
28419.000000  0.909696
28525.000000  1.029637
28614.000000  0.882213
28758.000000  0.891321
28911.000000  0.845018
29123.000000  0.898288
29286.000000  0.884142
29468.000000  0.990365
29664.000000  0.910298
29802.000000  0.724176
29925.000000  1.010239
30044.000000  1.216896
30136.000000  0.466668
30226.000000  0.440267
30296.000000  0.434816
30384.000000  0.470057
30470.000000  0.459387
30549.000000  0.444660
30625.000000  0.464921
30715.000000  0.487191
30793.000000  0.450675
30901.000000  0.443519
31007.000000  0.458882
31124.000000  0.464770
31183.000000  0.415649
31218.000000  0.397740
31268.000000  0.413043
31343.000000  0.399414
31463.000000  0.411285
31534.000000  0.437678
31699.000000  0.430779
31774.000000  0.466263
31865.000000  0.477314
31950.000000  0.471778
32029.000000  0.485223
32128.000000  0.509127
32331.000000  0.551396
32580.000000  0.585150
32824.000000  0.576299
33071.000000  0.598185
33232.000000  0.559461
33371.000000  0.547292
33557.000000  0.553425
33763.000000  0.592861
34003.000000  0.604475
34243.000000  0.602047
34418.000000  0.613935
34559.000000  0.620735
34577.000000  0.508523
34622.000000  0.561796
34656.000000  0.574351
34692.000000  0.638604
34757.000000  0.669643
34803.000000  0.723675
34900.000000  0.812994
35050.000000  0.515936
35146.000000  0.624139
35150.000000  0.398074
35202.000000  0.412126
35271.000000  0.440161
35361.000000  0.411034
35421.000000  0.419765
35580.000000  0.491141
35812.000000  0.539445
36052.000000  0.565210
36221.000000  0.520642
36402.000000  0.544923
36574.000000  0.541197
36712.000000  0.599030
36813.000000  0.597021
36930.000000  0.503466
37025.000000  0.558007
37173.000000  0.558897
37359.000000  0.598764
37495.000000  0.613540
37557.000000  0.598920
37641.000000  0.583536
37647.000000  0.546058
37731.000000  0.565028
37853.000000  0.558298
37988.000000  0.597431
38127.000000  0.586619
38268.000000  0.633554
38398.000000  0.692006
38452.000000  0.692702
38499.000000  0.452687
38589.000000  0.470191
38628.000000  0.462682
38679.000000  0.421859
38690.000000  0.412872
38780.000000  0.442881
38792.000000  0.425342
38880.000000  0.440768
38955.000000  0.435339
39032.000000  1.007400
39096.000000  0.439428
39107.000000  0.414382
39204.000000  0.437795
39283.000000  0.416766
39309.000000  0.402901
39312.000000  0.411242
39363.000000  0.398128
39442.000000  0.453903
39513.000000  0.430097
39607.000000  0.450436
39720.000000  0.452852
39739.000000  0.441643
39802.000000  0.432876
39916.000000  0.468215
39979.000000  0.446665
40066.000000  0.475492
40228.000000  0.460041
40242.000000  0.471398
40299.000000  0.549648
40359.000000  0.554164
40374.000000  0.514918
40379.000000  0.379706
40386.000000  0.437254
40488.000000  0.455686
40568.000000  0.490543
40650.000000  0.463294
40763.000000  0.488000
40805.000000  0.466795
40821.000000  0.438182
