995.000000  0.179171
1274.000000  0.148963
1543.000000  0.155634
1759.000000  0.165084
2052.000000  0.170356
2316.000000  0.168930
2538.000000  0.172612
2771.000000  0.181593
3035.000000  0.241189
3260.000000  0.166745
3520.000000  0.195954
3733.000000  0.166153
3964.000000  0.161318
4181.000000  0.174670
4423.000000  0.190031
4505.000000  0.165671
4792.000000  0.265270
5028.000000  0.203544
5234.000000  0.171397
5448.000000  0.146368
5652.000000  0.153850
5856.000000  0.173740
6000.000000  0.129331
6155.000000  0.155295
6319.000000  0.177322
6582.000000  0.187773
6821.000000  0.179130
7076.000000  0.159973
7347.000000  0.161640
7648.000000  0.197275
7978.000000  0.243926
8227.000000  0.212342
8538.000000  0.236792
8809.000000  0.250682
9041.000000  0.171537
9139.000000  0.110560
9248.000000  0.094328
9335.000000  0.081375
9437.000000  0.097092
9592.000000  0.148836
9743.000000  0.140843
9920.000000  0.175840
10124.000000  0.156043
10328.000000  0.161443
10554.000000  0.171807
10772.000000  0.171069
10962.000000  0.136952
10992.000000  0.081584
11105.000000  0.119863
11213.000000  0.120965
11365.000000  0.152556
11473.000000  0.192650
11588.000000  0.171739
11777.000000  0.132142
11975.000000  0.188826
12205.000000  0.176647
12430.000000  0.200480
12639.000000  0.164062
12865.000000  0.181071
13034.000000  0.237333
13088.000000  0.211490
13227.000000  0.262961
13333.000000  0.238842
13411.000000  0.187543
13509.000000  0.196202
13644.000000  0.206830
13799.000000  0.142487
13937.000000  0.116381
14056.000000  0.116333
14196.000000  0.130924
14355.000000  0.150250
14504.000000  0.104431
14659.000000  0.101966
14830.000000  0.132202
14971.000000  0.136587
15189.000000  0.112289
15365.000000  0.140877
15581.000000  0.177603
15806.000000  0.180745
15968.000000  0.147965
16093.000000  0.141734
16135.000000  0.096053
16246.000000  0.119908
16274.000000  0.074876
16404.000000  0.116172
16538.000000  0.129242
16702.000000  0.097840
16830.000000  0.105251
16862.000000  0.091928
16975.000000  0.103557
17063.000000  0.114190
17184.000000  0.122235
17399.000000  0.139240
17671.000000  0.198176
17994.000000  0.244161
18369.000000  0.270491
18664.000000  0.286916
18978.000000  0.261990
19313.000000  0.274414
19552.000000  0.194866
19595.000000  0.175067
19713.000000  0.204191
19849.000000  0.194156
20049.000000  0.264174
20287.000000  0.234017
20492.000000  0.233418
20708.000000  0.307594
20881.000000  0.344144
20974.000000  0.361915
21166.000000  0.501928
21323.000000  0.165519
21455.000000  0.126687
21619.000000  0.122886
21746.000000  0.096712
21896.000000  0.441233
21990.000000  0.504857
22117.000000  0.099915
22334.000000  0.121520
22537.000000  0.142144
22769.000000  0.123678
23080.000000  0.320825
23263.000000  0.159107
23384.000000  0.144528
23572.000000  0.247212
23718.000000  0.248586
23843.000000  0.254384
24009.000000  0.112004
24106.000000  0.082049
24219.000000  0.075697
24319.000000  0.164703
24389.000000  0.259251
24541.000000  0.294936
24739.000000  0.300197
24923.000000  0.255998
25068.000000  0.153945
25236.000000  0.182353
25290.000000  0.081622
25457.000000  0.127890
25674.000000  0.146088
25862.000000  0.139054
26066.000000  0.164204
26200.000000  0.229030
26412.000000  0.305428
26591.000000  0.235143
26738.000000  0.165217
26894.000000  0.185092
27083.000000  0.257864
27297.000000  0.409683
27509.000000  0.570289
27730.000000  0.533538
27946.000000  0.536787
28116.000000  0.409371
28265.000000  0.366946
28409.000000  0.085991
28467.000000  0.098031
28583.000000  0.121936
28639.000000  0.082313
28799.000000  0.112342
29000.000000  0.153757
29275.000000  0.173037
29454.000000  0.149319
29665.000000  0.177458
29883.000000  0.425836
30121.000000  0.453928
30415.000000  0.401509
30608.000000  0.432754
30826.000000  0.298427
31063.000000  0.464624
31268.000000  0.438525
31518.000000  0.472444
31756.000000  0.512150
31975.000000  0.514260
32138.000000  0.448420
32352.000000  0.623269
32519.000000  0.488531
32595.000000  0.483829
32650.000000  0.396533
32765.000000  0.652735
32948.000000  0.690155
33140.000000  0.703714
33293.000000  0.871351
33413.000000  0.171603
33542.000000  0.075636
33627.000000  0.051953
33745.000000  0.066831
33865.000000  0.153356
33963.000000  0.157078
34026.000000  0.189303
34185.000000  0.430484
34280.000000  0.139647
34361.000000  0.200479
34440.000000  0.160303
34474.000000  0.118648
34658.000000  0.193869
34758.000000  0.193894
34881.000000  0.213362
34925.000000  0.119758
35066.000000  0.217002
35161.000000  0.194931
35352.000000  0.250094
35586.000000  0.296901
35776.000000  0.286124
35947.000000  0.141804
36121.000000  0.280956
36308.000000  0.126199
36532.000000  0.141069
36636.000000  0.102692
36763.000000  0.133020
36862.000000  0.228807
36926.000000  0.193883
37001.000000  0.183905
37158.000000  0.182683
37336.000000  0.188704
37413.000000  0.043055
37520.000000  0.062716
37602.000000  0.070796
37612.000000  0.046687
37649.000000  0.028172
37649.000000  0.007022
37746.000000  0.051998
37835.000000  0.040083
37929.000000  0.045590
37984.000000  0.023911
38046.000000  0.039560
38141.000000  0.045384
38246.000000  0.064978
38388.000000  0.187176
38463.000000  0.148798
38504.000000  0.098703
38598.000000  0.103664
38687.000000  0.064050
38772.000000  0.065256
38839.000000  0.056019
38882.000000  0.023202
38925.000000  0.023384
38999.000000  0.025130
39080.000000  0.024698
39127.000000  0.015274
39196.000000  0.031730
39209.000000  0.005259
39276.000000  0.018092
39363.000000  0.030506
39463.000000  0.042514
39605.000000  0.107864
39801.000000  0.116101
39947.000000  0.133573
40077.000000  0.112086
40213.000000  0.130072
40334.000000  0.083407
40408.000000  0.091229
40413.000000  0.012500
40418.000000  0.014046
40517.000000  0.031742
40602.000000  0.045105
40688.000000  0.051138
40793.000000  0.050947
40822.000000  0.031587
