399.000000  0.179576
519.000000  0.122585
630.000000  0.120002
752.000000  0.138768
886.000000  0.129478
994.000000  0.133805
1102.000000  0.132181
1194.000000  0.163523
1312.000000  0.150357
1438.000000  0.159136
1582.000000  0.166071
1679.000000  0.145616
1812.000000  0.170628
1961.000000  0.196806
2065.000000  0.185279
2106.000000  0.103342
2242.000000  0.163737
2385.000000  0.144954
2515.000000  0.180992
2640.000000  0.196327
2783.000000  0.231048
2938.000000  0.250291
2954.000000  0.109869
3087.000000  0.227882
3103.000000  0.093488
3234.000000  0.206815
3234.000000  0.040847
3347.000000  0.212075
3472.000000  0.207547
3543.000000  0.207305
3616.000000  0.206626
3657.000000  0.125885
3710.000000  0.109627
3772.000000  0.146674
3843.000000  0.158242
3967.000000  0.156325
4088.000000  0.169562
4212.000000  0.186139
4338.000000  0.173931
4452.000000  0.179078
4540.000000  0.120020
4619.000000  0.123368
4695.000000  0.175780
4775.000000  0.161787
4856.000000  0.150699
4889.000000  0.105272
4936.000000  0.092775
5007.000000  0.156501
5087.000000  0.143531
5156.000000  0.162695
5216.000000  0.111262
5291.000000  0.105706
5351.000000  0.108999
5412.000000  0.104274
5487.000000  0.105368
5606.000000  0.176942
5706.000000  0.164598
5793.000000  0.143355
5930.000000  0.228589
6040.000000  0.145472
6150.000000  0.147651
6202.000000  0.133433
6323.000000  0.176597
6349.000000  0.110233
6410.000000  0.119675
6425.000000  0.093767
6472.000000  0.105754
6521.000000  0.122455
6560.000000  0.129857
6613.000000  0.185252
6669.000000  0.115150
6726.000000  0.112250
6782.000000  0.108814
6837.000000  0.160021
6894.000000  0.111591
6949.000000  0.111846
7006.000000  0.159885
7062.000000  0.185858
7118.000000  0.126248
7173.000000  0.158714
7232.000000  0.142382
7325.000000  0.132771
7352.000000  0.108770
7477.000000  0.143048
7512.000000  0.119461
7580.000000  0.191252
7662.000000  0.142330
7777.000000  0.159178
7887.000000  0.151979
7966.000000  0.163814
8072.000000  0.201447
8144.000000  0.148201
8245.000000  0.171940
8339.000000  0.211517
8418.000000  0.236809
8496.000000  0.200782
8519.000000  0.175071
8604.000000  0.274995
8647.000000  0.215200
8757.000000  0.315979
8850.000000  0.310899
8912.000000  0.245625
8970.000000  0.265807
9055.000000  0.222015
9145.000000  0.215682
9224.000000  0.181422
9316.000000  0.207938
9392.000000  0.213290
9472.000000  0.197411
9565.000000  0.171692
9659.000000  0.229196
9754.000000  0.173285
9842.000000  0.229603
9937.000000  0.230115
10057.000000  0.211745
10127.000000  0.207911
10190.000000  0.275440
10273.000000  0.258358
10351.000000  0.239228
10429.000000  0.273056
10543.000000  0.358924
10593.000000  0.318563
10629.000000  0.263252
10681.000000  0.299287
10742.000000  0.312081
10809.000000  0.341128
10839.000000  0.258018
10869.000000  0.254901
10910.000000  0.300799
10935.000000  0.354346
10952.000000  0.293912
10953.000000  0.389219
10955.000000  0.503069
11075.000000  0.314391
11179.000000  0.342871
11315.000000  0.399676
11458.000000  0.340064
11614.000000  0.299071
11737.000000  0.301007
11870.000000  0.249455
11929.000000  0.239488
11970.000000  0.264399
12035.000000  0.249935
12100.000000  0.290560
12161.000000  0.297126
12197.000000  0.297238
12232.000000  0.258131
12285.000000  0.280915
12344.000000  0.304405
12419.000000  0.370800
12470.000000  0.416251
12510.000000  0.469974
12531.000000  0.522810
12546.000000  0.709422
12615.000000  0.161827
12666.000000  0.194227
12711.000000  0.175428
12754.000000  0.169529
12800.000000  0.183114
12838.000000  0.149839
12887.000000  0.143802
12928.000000  0.545334
12993.000000  0.549199
13069.000000  0.577983
13164.000000  0.619106
13262.000000  0.586823
13355.000000  0.407427
13484.000000  0.412784
13579.000000  0.379940
13665.000000  0.385403
13747.000000  0.423594
13817.000000  0.195009
13875.000000  0.413937
13913.000000  0.397432
13977.000000  0.385949
14067.000000  0.735311
14154.000000  0.201869
14229.000000  0.244684
14308.000000  0.239269
14401.000000  0.251593
14475.000000  0.238480
14527.000000  0.222251
14582.000000  0.202760
14622.000000  0.207462
14677.000000  0.206183
14735.000000  0.221005
14830.000000  0.353110
14918.000000  0.345101
15027.000000  0.525987
15114.000000  0.436331
15216.000000  0.501833
15324.000000  0.475863
15433.000000  0.514090
15544.000000  0.435247
15660.000000  0.327402
15765.000000  0.235700
15892.000000  0.289263
16018.000000  0.323309
16091.000000  0.326691
16174.000000  0.276667
16264.000000  0.448355
16286.000000  0.558545
16370.000000  0.253096
16453.000000  0.292350
16538.000000  0.284464
16639.000000  0.261200
16725.000000  0.283251
16810.000000  0.283354
16912.000000  0.271775
16989.000000  0.234275
17033.000000  0.248611
17085.000000  0.224852
17162.000000  0.216785
17348.000000  0.324274
17470.000000  0.313992
17569.000000  0.289745
17688.000000  0.327197
17806.000000  0.359269
17929.000000  0.355683
18048.000000  0.344992
18167.000000  0.378061
18292.000000  0.370408
18428.000000  0.371783
18524.000000  0.316729
18643.000000  0.304337
18776.000000  0.244443
18848.000000  0.275524
18922.000000  0.268457
18970.000000  0.251247
18989.000000  0.218545
19044.000000  0.278998
19123.000000  0.282020
19167.000000  0.300576
19235.000000  0.279223
19293.000000  0.291508
19316.000000  0.274722
19363.000000  0.287535
19416.000000  0.272725
19489.000000  0.259369
19554.000000  0.249158
19732.000000  0.319466
19790.000000  0.251781
19851.000000  0.298410
19897.000000  0.259149
19988.000000  0.323525
20014.000000  0.250777
20066.000000  0.327854
20119.000000  0.369122
20185.000000  0.347854
20260.000000  0.362740
20333.000000  0.358664
20421.000000  0.377508
20557.000000  0.400669
20595.000000  0.352468
20613.000000  0.207038
20654.000000  0.292872
20704.000000  0.292295
20756.000000  0.289576
20792.000000  0.204241
20826.000000  0.282571
20886.000000  0.258772
20918.000000  0.260429
20953.000000  0.240701
20988.000000  0.264954
21020.000000  0.264993
21073.000000  0.272036
21165.000000  0.286812
21279.000000  0.279280
21390.000000  0.316421
21509.000000  0.295760
21601.000000  0.265845
21696.000000  0.292077
21803.000000  0.291606
21915.000000  0.287465
22033.000000  0.302719
22137.000000  0.327597
22270.000000  0.313844
22406.000000  0.317763
22551.000000  0.350286
22719.000000  0.368906
22900.000000  0.347556
23023.000000  0.372607
23180.000000  0.360417
23285.000000  0.335381
23383.000000  0.311801
23485.000000  0.327378
23578.000000  0.303436
23585.000000  0.226087
23657.000000  0.340361
23741.000000  0.327719
23832.000000  0.352842
23908.000000  0.362339
23993.000000  0.391117
24085.000000  0.354873
24174.000000  0.341117
24230.000000  0.300229
24288.000000  0.298340
24351.000000  0.301263
24385.000000  0.290673
24453.000000  0.327486
24561.000000  0.345177
24641.000000  0.362146
24763.000000  0.387679
24912.000000  0.403631
25091.000000  0.383907
25231.000000  0.375413
25370.000000  0.357798
25466.000000  0.385123
25496.000000  0.288358
25549.000000  0.328235
25607.000000  0.356572
25703.000000  0.375415
25746.000000  0.355504
25754.000000  0.433396
25761.000000  0.283787
25796.000000  0.315826
25813.000000  0.308458
25861.000000  0.299546
25914.000000  0.316575
25971.000000  0.318486
26036.000000  0.321908
26123.000000  0.333329
26190.000000  0.332821
26226.000000  0.310206
26281.000000  0.321761
26333.000000  0.311260
26448.000000  0.375876
26501.000000  0.290473
26596.000000  0.355978
26651.000000  0.345837
26682.000000  0.337079
26712.000000  0.334762
26751.000000  0.326800
26798.000000  0.340746
26833.000000  0.351957
26840.000000  0.334072
26892.000000  0.313885
26950.000000  0.319094
27005.000000  0.320602
27062.000000  0.318801
27123.000000  0.344054
27162.000000  0.319074
27201.000000  0.303701
27219.000000  0.308709
27235.000000  0.306910
27250.000000  0.304543
27336.000000  0.312334
27427.000000  0.324802
27496.000000  0.326941
27560.000000  0.319222
27641.000000  0.306111
27765.000000  0.360189
27820.000000  0.335789
27875.000000  0.330598
27965.000000  0.342253
28048.000000  0.358123
28121.000000  0.356984
28185.000000  0.315403
28272.000000  0.329984
28318.000000  0.301286
28342.000000  0.324670
28408.000000  0.331785
28487.000000  0.334985
28570.000000  0.357054
28649.000000  0.354845
28727.000000  0.406857
28819.000000  0.362327
28883.000000  0.356895
28977.000000  0.334414
28998.000000  0.279505
29070.000000  0.367718
29126.000000  0.374150
29183.000000  0.364766
29296.000000  0.396688
29373.000000  0.393866
29417.000000  0.357378
29475.000000  0.319206
29502.000000  0.356015
29514.000000  0.330210
29591.000000  0.305727
29623.000000  0.271313
29676.000000  0.337104
29713.000000  0.312625
29757.000000  0.273065
29763.000000  0.301238
29838.000000  0.322114
29906.000000  0.315085
29992.000000  0.354076
30041.000000  0.346075
30140.000000  0.335347
30266.000000  0.368577
30327.000000  0.361145
30395.000000  0.382154
30433.000000  0.294811
30470.000000  0.359664
30520.000000  0.355487
30577.000000  0.355241
30644.000000  0.329443
30673.000000  0.346231
30717.000000  0.340685
30763.000000  0.342034
30782.000000  0.359628
30832.000000  0.376846
30902.000000  0.356161
30993.000000  0.397140
31093.000000  0.372974
31233.000000  0.373621
31328.000000  0.391968
31435.000000  0.397687
31544.000000  0.351272
31647.000000  0.462736
31742.000000  0.404316
31813.000000  0.390579
31917.000000  0.378732
32042.000000  0.411767
32142.000000  0.412998
32259.000000  0.503712
32338.000000  0.491196
32413.000000  0.453281
32435.000000  0.431248
32473.000000  0.383496
32487.000000  0.378764
32574.000000  0.468042
32620.000000  0.504210
32663.000000  0.523815
32678.000000  0.580258
32717.000000  0.327028
32761.000000  0.345037
32809.000000  0.347791
32853.000000  0.356943
32893.000000  0.357441
32969.000000  0.354009
33043.000000  0.353756
33114.000000  0.366389
33207.000000  0.397845
33313.000000  0.416414
33484.000000  0.469305
33647.000000  0.408570
33741.000000  0.431765
33886.000000  0.418934
34046.000000  0.456939
34206.000000  0.439898
34362.000000  0.445509
34504.000000  0.473736
34598.000000  0.470292
34664.000000  0.445519
34802.000000  0.507642
34932.000000  0.499284
35050.000000  0.531940
35102.000000  0.397859
35160.000000  0.388534
35224.000000  0.403069
35299.000000  0.449533
35368.000000  0.430485
35442.000000  0.459542
35509.000000  0.492053
35555.000000  0.476149
35598.000000  0.468278
35630.000000  0.462725
35651.000000  0.477191
35654.000000  0.352329
35667.000000  0.572667
35715.000000  0.406666
35800.000000  0.484067
35916.000000  0.568575
36052.000000  0.549676
36157.000000  0.547392
36226.000000  0.537798
36300.000000  0.426117
36316.000000  0.366572
36374.000000  0.457018
36417.000000  0.405414
36477.000000  0.427969
36529.000000  0.436389
36575.000000  0.431420
36657.000000  0.452019
36733.000000  0.430029
36850.000000  0.451605
36978.000000  0.491552
37087.000000  0.607442
37134.000000  0.414865
37142.000000  0.625306
37155.000000  0.360626
37179.000000  0.596575
37238.000000  0.593007
37242.000000  0.411844
37299.000000  0.386920
37365.000000  0.400820
37448.000000  0.406244
37552.000000  0.522833
37663.000000  0.551018
37717.000000  0.404488
37735.000000  0.376580
37752.000000  0.375083
37770.000000  0.391081
37841.000000  0.439417
37895.000000  0.389418
37971.000000  0.363494
38079.000000  0.363360
38161.000000  0.408704
38234.000000  0.417192
38325.000000  0.413086
38383.000000  0.421972
38393.000000  0.365696
38438.000000  0.380539
38470.000000  0.401582
38487.000000  0.378760
38493.000000  0.389841
38531.000000  0.418421
38590.000000  0.407750
38656.000000  0.376954
38708.000000  0.417070
38762.000000  0.392192
38793.000000  0.416285
38904.000000  0.456992
38975.000000  0.447159
39064.000000  0.457347
39141.000000  0.461010
39240.000000  0.471055
39346.000000  0.445508
39384.000000  0.414652
39430.000000  0.429549
39450.000000  0.444528
39455.000000  0.434547
39530.000000  0.408094
39603.000000  0.384320
39669.000000  0.378754
39689.000000  0.404157
39691.000000  0.392128
39722.000000  0.390399
39765.000000  0.378553
39787.000000  0.393727
39831.000000  0.437177
39973.000000  0.430968
40051.000000  0.440325
40153.000000  0.419434
40166.000000  0.371174
40241.000000  0.398182
40328.000000  0.474632
40368.000000  0.426086
40443.000000  0.412403
40475.000000  0.442217
40505.000000  0.380113
40532.000000  0.420822
40554.000000  0.419312
40603.000000  0.438904
40629.000000  0.422774
40633.000000  0.399955
40660.000000  0.437399
40692.000000  0.399007
40727.000000  0.455564
40801.000000  0.453199
40818.000000  0.403648
