399.000000  55.794357
519.000000  81.596916
630.000000  80.225586
752.000000  82.313744
886.000000  80.296532
994.000000  80.419304
1102.000000  79.791573
1194.000000  81.616287
1312.000000  81.293839
1438.000000  80.946503
1582.000000  81.090584
1679.000000  77.728279
1812.000000  78.454857
1961.000000  81.916061
2065.000000  78.622154
2106.000000  69.172745
2242.000000  78.144249
2385.000000  75.016396
2515.000000  75.136551
2640.000000  77.386711
2783.000000  80.675583
2938.000000  76.588699
2954.000000  63.968788
3087.000000  75.596603
3103.000000  49.289139
3234.000000  76.672142
3234.000000  0.431848
3347.000000  76.924599
3472.000000  75.474045
3543.000000  75.707153
3616.000000  70.085747
3657.000000  52.855919
3710.000000  53.391796
3772.000000  64.217850
3843.000000  67.385803
3967.000000  66.200256
4088.000000  66.850029
4212.000000  69.264183
4338.000000  68.750458
4452.000000  68.793655
4540.000000  55.040215
4619.000000  55.746590
4695.000000  65.792122
4775.000000  64.291039
4856.000000  59.428745
4889.000000  47.176125
4936.000000  38.751976
5007.000000  58.888412
5087.000000  53.748173
5156.000000  59.502983
5216.000000  45.424480
5291.000000  43.657120
5351.000000  44.475357
5412.000000  41.482880
5487.000000  42.407909
5606.000000  62.546318
5706.000000  60.237755
5793.000000  54.184551
5930.000000  67.715775
6040.000000  54.288300
6150.000000  54.527836
6202.000000  50.461624
6323.000000  60.421700
6349.000000  38.603271
6410.000000  41.932541
6425.000000  28.347063
6472.000000  34.859684
6521.000000  36.165787
6560.000000  46.183620
6613.000000  55.909340
6669.000000  38.352749
6726.000000  36.923424
6782.000000  33.557816
6837.000000  48.542164
6894.000000  34.648064
6949.000000  34.482449
7006.000000  43.077530
7062.000000  52.927048
7118.000000  38.644836
7173.000000  43.894058
7232.000000  45.107658
7325.000000  41.487034
7352.000000  30.618053
7477.000000  44.633286
7512.000000  35.577141
7580.000000  52.538097
7662.000000  43.839569
7777.000000  47.848988
7887.000000  46.230255
7966.000000  48.762352
8072.000000  54.724850
8144.000000  41.980263
8245.000000  50.717598
8339.000000  57.464397
8418.000000  59.295891
8496.000000  56.278057
8519.000000  49.999226
8604.000000  64.216599
8647.000000  58.935715
8757.000000  70.145760
8850.000000  68.168068
8912.000000  62.023499
8970.000000  63.352226
9055.000000  58.118832
9145.000000  56.140007
9224.000000  48.616608
9316.000000  52.077465
9392.000000  51.665844
9472.000000  48.273972
9565.000000  43.977615
9659.000000  51.577312
9754.000000  43.560318
9842.000000  52.794636
9937.000000  53.506260
10057.000000  52.070789
10127.000000  49.635571
10190.000000  59.782784
10273.000000  58.821041
10351.000000  55.790924
10429.000000  61.061169
10543.000000  66.963570
10593.000000  63.166992
10629.000000  59.086449
10681.000000  63.338036
10742.000000  63.505589
10809.000000  67.329773
10839.000000  57.041996
10869.000000  56.984528
10910.000000  63.003548
10935.000000  66.763168
10952.000000  61.680115
10953.000000  69.567162
10955.000000  75.995293
11075.000000  61.956978
11179.000000  66.192085
11315.000000  64.351395
11458.000000  66.039764
11614.000000  60.689629
11737.000000  59.580933
11870.000000  52.993023
11929.000000  50.242500
11970.000000  53.216805
12035.000000  52.422558
12100.000000  57.273121
12161.000000  56.734310
12197.000000  57.139023
12232.000000  52.588928
12285.000000  55.070042
12344.000000  59.616165
12419.000000  66.010536
12470.000000  69.043602
12510.000000  71.521744
12531.000000  74.572624
12546.000000  80.835037
12615.000000  25.090786
12666.000000  21.593273
12711.000000  16.586670
12754.000000  15.470732
12800.000000  14.187193
12838.000000  13.259162
12887.000000  13.317805
12928.000000  74.946556
12993.000000  75.178047
13069.000000  76.351395
13164.000000  77.710922
13262.000000  76.527817
13355.000000  66.742020
13484.000000  66.714111
13579.000000  61.887222
13665.000000  64.513435
13747.000000  66.262749
13817.000000  30.311104
13875.000000  65.447060
13913.000000  63.889099
13977.000000  63.625347
14067.000000  79.730034
14154.000000  32.750519
14229.000000  42.327633
14308.000000  40.904270
14401.000000  43.318169
14475.000000  40.091694
14527.000000  29.706871
14582.000000  16.634464
14622.000000  14.588208
14677.000000  22.401533
14735.000000  23.811172
14830.000000  58.856094
14918.000000  56.091194
15027.000000  71.214188
15114.000000  65.799141
15216.000000  69.244476
15324.000000  67.466286
15433.000000  69.194672
15544.000000  64.355103
15660.000000  53.298615
15765.000000  36.330528
15892.000000  46.963146
16018.000000  51.869045
16091.000000  51.354576
16174.000000  43.215302
16264.000000  64.201843
16286.000000  70.727020
16370.000000  39.576965
16453.000000  46.835289
16538.000000  44.414207
16639.000000  38.970810
16725.000000  43.363155
16810.000000  43.983513
16912.000000  41.356884
16989.000000  32.431759
17033.000000  33.549480
17085.000000  29.260120
17162.000000  26.795584
17348.000000  47.994865
17470.000000  47.288902
17569.000000  42.286404
17688.000000  48.670094
17806.000000  52.894974
17929.000000  52.059196
18048.000000  50.671463
18167.000000  51.030373
18292.000000  52.704388
18428.000000  51.490856
18524.000000  43.841877
18643.000000  41.983719
18776.000000  29.016230
18848.000000  34.061020
18922.000000  32.774540
18970.000000  29.855293
18989.000000  21.076307
19044.000000  35.414215
19123.000000  35.034676
19167.000000  37.213047
19235.000000  36.031948
19293.000000  38.041798
19316.000000  33.470795
19363.000000  36.662449
19416.000000  32.393478
19489.000000  28.155142
19554.000000  21.373083
19732.000000  41.117634
19790.000000  27.251673
19851.000000  36.795227
19897.000000  27.616274
19988.000000  41.674477
20014.000000  27.705244
20066.000000  42.204605
20119.000000  48.121887
20185.000000  45.224396
20260.000000  46.135406
20333.000000  46.674885
20421.000000  47.318913
20557.000000  51.571678
20595.000000  46.163567
20613.000000  9.181623
20654.000000  34.436256
20704.000000  33.845020
20756.000000  31.277782
20792.000000  8.349212
20826.000000  32.085682
20886.000000  19.493870
20918.000000  19.626780
20953.000000  15.941154
20988.000000  15.842064
21020.000000  25.587896
21073.000000  27.020676
21165.000000  31.619474
21279.000000  30.372662
21390.000000  37.518726
21509.000000  32.274456
21601.000000  24.846094
21696.000000  27.415558
21803.000000  29.976957
21915.000000  29.700407
22033.000000  32.935059
22137.000000  37.286419
22270.000000  30.383787
22406.000000  36.083206
22551.000000  40.668781
22719.000000  42.744659
22900.000000  40.893440
23023.000000  43.244740
23180.000000  41.249512
23285.000000  36.746948
23383.000000  30.598276
23485.000000  34.162506
23578.000000  28.976545
23585.000000  8.500320
23657.000000  35.200943
23741.000000  33.984043
23832.000000  39.269741
23908.000000  39.406265
23993.000000  41.386520
24085.000000  37.155087
24174.000000  33.049328
24230.000000  25.442080
24288.000000  23.988787
24351.000000  23.742966
24385.000000  16.097908
24453.000000  30.288691
24561.000000  36.040352
24641.000000  38.315887
24763.000000  40.490723
24912.000000  42.847996
25091.000000  40.144817
25231.000000  39.154385
25370.000000  36.342030
25466.000000  39.765293
25496.000000  21.890461
25549.000000  29.238016
25607.000000  32.630817
25703.000000  37.329956
25746.000000  35.345947
25754.000000  45.491512
25761.000000  5.968920
25796.000000  24.959166
25813.000000  24.242218
25861.000000  15.424970
25914.000000  25.112993
25971.000000  26.503155
26036.000000  26.759418
26123.000000  29.648808
26190.000000  28.697145
26226.000000  20.977556
26281.000000  21.969072
26333.000000  23.056913
26448.000000  35.014809
26501.000000  18.978924
26596.000000  32.661461
26651.000000  27.907860
26682.000000  28.524504
26712.000000  28.271469
26751.000000  26.976749
26798.000000  29.023413
26833.000000  29.071335
26840.000000  27.176704
26892.000000  18.666206
26950.000000  23.030584
27005.000000  22.929852
27062.000000  22.912285
27123.000000  23.479548
27162.000000  21.170570
27201.000000  19.165419
27219.000000  19.100229
27235.000000  18.333731
27250.000000  18.083479
27336.000000  19.348843
27427.000000  23.454517
27496.000000  23.275764
27560.000000  22.836422
27641.000000  18.002510
27765.000000  29.090591
27820.000000  25.983582
27875.000000  23.490477
27965.000000  27.589087
28048.000000  29.463497
28121.000000  25.103918
28185.000000  17.535528
28272.000000  21.785999
28318.000000  9.644744
28342.000000  12.264055
28408.000000  22.037817
28487.000000  22.300627
28570.000000  28.595510
28649.000000  27.656469
28727.000000  37.050861
28819.000000  29.058540
28883.000000  27.093786
28977.000000  21.186007
28998.000000  8.748055
29070.000000  27.728092
29126.000000  30.585537
29183.000000  28.000433
29296.000000  34.464886
29373.000000  33.972160
29417.000000  23.171606
29475.000000  11.273487
29502.000000  27.221424
29514.000000  13.944827
29591.000000  10.419374
29623.000000  6.080932
29676.000000  19.579720
29713.000000  8.464308
29757.000000  3.843046
29763.000000  4.219015
29838.000000  14.440351
29906.000000  16.115063
29992.000000  25.205418
30041.000000  22.636024
30140.000000  20.904604
30266.000000  27.656427
30327.000000  26.303709
30395.000000  30.434763
30433.000000  9.601088
30470.000000  23.216599
30520.000000  21.518978
30577.000000  23.621010
30644.000000  17.524155
30673.000000  19.324125
30717.000000  19.737400
30763.000000  20.313108
30782.000000  24.559700
30832.000000  28.596220
30902.000000  21.610666
30993.000000  30.715963
31093.000000  27.145096
31233.000000  26.497068
31328.000000  29.435587
31435.000000  30.720222
31544.000000  22.814140
31647.000000  39.788452
31742.000000  30.873718
31813.000000  28.688297
31917.000000  25.672356
32042.000000  31.463150
32142.000000  31.480604
32259.000000  43.152607
32338.000000  41.810482
32413.000000  37.335594
32435.000000  33.494751
32473.000000  24.689560
32487.000000  24.970360
32574.000000  38.782177
32620.000000  42.545490
32663.000000  45.102589
32678.000000  50.035297
32717.000000  7.943486
32761.000000  8.360381
32809.000000  9.820071
32853.000000  12.079043
32893.000000  15.732391
32969.000000  13.840538
33043.000000  18.025654
33114.000000  19.901100
33207.000000  27.223888
33313.000000  28.910759
33484.000000  36.999649
33647.000000  27.502113
33741.000000  31.736649
33886.000000  29.759094
34046.000000  33.391861
34206.000000  31.944260
34362.000000  32.096066
34504.000000  34.949951
34598.000000  34.914989
34664.000000  30.723372
34802.000000  38.621155
34932.000000  38.422249
35050.000000  42.130791
35102.000000  21.883547
35160.000000  18.501041
35224.000000  22.255573
35299.000000  28.464397
35368.000000  26.701248
35442.000000  32.122471
35509.000000  36.597469
35555.000000  33.655155
35598.000000  31.419462
35630.000000  32.033741
35651.000000  34.122398
35654.000000  10.280711
35667.000000  44.276245
35715.000000  21.857185
35800.000000  35.019093
35916.000000  43.486629
36052.000000  41.723763
36157.000000  40.944332
36226.000000  40.301403
36300.000000  24.116104
36316.000000  14.303115
36374.000000  30.187544
36417.000000  20.804218
36477.000000  25.031652
36529.000000  26.366249
36575.000000  24.454607
36657.000000  28.141726
36733.000000  25.613319
36850.000000  28.867569
36978.000000  33.886227
37087.000000  45.522243
37134.000000  21.181335
37142.000000  47.237434
37155.000000  7.260400
37179.000000  44.542675
37238.000000  44.442863
37242.000000  19.433958
37299.000000  7.776105
37365.000000  15.329951
37448.000000  17.508080
37552.000000  37.078716
37663.000000  40.015259
37717.000000  18.287893
37735.000000  12.980662
37752.000000  7.538509
37770.000000  12.983751
37841.000000  24.231131
37895.000000  12.212635
37971.000000  9.709373
38079.000000  9.124780
38161.000000  17.903854
38234.000000  19.900808
38325.000000  19.218025
38383.000000  20.724958
38393.000000  7.497380
38438.000000  7.871919
38470.000000  15.018241
38487.000000  10.257977
38493.000000  1.973455
38531.000000  18.228340
38590.000000  15.481109
38656.000000  11.216097
38708.000000  18.694078
38762.000000  13.791500
38793.000000  18.894278
38904.000000  25.303226
38975.000000  21.666443
39064.000000  25.151834
39141.000000  23.932024
39240.000000  27.116642
39346.000000  23.957693
39384.000000  16.126406
39430.000000  19.493835
39450.000000  22.893593
39455.000000  21.331268
39530.000000  13.389407
39603.000000  11.231397
39669.000000  8.821111
39689.000000  8.013433
39691.000000  1.420187
39722.000000  10.000319
39765.000000  5.813129
39787.000000  2.616916
39831.000000  20.640369
39973.000000  19.611408
40051.000000  21.526796
40153.000000  18.099693
40166.000000  7.262982
40241.000000  13.747828
40328.000000  24.060255
40368.000000  17.372433
40443.000000  15.944902
40475.000000  20.487795
40505.000000  9.167581
40532.000000  17.276339
40554.000000  14.278679
40603.000000  18.967594
40629.000000  16.636629
40633.000000  11.307471
40660.000000  19.266670
40692.000000  12.179378
40727.000000  19.337288
40801.000000  22.173513
40818.000000  12.025826
