816.000000  0.252237
1074.000000  -0.032290
1264.000000  0.011735
1538.000000  0.000026
1852.000000  0.043515
2099.000000  -0.021631
2307.000000  -0.022118
2514.000000  0.029771
2744.000000  0.042295
2968.000000  -0.014714
3162.000000  -0.030422
3388.000000  0.032079
3549.000000  -0.038356
3702.000000  0.004893
3862.000000  -0.011987
4049.000000  0.018594
4219.000000  -0.027691
4318.000000  -0.061189
4400.000000  0.003052
4536.000000  0.062020
4652.000000  -0.014925
4695.000000  -0.032241
4743.000000  0.002777
4825.000000  0.033962
4976.000000  0.001361
5137.000000  0.009720
5296.000000  0.029618
5470.000000  -0.013503
5674.000000  0.026373
5867.000000  0.004142
6023.000000  0.026915
6169.000000  -0.031898
6335.000000  -0.002873
6496.000000  -0.015405
6579.000000  -0.057931
6650.000000  0.004721
6658.000000  -0.037965
6686.000000  0.010317
6748.000000  -0.004917
6859.000000  0.024880
6935.000000  0.017602
7041.000000  0.017185
7050.000000  -0.040789
7205.000000  0.031252
7463.000000  0.076485
7650.000000  0.017089
7796.000000  -0.028192
7981.000000  0.043470
8230.000000  0.024903
8433.000000  -0.020056
8659.000000  0.001767
8882.000000  0.026997
9139.000000  0.021530
9306.000000  -0.031152
9469.000000  -0.013853
9607.000000  -0.037095
9730.000000  0.018143
9825.000000  0.023605
9987.000000  0.049572
10176.000000  -0.008854
10403.000000  0.016251
10585.000000  -0.026213
10775.000000  0.013853
11021.000000  0.067112
11294.000000  -0.015081
11508.000000  -0.035608
11646.000000  -0.100930
11811.000000  0.039744
11977.000000  0.030295
12169.000000  0.002587
12334.000000  -0.020388
12518.000000  0.058124
12741.000000  0.041149
12922.000000  0.014337
13053.000000  -0.047922
13187.000000  0.059227
13378.000000  -0.023743
13568.000000  -0.026079
13786.000000  0.073842
13992.000000  -0.021380
14032.000000  -0.110221
14185.000000  0.008794
14373.000000  0.036964
14530.000000  -0.018163
14619.000000  -0.057521
14707.000000  0.006805
14916.000000  0.086735
15155.000000  0.028532
15378.000000  -0.002513
15638.000000  0.000809
15820.000000  -0.017006
16025.000000  0.029184
16262.000000  0.020961
16513.000000  -0.004723
16690.000000  -0.026253
16854.000000  -0.075378
17004.000000  0.032024
17146.000000  -0.024134
17317.000000  0.001262
17478.000000  0.027005
17646.000000  -0.004335
17802.000000  -0.006637
17980.000000  0.010250
18196.000000  0.022320
18398.000000  0.002934
18583.000000  0.010566
18782.000000  0.001323
19017.000000  0.006272
19236.000000  0.030520
19409.000000  -0.020885
19599.000000  0.009274
19783.000000  -0.016030
19806.000000  -0.036090
19924.000000  0.007530
20045.000000  -0.013704
20090.000000  -0.005575
20207.000000  0.045933
20306.000000  -0.028043
20416.000000  0.004490
20495.000000  0.006341
20592.000000  0.013850
20595.000000  -0.058424
20653.000000  0.001503
20777.000000  0.022020
20924.000000  0.028754
21106.000000  0.013114
21238.000000  0.010711
21379.000000  0.008665
21483.000000  -0.004627
21553.000000  -0.030323
21621.000000  -0.023303
21697.000000  0.013654
21789.000000  0.003504
21921.000000  0.014567
22044.000000  0.003657
22178.000000  -0.001615
22292.000000  -0.005019
22359.000000  -0.011794
22427.000000  -0.068152
22527.000000  0.022620
22666.000000  0.059643
22712.000000  -0.059404
22783.000000  0.055234
22869.000000  -0.048579
23087.000000  0.068825
23244.000000  -0.021030
23393.000000  0.037199
23546.000000  0.004223
23724.000000  0.015090
23909.000000  0.049686
24153.000000  -0.025797
24375.000000  -0.010039
24558.000000  0.018581
24683.000000  -0.031717
24796.000000  0.032431
24939.000000  -0.024443
25090.000000  0.044689
25228.000000  -0.016491
25351.000000  -0.051542
25468.000000  0.010954
25604.000000  0.037188
25747.000000  -0.004094
25857.000000  -0.007171
25961.000000  0.006594
26063.000000  0.010668
26177.000000  -0.013762
26306.000000  -0.033970
26432.000000  0.029812
26482.000000  -0.056587
26583.000000  -0.016503
26674.000000  0.111858
26737.000000  -0.044933
26761.000000  -0.084509
26850.000000  -0.005521
26949.000000  -0.005377
27028.000000  0.025808
27147.000000  -0.016613
27222.000000  0.063183
27354.000000  0.075164
27549.000000  0.065356
27700.000000  -0.070502
27753.000000  -0.010386
27899.000000  0.034910
28036.000000  -0.044249
28162.000000  -0.022211
28251.000000  -0.007558
28348.000000  -0.039873
28445.000000  -0.006234
28556.000000  0.042330
28700.000000  0.042036
28854.000000  0.056308
29044.000000  0.029230
29265.000000  0.032490
29471.000000  0.009023
29705.000000  0.003897
29937.000000  0.010625
30193.000000  -0.013811
30392.000000  0.041517
30617.000000  -0.013249
30841.000000  0.038637
31051.000000  -0.042910
31289.000000  -0.036721
31488.000000  0.125185
31659.000000  0.030953
31869.000000  -0.075646
32020.000000  -0.046590
32205.000000  0.051696
32434.000000  0.038335
32675.000000  -0.014651
32812.000000  0.052901
32918.000000  -0.023126
33055.000000  0.056388
33243.000000  0.068104
33367.000000  -0.179653
33415.000000  -0.060683
33491.000000  0.127829
33655.000000  -0.281918
33747.000000  0.006325
33866.000000  0.016283
33996.000000  -0.017551
34082.000000  0.028554
34162.000000  -0.050178
34257.000000  -0.003109
34415.000000  0.092617
34505.000000  -0.075806
34600.000000  -0.015900
34670.000000  -0.026117
34754.000000  -0.006796
34836.000000  -0.009820
34902.000000  0.043141
34972.000000  0.141803
35050.000000  0.042211
35178.000000  0.020222
35402.000000  0.079249
35572.000000  -0.071526
35736.000000  0.059260
35888.000000  -0.078142
36007.000000  -0.040140
36105.000000  -0.012781
36217.000000  -0.054150
36380.000000  -0.000984
36505.000000  0.008517
36618.000000  -0.039373
36743.000000  0.152826
36850.000000  -0.044050
36956.000000  0.107761
37011.000000  -0.004275
37021.000000  -0.122099
37037.000000  0.064411
37039.000000  0.040647
37056.000000  -0.360917
37111.000000  0.282579
37206.000000  0.049532
37336.000000  0.022097
37528.000000  0.027286
37716.000000  -0.032406
37929.000000  0.121465
38089.000000  -0.094454
38207.000000  0.003926
38295.000000  -0.013364
38340.000000  -0.037880
38347.000000  -0.075135
38427.000000  0.287914
38530.000000  -0.059494
38608.000000  0.023141
38714.000000  -0.040257
38815.000000  -0.035254
38853.000000  0.172081
38941.000000  -0.580578
39051.000000  -0.019463
39201.000000  0.007384
39289.000000  -0.004118
39394.000000  0.019986
39470.000000  -0.007483
39557.000000  -0.001268
39650.000000  0.490844
39732.000000  -0.470257
39788.000000  0.827715
39797.000000  -0.870490
39854.000000  0.019998
39935.000000  -0.008048
39948.000000  0.006496
40031.000000  -0.030651
40124.000000  0.015032
40239.000000  0.005122
40335.000000  0.004862
40408.000000  -0.016625
40413.000000  -0.028238
40417.000000  0.025159
40510.000000  -0.000172
40591.000000  0.004419
40678.000000  0.038458
40747.000000  -0.031648
40811.000000  -0.019025
40813.000000  -0.028834
40814.000000  0.024042
