2285.000000  0.497300
2828.000000  0.419173
3310.000000  0.308208
3793.000000  0.389303
4657.000000  0.521621
5522.000000  0.549616
6570.000000  0.649925
7461.000000  0.670647
8386.000000  0.680645
9391.000000  0.790943
10002.000000  0.635231
10741.000000  0.579867
11271.000000  0.602723
11751.000000  0.638172
12174.000000  0.599690
12542.000000  0.634046
13018.000000  0.662225
13121.000000  0.406869
13486.000000  0.489253
13955.000000  0.499154
14361.000000  0.603732
14908.000000  0.635068
15443.000000  0.653392
15970.000000  0.597655
16701.000000  0.659713
17350.000000  0.752112
18181.000000  0.704549
18709.000000  0.727630
19266.000000  0.580205
19691.000000  0.551361
19949.000000  0.459273
20181.000000  0.390495
20589.000000  0.464863
21047.000000  0.546172
21425.000000  0.545227
21828.000000  0.586680
21955.000000  0.413114
22205.000000  0.405709
22463.000000  0.510924
22740.000000  0.501067
23065.000000  0.477509
23455.000000  0.529165
24034.000000  0.900350
24713.000000  0.685218
25250.000000  0.635917
25792.000000  1.076120
26559.000000  2.198753
27326.000000  1.255032
28035.000000  1.457187
28789.000000  1.778034
29576.000000  1.353358
30056.000000  1.006150
30467.000000  1.134024
30863.000000  1.154626
31410.000000  1.166771
31879.000000  1.034200
32261.000000  1.094589
32779.000000  1.115109
33221.000000  1.089773
33765.000000  1.192427
34346.000000  1.281417
34999.000000  1.302323
35823.000000  1.319661
36324.000000  1.713433
36980.000000  1.638012
37488.000000  1.852977
38067.000000  1.615938
38517.000000  1.439317
39010.000000  2.924212
39459.000000  4.242355
39870.000000  1.181333
40335.000000  1.144869
40781.000000  1.294988
41411.000000  1.537508
42129.000000  1.522092
42855.000000  1.109968
43286.000000  1.148084
43761.000000  1.372193
44097.000000  1.094627
44478.000000  0.946435
44983.000000  1.023877
45499.000000  1.090742
46073.000000  0.997864
46440.000000  0.903898
46814.000000  0.804446
47380.000000  0.888149
47777.000000  0.938014
48185.000000  0.925363
48586.000000  0.855125
48977.000000  0.895149
49485.000000  0.961269
50028.000000  0.973467
50748.000000  1.236259
51260.000000  1.212073
51885.000000  1.246224
52485.000000  1.160917
53221.000000  1.307371
53975.000000  1.470470
55011.000000  1.565313
55640.000000  1.446128
56318.000000  1.491134
56739.000000  1.335500
57242.000000  1.531103
57675.000000  1.620870
57926.000000  0.905444
58246.000000  1.003390
58562.000000  0.871644
58878.000000  1.430148
59433.000000  1.622693
59910.000000  1.403280
60212.000000  1.607950
60543.000000  2.052502
60988.000000  0.806341
61354.000000  0.953603
61725.000000  0.932684
62207.000000  1.246556
62390.000000  0.954338
62550.000000  0.866555
62791.000000  0.740910
63027.000000  0.770971
63629.000000  1.088041
64132.000000  1.395619
64548.000000  1.685667
64967.000000  1.759431
65493.000000  1.930031
65880.000000  0.974781
66210.000000  0.873342
66629.000000  0.948325
67264.000000  1.074036
68054.000000  1.982119
68769.000000  1.121451
69287.000000  1.063632
69608.000000  1.035396
70042.000000  1.026352
70687.000000  1.166960
71250.000000  1.544734
72021.000000  1.539793
72673.000000  1.286189
72991.000000  1.079000
73440.000000  1.129005
73645.000000  1.070372
73994.000000  0.981686
74368.000000  1.102963
74660.000000  1.137892
74987.000000  1.670475
75146.000000  2.571956
75622.000000  1.061531
76107.000000  1.106668
76703.000000  1.090158
77156.000000  1.059940
77582.000000  1.082183
77909.000000  1.033470
78353.000000  1.098634
78678.000000  1.077256
78961.000000  1.026220
79133.000000  1.053205
79479.000000  1.002785
79854.000000  1.015499
80212.000000  1.035111
80548.000000  1.063177
80837.000000  1.011880
81302.000000  1.163575
81575.000000  1.155063
82063.000000  1.255962
82252.000000  1.289123
82447.000000  1.220425
82724.000000  1.200752
82972.000000  1.209518
83123.000000  1.094976
83329.000000  0.935088
83540.000000  0.945838
83733.000000  0.950495
83826.000000  1.222411
84057.000000  1.355651
84172.000000  1.283684
84313.000000  1.541419
84454.000000  1.529476
84470.000000  1.682678
84800.000000  1.116355
85125.000000  1.435672
85512.000000  1.107402
85886.000000  1.222337
86324.000000  1.157965
86368.000000  1.254413
86450.000000  1.263674
86557.000000  1.371481
86765.000000  1.572235
87082.000000  0.996697
87248.000000  0.954619
87600.000000  0.957660
87874.000000  1.021987
88184.000000  1.047558
88228.000000  0.954538
88303.000000  1.004774
88405.000000  1.031998
88456.000000  0.981205
88679.000000  0.933966
88921.000000  0.961743
89174.000000  1.150298
89215.000000  1.110577
89488.000000  1.058095
89870.000000  1.091658
90157.000000  1.028192
90316.000000  0.997864
90637.000000  1.056778
90930.000000  1.054858
91154.000000  1.088132
91283.000000  1.075508
91460.000000  1.038986
91473.000000  0.906559
