2285.000000  0.027440
2828.000000  0.013787
3310.000000  -0.014750
3793.000000  0.000846
4657.000000  0.000630
5522.000000  0.005103
6570.000000  0.004110
7461.000000  -0.005741
8386.000000  0.000444
9391.000000  -0.002010
10002.000000  0.001382
10741.000000  0.002140
11271.000000  -0.003075
11751.000000  0.002314
12174.000000  -0.001867
12542.000000  0.002468
13018.000000  0.009545
13121.000000  -0.010829
13486.000000  0.002206
13955.000000  -0.000376
14361.000000  0.001128
14908.000000  -0.002965
15443.000000  0.002860
15970.000000  0.002498
16701.000000  -0.002329
17350.000000  0.009274
18181.000000  -0.007407
18709.000000  0.005543
19266.000000  -0.005587
19691.000000  -0.000893
19949.000000  0.001651
20181.000000  0.002044
20589.000000  0.007430
21047.000000  0.007851
21425.000000  -0.006017
21828.000000  -0.006919
21955.000000  -0.000771
22205.000000  0.006818
22463.000000  0.012966
22740.000000  -0.007143
23065.000000  0.006536
23455.000000  0.031510
24034.000000  0.279223
24713.000000  -0.214660
25250.000000  -0.076855
25792.000000  0.366178
26559.000000  1.053507
27326.000000  -1.032342
28035.000000  0.146991
28789.000000  0.289580
29576.000000  -0.504235
30056.000000  -0.042514
30467.000000  0.031462
30863.000000  -0.022272
31410.000000  -0.023164
31879.000000  -0.000608
32261.000000  0.032021
32779.000000  -0.007200
33221.000000  -0.014172
33765.000000  -0.040534
34346.000000  0.080770
34999.000000  -0.049766
35823.000000  -0.002928
36324.000000  0.382277
36980.000000  -0.027772
37488.000000  0.047432
38067.000000  -0.075294
38517.000000  -0.276820
39010.000000  1.520213
39459.000000  1.480740
39870.000000  -3.017791
40335.000000  -0.065212
40781.000000  0.084553
41411.000000  0.108270
42129.000000  0.039762
42855.000000  -0.378538
43286.000000  0.180542
43761.000000  -0.088556
44097.000000  -0.122296
44478.000000  -0.062016
44983.000000  -0.004658
45499.000000  0.009247
46073.000000  -0.009689
46440.000000  0.000239
46814.000000  0.004989
47380.000000  -0.015630
47777.000000  0.006346
48185.000000  -0.003197
48586.000000  -0.005184
48977.000000  -0.002874
49485.000000  0.015656
50028.000000  0.007973
50748.000000  -0.018700
51260.000000  -0.002544
51885.000000  0.007808
52485.000000  -0.011395
53221.000000  0.001044
53975.000000  -0.006829
55011.000000  0.011503
55640.000000  -0.002698
56318.000000  -0.011193
56739.000000  -0.000472
57242.000000  -0.001597
57675.000000  -0.001933
57926.000000  0.001976
58246.000000  0.006251
58562.000000  -0.007469
58878.000000  0.002827
59433.000000  -0.002871
59910.000000  0.000995
60212.000000  -0.003235
60543.000000  0.001579
60988.000000  -0.000029
61354.000000  0.004365
61725.000000  -0.006172
62207.000000  0.007202
62390.000000  -0.003709
62550.000000  -0.001351
62791.000000  -0.002819
63027.000000  0.001895
63629.000000  0.002018
64132.000000  -0.002090
64548.000000  -0.000992
64967.000000  0.001534
65493.000000  -0.001539
65880.000000  0.010555
66210.000000  -0.006543
66629.000000  -0.002503
67264.000000  0.007941
68054.000000  -0.007914
68769.000000  0.009331
69287.000000  -0.008830
69608.000000  -0.001596
70042.000000  0.011164
70687.000000  -0.005856
71250.000000  0.008453
72021.000000  -0.013136
72673.000000  0.011283
72991.000000  0.002447
73440.000000  -0.014993
73645.000000  0.001376
73994.000000  0.012396
74368.000000  -0.013999
74660.000000  0.008063
74987.000000  0.001029
75146.000000  -0.000936
75622.000000  -0.009334
76107.000000  0.002875
76703.000000  -0.001341
77156.000000  0.000469
77582.000000  0.001727
77909.000000  -0.002072
78353.000000  0.007832
78678.000000  -0.007428
78961.000000  -0.003053
79133.000000  0.003284
79479.000000  -0.001472
79854.000000  0.000015
80212.000000  0.000259
80548.000000  0.002213
80837.000000  0.001054
81302.000000  0.003244
81575.000000  0.003042
82063.000000  -0.005885
82252.000000  0.007305
82447.000000  -0.004627
82724.000000  -0.000339
82972.000000  0.007460
83123.000000  -0.014265
83329.000000  -0.000826
83540.000000  0.009335
83733.000000  -0.011646
83826.000000  0.000769
84057.000000  0.002244
84172.000000  -0.002465
84313.000000  0.006069
84454.000000  -0.004554
84470.000000  -0.002571
84800.000000  0.003144
85125.000000  -0.001293
85512.000000  0.000693
85886.000000  -0.001353
86324.000000  -0.001068
86368.000000  -0.000679
86450.000000  0.000908
86557.000000  0.000320
86765.000000  0.002429
87082.000000  0.000782
87248.000000  -0.003115
87600.000000  -0.001369
87874.000000  0.001745
88184.000000  0.000351
88228.000000  -0.002725
88303.000000  -0.000006
88405.000000  -0.000943
88456.000000  0.001823
88679.000000  0.007529
88921.000000  -0.008571
89174.000000  0.002361
89215.000000  -0.002649
89488.000000  0.009117
89870.000000  -0.008965
90157.000000  -0.001617
90316.000000  0.001242
90637.000000  -0.000420
90930.000000  0.006927
91154.000000  -0.008465
91283.000000  0.001669
91460.000000  0.000064
91473.000000  0.001705
