2285.000000  5.517727
2828.000000  9.835334
3310.000000  8.590618
3793.000000  7.018417
4657.000000  5.358796
5522.000000  6.014377
6570.000000  5.718554
7461.000000  4.685827
8386.000000  4.682258
9391.000000  3.775197
10002.000000  4.918169
10741.000000  5.756761
11271.000000  5.028337
11751.000000  5.111600
12174.000000  5.128261
12542.000000  5.239657
13018.000000  6.458113
13121.000000  7.849659
13486.000000  6.978867
13955.000000  6.765163
14361.000000  5.780208
14908.000000  5.028044
15443.000000  5.324821
15970.000000  6.239418
16701.000000  5.299397
17350.000000  5.881484
18181.000000  5.227232
18709.000000  5.823233
19266.000000  6.339998
19691.000000  6.509711
19949.000000  8.174389
20181.000000  10.137561
20589.000000  10.114039
21047.000000  10.045787
21425.000000  8.959594
21828.000000  7.147268
21955.000000  9.963605
22205.000000  11.826048
22463.000000  11.928496
22740.000000  10.737581
23065.000000  12.636024
23455.000000  17.357134
24034.000000  41.214108
24713.000000  22.826538
25250.000000  12.510559
25792.000000  41.420540
26559.000000  68.186012
27326.000000  37.202229
28035.000000  42.128487
28789.000000  50.812881
29576.000000  29.499594
30056.000000  35.454048
30467.000000  34.230595
30863.000000  31.690880
31410.000000  29.375700
31879.000000  33.082546
32261.000000  34.182785
32779.000000  32.908039
33221.000000  32.372662
33765.000000  26.186422
34346.000000  30.671068
34999.000000  26.357359
35823.000000  25.789188
36324.000000  42.173027
36980.000000  42.419384
37488.000000  40.058037
38067.000000  41.274597
38517.000000  27.106756
39010.000000  65.329224
39459.000000  79.934471
39870.000000  31.601048
40335.000000  26.911493
40781.000000  30.321098
41411.000000  32.580299
42129.000000  35.522591
42855.000000  14.608412
43286.000000  29.848936
43761.000000  18.520374
44097.000000  12.044239
44478.000000  7.377476
44983.000000  6.364549
45499.000000  6.822190
46073.000000  6.486222
46440.000000  7.186940
46814.000000  8.695578
47380.000000  6.116259
47777.000000  6.467687
48185.000000  6.210612
48586.000000  6.114538
48977.000000  5.520090
49485.000000  6.769041
50028.000000  7.503269
50748.000000  4.395680
51260.000000  4.273475
51885.000000  4.782877
52485.000000  4.152812
53221.000000  3.767487
53975.000000  2.885167
55011.000000  3.445197
55640.000000  3.542549
56318.000000  2.684982
56739.000000  2.962534
57242.000000  2.479777
57675.000000  2.223209
57926.000000  4.198130
58246.000000  4.411352
58562.000000  4.221283
58878.000000  2.770443
59433.000000  2.264810
59910.000000  2.689839
60212.000000  2.146295
60543.000000  1.758369
60988.000000  4.472296
61354.000000  4.239381
61725.000000  3.672716
62207.000000  3.325744
62390.000000  3.955415
62550.000000  4.200167
62791.000000  4.531964
63027.000000  4.600989
63629.000000  3.445654
64132.000000  2.536504
64548.000000  2.041234
64967.000000  2.042851
65493.000000  1.782554
65880.000000  4.612229
66210.000000  4.398781
66629.000000  3.787071
67264.000000  4.083148
68054.000000  1.813257
68769.000000  4.036915
69287.000000  3.426227
69608.000000  3.365470
70042.000000  4.482870
70687.000000  3.440933
71250.000000  3.146619
72021.000000  2.303589
72673.000000  3.635002
72991.000000  4.559812
73440.000000  3.029842
73645.000000  3.324409
73994.000000  4.887491
74368.000000  3.080853
74660.000000  3.694860
74987.000000  2.578433
75146.000000  1.638288
75622.000000  3.090053
76107.000000  3.223842
76703.000000  3.149660
77156.000000  3.283716
77582.000000  3.375826
77909.000000  3.334432
78353.000000  3.849574
78678.000000  3.236476
78961.000000  3.099979
79133.000000  3.332394
79479.000000  3.353139
79854.000000  3.312656
80212.000000  3.274879
80548.000000  3.396543
80837.000000  3.672852
81302.000000  3.472776
81575.000000  3.761728
82063.000000  2.990991
82252.000000  3.480733
82447.000000  3.297546
82724.000000  3.323370
82972.000000  3.916031
83123.000000  3.022935
83329.000000  3.451514
83540.000000  4.399231
83733.000000  3.152431
83826.000000  2.514145
84057.000000  2.432559
84172.000000  2.376947
84313.000000  2.373262
84454.000000  2.094016
84470.000000  1.750551
84800.000000  2.920248
85125.000000  2.180669
85512.000000  2.889683
85886.000000  2.507318
86324.000000  2.554486
86368.000000  2.303976
86450.000000  2.358935
86557.000000  2.196856
86765.000000  2.070871
87082.000000  3.345161
87248.000000  3.166271
87600.000000  3.013289
87874.000000  2.994339
88184.000000  2.954707
88228.000000  2.957194
88303.000000  2.808763
88405.000000  2.643328
88456.000000  2.965923
88679.000000  3.922077
88921.000000  2.917587
89174.000000  2.644610
89215.000000  2.500672
89488.000000  3.486335
89870.000000  2.557944
90157.000000  2.558595
90316.000000  2.760819
90637.000000  2.567179
90930.000000  3.228540
91154.000000  2.351834
91283.000000  2.534582
91460.000000  2.629805
91473.000000  3.202011
