269.000000  77.997383
320.000000  82.641998
335.000000  63.750065
348.000000  61.241386
375.000000  75.796280
375.000000  0.597350
416.000000  82.009834
461.000000  82.334831
512.000000  82.096497
558.000000  83.283623
592.000000  80.691635
629.000000  79.012840
654.000000  75.955376
683.000000  72.858253
714.000000  78.531555
748.000000  78.551971
787.000000  74.065094
827.000000  73.857697
862.000000  81.038765
916.000000  81.862762
968.000000  82.543770
1010.000000  76.893593
1041.000000  71.541328
1068.000000  72.407616
1111.000000  73.125206
1111.000000  0.584267
1149.000000  70.006729
1184.000000  74.845856
1219.000000  75.114044
1258.000000  70.542320
1301.000000  76.765327
1343.000000  72.846916
1388.000000  77.975800
1440.000000  74.286430
1473.000000  74.139771
1492.000000  69.944084
1518.000000  76.695099
1557.000000  77.810661
1597.000000  76.527939
1617.000000  73.178200
1639.000000  67.928635
1668.000000  69.489700
1687.000000  65.296951
1717.000000  76.158943
1733.000000  55.711727
1760.000000  62.672024
1793.000000  69.742630
1822.000000  61.318596
1852.000000  64.026627
1902.000000  69.889206
1940.000000  72.402603
1972.000000  65.513054
2003.000000  55.156666
2055.000000  75.246223
2089.000000  72.017754
2120.000000  70.596581
2173.000000  74.458084
2190.000000  50.562817
2212.000000  54.205029
2263.000000  73.853226
2280.000000  49.275787
2293.000000  33.170689
2322.000000  41.981251
2332.000000  27.785954
2354.000000  54.389858
2369.000000  35.098072
2412.000000  62.460621
2455.000000  64.432022
2477.000000  61.400032
2518.000000  63.620193
2543.000000  59.004791
2567.000000  53.515480
2602.000000  64.281181
2638.000000  59.658985
2656.000000  70.618355
2682.000000  36.283798
2682.000000  0.159114
2700.000000  33.141598
2743.000000  71.717216
2761.000000  65.415237
2777.000000  64.589478
2803.000000  64.019379
2832.000000  58.893311
2858.000000  54.917145
2896.000000  60.393597
2924.000000  59.664780
2953.000000  53.203030
2978.000000  57.948112
3009.000000  55.589073
3049.000000  54.987259
3081.000000  57.141899
3116.000000  53.314102
3132.000000  56.750214
3162.000000  64.215622
3208.000000  61.434944
3242.000000  60.098942
3294.000000  69.165909
3321.000000  67.131927
3354.000000  57.436951
3398.000000  70.882904
3423.000000  65.642799
3453.000000  67.718163
3471.000000  68.992287
3493.000000  63.837021
3517.000000  70.586617
3543.000000  66.520012
3577.000000  74.285370
3603.000000  69.142242
3633.000000  69.142548
3683.000000  78.555115
3718.000000  69.674324
3752.000000  77.009651
3769.000000  72.085617
3797.000000  75.124352
3838.000000  68.658730
3874.000000  76.991310
3903.000000  73.486267
3951.000000  72.894463
3979.000000  68.211403
4004.000000  64.799538
4017.000000  56.716728
4041.000000  64.833313
4062.000000  71.086823
4079.000000  37.547836
4094.000000  64.594147
4097.000000  30.532888
4110.000000  61.125244
4122.000000  67.521774
4141.000000  68.885361
4162.000000  71.275620
4179.000000  65.271584
4193.000000  67.257072
4214.000000  72.610443
4230.000000  67.504677
4245.000000  71.685150
4252.000000  41.964355
4258.000000  77.617981
4262.000000  36.387070
4270.000000  46.361683
4281.000000  35.979691
4296.000000  33.500626
4332.000000  69.463150
4365.000000  67.079391
4403.000000  64.808182
4438.000000  61.705322
4469.000000  62.473732
4492.000000  63.022495
4520.000000  65.413597
4532.000000  43.870148
4561.000000  64.880905
4581.000000  62.555737
4599.000000  64.263115
4620.000000  43.003700
4644.000000  63.488113
4688.000000  60.008221
4728.000000  59.209049
4762.000000  54.991619
4800.000000  55.441139
4806.000000  21.384209
4851.000000  57.344025
4890.000000  57.446121
4917.000000  44.440617
4957.000000  55.564613
5007.000000  55.528744
5019.000000  27.884409
5059.000000  53.935272
5109.000000  54.082851
5150.000000  54.052116
5197.000000  55.897068
5241.000000  59.758163
5260.000000  45.881874
5293.000000  53.129070
5313.000000  48.908703
5331.000000  36.370815
5351.000000  36.977680
5388.000000  53.012497
5414.000000  42.088303
5422.000000  46.639629
5433.000000  34.816303
5448.000000  53.140522
5463.000000  46.592014
5476.000000  50.721977
5490.000000  58.489304
5513.000000  70.626465
5521.000000  67.283821
5535.000000  53.304436
5545.000000  76.927773
5554.000000  60.787846
5555.000000  69.927032
5562.000000  29.768425
5571.000000  35.037056
5586.000000  36.835331
5595.000000  33.592693
5608.000000  56.013393
5619.000000  55.611073
5649.000000  57.670414
5654.000000  38.681496
5690.000000  71.500305
5706.000000  48.536671
5719.000000  38.890057
5733.000000  53.764744
5748.000000  48.082592
5763.000000  39.694515
5785.000000  42.250721
5805.000000  34.119923
5822.000000  35.052612
5834.000000  25.659296
5850.000000  32.486691
5856.000000  27.746767
5865.000000  33.725391
5883.000000  41.950985
5908.000000  18.357626
5919.000000  57.282902
5928.000000  54.550941
5938.000000  26.217297
5957.000000  20.876528
5962.000000  40.393543
5965.000000  26.034590
5967.000000  13.380676
5969.000000  64.272224
5975.000000  65.878685
5985.000000  61.243103
6005.000000  68.688881
6020.000000  75.452652
6027.000000  25.903395
6034.000000  41.272499
6046.000000  16.249338
6053.000000  7.495202
6070.000000  19.144056
6072.000000  5.897690
6085.000000  12.163733
6094.000000  14.230309
6113.000000  15.581758
6136.000000  19.869841
6158.000000  19.915640
6206.000000  25.754456
6228.000000  24.030312
6267.000000  32.726398
6288.000000  22.019758
6320.000000  24.493139
6359.000000  25.558350
6390.000000  22.540071
6415.000000  23.360867
6441.000000  24.941965
6468.000000  23.819895
6488.000000  19.556128
6513.000000  16.457264
6539.000000  17.976418
6565.000000  25.902170
6589.000000  16.384787
6621.000000  24.109442
6651.000000  21.662527
6695.000000  28.822433
6730.000000  24.097324
6780.000000  32.384239
6818.000000  34.315598
6856.000000  38.292618
6894.000000  43.893650
6925.000000  45.792191
6955.000000  42.949848
6977.000000  34.625763
7011.000000  35.429565
7041.000000  31.450800
7062.000000  28.049417
7076.000000  19.204714
7110.000000  29.010736
7136.000000  34.133289
7172.000000  37.003693
7214.000000  52.918755
7244.000000  45.280830
7264.000000  42.536373
7291.000000  43.319862
7324.000000  47.555603
7347.000000  52.729607
7379.000000  49.675976
7401.000000  38.698730
7429.000000  32.425961
7456.000000  44.237850
7482.000000  45.575890
7516.000000  48.195274
7544.000000  44.470375
7574.000000  42.669781
7597.000000  32.861382
7620.000000  23.025331
7627.000000  6.758101
7644.000000  27.562368
7662.000000  31.222794
7688.000000  39.430012
7714.000000  37.695110
7731.000000  31.944019
7753.000000  21.591152
7769.000000  31.845781
7781.000000  33.226627
7810.000000  39.226994
7837.000000  33.063038
7863.000000  35.444550
7872.000000  23.805008
7892.000000  24.434927
7903.000000  14.855901
7921.000000  30.445103
7938.000000  34.548756
7976.000000  35.736126
7998.000000  18.949913
8024.000000  19.768255
8049.000000  15.611294
8063.000000  21.221613
8085.000000  17.294212
8114.000000  19.792656
8133.000000  21.234699
8172.000000  19.833300
8186.000000  27.011534
8203.000000  25.524620
8227.000000  16.109600
8253.000000  21.051105
8271.000000  17.361979
8302.000000  27.842796
8340.000000  27.446833
8386.000000  36.283295
8416.000000  26.322973
8441.000000  27.320015
8474.000000  29.445839
8511.000000  32.961960
8538.000000  26.609526
8554.000000  36.675243
8583.000000  42.807976
8616.000000  46.550430
8638.000000  39.980446
8658.000000  52.720142
8677.000000  45.403172
8696.000000  49.276981
8717.000000  45.566689
8742.000000  45.776218
8772.000000  53.158546
8793.000000  41.441883
8811.000000  35.185482
8828.000000  30.714249
8828.000000  0.099014
8838.000000  18.957054
8854.000000  25.132710
8893.000000  23.888306
8943.000000  28.832355
8966.000000  35.407959
8993.000000  42.103127
9009.000000  39.259212
9021.000000  36.076809
9047.000000  13.573488
9090.000000  23.385372
9102.000000  11.715581
9117.000000  5.732692
9120.000000  1.603201
9142.000000  16.427896
9176.000000  22.419260
9227.000000  29.958374
9252.000000  21.252689
9271.000000  10.209279
9302.000000  26.324600
9311.000000  9.882200
9349.000000  23.701939
9392.000000  24.171568
9418.000000  16.264030
9439.000000  16.225275
9497.000000  26.334595
9497.000000  0.078626
9538.000000  29.767164
9573.000000  21.486591
9587.000000  17.051788
9611.000000  18.006514
9645.000000  19.798384
9654.000000  7.451994
9679.000000  14.719478
9697.000000  9.197039
9734.000000  14.468143
9734.000000  0.049225
9736.000000  8.098978
9765.000000  17.792814
9775.000000  10.731090
9795.000000  18.985889
9796.000000  6.664619
9799.000000  16.129904
9801.000000  5.333496
9808.000000  8.366029
9828.000000  7.830400
9847.000000  12.212809
9857.000000  4.051668
9871.000000  5.115413
9883.000000  5.776321
9923.000000  12.280354
9944.000000  13.906869
9961.000000  19.423611
9982.000000  26.873627
10000.000000  25.740507
10021.000000  27.925652
10037.000000  19.055267
10056.000000  23.223566
10062.000000  14.230611
10076.000000  15.710455
10100.000000  23.301849
10129.000000  23.358049
10139.000000  22.786579
10151.000000  12.336924
10186.000000  31.480047
10191.000000  15.538300
10200.000000  11.630813
10200.000000  0.041205
10205.000000  10.224449
10208.000000  9.583418
10213.000000  58.702641
10224.000000  62.916630
10240.000000  13.986568
10261.000000  16.482677
10271.000000  11.972200
10285.000000  9.755974
10297.000000  11.129439
10312.000000  8.552508
10318.000000  53.133839
10320.000000  49.020760
10328.000000  48.844364
10332.000000  44.789967
10335.000000  42.795502
10343.000000  38.066425
10347.000000  20.187613
10362.000000  37.097588
10377.000000  27.937757
10380.000000  22.866007
10381.000000  4.737235
10383.000000  39.797077
