995.000000  0.218595
1198.000000  -0.063274
1226.000000  -0.057254
1463.000000  0.041053
1719.000000  0.044126
1957.000000  -0.000784
2219.000000  0.044235
2445.000000  0.001334
2725.000000  0.041542
3009.000000  -0.003593
3341.000000  0.018427
3664.000000  0.023755
3982.000000  -0.048966
4194.000000  -0.016125
4419.000000  0.027080
4713.000000  0.036849
4991.000000  0.004373
5247.000000  0.000622
5493.000000  -0.017795
5732.000000  -0.045650
5870.000000  -0.050362
6008.000000  -0.004746
6148.000000  0.008781
6373.000000  0.081255
6608.000000  0.038352
6825.000000  -0.019926
6977.000000  -0.022400
7076.000000  -0.043077
7231.000000  -0.028768
7394.000000  0.022373
7505.000000  0.015762
7600.000000  -0.054732
7761.000000  -0.014994
7881.000000  -0.024938
8012.000000  -0.004992
8116.000000  0.016841
8196.000000  0.003773
8333.000000  0.013651
8402.000000  -0.011379
8549.000000  0.001413
8760.000000  0.052579
9019.000000  0.023911
9209.000000  0.001690
9398.000000  -0.002356
9583.000000  0.002191
9818.000000  0.048122
10036.000000  -0.009551
10265.000000  -0.000206
10362.000000  -0.030702
10565.000000  0.034837
10711.000000  -0.008219
10910.000000  0.023235
11117.000000  0.009825
11275.000000  -0.031054
11390.000000  -0.055152
11503.000000  -0.015364
11642.000000  0.006314
11766.000000  -0.033735
11882.000000  0.005997
12008.000000  0.030047
12142.000000  0.013550
12237.000000  -0.039799
12356.000000  0.018069
12463.000000  -0.015091
12580.000000  0.003526
12697.000000  -0.001012
12738.000000  -0.010074
12858.000000  0.020999
13002.000000  0.055751
13156.000000  -0.003369
13329.000000  0.025629
13419.000000  -0.047884
13507.000000  0.000477
13671.000000  0.021886
13905.000000  0.047914
14159.000000  -0.004136
14424.000000  -0.009407
14665.000000  -0.002830
14855.000000  -0.015477
15032.000000  -0.007082
15146.000000  0.012248
15245.000000  -0.023649
15325.000000  0.004674
15464.000000  0.057430
15594.000000  0.023584
15818.000000  0.021989
15968.000000  0.023720
16104.000000  0.000574
16214.000000  -0.035944
16377.000000  -0.019713
16639.000000  0.044873
16811.000000  0.009629
17016.000000  0.025535
17163.000000  -0.019590
17338.000000  0.000758
17549.000000  -0.004950
17818.000000  0.031079
17986.000000  -0.035843
18146.000000  0.037628
18235.000000  0.075778
18349.000000  -0.088475
18474.000000  0.024933
18613.000000  0.034621
18767.000000  0.100712
18827.000000  -0.155095
18910.000000  -0.032188
19010.000000  0.036150
19092.000000  -0.072997
19169.000000  -0.003666
19288.000000  -0.000793
19447.000000  0.022924
19665.000000  0.028281
19840.000000  -0.049330
20033.000000  0.021110
20235.000000  0.053745
20410.000000  -0.013787
20621.000000  0.060473
20870.000000  0.071736
21060.000000  0.002087
21339.000000  0.011303
21552.000000  0.076210
21693.000000  -0.095701
21891.000000  0.141800
22074.000000  -0.019508
22246.000000  0.066671
22511.000000  0.110636
22719.000000  0.021066
22906.000000  -0.072459
23088.000000  -0.075144
23258.000000  -0.024327
23443.000000  0.238618
23644.000000  0.111201
23796.000000  -0.628208
23971.000000  -0.053734
24077.000000  0.001234
24212.000000  -0.004523
24373.000000  0.030061
24581.000000  0.112284
24801.000000  0.083721
25037.000000  0.013550
25196.000000  -0.144124
25387.000000  -0.001824
25534.000000  -0.026311
25683.000000  0.017432
25789.000000  0.196922
25893.000000  0.063742
25981.000000  -0.180881
25994.000000  -0.065682
26092.000000  -0.089937
26233.000000  0.035403
26368.000000  0.022820
26453.000000  -0.090078
26670.000000  0.181213
26825.000000  -0.085552
26889.000000  -0.030180
26988.000000  0.015466
27112.000000  -0.043669
27192.000000  -0.044657
27245.000000  -0.048114
27313.000000  0.011043
27436.000000  0.043113
27570.000000  -0.004968
27663.000000  -0.004252
27855.000000  0.094525
28095.000000  0.029334
28271.000000  0.011716
28467.000000  -0.021000
28643.000000  0.011847
28821.000000  -0.010304
28990.000000  0.013546
29137.000000  -0.026198
29208.000000  -0.016075
29372.000000  0.031377
29579.000000  0.104926
29747.000000  0.045971
29837.000000  -0.048667
29911.000000  -0.003784
30032.000000  0.028136
30236.000000  0.089640
30379.000000  0.007634
30544.000000  0.002703
30705.000000  0.044270
30812.000000  -0.002057
30943.000000  0.001479
31111.000000  0.064003
31204.000000  0.009241
31348.000000  0.002215
31461.000000  -0.059096
31602.000000  0.057475
31701.000000  -0.070100
31777.000000  -0.092875
31861.000000  0.008222
32027.000000  -0.071390
32277.000000  0.026004
32388.000000  -0.107727
32478.000000  -0.084294
32627.000000  0.047654
32735.000000  0.010781
32854.000000  -0.016672
32968.000000  0.027959
33062.000000  -0.007518
33185.000000  0.060830
33304.000000  0.012580
33379.000000  -0.009295
33441.000000  0.006924
33499.000000  0.019606
33641.000000  0.092112
33760.000000  0.061774
33838.000000  -0.022943
33957.000000  0.031685
34117.000000  0.146699
34294.000000  -0.075101
34432.000000  -0.037729
34567.000000  0.022736
34634.000000  -0.113416
34780.000000  -0.156603
34856.000000  -0.096962
34988.000000  0.034340
35126.000000  -0.008589
35229.000000  0.126864
35329.000000  0.025568
35477.000000  0.007897
35648.000000  0.100798
35781.000000  -0.024141
35923.000000  0.035300
36077.000000  0.055715
36165.000000  -0.028982
36204.000000  -0.014531
36258.000000  -0.236743
36297.000000  -0.040781
36318.000000  -0.035555
36327.000000  -0.008880
36352.000000  -0.005215
36399.000000  0.160803
36497.000000  0.003381
36589.000000  0.069743
36729.000000  -0.057736
36840.000000  0.021257
36959.000000  0.028707
37093.000000  -0.034467
37245.000000  -0.006567
37428.000000  -0.051030
37539.000000  0.065460
37651.000000  -0.056851
37778.000000  0.029026
37862.000000  0.004351
37919.000000  -0.029897
37991.000000  -0.014174
38071.000000  -0.008750
38158.000000  -0.024062
38215.000000  0.000034
38253.000000  0.126644
38332.000000  0.132707
38492.000000  -0.187289
38558.000000  -0.018201
38657.000000  0.044373
38768.000000  0.029076
38921.000000  0.107697
39040.000000  0.011732
39145.000000  -0.268789
39186.000000  -0.018867
39218.000000  -0.019960
39265.000000  0.039633
39299.000000  -0.007203
39308.000000  0.010367
39310.000000  0.008948
39341.000000  -0.058024
39427.000000  0.021347
39528.000000  0.026071
39574.000000  -0.041922
39631.000000  0.027124
39709.000000  -0.036320
39766.000000  0.006016
39804.000000  -0.019494
39831.000000  0.024497
39846.000000  0.015024
39886.000000  -0.050426
39988.000000  0.006881
40069.000000  0.010463
40129.000000  -0.015821
40191.000000  0.019668
40249.000000  0.024357
40305.000000  0.005870
40367.000000  -0.007295
40405.000000  0.010148
40454.000000  -0.010412
40500.000000  -0.010228
40539.000000  0.011724
40583.000000  -0.008485
40599.000000  0.017299
40674.000000  -0.032022
40708.000000  0.000569
40743.000000  -0.024704
40783.000000  0.056132
40795.000000  -0.033219
40822.000000  -0.016500
40826.000000  -0.006383
