576.000000  0.214642
742.000000  -0.064722
868.000000  -0.002046
997.000000  0.006700
1173.000000  0.005922
1330.000000  0.017324
1566.000000  0.017111
1744.000000  -0.041592
1932.000000  0.042995
2137.000000  0.024893
2326.000000  -0.020864
2450.000000  -0.043427
2615.000000  0.034635
2811.000000  0.025863
2999.000000  -0.018553
3183.000000  0.014354
3385.000000  0.018276
3548.000000  -0.009436
3660.000000  -0.055994
3802.000000  -0.028504
3913.000000  -0.015386
3979.000000  -0.002523
4112.000000  0.051145
4208.000000  -0.040197
4322.000000  0.045255
4426.000000  0.029896
4515.000000  -0.041941
4671.000000  0.011658
4822.000000  0.038208
4987.000000  -0.019927
5170.000000  0.024380
5409.000000  0.010927
5631.000000  0.002827
5782.000000  0.018318
5922.000000  -0.025320
6037.000000  -0.029697
6097.000000  -0.025678
6148.000000  -0.040677
6194.000000  -0.029403
6247.000000  0.001363
6316.000000  0.016889
6406.000000  -0.003134
6524.000000  0.029231
6684.000000  0.029705
6815.000000  -0.002982
6937.000000  0.004368
7044.000000  0.005275
7193.000000  0.013227
7300.000000  -0.000709
7445.000000  0.013207
7584.000000  -0.003642
7763.000000  0.042806
7933.000000  -0.003355
8112.000000  -0.008783
8215.000000  -0.045029
8299.000000  -0.034834
8381.000000  0.022784
8472.000000  0.039881
8540.000000  -0.028981
8623.000000  0.033087
8724.000000  -0.033644
8792.000000  -0.008174
8858.000000  -0.030155
8949.000000  0.023587
9101.000000  0.061318
9229.000000  0.001684
9331.000000  -0.034459
9455.000000  0.020037
9586.000000  -0.004319
9773.000000  0.031215
9972.000000  -0.007060
10192.000000  0.036724
10399.000000  0.013182
10563.000000  -0.010202
10676.000000  -0.044861
10705.000000  -0.059704
10860.000000  0.050580
11023.000000  0.027091
11196.000000  0.014969
11242.000000  -0.035205
11455.000000  0.080548
11624.000000  0.007757
11788.000000  -0.009564
11842.000000  -0.073107
12117.000000  0.109562
12333.000000  -0.023858
12577.000000  0.007287
12825.000000  0.001663
13025.000000  -0.035555
13204.000000  0.004467
13459.000000  0.043210
13669.000000  -0.005504
13864.000000  0.002092
14044.000000  -0.008586
14222.000000  0.023131
14495.000000  0.029991
14746.000000  -0.019626
14949.000000  -0.006983
15169.000000  0.002566
15365.000000  -0.026308
15511.000000  -0.036770
15650.000000  -0.009076
15817.000000  0.098458
15962.000000  -0.006683
15992.000000  -0.093216
16114.000000  0.085595
16140.000000  -0.083804
16257.000000  0.089413
16379.000000  -0.007759
16560.000000  0.044604
16706.000000  -0.044393
16855.000000  0.022174
17049.000000  0.019435
17256.000000  -0.018751
17454.000000  0.052088
17635.000000  0.066799
17788.000000  -0.038597
17950.000000  -0.014520
18147.000000  0.021991
18426.000000  -0.030929
18624.000000  0.004221
18654.000000  -0.069519
18824.000000  0.134755
18975.000000  -0.024638
19153.000000  0.004675
19291.000000  -0.061673
19454.000000  0.025443
19620.000000  0.157977
19795.000000  -0.255267
19975.000000  0.010841
20147.000000  0.000201
20310.000000  0.006083
20427.000000  0.283243
20540.000000  0.059304
20639.000000  -0.072959
20757.000000  -0.015187
20906.000000  -0.011648
21021.000000  -0.056763
21107.000000  0.085050
21205.000000  -0.053757
21312.000000  0.124619
21389.000000  -0.077976
21496.000000  0.082905
21554.000000  -0.276603
21619.000000  0.004995
21703.000000  -0.058835
21796.000000  0.015182
21961.000000  0.005009
22119.000000  0.041227
22269.000000  0.032087
22480.000000  0.048262
22619.000000  -0.176666
22787.000000  0.004117
22914.000000  -0.024766
23066.000000  0.094102
23165.000000  -0.041461
23326.000000  0.008729
23427.000000  -0.079531
23529.000000  0.007121
23666.000000  0.016700
23812.000000  0.029225
23919.000000  -0.017026
24087.000000  0.188479
24154.000000  0.313744
24210.000000  -0.140696
24309.000000  0.059200
24355.000000  -0.157655
24412.000000  0.046106
24546.000000  -0.049312
24600.000000  -0.075510
24652.000000  -0.118872
24719.000000  0.157716
24817.000000  -0.175395
24918.000000  0.113813
25017.000000  0.160528
25119.000000  0.087401
25167.000000  -0.476793
25347.000000  0.036782
25525.000000  0.749445
25689.000000  -0.712827
25797.000000  -0.027263
25927.000000  0.029548
26032.000000  -0.027853
26145.000000  0.047452
26277.000000  -0.008307
26389.000000  -0.015241
26431.000000  -0.065621
26513.000000  0.039164
26591.000000  0.016431
26695.000000  0.026152
26746.000000  -0.043061
26813.000000  -0.002004
26888.000000  0.026765
26972.000000  0.003641
27027.000000  -0.021593
27081.000000  -0.014812
27160.000000  0.018659
27266.000000  0.121289
27393.000000  0.004575
27552.000000  -0.036864
27700.000000  -0.018009
27828.000000  -0.028821
27985.000000  0.012483
28126.000000  0.010623
28223.000000  0.026757
28340.000000  0.002963
28509.000000  0.062459
28686.000000  0.077923
28749.000000  -0.200642
28910.000000  0.037197
29011.000000  -0.023391
29123.000000  0.037867
29243.000000  -0.013540
29353.000000  -0.022550
29413.000000  -0.040591
29532.000000  0.087133
29652.000000  0.009757
29822.000000  0.010969
29878.000000  -0.049367
29968.000000  0.029247
30085.000000  0.056010
30170.000000  0.014748
30218.000000  -0.021585
30259.000000  0.124562
30267.000000  -0.265965
30276.000000  -0.001821
30345.000000  -0.011569
30429.000000  0.018167
30524.000000  0.016900
30673.000000  0.017920
30695.000000  -0.051109
30732.000000  0.017975
30782.000000  0.009413
30846.000000  -0.006242
30937.000000  0.025510
31037.000000  -0.012698
31152.000000  0.017643
31175.000000  -0.010402
31242.000000  0.002849
31274.000000  -0.036798
31279.000000  -0.020250
31286.000000  0.001970
31362.000000  0.018243
31452.000000  -0.005592
31505.000000  0.017630
31575.000000  0.001952
31663.000000  0.020667
31769.000000  0.003640
31861.000000  -0.007293
31984.000000  0.039429
32078.000000  -0.014428
32191.000000  -0.016045
32267.000000  0.200938
32348.000000  -0.203933
32443.000000  0.020365
32525.000000  -0.015557
32596.000000  0.023851
32701.000000  -0.004156
32777.000000  0.002232
32891.000000  -0.008651
32982.000000  0.006515
33080.000000  -0.006037
33087.000000  -0.054056
33151.000000  0.061671
33235.000000  0.019350
33376.000000  0.046104
33480.000000  -0.050531
33498.000000  -0.096642
33567.000000  0.081525
33644.000000  0.032134
33725.000000  0.023019
33815.000000  -0.056639
33975.000000  -0.000041
34157.000000  0.059829
34289.000000  -0.036425
34422.000000  0.011238
34543.000000  -0.012209
34675.000000  -0.000301
34782.000000  -0.004856
34913.000000  0.010727
34991.000000  -0.035980
35012.000000  -0.015217
35067.000000  0.023011
35241.000000  0.039111
35393.000000  -0.012796
35555.000000  -0.000709
35655.000000  0.021042
35747.000000  -0.058007
35784.000000  -0.026337
35834.000000  0.031775
35842.000000  -0.069723
35887.000000  0.055418
35895.000000  -0.019818
35936.000000  0.089226
36004.000000  0.077726
36147.000000  0.029657
36259.000000  0.005571
36380.000000  0.064461
36538.000000  0.015290
36566.000000  -0.078183
36572.000000  -0.230003
36609.000000  0.058435
36631.000000  -0.007345
36722.000000  0.005339
36729.000000  -0.060208
36911.000000  0.061792
37013.000000  0.024594
37152.000000  0.024451
37250.000000  -0.003515
37263.000000  -0.090751
37330.000000  0.053897
37404.000000  0.018410
37487.000000  -0.015221
37547.000000  0.009599
37669.000000  0.030970
37722.000000  -0.028876
37903.000000  0.068055
38030.000000  0.005305
38041.000000  -0.112792
38053.000000  -0.004312
38096.000000  0.005955
38193.000000  0.028035
38273.000000  0.001548
38394.000000  0.017635
38418.000000  -0.046902
38523.000000  0.037237
38646.000000  0.034206
38754.000000  -0.005399
38797.000000  -0.048153
38953.000000  0.053566
39084.000000  0.012926
39296.000000  0.023697
39430.000000  -0.028074
39515.000000  -0.013781
39581.000000  -0.002060
39625.000000  -0.007457
39633.000000  -0.060545
39639.000000  0.029026
39667.000000  0.002497
39670.000000  -0.018976
39781.000000  0.033352
39891.000000  0.004816
39983.000000  0.019525
40061.000000  0.002632
40160.000000  -0.003780
40231.000000  0.001267
40329.000000  -0.000078
40377.000000  0.014139
40437.000000  0.005874
40476.000000  -0.024870
40489.000000  -0.042696
40581.000000  0.032475
40673.000000  0.004713
40754.000000  0.001483
40817.000000  -0.005078
40824.000000  -0.035144
40826.000000  -0.008668
