269.000000  0.175876
342.000000  0.001174
377.000000  -0.004808
421.000000  0.006184
471.000000  0.026443
500.000000  -0.018839
513.000000  0.018803
562.000000  -0.007155
622.000000  0.015989
683.000000  0.012806
714.000000  -0.007685
738.000000  0.023385
784.000000  -0.015498
820.000000  0.015388
840.000000  -0.001589
890.000000  0.006407
915.000000  0.026995
965.000000  -0.001790
1025.000000  -0.021944
1066.000000  0.014178
1090.000000  -0.003182
1123.000000  0.010690
1164.000000  -0.005290
1198.000000  0.019466
1228.000000  0.007862
1265.000000  -0.004549
1314.000000  -0.000952
1352.000000  0.013349
1395.000000  -0.003175
1421.000000  0.024695
1460.000000  -0.013662
1488.000000  -0.001423
1517.000000  0.009409
1551.000000  -0.002464
1582.000000  0.006126
1631.000000  0.018618
1677.000000  -0.003674
1729.000000  -0.006083
1790.000000  0.032586
1838.000000  -0.005100
1884.000000  0.006382
1920.000000  0.020063
1949.000000  -0.019336
1993.000000  0.011193
2031.000000  0.001838
2059.000000  0.028174
2083.000000  -0.002912
2107.000000  -0.027432
2131.000000  0.014264
2172.000000  0.005485
2228.000000  0.030453
2279.000000  -0.014000
2332.000000  0.044065
2374.000000  0.043322
2441.000000  -0.069940
2467.000000  0.012183
2517.000000  -0.013007
2572.000000  0.049859
2610.000000  -0.030834
2650.000000  0.033236
2689.000000  -0.004389
2713.000000  -0.025950
2747.000000  0.016922
2775.000000  -0.005579
2798.000000  0.002721
2829.000000  -0.008119
2862.000000  0.027259
2902.000000  -0.001793
2933.000000  0.012974
2967.000000  0.029303
2992.000000  -0.013313
3024.000000  -0.015101
3072.000000  0.049109
3108.000000  -0.003573
3140.000000  -0.029664
3182.000000  0.012630
3234.000000  -0.004346
3261.000000  -0.006675
3309.000000  0.004864
3344.000000  0.020037
3362.000000  0.002981
3402.000000  -0.018167
3427.000000  0.026305
3441.000000  -0.002459
3465.000000  0.002506
3497.000000  -0.003928
3532.000000  0.001626
3558.000000  -0.011796
3582.000000  0.033652
3597.000000  0.017861
3614.000000  -0.023021
3628.000000  0.005007
3643.000000  -0.016177
3656.000000  -0.006043
3677.000000  0.010394
3709.000000  0.032359
3721.000000  -0.014333
3748.000000  -0.014098
3776.000000  0.036195
3796.000000  -0.013331
3815.000000  0.009512
3844.000000  0.052719
3881.000000  -0.049864
3904.000000  -0.002823
3920.000000  -0.005991
3946.000000  0.021058
3972.000000  0.016558
3993.000000  0.000742
4037.000000  0.000634
4089.000000  0.029007
4128.000000  -0.033686
4138.000000  0.003384
4156.000000  0.025957
4177.000000  0.007832
4206.000000  -0.027994
4229.000000  0.010401
4254.000000  -0.017702
4270.000000  -0.006758
4281.000000  0.062966
4291.000000  -0.036720
4315.000000  -0.024197
4366.000000  0.011803
4408.000000  0.055624
4415.000000  -0.019748
4446.000000  0.031790
4467.000000  -0.031466
4480.000000  0.011558
4520.000000  -0.015662
4567.000000  0.010734
4604.000000  0.002979
4642.000000  0.017940
4676.000000  -0.009787
4712.000000  0.044184
4748.000000  0.004053
4788.000000  -0.040728
4816.000000  0.014204
4840.000000  0.022889
4856.000000  -0.011410
4874.000000  -0.010176
4890.000000  0.004110
4916.000000  -0.001862
4946.000000  0.040459
4989.000000  0.003035
5028.000000  -0.043192
5072.000000  0.022711
5122.000000  0.049062
5170.000000  0.027061
5216.000000  -0.046037
5251.000000  0.009071
5271.000000  -0.014222
5306.000000  0.018178
5341.000000  -0.003353
5378.000000  0.052871
5421.000000  -0.030243
5469.000000  0.005577
5510.000000  -0.001942
5556.000000  0.025840
5620.000000  0.005980
5667.000000  -0.011961
5721.000000  0.032990
5761.000000  0.000182
5787.000000  -0.009060
5826.000000  0.016478
5878.000000  -0.021054
5934.000000  0.032044
5985.000000  -0.052729
6028.000000  0.023065
6048.000000  0.007650
6074.000000  0.003558
6094.000000  -0.010194
6118.000000  0.037868
6169.000000  -0.023154
6204.000000  0.019311
6237.000000  -0.010034
6281.000000  0.001367
6309.000000  0.013523
6335.000000  0.009800
6370.000000  0.006031
6391.000000  0.010238
6433.000000  -0.018263
6493.000000  0.022113
6547.000000  0.007635
6585.000000  0.027830
6641.000000  -0.023250
6684.000000  0.007747
6727.000000  0.000948
6784.000000  0.030923
6818.000000  -0.006922
6847.000000  -0.017625
6870.000000  0.000641
6901.000000  0.030071
6936.000000  -0.011637
6960.000000  0.009214
6988.000000  -0.017196
7024.000000  -0.007371
7054.000000  0.026140
7099.000000  0.004431
7113.000000  0.016633
7131.000000  -0.015099
7156.000000  0.009099
7183.000000  -0.007388
7207.000000  0.004993
7217.000000  0.042060
7240.000000  -0.023826
7269.000000  -0.021654
7288.000000  0.018149
7315.000000  0.005732
7334.000000  0.015157
7354.000000  0.015403
7387.000000  -0.023691
7397.000000  0.017693
7411.000000  0.011945
7431.000000  -0.027274
7451.000000  0.008069
7476.000000  0.021532
7494.000000  -0.028740
7517.000000  -0.020202
7537.000000  0.010458
7584.000000  0.003813
7628.000000  0.028714
7659.000000  -0.005605
7682.000000  -0.020523
7723.000000  0.001766
7764.000000  0.028635
7803.000000  0.015450
7833.000000  0.024001
7888.000000  -0.016196
7918.000000  0.008224
7958.000000  -0.023735
8027.000000  0.045748
8076.000000  0.066776
8105.000000  -0.065346
8130.000000  -0.013218
8160.000000  0.006787
8185.000000  0.001162
8196.000000  0.022197
8219.000000  0.005357
8244.000000  -0.002713
8275.000000  0.028729
8302.000000  -0.044411
8334.000000  0.044941
8392.000000  -0.045808
8442.000000  0.005187
8477.000000  0.001979
8519.000000  0.030772
8556.000000  -0.011931
8575.000000  0.004110
8575.000000  0.038011
8600.000000  -0.059562
8627.000000  0.012802
8649.000000  0.023940
8677.000000  0.009027
8702.000000  0.031440
8731.000000  -0.027626
8753.000000  -0.028340
8770.000000  0.037210
8805.000000  -0.032536
8839.000000  0.055889
8891.000000  -0.059004
8924.000000  0.043415
8956.000000  0.030761
8995.000000  -0.014189
9044.000000  -0.015535
9083.000000  0.006849
9127.000000  0.012816
9178.000000  -0.006259
9232.000000  0.018689
9275.000000  -0.008364
9316.000000  0.040964
9385.000000  0.011624
9401.000000  -0.046598
9410.000000  0.031023
9426.000000  0.008974
9448.000000  0.007926
9473.000000  -0.039727
9514.000000  0.016874
9567.000000  -0.017318
9621.000000  0.049262
9664.000000  -0.016060
9706.000000  0.011367
9763.000000  0.026315
9787.000000  -0.033872
9803.000000  0.032814
9823.000000  -0.038783
9844.000000  0.037208
9861.000000  0.030550
9873.000000  -0.056910
9894.000000  0.000811
9927.000000  0.004602
9972.000000  0.025762
10036.000000  -0.022883
10081.000000  0.031829
10095.000000  -0.011401
10118.000000  0.010503
10153.000000  -0.028159
10173.000000  0.019865
10184.000000  0.019478
10206.000000  0.037251
10217.000000  -0.024344
10241.000000  -0.050602
10256.000000  0.026950
10273.000000  0.033319
10296.000000  -0.034862
10317.000000  0.044294
10342.000000  -0.029232
10349.000000  0.005268
10353.000000  0.008506
10362.000000  -0.010213
10365.000000  -0.034968
10375.000000  -0.002688
