576.000000  0.101321
769.000000  -0.020010
953.000000  0.001181
1175.000000  0.019753
1438.000000  0.033655
1637.000000  -0.011498
1878.000000  0.010660
2102.000000  0.006308
2287.000000  -0.013717
2435.000000  -0.017994
2614.000000  0.025693
2822.000000  0.001761
2960.000000  -0.036697
3133.000000  0.014790
3159.000000  -0.078811
3295.000000  0.053102
3413.000000  -0.046743
3524.000000  0.000905
3683.000000  0.021827
3841.000000  0.004136
3997.000000  0.005657
4134.000000  -0.016328
4231.000000  -0.009585
4331.000000  -0.006146
4382.000000  -0.011436
4436.000000  -0.003361
4485.000000  0.004559
4564.000000  0.012277
4681.000000  0.013822
4770.000000  0.006686
4888.000000  -0.010982
4981.000000  -0.000972
5052.000000  -0.006352
5145.000000  -0.011179
5295.000000  0.039691
5455.000000  0.027015
5582.000000  -0.023356
5707.000000  -0.010046
5806.000000  0.015346
5979.000000  -0.033020
6172.000000  0.032152
6374.000000  0.037271
6531.000000  0.006821
6729.000000  0.005209
6864.000000  -0.016777
6959.000000  -0.047688
6993.000000  -0.009747
7044.000000  -0.001647
7126.000000  0.019877
7223.000000  -0.011460
7373.000000  0.027125
7418.000000  -0.025798
7507.000000  -0.002831
7584.000000  -0.011996
7704.000000  0.038702
7804.000000  -0.006721
7963.000000  0.046432
8175.000000  -0.003520
8399.000000  0.028098
8591.000000  -0.033284
8854.000000  0.076374
9054.000000  -0.044219
9124.000000  -0.033962
9380.000000  0.067630
9553.000000  -0.048942
9689.000000  -0.029328
9827.000000  -0.002469
9955.000000  -0.014313
10044.000000  -0.035208
10159.000000  0.011715
10269.000000  0.015485
10388.000000  0.000101
10568.000000  0.053341
10736.000000  0.023481
10879.000000  0.007099
11039.000000  -0.061646
11209.000000  0.077759
11362.000000  -0.030935
11519.000000  -0.036226
11612.000000  -0.053323
11691.000000  -0.009724
11824.000000  0.059691
12039.000000  0.030394
12261.000000  0.009520
12478.000000  0.004052
12714.000000  0.011565
12955.000000  -0.001225
13190.000000  -0.002600
13432.000000  0.028497
13597.000000  -0.043804
13679.000000  -0.093121
13796.000000  0.051225
13913.000000  0.010616
14017.000000  -0.011864
14178.000000  0.072656
14352.000000  0.003696
14577.000000  0.016810
14756.000000  -0.018869
14917.000000  -0.062038
15079.000000  -0.007803
15193.000000  -0.000243
15349.000000  -0.015077
15494.000000  0.023977
15614.000000  -0.001377
15738.000000  0.007377
15880.000000  0.010514
16048.000000  0.001551
16215.000000  0.012271
16354.000000  -0.050404
16487.000000  0.000041
16607.000000  0.017388
16764.000000  -0.006788
16917.000000  0.028858
16949.000000  -0.030170
17075.000000  0.041313
17200.000000  0.015510
17340.000000  0.065465
17507.000000  0.081610
17677.000000  0.023267
17743.000000  -0.261757
17918.000000  0.024089
18006.000000  -0.019041
18148.000000  0.040250
18322.000000  0.016179
18474.000000  0.005656
18569.000000  -0.043400
18669.000000  0.026447
18743.000000  0.030028
18788.000000  -0.049429
18825.000000  0.037582
18844.000000  0.002383
18953.000000  0.122031
18988.000000  -0.021141
19101.000000  -0.065847
19230.000000  -0.139502
19411.000000  0.012906
19558.000000  0.024801
19736.000000  0.099816
19937.000000  0.073763
20182.000000  -0.016156
20422.000000  -0.037210
20635.000000  -0.001968
20807.000000  -0.027636
20965.000000  -0.011642
21120.000000  0.006829
21292.000000  0.017766
21483.000000  0.041919
21665.000000  -0.006419
21797.000000  -0.005543
21944.000000  -0.002667
22131.000000  0.122464
22261.000000  0.121348
22350.000000  -0.004040
22435.000000  -0.393999
22513.000000  0.002287
22622.000000  0.010386
22763.000000  0.023462
22899.000000  -0.019937
23045.000000  0.314113
23109.000000  -0.075287
23137.000000  0.015057
23212.000000  -0.273914
23304.000000  0.015808
23396.000000  0.017089
23460.000000  0.219907
23562.000000  -0.000485
23685.000000  0.063287
23777.000000  -0.006460
23972.000000  -0.014979
24146.000000  0.124264
24341.000000  0.041737
24507.000000  -0.005987
24703.000000  0.056758
24811.000000  0.051617
24920.000000  -0.007285
24987.000000  0.110597
25028.000000  -0.011829
25035.000000  -0.568849
25073.000000  -0.113309
25120.000000  -0.001256
25264.000000  0.209131
25348.000000  0.057313
25453.000000  -0.191962
25540.000000  -0.037460
25624.000000  -0.001884
25704.000000  -0.008015
25804.000000  0.159130
25870.000000  -0.017320
25912.000000  -0.052785
25995.000000  -0.001473
26176.000000  -0.000433
26323.000000  -0.038830
26369.000000  0.002373
26559.000000  0.024404
26731.000000  -0.006066
26776.000000  -0.017860
26892.000000  0.001983
27054.000000  0.026602
27207.000000  -0.025494
27344.000000  -0.013417
27374.000000  -0.028511
27510.000000  0.041205
27592.000000  -0.009648
27677.000000  -0.021446
27763.000000  -0.018301
27834.000000  0.015792
27898.000000  0.043573
28012.000000  0.055905
28109.000000  -0.021338
28215.000000  -0.038907
28307.000000  -0.068928
28433.000000  0.020147
28476.000000  -0.027957
28503.000000  -0.009150
28563.000000  0.017241
28670.000000  -0.008107
28721.000000  -0.010608
28781.000000  -0.004817
28862.000000  0.008422
28933.000000  -0.003032
29010.000000  0.005502
29101.000000  0.009545
29175.000000  0.045639
29202.000000  -0.058045
29271.000000  0.018072
29328.000000  -0.001981
29397.000000  -0.000646
29455.000000  -0.007758
29573.000000  0.025315
29735.000000  0.014093
29880.000000  -0.003127
30058.000000  0.014083
30187.000000  -0.014438
30249.000000  -0.044826
30324.000000  0.003628
30423.000000  0.041939
30562.000000  0.018473
30592.000000  -0.028207
30619.000000  -0.045492
30748.000000  0.046537
30868.000000  -0.016093
30973.000000  -0.007806
31082.000000  -0.001838
31199.000000  0.008481
31303.000000  -0.001891
31445.000000  0.003502
31566.000000  0.005152
31701.000000  0.025218
31819.000000  0.016666
31921.000000  -0.000212
32048.000000  -0.040117
32103.000000  -0.007480
32228.000000  0.005108
32300.000000  -0.017790
32424.000000  0.006886
32526.000000  0.001400
32609.000000  -0.012233
32670.000000  -0.004923
32704.000000  -0.012227
32740.000000  0.008490
32791.000000  -0.001756
33037.000000  0.054379
33261.000000  0.013548
33419.000000  -0.002265
33521.000000  -0.015979
33562.000000  -0.052854
33584.000000  -0.007083
33666.000000  0.036157
33807.000000  0.027304
33870.000000  -0.011707
34095.000000  0.035771
34356.000000  0.022053
34543.000000  -0.015889
34709.000000  0.008431
34761.000000  -0.048489
34806.000000  -0.037655
34954.000000  0.022484
34962.000000  -0.038445
35043.000000  0.040707
35203.000000  0.028902
35304.000000  -0.014445
35314.000000  -0.045111
35399.000000  0.011669
35498.000000  0.028608
35580.000000  0.013414
35611.000000  -0.029054
35655.000000  -0.019922
35692.000000  -0.008290
35716.000000  0.004184
35739.000000  -0.010037
35851.000000  0.014452
35907.000000  0.001831
35936.000000  -0.014606
35942.000000  -0.005097
35956.000000  0.000914
36019.000000  0.515406
36039.000000  -0.211889
36046.000000  -0.089755
36050.000000  -0.215162
36095.000000  0.020652
36185.000000  0.010121
36274.000000  0.010324
36404.000000  0.013714
36471.000000  -0.001185
36532.000000  -0.004611
36577.000000  -0.014904
36653.000000  0.009322
36732.000000  0.013687
36838.000000  0.021578
36955.000000  0.020572
37065.000000  -0.033259
37114.000000  -0.011479
37267.000000  0.033760
37448.000000  0.020937
37584.000000  -0.015763
37694.000000  -0.011964
37861.000000  0.041912
38052.000000  -0.015908
38200.000000  -0.002532
38269.000000  -0.048058
38362.000000  0.013626
38439.000000  -0.001127
38613.000000  0.074419
38818.000000  0.009508
38921.000000  -0.037712
39037.000000  -0.039025
39108.000000  -0.013892
39193.000000  0.021210
39287.000000  0.059795
39372.000000  -0.008138
39465.000000  -0.059249
39549.000000  -0.012151
39625.000000  0.004711
39688.000000  -0.021303
39711.000000  0.021710
39745.000000  -0.007912
39800.000000  0.005199
39890.000000  0.024367
39961.000000  -0.024150
40111.000000  0.021061
40215.000000  -0.020689
40310.000000  0.013154
40389.000000  -0.045565
40472.000000  0.052872
40544.000000  0.029227
40617.000000  0.037261
40677.000000  0.040940
40723.000000  -0.065341
40788.000000  0.002259
40818.000000  -0.048046
40819.000000  0.003037
