2285.000000  0.356736
2881.000000  0.318221
3302.000000  0.166362
3668.000000  0.210053
4224.000000  0.378516
4832.000000  0.284069
5655.000000  0.393333
6724.000000  0.462758
7733.000000  0.561001
8734.000000  0.618236
9670.000000  0.574028
10275.000000  0.402582
10704.000000  0.250727
11365.000000  0.348563
11811.000000  0.290596
12250.000000  0.312303
12866.000000  0.374477
13459.000000  0.499749
13924.000000  0.436331
14242.000000  0.280877
14477.000000  0.121564
14828.000000  0.140091
15125.000000  0.136034
15365.000000  0.112286
15618.000000  0.084149
15841.000000  0.104395
16159.000000  0.155096
16656.000000  0.208382
17076.000000  0.186874
17588.000000  0.227648
18097.000000  0.279376
18797.000000  0.362733
19381.000000  0.409515
20085.000000  0.373838
20761.000000  0.444753
21348.000000  0.362306
21822.000000  0.303535
22328.000000  0.359824
22720.000000  0.307294
23082.000000  0.268225
23379.000000  0.236993
23644.000000  0.283571
23905.000000  0.275071
24262.000000  0.316593
24825.000000  0.463335
25161.000000  0.368216
25715.000000  0.452541
26325.000000  0.399088
27057.000000  0.479817
27890.000000  0.588265
28703.000000  0.623633
29310.000000  0.625413
29698.000000  0.257967
30083.000000  0.384032
30498.000000  0.350106
30987.000000  0.277654
31455.000000  0.232673
32126.000000  0.314134
32856.000000  0.402938
33300.000000  0.278306
33678.000000  0.249422
34082.000000  0.313455
34555.000000  0.538628
34906.000000  0.404088
35285.000000  0.381965
35751.000000  0.395368
36222.000000  0.391125
36717.000000  0.226098
37140.000000  0.216419
37578.000000  0.216034
38061.000000  0.260519
38827.000000  0.328171
39611.000000  0.403982
40302.000000  0.451394
40970.000000  0.356922
41828.000000  0.382332
42528.000000  0.407836
43064.000000  0.350195
43417.000000  0.170011
43656.000000  0.133270
43971.000000  0.125191
44379.000000  0.234639
44867.000000  0.296659
45369.000000  0.256838
45847.000000  0.237332
46421.000000  0.315915
46890.000000  0.367365
47353.000000  0.227624
48037.000000  0.250662
48614.000000  0.294869
49248.000000  0.390866
49869.000000  0.329484
50365.000000  0.269044
50795.000000  0.230181
51320.000000  0.336066
51816.000000  0.222858
52325.000000  0.310703
52854.000000  0.300843
53452.000000  0.303340
53922.000000  0.327114
54489.000000  0.392074
55084.000000  0.500323
55346.000000  0.404836
55704.000000  0.380261
56285.000000  0.512872
57015.000000  0.673143
57377.000000  0.622520
57835.000000  0.496420
58617.000000  0.568474
58851.000000  0.433408
59187.000000  0.428856
59462.000000  0.520110
59823.000000  0.632449
60379.000000  0.669290
60752.000000  0.577427
61051.000000  0.545301
61938.000000  0.715416
62936.000000  0.747522
63825.000000  0.832663
64445.000000  0.672288
65017.000000  0.604555
65628.000000  0.585840
66159.000000  0.745850
66653.000000  0.509462
66981.000000  0.504362
67323.000000  0.600247
67614.000000  0.597459
68199.000000  0.783744
68735.000000  0.857804
69170.000000  0.835753
69718.000000  0.705498
70341.000000  0.571124
71222.000000  0.651409
72225.000000  0.667297
72807.000000  0.694767
73469.000000  0.713340
74200.000000  0.763047
74653.000000  0.782160
75031.000000  0.751739
75284.000000  0.677662
75683.000000  0.444326
76021.000000  0.210026
76359.000000  0.274360
76710.000000  0.293095
77058.000000  0.306179
77386.000000  0.286471
77694.000000  0.939424
78004.000000  1.100045
78551.000000  1.456036
79118.000000  1.344527
79473.000000  1.308615
79862.000000  1.525968
80062.000000  0.467798
80289.000000  0.176046
80769.000000  0.526468
81167.000000  1.373250
81471.000000  1.388760
81861.000000  1.394436
82293.000000  2.056898
82667.000000  0.884822
82847.000000  0.387354
83163.000000  0.653207
83219.000000  0.432780
83447.000000  0.513355
83668.000000  0.515313
83846.000000  0.516592
84033.000000  0.665219
84280.000000  1.508392
84498.000000  2.112358
84712.000000  0.125823
84989.000000  0.136734
85326.000000  0.678546
85667.000000  1.050193
85960.000000  0.238279
86071.000000  0.082265
86198.000000  0.069288
86567.000000  0.092682
86729.000000  0.098123
86930.000000  0.117637
87140.000000  0.132024
87315.000000  0.129220
87556.000000  0.116775
87762.000000  0.111198
88002.000000  0.130017
88246.000000  0.120998
88379.000000  0.222998
88645.000000  0.179336
88919.000000  0.100391
89148.000000  0.139652
89319.000000  0.094082
89394.000000  0.066273
89704.000000  0.096807
89926.000000  0.079308
90131.000000  0.120022
90385.000000  0.147556
90601.000000  0.099756
90868.000000  0.084599
91169.000000  0.128293
91370.000000  0.117775
91476.000000  0.107027
91487.000000  0.012534
