2285.000000  0.118606
2881.000000  0.030572
3302.000000  -0.036349
3668.000000  -0.002799
4224.000000  -0.003820
4832.000000  0.024105
5655.000000  0.059751
6724.000000  -0.018750
7733.000000  0.003957
8734.000000  0.008180
9670.000000  0.039166
10275.000000  -0.015326
10704.000000  0.031516
11365.000000  -0.033311
11811.000000  -0.005679
12250.000000  0.003999
12866.000000  -0.004933
13459.000000  0.013130
13924.000000  -0.026637
14242.000000  0.017956
14477.000000  -0.024261
14828.000000  0.017831
15125.000000  -0.009928
15365.000000  -0.007756
15618.000000  0.017988
15841.000000  -0.008440
16159.000000  -0.017050
16656.000000  0.025250
17076.000000  -0.004428
17588.000000  -0.004073
18097.000000  0.027787
18797.000000  0.009850
19381.000000  -0.018105
20085.000000  0.002232
20761.000000  0.004296
21348.000000  -0.010544
21822.000000  0.024273
22328.000000  0.003727
22720.000000  0.029884
23082.000000  -0.036073
23379.000000  0.005121
23644.000000  0.002374
23905.000000  -0.015959
24262.000000  0.004029
24825.000000  0.010996
25161.000000  -0.009786
25715.000000  0.022295
26325.000000  0.001729
27057.000000  -0.009572
27890.000000  0.033613
28703.000000  -0.006860
29310.000000  -0.030385
29698.000000  0.014563
30083.000000  -0.006635
30498.000000  -0.001989
30987.000000  0.013050
31455.000000  0.004076
32126.000000  -0.006332
32856.000000  0.032989
33300.000000  -0.010688
33678.000000  0.025146
34082.000000  0.015670
34555.000000  -0.034874
34906.000000  0.007356
35285.000000  0.000863
35751.000000  0.006874
36222.000000  -0.014849
36717.000000  0.036551
37140.000000  -0.032446
37578.000000  0.022539
38061.000000  0.013062
38827.000000  0.041562
39611.000000  0.032125
40302.000000  -0.031919
40970.000000  0.054551
41828.000000  0.014303
42528.000000  0.030844
43064.000000  -0.007725
43417.000000  -0.009386
43656.000000  -0.010463
43971.000000  0.022256
44379.000000  -0.014973
44867.000000  -0.019643
45369.000000  -0.004176
45847.000000  0.016669
46421.000000  0.010603
46890.000000  -0.012961
47353.000000  -0.008531
48037.000000  -0.006374
48614.000000  0.015748
49248.000000  0.008721
49869.000000  0.025546
50365.000000  -0.011362
50795.000000  -0.017516
51320.000000  -0.028611
51816.000000  -0.006368
52325.000000  -0.010031
52854.000000  0.037314
53452.000000  0.018781
53922.000000  -0.025898
54489.000000  -0.026265
55084.000000  0.000499
55346.000000  -0.038881
55704.000000  0.018483
56285.000000  0.051802
57015.000000  -0.043834
57377.000000  0.042835
57835.000000  -0.049300
58617.000000  0.004221
58851.000000  0.002583
59187.000000  -0.008063
59462.000000  -0.000319
59823.000000  0.004420
60379.000000  -0.013125
60752.000000  -0.003365
61051.000000  0.038747
61938.000000  0.035386
62936.000000  -0.044367
63825.000000  0.028653
64445.000000  -0.008840
65017.000000  0.021390
65628.000000  0.002856
66159.000000  0.002715
66653.000000  -0.025080
66981.000000  -0.005694
67323.000000  -0.000638
67614.000000  0.001462
68199.000000  0.034136
68735.000000  -0.052484
69170.000000  -0.010586
69718.000000  0.020554
70341.000000  0.006005
71222.000000  0.000608
72225.000000  0.003862
72807.000000  -0.004804
73469.000000  -0.015380
74200.000000  0.003377
74653.000000  -0.005527
75031.000000  -0.023213
75284.000000  -0.017829
75683.000000  0.022934
76021.000000  0.019746
76359.000000  -0.060262
76710.000000  -0.007172
77058.000000  0.010357
77386.000000  0.006209
77694.000000  -0.018012
78004.000000  -0.015983
78551.000000  0.007537
79118.000000  -0.015438
79473.000000  0.014691
79862.000000  -0.013554
80062.000000  -0.012284
80289.000000  -0.017082
80769.000000  -0.007043
81167.000000  -0.029542
81471.000000  0.023138
81861.000000  -0.031698
82293.000000  -0.010100
82667.000000  -0.008135
82847.000000  -0.015971
83163.000000  -0.014262
83219.000000  -0.021749
83447.000000  -0.003422
83668.000000  -0.000305
83846.000000  -0.009600
84033.000000  -0.009741
84280.000000  -0.001721
84498.000000  0.020080
84712.000000  -0.016075
84989.000000  0.012060
85326.000000  -0.015459
85667.000000  -0.005538
85960.000000  -0.009015
86071.000000  -0.024816
86198.000000  -0.015024
86567.000000  0.018050
86729.000000  -0.014602
86930.000000  -0.004791
87140.000000  0.002707
87315.000000  -0.006780
87556.000000  0.000151
87762.000000  0.009359
88002.000000  -0.004631
88246.000000  0.008011
88379.000000  -0.020259
88645.000000  0.004845
88919.000000  0.012004
89148.000000  0.007128
89319.000000  -0.021429
89394.000000  -0.009117
89704.000000  -0.006729
89926.000000  0.013376
90131.000000  -0.000533
90385.000000  -0.005311
90601.000000  -0.008060
90868.000000  0.005601
91169.000000  0.001465
91370.000000  -0.011027
91476.000000  -0.000836
91487.000000  -0.009786
