995.000000  0.172173
1207.000000  0.126614
1395.000000  0.122246
1545.000000  0.090093
1686.000000  0.074577
1839.000000  0.095216
1995.000000  0.109907
2222.000000  0.136205
2483.000000  0.173307
2759.000000  0.190675
3056.000000  0.221105
3354.000000  0.204579
3648.000000  0.229554
3950.000000  0.233733
4249.000000  0.205649
4563.000000  0.209553
4828.000000  0.188691
5077.000000  0.221424
5191.000000  0.185451
5385.000000  0.224909
5466.000000  0.195121
5702.000000  0.233712
5874.000000  0.224181
6098.000000  0.208319
6262.000000  0.121280
6415.000000  0.142552
6464.000000  0.099715
6619.000000  0.104318
6672.000000  0.103909
6851.000000  0.152637
6890.000000  0.077709
7041.000000  0.148423
7151.000000  0.111029
7290.000000  0.120010
7495.000000  0.139572
7647.000000  0.119574
7809.000000  0.106118
7963.000000  0.114714
8156.000000  0.136229
8254.000000  0.107482
8321.000000  0.079725
8438.000000  0.108965
8640.000000  0.139473
8823.000000  0.197710
9023.000000  0.192195
9078.000000  0.107075
9246.000000  0.181454
9433.000000  0.149205
9511.000000  0.083453
9620.000000  0.092312
9837.000000  0.147989
10014.000000  0.119884
10177.000000  0.116718
10336.000000  0.174932
10436.000000  0.127341
10459.000000  0.051819
10552.000000  0.061392
10565.000000  0.040095
10600.000000  0.043549
10663.000000  0.065161
10766.000000  0.079693
10955.000000  0.146680
11023.000000  0.092228
11143.000000  0.092586
11298.000000  0.107503
11504.000000  0.133744
11597.000000  0.132798
11798.000000  0.132671
11893.000000  0.112254
11949.000000  0.112757
12117.000000  0.156354
12301.000000  0.153875
12460.000000  0.121400
12585.000000  0.094078
12701.000000  0.093418
12755.000000  0.099775
12890.000000  0.122118
13042.000000  0.122131
13207.000000  0.142670
13329.000000  0.140390
13371.000000  0.089542
13483.000000  0.059994
13607.000000  0.061087
13687.000000  0.047312
13825.000000  0.071816
13973.000000  0.126090
14177.000000  0.177434
14339.000000  0.191462
14541.000000  0.220484
14771.000000  0.246784
15023.000000  0.284313
15242.000000  0.298136
15445.000000  0.303782
15690.000000  0.333724
15903.000000  0.339534
16100.000000  0.320101
16319.000000  0.250407
16484.000000  0.273006
16686.000000  0.307362
16822.000000  0.268840
16953.000000  0.191893
17088.000000  0.220358
17262.000000  0.157906
17444.000000  0.134405
17615.000000  0.127067
17672.000000  0.066058
17862.000000  0.142120
18053.000000  0.152156
18315.000000  0.178470
18547.000000  0.205826
18771.000000  0.225167
19008.000000  0.243803
19264.000000  0.295219
19497.000000  0.291356
19778.000000  0.197858
20139.000000  0.270592
20332.000000  0.270792
20581.000000  0.317623
20781.000000  0.272906
20950.000000  0.322265
21171.000000  0.209509
21325.000000  0.226070
21380.000000  0.206725
21465.000000  0.183812
21604.000000  0.345652
21849.000000  0.356967
22015.000000  0.271640
22142.000000  0.123658
22252.000000  0.196854
22417.000000  0.203615
22613.000000  0.246764
22798.000000  0.309789
22985.000000  0.293809
23139.000000  0.220159
23323.000000  0.251956
23507.000000  0.333488
23621.000000  0.292196
23746.000000  0.389331
23845.000000  0.378745
24009.000000  0.303787
24177.000000  0.227947
24335.000000  0.245008
24444.000000  0.242497
24489.000000  0.150728
24540.000000  0.450927
24602.000000  0.282777
24619.000000  0.176996
24675.000000  0.176945
24801.000000  0.223917
24938.000000  0.262241
25144.000000  0.251550
25357.000000  0.196903
25496.000000  0.161463
25553.000000  0.114737
25642.000000  0.147311
25715.000000  0.120253
25885.000000  0.178452
26099.000000  0.205179
26306.000000  0.242699
26528.000000  0.243808
26677.000000  0.166447
26831.000000  0.215833
27018.000000  0.266408
27271.000000  0.295515
27502.000000  0.297915
27709.000000  0.227053
28000.000000  0.303581
28204.000000  0.451653
28331.000000  0.369610
28421.000000  0.253324
28513.000000  0.273765
28600.000000  0.304870
28678.000000  0.429776
28783.000000  0.445416
28832.000000  0.076169
28977.000000  0.096945
29107.000000  0.124625
29273.000000  0.227226
29444.000000  0.493456
29635.000000  0.544158
29839.000000  0.540024
30041.000000  0.891609
30138.000000  0.090967
30193.000000  0.069646
30242.000000  0.057145
30314.000000  0.056938
30373.000000  0.076985
30432.000000  0.109200
30476.000000  0.069760
30536.000000  0.046163
30596.000000  0.043420
30681.000000  0.069775
30764.000000  0.060974
30834.000000  0.289619
30973.000000  0.475614
31149.000000  0.440798
31289.000000  0.380786
31403.000000  0.214820
31489.000000  0.172339
31579.000000  0.193561
31643.000000  0.223014
31724.000000  0.189343
31765.000000  0.185432
31860.000000  0.381177
31991.000000  0.517262
32121.000000  0.600802
32268.000000  0.645751
32389.000000  0.096748
32499.000000  0.084692
32628.000000  0.089661
32776.000000  0.103823
32878.000000  0.080218
32960.000000  0.075613
33056.000000  0.064352
33146.000000  0.060088
33268.000000  0.084603
33420.000000  0.088399
33554.000000  0.085307
33694.000000  0.105516
33745.000000  0.106396
33812.000000  0.091992
33947.000000  0.140994
34019.000000  0.151345
34063.000000  0.147639
34137.000000  0.143696
34209.000000  0.180243
34251.000000  0.130646
34325.000000  0.113434
34446.000000  0.151110
34692.000000  0.213500
34815.000000  0.264918
34897.000000  0.184704
35015.000000  0.098564
35108.000000  0.205157
35199.000000  0.259180
35281.000000  0.353988
35361.000000  0.421720
35465.000000  0.140491
35582.000000  0.135224
35700.000000  0.145834
35790.000000  0.119903
35846.000000  0.142396
35883.000000  0.053099
35968.000000  0.107718
36046.000000  0.139185
36116.000000  0.106960
36229.000000  0.250482
36341.000000  0.259052
36542.000000  0.274483
36716.000000  0.182707
36910.000000  0.211450
37028.000000  0.093762
37082.000000  0.053169
37173.000000  0.050522
37259.000000  0.040074
37340.000000  0.060568
37379.000000  0.064217
37430.000000  0.099647
37456.000000  0.155238
37517.000000  0.029335
37587.000000  0.032289
37654.000000  0.024951
37704.000000  0.044869
37778.000000  0.183988
37829.000000  0.185274
37884.000000  0.226497
37940.000000  0.194545
38003.000000  0.148131
38135.000000  0.073522
38333.000000  0.092143
38495.000000  0.116588
38640.000000  0.116165
38750.000000  0.229787
38789.000000  0.159163
38812.000000  0.026814
38813.000000  0.010693
38843.000000  0.109849
38910.000000  0.145834
38984.000000  0.149471
39037.000000  0.046733
39089.000000  0.064782
39160.000000  0.125944
39181.000000  0.063480
39223.000000  0.027501
39277.000000  0.041438
39326.000000  0.049385
39366.000000  0.046839
39404.000000  0.044690
39484.000000  0.042176
39706.000000  0.090594
39842.000000  0.093868
39984.000000  0.103362
40074.000000  0.111460
40144.000000  0.037906
40211.000000  0.054674
40337.000000  0.060283
40438.000000  0.066137
40536.000000  0.090921
40661.000000  0.095792
40701.000000  0.057259
40797.000000  0.061793
40823.000000  0.036270
40827.000000  0.004458
