576.000000  0.098758
754.000000  -0.018037
962.000000  0.005362
1189.000000  0.029939
1428.000000  0.010867
1618.000000  0.004002
1807.000000  -0.008415
1862.000000  -0.032589
2088.000000  0.051527
2298.000000  -0.012443
2467.000000  -0.029540
2628.000000  0.017029
2795.000000  0.010678
2966.000000  0.004641
3082.000000  -0.023928
3224.000000  0.001208
3364.000000  -0.002138
3433.000000  -0.032382
3513.000000  -0.035971
3639.000000  0.020152
3778.000000  0.001107
3838.000000  -0.009515
3925.000000  -0.002128
4016.000000  -0.010222
4089.000000  -0.003446
4135.000000  -0.000623
4279.000000  0.040601
4465.000000  0.025928
4616.000000  -0.010302
4789.000000  0.004045
5020.000000  0.026022
5189.000000  -0.023890
5410.000000  -0.007685
5508.000000  -0.009937
5639.000000  -0.003304
5804.000000  0.009317
5975.000000  0.000801
6074.000000  -0.010995
6083.000000  -0.060441
6157.000000  0.008928
6261.000000  0.019519
6348.000000  0.004512
6466.000000  0.015351
6629.000000  0.001526
6746.000000  0.021392
6882.000000  0.010493
6999.000000  -0.032399
7128.000000  0.001748
7284.000000  0.000793
7453.000000  0.021031
7636.000000  0.035212
7781.000000  -0.023272
7991.000000  0.014913
8127.000000  0.018737
8261.000000  -0.052938
8382.000000  0.018208
8513.000000  -0.000107
8530.000000  -0.082266
8658.000000  0.067526
8752.000000  -0.006320
8884.000000  0.031046
8998.000000  -0.017680
9136.000000  0.010711
9279.000000  -0.003667
9414.000000  -0.025852
9554.000000  -0.004512
9630.000000  0.011192
9718.000000  0.003911
9735.000000  -0.008185
9910.000000  0.076711
10068.000000  0.007918
10212.000000  0.052278
10334.000000  -0.031863
10538.000000  0.029303
10739.000000  0.007077
10917.000000  -0.069827
11056.000000  -0.039780
11161.000000  -0.040754
11252.000000  0.005444
11327.000000  -0.018040
11446.000000  0.035320
11612.000000  -0.013269
11738.000000  0.005316
11771.000000  -0.024849
11895.000000  0.016475
11990.000000  -0.005343
12078.000000  -0.000389
12228.000000  0.016298
12365.000000  0.030348
12420.000000  -0.017095
12494.000000  0.004074
12640.000000  0.032984
12806.000000  -0.000611
12971.000000  -0.001087
13174.000000  0.009015
13378.000000  0.022115
13536.000000  -0.015313
13665.000000  -0.019128
13728.000000  -0.038817
13874.000000  0.006246
14021.000000  0.023931
14230.000000  0.025597
14372.000000  -0.017904
14549.000000  -0.036368
14726.000000  0.003043
14932.000000  0.007505
15167.000000  0.043016
15442.000000  -0.016786
15591.000000  -0.006795
15782.000000  -0.000744
15982.000000  0.010368
16178.000000  -0.010751
16365.000000  0.017203
16611.000000  0.006908
16818.000000  -0.008431
17019.000000  0.023511
17165.000000  -0.058544
17318.000000  0.007573
17500.000000  0.013850
17713.000000  0.022461
17939.000000  0.037385
18100.000000  -0.061665
18252.000000  0.001791
18443.000000  0.007647
18602.000000  0.024748
18685.000000  -0.007692
18900.000000  0.040074
19130.000000  0.005828
19363.000000  -0.001621
19580.000000  0.007065
19754.000000  -0.070378
19956.000000  0.000095
20141.000000  0.017624
20307.000000  -0.000082
20462.000000  -0.016765
20649.000000  0.017727
20838.000000  0.000786
20968.000000  -0.017363
21060.000000  0.023973
21183.000000  0.003968
21323.000000  -0.067321
21356.000000  -0.031322
21459.000000  0.022873
21585.000000  -0.004570
21725.000000  0.086922
21905.000000  0.069775
22087.000000  -0.120164
22248.000000  0.000727
22369.000000  -0.021625
22428.000000  -0.043277
22507.000000  0.004811
22622.000000  0.025274
22813.000000  0.056305
22973.000000  0.030413
23059.000000  -0.069861
23185.000000  0.042743
23269.000000  -0.018628
23347.000000  0.028111
23369.000000  -0.063288
23453.000000  0.085964
23606.000000  0.011704
23721.000000  -0.023618
23855.000000  0.016245
23984.000000  0.002015
24102.000000  -0.004334
24204.000000  0.084818
24271.000000  -0.021875
24337.000000  -0.057544
24413.000000  0.033526
24503.000000  -0.022063
24660.000000  -0.058829
24764.000000  0.004527
24910.000000  0.132377
25003.000000  -0.102847
25091.000000  0.005987
25197.000000  -0.073589
25306.000000  0.039805
25389.000000  -0.000194
25509.000000  0.035341
25596.000000  0.080104
25693.000000  -0.161720
25788.000000  0.032096
25850.000000  0.082389
25858.000000  0.050099
25921.000000  0.039490
25943.000000  -0.033842
25991.000000  0.219794
26011.000000  -0.425532
26023.000000  0.330486
26090.000000  0.035242
26183.000000  0.026458
26266.000000  -0.402516
26377.000000  0.012244
26468.000000  0.397235
26502.000000  -0.019608
26527.000000  -0.005131
26558.000000  -0.052053
26612.000000  -0.033697
26670.000000  -0.018227
26758.000000  0.027168
26799.000000  -0.087864
26820.000000  0.068118
26892.000000  0.445318
26960.000000  -0.742140
26973.000000  -0.024267
26974.000000  -0.001974
26993.000000  0.478672
27063.000000  -0.460314
27147.000000  0.009623
27233.000000  0.013670
27327.000000  0.008146
27411.000000  0.002004
27485.000000  -0.007100
27580.000000  0.008156
27660.000000  0.010050
27691.000000  -0.000589
27830.000000  -0.030940
27976.000000  0.064876
28099.000000  -0.008832
28129.000000  -0.058555
28257.000000  0.029233
28387.000000  -0.009180
28534.000000  0.012047
28602.000000  -0.003225
28779.000000  0.020865
28970.000000  0.024583
29075.000000  -0.024384
29153.000000  -0.027446
29219.000000  0.001414
29243.000000  -0.041473
29276.000000  0.022125
29386.000000  0.020459
29483.000000  -0.005776
29584.000000  0.001714
29628.000000  -0.022264
29724.000000  0.017914
29815.000000  0.003152
29917.000000  -0.007833
30002.000000  -0.006717
30017.000000  -0.018829
30074.000000  0.023122
30130.000000  -0.002886
30202.000000  -0.004887
30224.000000  -0.019567
30289.000000  -0.002576
30433.000000  0.023363
30587.000000  0.011616
30671.000000  -0.007416
30769.000000  0.000049
30856.000000  0.030944
31071.000000  0.039095
31259.000000  -0.006862
31451.000000  0.011006
31594.000000  -0.008192
31784.000000  0.015723
31924.000000  0.012760
32036.000000  -0.052962
32231.000000  0.022486
32360.000000  -0.004033
32506.000000  0.005875
32659.000000  -0.005518
32764.000000  -0.007011
32859.000000  -0.035361
32972.000000  0.017003
33199.000000  0.050353
33329.000000  -0.036643
33449.000000  -0.024254
33533.000000  -0.023065
33607.000000  -0.024978
33791.000000  0.040373
33836.000000  -0.024616
33918.000000  0.011965
34022.000000  0.022464
34133.000000  0.024576
34323.000000  0.041980
34428.000000  -0.042050
34491.000000  -0.068355
34558.000000  0.076556
34627.000000  0.027131
34651.000000  -0.025813
34726.000000  0.036747
34814.000000  0.008784
34950.000000  0.023940
35135.000000  0.004920
35290.000000  0.079810
35369.000000  -0.067257
35485.000000  -0.002157
35595.000000  -0.030362
35657.000000  -0.033972
35698.000000  -0.088436
35733.000000  0.008275
35803.000000  0.066002
35916.000000  0.018635
36119.000000  0.072140
36289.000000  -0.028560
36502.000000  0.053602
36700.000000  0.085566
36862.000000  0.100595
37024.000000  -0.295827
37187.000000  0.020260
37259.000000  -0.002372
37310.000000  -0.025402
37387.000000  0.160979
37442.000000  -0.060732
37530.000000  -0.074242
37638.000000  0.051311
37743.000000  -0.042712
37818.000000  -0.007124
37961.000000  -0.028078
38092.000000  0.048056
38203.000000  -0.033602
38343.000000  0.001006
38472.000000  0.015862
38623.000000  0.065026
38676.000000  -0.000588
38712.000000  0.027440
38716.000000  -0.203547
38745.000000  0.005427
38767.000000  0.148059
38849.000000  0.026500
38865.000000  -0.040877
38866.000000  -0.044049
38916.000000  -0.105525
38995.000000  0.010294
39063.000000  0.007205
39209.000000  0.131263
39387.000000  -0.083965
39430.000000  -0.047570
39508.000000  0.003148
39531.000000  -0.019566
39550.000000  0.004458
39658.000000  0.019523
39830.000000  0.036445
39950.000000  -0.019436
40077.000000  0.007273
40157.000000  -0.006062
40187.000000  -0.018363
40211.000000  -0.021509
40307.000000  0.024019
40466.000000  0.033763
40572.000000  0.003860
40641.000000  -0.003732
40656.000000  -0.045559
40748.000000  0.030052
40785.000000  -0.028358
40810.000000  -0.021932
