576.000000  49.672783
750.000000  42.987843
975.000000  48.742748
1261.000000  54.011078
1466.000000  60.235588
1647.000000  57.619381
1873.000000  56.943302
2087.000000  51.946533
2284.000000  51.464153
2422.000000  41.404488
2573.000000  41.361546
2750.000000  44.456165
2943.000000  45.459972
3099.000000  43.958649
3243.000000  42.847893
3411.000000  45.482574
3490.000000  25.282717
3553.000000  12.767506
3654.000000  26.045340
3790.000000  29.359632
3899.000000  29.297426
4002.000000  32.398952
4088.000000  31.361246
4157.000000  16.192158
4211.000000  18.320591
4331.000000  25.756508
4507.000000  36.096867
4679.000000  37.424839
4886.000000  36.969326
5048.000000  36.194649
5173.000000  34.382004
5254.000000  30.296303
5307.000000  16.727613
5386.000000  15.610719
5476.000000  15.437438
5591.000000  18.712507
5749.000000  24.008976
5946.000000  31.070488
6060.000000  29.581743
6214.000000  26.641651
6303.000000  27.193954
6393.000000  18.589916
6448.000000  18.668097
6508.000000  8.923707
6562.000000  8.709643
6611.000000  10.175235
6741.000000  18.472389
6900.000000  25.724819
7092.000000  34.677132
7253.000000  34.461552
7301.000000  37.434517
7448.000000  35.290031
7580.000000  30.876982
7664.000000  26.928314
7767.000000  26.229500
7889.000000  23.861992
8014.000000  23.918095
8180.000000  31.850307
8326.000000  34.764969
8477.000000  33.186493
8639.000000  34.833382
8780.000000  25.507111
8875.000000  20.366899
8928.000000  17.006411
9018.000000  20.808559
9106.000000  24.065081
9214.000000  25.230404
9320.000000  24.039360
9398.000000  19.604078
9487.000000  22.021873
9568.000000  23.668203
9696.000000  30.319870
9884.000000  37.822006
10050.000000  36.121464
10085.000000  26.761549
10235.000000  34.034863
10387.000000  28.597282
10550.000000  30.877981
10728.000000  32.916191
10876.000000  34.108677
10991.000000  24.351658
11111.000000  42.337914
11244.000000  41.179283
11431.000000  48.967190
11606.000000  48.662792
11772.000000  53.506489
11929.000000  48.348381
12088.000000  51.591854
12250.000000  51.522202
12401.000000  52.778744
12504.000000  44.799221
12623.000000  41.084946
12751.000000  29.960213
12891.000000  32.409889
13059.000000  34.364616
13223.000000  33.603592
13389.000000  29.794935
13546.000000  28.093260
13718.000000  29.144808
13872.000000  25.589367
14040.000000  29.165756
14201.000000  30.098797
14356.000000  25.641590
14401.000000  20.608109
14552.000000  20.691738
14646.000000  18.789331
14775.000000  28.639805
14899.000000  22.331398
15059.000000  28.593536
15259.000000  21.686890
15400.000000  22.318592
15573.000000  18.795351
15769.000000  20.530167
15911.000000  20.339136
16043.000000  22.391653
16224.000000  25.658325
16358.000000  26.323090
16529.000000  30.065096
16696.000000  29.241987
16884.000000  28.281239
17120.000000  31.267384
17371.000000  35.672302
17557.000000  27.632093
17719.000000  26.393076
17898.000000  26.447260
18158.000000  31.513266
18325.000000  29.937862
18525.000000  38.031883
18626.000000  36.891113
18677.000000  38.901775
18765.000000  9.971487
18848.000000  7.619991
18924.000000  28.955654
19025.000000  33.992264
19143.000000  35.600121
19254.000000  28.875620
19444.000000  41.707932
19647.000000  40.108624
19862.000000  36.935982
19907.000000  34.298393
20084.000000  31.562849
20286.000000  33.965538
20413.000000  29.521883
20575.000000  29.883722
20775.000000  23.536840
21024.000000  27.696783
21294.000000  30.579081
21555.000000  27.695709
21801.000000  30.889862
22082.000000  33.568607
22308.000000  30.818415
22463.000000  28.288429
22624.000000  26.684166
22717.000000  24.600113
22842.000000  22.476152
23007.000000  26.998896
23124.000000  29.072586
23204.000000  29.506281
23280.000000  18.807625
23370.000000  18.916842
23428.000000  17.864925
23504.000000  18.496408
23588.000000  27.902502
23670.000000  26.543777
23760.000000  32.734222
23833.000000  9.330506
23926.000000  11.738280
23972.000000  14.341730
24019.000000  9.498756
24072.000000  11.273947
24183.000000  20.715178
24363.000000  23.099947
24522.000000  13.713540
24598.000000  13.205226
24712.000000  10.563006
24811.000000  32.687386
24950.000000  15.344141
25096.000000  15.198331
25190.000000  15.664227
25287.000000  9.485249
25363.000000  11.258941
25445.000000  12.826127
25528.000000  13.271584
25639.000000  14.795592
25743.000000  13.490123
25898.000000  21.415489
26103.000000  26.344997
26196.000000  28.240156
26320.000000  28.311831
26511.000000  33.422527
26607.000000  23.557714
26728.000000  23.845110
26856.000000  25.987383
26958.000000  27.296654
27127.000000  29.785877
27210.000000  31.138901
27294.000000  32.816841
27395.000000  40.443199
27577.000000  46.343372
27715.000000  45.782375
27900.000000  40.610683
28037.000000  40.546852
28141.000000  38.538261
28202.000000  41.948700
28278.000000  43.243034
28351.000000  45.502628
28423.000000  27.309088
28457.000000  21.297310
28500.000000  19.262735
28557.000000  33.412403
28595.000000  37.912292
28606.000000  35.045052
28722.000000  41.013584
28783.000000  43.371994
28819.000000  2.732996
28857.000000  2.483534
28888.000000  1.896824
28987.000000  58.063541
29075.000000  8.769405
29180.000000  9.720156
29316.000000  11.701688
29377.000000  10.739179
29468.000000  50.998539
29590.000000  56.546211
29637.000000  63.886536
29714.000000  8.907585
29744.000000  7.030504
29747.000000  1.440204
29795.000000  39.684467
29822.000000  2.108202
29859.000000  4.869962
29926.000000  5.010469
30045.000000  11.249941
30168.000000  12.438776
30263.000000  12.374310
30354.000000  11.097795
30445.000000  12.682961
30567.000000  13.891609
30577.000000  5.549892
30719.000000  17.874905
30825.000000  12.980170
30949.000000  18.872646
30984.000000  18.313446
31131.000000  19.509102
31173.000000  10.616746
31258.000000  14.448224
31341.000000  20.302336
31420.000000  14.590361
31525.000000  15.966908
31611.000000  14.271895
31690.000000  13.083723
31784.000000  12.196705
31866.000000  16.442186
31898.000000  10.499042
31939.000000  13.433086
31945.000000  9.833063
31985.000000  3.096740
32029.000000  3.755369
32075.000000  5.458496
32165.000000  8.841636
32279.000000  11.110071
32371.000000  12.238179
32472.000000  14.307171
32594.000000  14.077608
32632.000000  8.983934
32675.000000  4.917066
32790.000000  12.942701
32878.000000  18.255074
33009.000000  13.783540
33100.000000  12.337628
33167.000000  11.584626
33225.000000  9.781311
33227.000000  2.560473
33300.000000  8.331297
33464.000000  11.720643
33654.000000  14.905795
33766.000000  14.737433
33880.000000  14.179298
33996.000000  13.476396
34034.000000  9.595433
34058.000000  9.480143
34075.000000  4.797675
34147.000000  4.490962
34191.000000  4.512726
34247.000000  4.421925
34302.000000  4.814636
34392.000000  10.049066
34529.000000  10.073486
34672.000000  12.901899
34790.000000  14.083309
34922.000000  13.706920
35074.000000  18.610413
35243.000000  21.675600
35424.000000  22.152773
35561.000000  19.833555
35605.000000  16.806026
35782.000000  22.568125
35936.000000  13.258121
36103.000000  20.966198
36265.000000  22.749767
36398.000000  22.160458
36551.000000  25.523773
36717.000000  26.014603
36857.000000  27.376083
37042.000000  25.328964
37191.000000  21.538925
37353.000000  22.050348
37511.000000  27.220142
37652.000000  30.047039
37701.000000  23.735312
37771.000000  37.466652
37799.000000  31.762617
37815.000000  30.969069
37870.000000  32.185154
37935.000000  31.012926
38032.000000  38.285233
38133.000000  39.458218
38216.000000  43.908421
38342.000000  13.503774
38348.000000  9.470722
38396.000000  23.532858
38442.000000  11.717204
38457.000000  5.342490
38460.000000  0.851070
38530.000000  11.661177
38598.000000  8.006978
38647.000000  6.943365
38660.000000  1.720745
38694.000000  4.245598
38747.000000  2.979423
38752.000000  2.210062
38808.000000  5.511658
38883.000000  6.070093
38953.000000  9.746881
39061.000000  12.065812
39152.000000  13.730751
39184.000000  7.241882
39249.000000  15.564576
39350.000000  12.226901
39426.000000  13.654206
39522.000000  13.960643
39607.000000  18.669764
39632.000000  8.689637
39683.000000  5.636720
39794.000000  10.015209
39905.000000  10.406897
39997.000000  13.824816
40167.000000  21.806534
40259.000000  16.091568
40344.000000  12.381136
40358.000000  4.493449
40381.000000  6.051702
40432.000000  8.714068
40517.000000  13.393767
40600.000000  13.526316
40703.000000  15.988909
40789.000000  14.447045
40814.000000  10.936808
40816.000000  0.992510
