4067.000000  0.856475
4805.000000  0.665156
5586.000000  0.442366
6382.000000  0.485802
7366.000000  0.606969
8480.000000  0.790051
9789.000000  0.858453
10826.000000  0.802530
12122.000000  1.061902
13543.000000  1.223241
14706.000000  1.023887
15993.000000  1.183773
17527.000000  1.236100
18509.000000  1.161588
19686.000000  0.996431
20469.000000  1.020861
21268.000000  1.138829
22018.000000  1.157807
22803.000000  1.084815
23521.000000  1.183844
24463.000000  1.003023
25211.000000  0.812192
25874.000000  0.844572
26436.000000  0.846540
27084.000000  0.769487
27681.000000  0.804366
28192.000000  0.741677
29261.000000  0.957410
30474.000000  1.160072
31796.000000  1.272397
32869.000000  1.102144
34027.000000  1.218626
35074.000000  1.763244
35980.000000  1.849764
36978.000000  1.744485
38248.000000  2.057016
39183.000000  2.300895
39810.000000  1.232176
40483.000000  1.242157
41068.000000  1.156184
41579.000000  1.376720
42641.000000  1.795515
43313.000000  1.477776
44064.000000  1.412295
44918.000000  1.376021
46313.000000  1.366138
47499.000000  1.312813
48580.000000  1.417917
49596.000000  1.189649
50092.000000  1.218334
50938.000000  1.201024
51668.000000  1.359735
52353.000000  1.123879
53102.000000  1.215614
54304.000000  1.503117
55159.000000  1.448416
56062.000000  1.418943
57269.000000  1.322841
58412.000000  1.419696
59334.000000  1.484054
60477.000000  1.665824
61695.000000  1.977237
62696.000000  1.874604
63528.000000  1.791062
64396.000000  1.399196
65470.000000  1.526663
66649.000000  1.646824
67342.000000  1.385872
68340.000000  1.492808
69280.000000  1.559117
70058.000000  1.590794
70919.000000  1.592390
71793.000000  1.500925
72577.000000  1.511304
73529.000000  1.622258
74431.000000  1.607822
75407.000000  1.654562
76804.000000  3.292032
77791.000000  2.542737
78918.000000  1.886264
79800.000000  1.605757
80852.000000  1.773517
81957.000000  1.788510
82870.000000  1.796729
83745.000000  2.008378
84860.000000  1.950367
86337.000000  2.188015
87907.000000  2.306720
89431.000000  2.125856
90871.000000  1.906425
91746.000000  1.790682
92436.000000  1.605831
93319.000000  1.798666
93839.000000  1.555127
94536.000000  1.749101
95777.000000  2.766893
96920.000000  2.697569
97810.000000  3.011788
98799.000000  3.024114
99895.000000  3.067578
101131.000000  3.241156
102335.000000  3.355847
103600.000000  3.146736
104640.000000  2.430411
105773.000000  2.365674
106893.000000  3.828073
107808.000000  2.876385
108581.000000  2.343449
109476.000000  2.404285
110740.000000  2.078908
111893.000000  2.096278
113139.000000  2.781020
114048.000000  2.320362
114586.000000  1.970240
115175.000000  2.264559
115970.000000  2.436885
116967.000000  2.691914
118227.000000  3.217569
119507.000000  3.374343
121462.000000  3.447822
122771.000000  4.994390
124447.000000  1.994971
124773.000000  1.540241
125458.000000  2.780571
126253.000000  4.328059
127617.000000  6.594236
128946.000000  2.567700
129348.000000  2.258356
130609.000000  2.231926
131200.000000  1.687266
131953.000000  1.714196
132577.000000  1.665766
133480.000000  2.502197
134925.000000  2.757837
136141.000000  2.899671
137295.000000  3.214105
138105.000000  3.137349
138589.000000  3.136740
139290.000000  1.866781
139302.000000  1.543412
139699.000000  1.916401
140186.000000  1.720431
141141.000000  1.770600
141802.000000  1.892312
142019.000000  1.668719
142203.000000  1.698708
142436.000000  1.711728
142812.000000  1.758164
143142.000000  1.763749
143522.000000  1.734861
143944.000000  1.744817
144380.000000  1.798487
145056.000000  1.811585
145558.000000  1.787085
146120.000000  1.694231
146718.000000  1.698054
147123.000000  1.721410
147344.000000  1.593833
147835.000000  1.712670
148431.000000  1.790539
148730.000000  1.700818
148849.000000  1.683170
149183.000000  1.843567
149728.000000  1.856783
150314.000000  1.974357
150740.000000  1.863392
151412.000000  1.853542
151534.000000  1.770078
151753.000000  1.874530
152218.000000  1.824530
152656.000000  1.850299
153102.000000  1.885596
153123.000000  1.668407
153247.000000  1.646926
153670.000000  1.776987
154395.000000  1.773699
154919.000000  1.841707
155428.000000  1.914047
155493.000000  1.737250
155533.000000  1.729814
155767.000000  1.790869
155815.000000  1.645255
155823.000000  1.788940
156111.000000  1.788625
156498.000000  1.881699
156837.000000  1.978502
157455.000000  1.975308
157880.000000  1.819356
158270.000000  1.794780
158837.000000  2.013153
159470.000000  2.004109
159925.000000  1.868713
160418.000000  1.888251
160549.000000  1.781779
160552.000000  1.652446
160561.000000  1.642811
