4067.000000  71.387863
4805.000000  76.837311
5586.000000  54.325790
6382.000000  60.653656
7366.000000  69.910690
8480.000000  72.514328
9789.000000  75.763802
10826.000000  73.510239
12122.000000  78.512009
13543.000000  79.262756
14706.000000  74.815445
15993.000000  75.820511
17527.000000  76.439392
18509.000000  73.809593
19686.000000  69.067940
20469.000000  69.111450
21268.000000  68.218117
22018.000000  70.438919
22803.000000  65.597420
23521.000000  68.988396
24463.000000  64.628853
25211.000000  56.117840
25874.000000  55.661289
26436.000000  54.991371
27084.000000  52.253120
27681.000000  53.757786
28192.000000  45.806553
29261.000000  57.225616
30474.000000  61.796951
31796.000000  65.331009
32869.000000  58.065258
34027.000000  62.805408
35074.000000  72.667542
35980.000000  73.639275
36978.000000  72.288330
38248.000000  73.677376
39183.000000  77.069122
39810.000000  57.214157
40483.000000  59.083504
41068.000000  54.296417
41579.000000  54.576862
42641.000000  69.688828
43313.000000  61.949711
44064.000000  60.242397
44918.000000  59.232426
46313.000000  59.234272
47499.000000  55.741341
48580.000000  57.679684
49596.000000  48.747387
50092.000000  45.298923
50938.000000  48.227978
51668.000000  50.698196
52353.000000  43.357105
53102.000000  48.285797
54304.000000  54.296982
55159.000000  54.509552
56062.000000  51.345127
57269.000000  48.950737
58412.000000  52.118904
59334.000000  52.302803
60477.000000  55.279182
61695.000000  62.702000
62696.000000  58.623577
63528.000000  57.756191
64396.000000  47.603249
65470.000000  48.669292
66649.000000  44.374237
67342.000000  44.393368
68340.000000  45.435497
69280.000000  47.634335
70058.000000  47.682907
70919.000000  44.878513
71793.000000  44.950729
72577.000000  42.748753
73529.000000  46.500324
74431.000000  46.136101
75407.000000  44.937080
76804.000000  24.233051
77791.000000  27.185011
78918.000000  35.845264
79800.000000  40.394535
80852.000000  45.996140
81957.000000  45.981674
82870.000000  43.722603
83745.000000  51.771366
84860.000000  49.265514
86337.000000  54.166134
87907.000000  55.243587
89431.000000  51.374256
90871.000000  45.644043
91746.000000  42.562557
92436.000000  36.187611
93319.000000  41.231098
93839.000000  33.283337
94536.000000  38.723663
95777.000000  53.604298
96920.000000  58.341385
97810.000000  63.500130
98799.000000  63.710182
99895.000000  63.258289
101131.000000  62.535614
102335.000000  65.797958
103600.000000  63.952881
104640.000000  52.312344
105773.000000  51.008480
106893.000000  68.698441
107808.000000  57.527744
108581.000000  49.370186
109476.000000  50.233192
110740.000000  38.863102
111893.000000  40.284107
113139.000000  52.902866
114048.000000  44.393902
114586.000000  37.041470
115175.000000  44.571011
115970.000000  47.002499
116967.000000  51.487263
118227.000000  57.192982
119507.000000  61.180378
121462.000000  60.176586
122771.000000  71.603165
124447.000000  32.912739
124773.000000  10.165140
125458.000000  50.851078
126253.000000  67.827576
127617.000000  78.003418
128946.000000  45.957947
129348.000000  35.217850
130609.000000  34.731758
131200.000000  15.283106
131953.000000  16.116491
132577.000000  16.549494
133480.000000  38.811928
134925.000000  47.278854
136141.000000  48.639549
137295.000000  45.430721
138105.000000  50.373405
138589.000000  50.462967
139290.000000  19.345369
139302.000000  5.319867
139699.000000  16.611736
140186.000000  12.146646
141141.000000  14.943087
141802.000000  20.382639
142019.000000  10.172654
142203.000000  9.909423
142436.000000  10.684788
142812.000000  13.406261
143142.000000  12.642975
143522.000000  10.844079
143944.000000  11.585258
144380.000000  10.754358
145056.000000  15.476830
145558.000000  16.706377
146120.000000  11.845413
146718.000000  10.619297
147123.000000  7.931852
147344.000000  3.955228
147835.000000  9.132938
148431.000000  13.583411
148730.000000  10.290437
148849.000000  9.446139
149183.000000  7.722184
149728.000000  12.673347
150314.000000  17.765926
150740.000000  12.919055
151412.000000  16.291792
151534.000000  10.214646
151753.000000  11.511219
152218.000000  13.011644
152656.000000  12.960423
153102.000000  11.810287
153123.000000  3.592284
153247.000000  5.894737
153670.000000  9.898300
154395.000000  10.744282
154919.000000  11.874648
155428.000000  14.592534
155493.000000  7.297163
155533.000000  1.093251
155767.000000  8.886762
155815.000000  2.496053
155823.000000  10.203890
156111.000000  9.154877
156498.000000  9.952414
156837.000000  16.201731
157455.000000  18.406902
157880.000000  9.214883
158270.000000  9.622058
158837.000000  13.869959
159470.000000  16.047802
159925.000000  11.333171
160418.000000  14.185413
160549.000000  7.622820
160552.000000  0.228624
160561.000000  0.410055
