399.000000  0.181108
578.000000  0.141168
663.000000  0.154103
725.000000  0.124869
792.000000  0.142479
875.000000  0.142123
983.000000  0.148578
1128.000000  0.222618
1288.000000  0.232464
1394.000000  0.204864
1488.000000  0.158314
1551.000000  0.143890
1621.000000  0.177861
1734.000000  0.199654
1870.000000  0.208841
1997.000000  0.212560
2109.000000  0.214087
2256.000000  0.229683
2383.000000  0.216661
2511.000000  0.211472
2658.000000  0.211480
2806.000000  0.220388
2957.000000  0.218568
3086.000000  0.230979
3260.000000  0.247582
3412.000000  0.256139
3561.000000  0.254788
3699.000000  0.250338
3795.000000  0.227374
3906.000000  0.238358
4022.000000  0.240314
4116.000000  0.265316
4195.000000  0.243396
4266.000000  0.253329
4356.000000  0.226532
4432.000000  0.232512
4520.000000  0.222968
4549.000000  0.237032
4602.000000  0.244606
4725.000000  0.257142
4945.000000  0.272232
5099.000000  0.270293
5248.000000  0.311748
5449.000000  0.306161
5575.000000  0.299657
5667.000000  0.279364
5766.000000  0.278031
5849.000000  0.270750
5928.000000  0.267848
6018.000000  0.267196
6114.000000  0.256184
6197.000000  0.288106
6286.000000  0.257567
6354.000000  0.253794
6458.000000  0.273230
6542.000000  0.264872
6624.000000  0.282386
6751.000000  0.298554
6888.000000  0.293394
7015.000000  0.287006
7125.000000  0.291914
7242.000000  0.301176
7384.000000  0.316686
7517.000000  0.333731
7654.000000  0.311447
7794.000000  0.314284
7922.000000  0.309164
8049.000000  0.314881
8081.000000  0.233800
8212.000000  0.315513
8252.000000  0.239570
8372.000000  0.309417
8493.000000  0.309271
8523.000000  0.235556
8698.000000  0.362964
8853.000000  0.355727
9029.000000  0.372786
9190.000000  0.370166
9337.000000  0.375578
9520.000000  0.376255
9700.000000  0.409980
9844.000000  0.401037
9948.000000  0.366810
10032.000000  0.347806
10106.000000  0.338579
10199.000000  0.365982
10357.000000  0.380641
10510.000000  0.393924
10627.000000  0.388313
10738.000000  0.375943
10897.000000  0.413851
11058.000000  0.392881
11225.000000  0.455788
11338.000000  0.383002
11437.000000  0.386126
11526.000000  0.394357
11615.000000  0.395186
11713.000000  0.381727
11855.000000  0.407960
11879.000000  0.329587
11890.000000  0.306911
12024.000000  0.423234
12164.000000  0.449239
12313.000000  0.453120
12487.000000  0.481161
12625.000000  0.443192
12741.000000  0.422485
12833.000000  0.481913
12925.000000  0.415544
13044.000000  0.441289
13187.000000  0.442957
13344.000000  0.455195
13512.000000  0.445625
13656.000000  0.492181
13783.000000  0.494689
13921.000000  0.492983
14013.000000  0.478476
14112.000000  0.518809
14162.000000  0.547933
14211.000000  0.585162
14285.000000  0.582664
14286.000000  0.446948
14298.000000  0.500667
14326.000000  0.345652
14370.000000  0.507501
14461.000000  0.509794
14492.000000  0.474894
14579.000000  0.548072
14674.000000  0.443599
14804.000000  0.527695
14896.000000  0.519678
14998.000000  0.489226
15087.000000  0.435331
15192.000000  0.417859
15307.000000  0.532079
15427.000000  0.561892
15534.000000  0.492921
15571.000000  0.511163
15665.000000  0.522179
15745.000000  0.508453
15840.000000  0.536059
15935.000000  0.560217
16066.000000  0.593946
16147.000000  0.647002
16255.000000  0.648563
16417.000000  0.639220
16526.000000  0.657918
16613.000000  0.682182
16694.000000  0.531878
16772.000000  0.393754
16858.000000  0.580520
16949.000000  0.639818
17035.000000  0.688023
17104.000000  0.645469
17172.000000  0.398900
17255.000000  0.400989
17333.000000  0.425589
17422.000000  0.857215
17490.000000  0.826569
17579.000000  0.401347
17668.000000  0.378991
17735.000000  0.389152
17821.000000  0.754888
17926.000000  0.892227
18014.000000  0.840940
18101.000000  0.791857
18212.000000  0.800704
18335.000000  0.824262
18435.000000  1.054050
18548.000000  0.411744
18615.000000  0.398446
18678.000000  0.431197
18740.000000  0.471108
18827.000000  0.562532
18877.000000  0.519426
18962.000000  0.566728
19049.000000  0.362246
19170.000000  0.390730
19249.000000  0.392483
19332.000000  0.380776
19421.000000  0.403153
19503.000000  0.378976
19595.000000  0.398695
19701.000000  0.406438
19806.000000  0.401261
19918.000000  0.415181
20048.000000  0.447732
20197.000000  0.434168
20353.000000  0.443199
20497.000000  0.456853
20659.000000  0.469679
20714.000000  0.391171
20896.000000  0.480908
21007.000000  0.443080
21083.000000  0.437369
21167.000000  0.454123
21279.000000  0.433384
21341.000000  0.472895
21439.000000  0.417667
21573.000000  0.445794
21648.000000  0.490589
21722.000000  0.504999
21856.000000  0.545557
21951.000000  0.441997
22013.000000  0.376339
22171.000000  0.392707
22225.000000  0.387283
22276.000000  0.397677
22329.000000  0.410623
22438.000000  0.473191
22600.000000  0.419775
22633.000000  0.367918
22751.000000  0.438848
22836.000000  0.407030
22976.000000  0.424769
23100.000000  0.430036
23247.000000  0.436993
23358.000000  0.437914
23413.000000  0.407280
23552.000000  0.459007
23656.000000  0.440650
23782.000000  0.465606
23794.000000  0.425805
23840.000000  0.384678
23941.000000  0.419182
24029.000000  0.427883
24131.000000  0.429996
24229.000000  0.429054
24288.000000  0.431956
24317.000000  0.410175
24384.000000  0.408113
24439.000000  0.397664
24579.000000  0.455935
24675.000000  0.446604
24800.000000  0.483078
24916.000000  0.434691
25116.000000  0.486399
25328.000000  0.507155
25492.000000  0.463584
25643.000000  0.495126
25795.000000  0.515942
25969.000000  0.513262
26102.000000  0.528318
26264.000000  0.508035
26410.000000  0.500522
26518.000000  0.486721
26533.000000  0.470750
26577.000000  0.497026
26657.000000  0.442313
26706.000000  0.434454
26733.000000  0.407803
26737.000000  0.382296
26826.000000  0.413684
26830.000000  0.394201
26876.000000  0.408443
26915.000000  0.403846
26934.000000  0.400533
26941.000000  0.389138
27005.000000  0.397315
27157.000000  0.443899
27299.000000  0.456533
27392.000000  0.472446
27496.000000  0.459830
27580.000000  0.469539
27654.000000  0.444532
27708.000000  0.389438
27806.000000  0.459680
27949.000000  0.486606
28022.000000  0.421358
28060.000000  0.437155
28114.000000  0.493130
28205.000000  0.476408
28289.000000  0.465828
28376.000000  0.450241
28464.000000  0.467443
28542.000000  0.491542
28569.000000  0.453237
28615.000000  0.474186
28685.000000  0.452618
28783.000000  0.468802
28896.000000  0.478498
28978.000000  0.446388
29072.000000  0.461296
29194.000000  0.500269
29286.000000  0.507943
29348.000000  0.566839
29431.000000  0.490079
29539.000000  0.527286
29683.000000  0.543579
29736.000000  0.472761
29861.000000  0.518532
29888.000000  0.365746
29911.000000  0.406415
29913.000000  0.483043
29973.000000  0.418277
30122.000000  0.497927
30194.000000  0.461198
30267.000000  0.417550
30342.000000  0.430029
30427.000000  0.440453
30524.000000  0.455307
30611.000000  0.460223
30781.000000  0.479064
30976.000000  0.513004
31169.000000  0.511411
31316.000000  0.493808
31345.000000  0.376030
31421.000000  0.479581
31498.000000  0.460342
31664.000000  0.531602
31738.000000  0.514479
31838.000000  0.513493
31921.000000  0.495669
32005.000000  0.497551
32114.000000  0.523032
32206.000000  0.497866
32315.000000  0.512194
32403.000000  0.521091
32491.000000  0.495647
32581.000000  0.521559
32731.000000  0.535433
32887.000000  0.561807
33047.000000  0.544616
33196.000000  0.562509
33327.000000  0.530764
33393.000000  0.462814
33503.000000  0.524609
33578.000000  0.515092
33671.000000  0.503956
33752.000000  0.522515
33818.000000  0.528516
33898.000000  0.552077
33985.000000  0.581110
34082.000000  0.626499
34169.000000  0.628997
34232.000000  0.592060
34295.000000  0.571465
34405.000000  0.607442
34547.000000  0.520654
34649.000000  0.661775
34679.000000  0.436923
34785.000000  0.499902
34870.000000  0.509362
34959.000000  0.515048
35106.000000  0.718540
35242.000000  0.735905
35302.000000  0.615559
35345.000000  0.505614
35421.000000  0.594908
35434.000000  0.638368
35439.000000  0.651902
35486.000000  0.479744
35592.000000  0.458629
35688.000000  0.470707
35776.000000  0.491174
35933.000000  0.487621
36075.000000  0.508103
36167.000000  0.473088
36250.000000  0.474928
36339.000000  0.493900
36424.000000  0.502770
36452.000000  0.480060
36493.000000  0.448130
36591.000000  0.467575
36740.000000  0.463038
36864.000000  0.504291
36943.000000  0.441500
36998.000000  0.474383
37020.000000  0.440598
37124.000000  0.469690
37177.000000  0.481203
37183.000000  0.419751
37264.000000  0.438491
37319.000000  0.441528
37432.000000  0.466856
37557.000000  0.484439
37649.000000  0.486758
37732.000000  0.479796
37778.000000  0.457154
37862.000000  0.454560
37950.000000  0.472596
38038.000000  0.493849
38134.000000  0.463597
38237.000000  0.489379
38289.000000  0.458412
38391.000000  0.500020
38565.000000  0.496363
38651.000000  0.502786
38742.000000  0.469028
38854.000000  0.518120
38981.000000  0.563153
39094.000000  0.558745
39156.000000  0.480568
39180.000000  0.470405
39181.000000  0.426201
39280.000000  0.547353
39388.000000  0.490026
39509.000000  0.494627
39559.000000  0.470412
39631.000000  0.485622
39658.000000  0.455767
39662.000000  0.432843
39716.000000  0.438979
39794.000000  0.482099
39891.000000  0.478734
40027.000000  0.484939
40096.000000  0.479528
40104.000000  0.417793
40124.000000  0.456472
40128.000000  0.424223
40204.000000  0.471524
40298.000000  0.468494
40391.000000  0.472857
40518.000000  0.492639
40625.000000  0.497723
40640.000000  0.438948
40649.000000  0.409812
40711.000000  0.450291
40738.000000  0.431974
40788.000000  0.454259
40820.000000  0.418032
