269.000000  76.791786
326.000000  79.622604
326.000000  0.400758
351.000000  46.228088
379.000000  62.164570
415.000000  72.423973
482.000000  79.028442
522.000000  78.600006
562.000000  73.219681
607.000000  71.504524
661.000000  76.280685
735.000000  77.769081
773.000000  63.430859
813.000000  76.687798
855.000000  74.343117
914.000000  74.568817
988.000000  75.647972
1055.000000  74.739609
1127.000000  76.099983
1156.000000  64.309158
1174.000000  54.271042
1215.000000  71.115891
1257.000000  70.379257
1293.000000  37.146801
1331.000000  63.077755
1391.000000  72.923340
1467.000000  74.043106
1525.000000  69.303673
1546.000000  57.382076
1576.000000  61.820881
1619.000000  61.087894
1658.000000  57.972748
1721.000000  67.281311
1767.000000  60.597904
1807.000000  59.055943
1860.000000  65.022514
1889.000000  63.075161
1926.000000  63.744354
1974.000000  46.857685
1974.000000  0.520588
2017.000000  48.329334
2062.000000  56.794174
2093.000000  52.912033
2116.000000  52.823944
2136.000000  48.645908
2158.000000  40.516495
2179.000000  51.244701
2208.000000  53.247948
2237.000000  56.446671
2279.000000  58.133209
2324.000000  58.779751
2360.000000  60.991055
2391.000000  47.000015
2432.000000  56.547672
2496.000000  59.623272
2546.000000  57.700737
2584.000000  49.677071
2599.000000  45.801247
2622.000000  48.484756
2645.000000  44.558228
2662.000000  39.354790
2694.000000  46.067703
2743.000000  47.068890
2786.000000  49.583054
2826.000000  59.008408
2853.000000  51.984715
2884.000000  47.480228
2919.000000  49.779953
2949.000000  31.597387
3000.000000  48.519932
3054.000000  54.233784
3085.000000  32.256008
3103.000000  40.673985
3151.000000  52.624268
3195.000000  53.462749
3236.000000  49.134373
3271.000000  51.629436
3295.000000  48.321487
3329.000000  55.417027
3404.000000  66.839867
3470.000000  59.213932
3541.000000  60.031422
3589.000000  49.721584
3631.000000  44.187717
3657.000000  50.156116
3700.000000  55.541550
3732.000000  30.153442
3767.000000  46.657459
3793.000000  44.090782
3811.000000  36.432667
3832.000000  30.951946
3852.000000  44.081848
3884.000000  37.019707
3884.000000  0.121431
3916.000000  50.664955
3941.000000  39.467491
3978.000000  53.663750
3996.000000  29.094940
4013.000000  24.774256
4032.000000  26.418104
4063.000000  29.502916
4100.000000  37.400963
4133.000000  42.569290
4152.000000  16.886328
4173.000000  15.032879
4228.000000  38.763760
4285.000000  42.329521
4346.000000  44.735870
4409.000000  41.909813
4465.000000  48.167912
4507.000000  47.411285
4579.000000  62.025612
4628.000000  48.481197
4658.000000  46.875217
4672.000000  18.852863
4698.000000  36.202122
4725.000000  46.871090
4755.000000  49.814301
4781.000000  46.241333
4807.000000  51.331757
4837.000000  52.001850
4880.000000  59.749329
4917.000000  54.297894
4952.000000  51.904922
4996.000000  53.347748
5013.000000  43.612671
5050.000000  45.441216
5072.000000  29.506344
5107.000000  43.639675
5131.000000  32.867092
5139.000000  22.017887
5158.000000  28.805288
5190.000000  35.014107
5218.000000  46.436203
5239.000000  27.390587
5254.000000  22.750980
5282.000000  30.211931
5319.000000  25.330425
5341.000000  23.590616
5375.000000  41.460464
5408.000000  49.502682
5451.000000  46.974888
5501.000000  63.464642
5546.000000  55.152439
5568.000000  64.660782
5573.000000  10.019094
5583.000000  15.606504
5596.000000  14.861375
5612.000000  10.098708
5629.000000  43.255356
5644.000000  43.877304
5668.000000  47.885712
5672.000000  33.208511
5701.000000  52.535122
5728.000000  50.820984
5759.000000  49.624027
5805.000000  36.558266
5838.000000  39.169140
5866.000000  53.669834
5898.000000  24.641405
5916.000000  18.796892
5940.000000  26.925505
5959.000000  47.972328
5978.000000  54.176170
5998.000000  20.118523
6026.000000  61.265923
6047.000000  58.477009
6070.000000  66.189369
6083.000000  26.584232
6128.000000  70.285072
6163.000000  70.758339
6196.000000  28.976357
6229.000000  30.648678
6263.000000  28.122076
6306.000000  26.034164
6324.000000  24.535074
6355.000000  41.630150
6411.000000  62.581921
6459.000000  52.874355
6491.000000  52.001511
6528.000000  54.882454
6560.000000  46.463840
6597.000000  62.301445
6599.000000  5.701046
6629.000000  26.931549
6651.000000  45.702774
6679.000000  34.767864
6716.000000  38.351746
6740.000000  37.962891
6799.000000  52.320194
6834.000000  45.285801
6888.000000  44.595181
6924.000000  36.982250
6950.000000  33.148117
6982.000000  30.750820
7011.000000  39.291023
7051.000000  33.427357
7115.000000  42.250122
7185.000000  47.174965
7222.000000  51.154179
7264.000000  49.443165
7305.000000  41.217419
7361.000000  38.551109
7393.000000  47.965599
7426.000000  48.250153
7466.000000  47.428814
7493.000000  46.745304
7524.000000  43.529858
7563.000000  48.992477
7606.000000  27.995773
7657.000000  33.619717
7696.000000  34.534473
7724.000000  21.933830
7776.000000  26.367346
7818.000000  21.395849
7840.000000  21.494888
7857.000000  23.607431
7869.000000  4.576923
7895.000000  19.709244
7924.000000  22.727665
7955.000000  30.448896
7985.000000  26.840025
8005.000000  14.048444
8023.000000  14.252893
8069.000000  36.343662
8087.000000  32.006317
8122.000000  35.856712
8181.000000  36.315964
8211.000000  44.867378
8258.000000  47.926205
8282.000000  49.934372
8317.000000  50.976627
8355.000000  47.813545
8400.000000  46.763359
8400.000000  1.027422
8440.000000  41.823017
8477.000000  44.294868
8505.000000  46.226948
8517.000000  16.150015
8545.000000  38.580082
8571.000000  38.629860
8589.000000  15.220303
8596.000000  6.267875
8616.000000  12.298470
8643.000000  18.447016
8671.000000  14.266319
8689.000000  11.951652
8716.000000  11.144627
8739.000000  18.650787
8762.000000  37.782043
8789.000000  40.473392
8804.000000  44.658733
8819.000000  35.294075
8846.000000  42.862034
8887.000000  56.018002
8894.000000  55.668156
8919.000000  57.039017
8951.000000  53.433876
8983.000000  49.917648
9035.000000  69.439102
9072.000000  68.103668
9095.000000  65.821121
9114.000000  61.213390
9138.000000  58.171326
9183.000000  68.717667
9204.000000  24.472120
9233.000000  36.553997
9251.000000  15.888431
9290.000000  37.883621
9317.000000  26.307430
9320.000000  29.876379
9358.000000  36.475346
9385.000000  36.499561
9410.000000  21.987129
9438.000000  28.083008
9443.000000  8.757784
9467.000000  25.581890
9490.000000  23.920790
9519.000000  30.220356
9529.000000  12.722628
9549.000000  16.770895
9572.000000  20.695116
9595.000000  22.710781
9612.000000  15.173541
9626.000000  17.723721
9632.000000  12.863647
9636.000000  2.841210
9637.000000  0.255919
9651.000000  6.171928
9652.000000  26.193010
9674.000000  25.724148
9682.000000  5.942394
9709.000000  14.478001
9738.000000  6.643267
9749.000000  6.506818
9764.000000  4.357071
9771.000000  2.523500
9787.000000  4.281107
9808.000000  13.717611
9834.000000  10.306620
9848.000000  8.401242
9859.000000  2.374761
9866.000000  9.842693
9884.000000  17.395134
9912.000000  15.555135
9942.000000  16.454794
9942.000000  0.043272
9976.000000  17.010080
9999.000000  17.621351
10013.000000  6.300004
10037.000000  18.104736
10072.000000  16.869513
10088.000000  10.446879
10105.000000  8.820925
10130.000000  14.289663
10135.000000  7.620041
10139.000000  5.471595
10163.000000  7.318225
10185.000000  10.311904
10197.000000  9.442999
10212.000000  17.531691
10245.000000  16.190716
10270.000000  15.265594
10281.000000  16.460873
10293.000000  12.557487
10315.000000  14.978547
10331.000000  11.367911
10359.000000  13.956025
10372.000000  20.627584
10380.000000  3.887598
