269.000000  0.058739
326.000000  0.039212
326.000000  0.000049
351.000000  0.011359
379.000000  0.016372
415.000000  0.029184
482.000000  0.046233
522.000000  0.043549
562.000000  0.032942
607.000000  0.037942
661.000000  0.044171
735.000000  0.050461
773.000000  0.025801
813.000000  0.049729
855.000000  0.044558
914.000000  0.047049
988.000000  0.050982
1055.000000  0.053404
1127.000000  0.053716
1156.000000  0.030767
1174.000000  0.021867
1215.000000  0.042922
1257.000000  0.043972
1293.000000  0.032568
1331.000000  0.033478
1391.000000  0.053213
1467.000000  0.057916
1525.000000  0.046817
1546.000000  0.028074
1576.000000  0.036940
1619.000000  0.035526
1658.000000  0.032992
1721.000000  0.052087
1767.000000  0.060299
1807.000000  0.042060
1860.000000  0.048927
1889.000000  0.051821
1926.000000  0.046104
1974.000000  0.045602
1974.000000  0.000152
2017.000000  0.028273
2062.000000  0.038678
2093.000000  0.034998
2116.000000  0.030790
2136.000000  0.024304
2158.000000  0.017143
2179.000000  0.027391
2208.000000  0.032196
2237.000000  0.037085
2279.000000  0.040156
2324.000000  0.042663
2360.000000  0.052742
2391.000000  0.035842
2432.000000  0.051085
2496.000000  0.052755
2546.000000  0.056334
2584.000000  0.035602
2599.000000  0.025277
2622.000000  0.031047
2645.000000  0.026390
2662.000000  0.023188
2694.000000  0.032008
2743.000000  0.034188
2786.000000  0.032303
2826.000000  0.055102
2853.000000  0.044271
2884.000000  0.040708
2919.000000  0.042198
2949.000000  0.020457
3000.000000  0.041108
3054.000000  0.048729
3085.000000  0.028299
3103.000000  0.028037
3151.000000  0.051028
3195.000000  0.051477
3236.000000  0.045205
3271.000000  0.044625
3295.000000  0.038245
3329.000000  0.056793
3404.000000  0.087941
3470.000000  0.061878
3541.000000  0.063102
3589.000000  0.043673
3631.000000  0.036848
3657.000000  0.045983
3700.000000  0.061553
3732.000000  0.019483
3767.000000  0.043329
3793.000000  0.039356
3811.000000  0.027726
3832.000000  0.022002
3852.000000  0.038088
3884.000000  0.028589
3884.000000  0.000061
3916.000000  0.045756
3941.000000  0.030199
3978.000000  0.052951
3996.000000  0.019178
4013.000000  0.016882
4032.000000  0.027281
4063.000000  0.033400
4100.000000  0.032941
4133.000000  0.037865
4152.000000  0.016792
4173.000000  0.014094
4228.000000  0.053186
4285.000000  0.064923
4346.000000  0.072894
4409.000000  0.080860
4465.000000  0.081227
4507.000000  0.069364
4579.000000  0.098838
4628.000000  0.073126
4658.000000  0.058336
4672.000000  0.012832
4698.000000  0.031802
4725.000000  0.050108
4755.000000  0.055585
4781.000000  0.047768
4807.000000  0.059048
4837.000000  0.071666
4880.000000  0.085146
4917.000000  0.080162
4952.000000  0.064716
4996.000000  0.067193
5013.000000  0.047876
5050.000000  0.048039
5072.000000  0.027946
5107.000000  0.044593
5131.000000  0.030017
5139.000000  0.017075
5158.000000  0.027644
5190.000000  0.038054
5218.000000  0.051170
5239.000000  0.022087
5254.000000  0.016874
5282.000000  0.025970
5319.000000  0.022645
5341.000000  0.018159
5375.000000  0.043611
5408.000000  0.063399
5451.000000  0.053357
5501.000000  0.112273
5546.000000  0.080586
5568.000000  0.117311
5573.000000  0.007617
5583.000000  0.011693
5596.000000  0.011311
5612.000000  0.008856
5629.000000  0.046715
5644.000000  0.048682
5668.000000  0.056245
5672.000000  0.035286
5701.000000  0.074508
5728.000000  0.062346
5759.000000  0.072547
5805.000000  0.041659
5838.000000  0.037525
5866.000000  0.071297
5898.000000  0.020065
5916.000000  0.016245
5940.000000  0.021916
5959.000000  0.064591
5978.000000  0.073126
5998.000000  0.015711
6026.000000  0.101436
6047.000000  0.086105
6070.000000  0.125883
6083.000000  0.023642
6128.000000  0.148712
6163.000000  0.157969
6196.000000  0.024609
6229.000000  0.030404
6263.000000  0.024904
6306.000000  0.022030
6324.000000  0.022396
6355.000000  0.045068
6411.000000  0.108338
6459.000000  0.078808
6491.000000  0.078154
6528.000000  0.081754
6560.000000  0.064174
6597.000000  0.109367
6599.000000  0.004327
6629.000000  0.024140
6651.000000  0.055758
6679.000000  0.035136
6716.000000  0.039600
6740.000000  0.042937
6799.000000  0.076935
6834.000000  0.055151
6888.000000  0.053188
6924.000000  0.044856
6950.000000  0.033668
6982.000000  0.031009
7011.000000  0.053716
7051.000000  0.033909
7115.000000  0.051113
7185.000000  0.070549
7222.000000  0.077013
7264.000000  0.069615
7305.000000  0.057193
7361.000000  0.070696
7393.000000  0.071994
7426.000000  0.071749
7466.000000  0.073294
7493.000000  0.067928
7524.000000  0.063916
7563.000000  0.081787
7606.000000  0.032242
7657.000000  0.037742
7696.000000  0.037845
7724.000000  0.022842
7776.000000  0.026452
7818.000000  0.022213
7840.000000  0.022374
7857.000000  0.023239
7869.000000  0.003818
7895.000000  0.018103
7924.000000  0.027229
7955.000000  0.034835
7985.000000  0.027336
8005.000000  0.012635
8023.000000  0.012911
8069.000000  0.049290
8087.000000  0.036662
8122.000000  0.044225
8181.000000  0.045359
8211.000000  0.074927
8258.000000  0.073732
8282.000000  0.078571
8317.000000  0.081519
8355.000000  0.073104
8400.000000  0.069272
8400.000000  0.000911
8440.000000  0.058039
8477.000000  0.063538
8505.000000  0.068167
8517.000000  0.015830
8545.000000  0.051618
8571.000000  0.053417
8589.000000  0.013982
8596.000000  0.005431
8616.000000  0.011663
8643.000000  0.020610
8671.000000  0.013246
8689.000000  0.011023
8716.000000  0.010025
8739.000000  0.018575
8762.000000  0.049398
8789.000000  0.054110
8804.000000  0.065929
8819.000000  0.043597
8846.000000  0.068496
8887.000000  0.105944
8894.000000  0.104293
8919.000000  0.118036
8951.000000  0.102512
8983.000000  0.104082
9035.000000  0.198694
9072.000000  0.198336
9095.000000  0.164099
9114.000000  0.134920
9138.000000  0.117437
9183.000000  0.186418
9204.000000  0.026055
9233.000000  0.051909
9251.000000  0.015184
9290.000000  0.050127
9317.000000  0.028822
9320.000000  0.035860
9358.000000  0.047541
9385.000000  0.048584
9410.000000  0.023704
9438.000000  0.032680
9443.000000  0.008417
9467.000000  0.029930
9490.000000  0.026080
9519.000000  0.036426
9529.000000  0.014222
9549.000000  0.017205
9572.000000  0.021484
9595.000000  0.025264
9612.000000  0.015426
9626.000000  0.018496
9632.000000  0.013283
9636.000000  0.002755
9637.000000  0.000244
9651.000000  0.005484
9652.000000  0.029530
9674.000000  0.028731
9682.000000  0.006314
9709.000000  0.016100
9738.000000  0.006005
9749.000000  0.005849
9764.000000  0.003947
9771.000000  0.002181
9787.000000  0.004671
9808.000000  0.013275
9834.000000  0.009881
9848.000000  0.007799
9859.000000  0.002022
9866.000000  0.009426
9884.000000  0.021130
9912.000000  0.021484
9942.000000  0.021959
9942.000000  0.000052
9976.000000  0.023340
9999.000000  0.023339
10013.000000  0.008066
10037.000000  0.022929
10072.000000  0.017766
10088.000000  0.010738
10105.000000  0.008419
10130.000000  0.014277
10135.000000  0.008190
10139.000000  0.005043
10163.000000  0.006866
10185.000000  0.011872
10197.000000  0.009571
10212.000000  0.018551
10245.000000  0.017844
10270.000000  0.018008
10281.000000  0.017165
10293.000000  0.013783
10315.000000  0.015244
10331.000000  0.014679
10359.000000  0.014371
10372.000000  0.022788
10380.000000  0.003647
