269.000000  0.003159
326.000000  -0.000078
326.000000  0.001873
351.000000  0.001584
379.000000  -0.003265
415.000000  -0.000027
482.000000  0.000332
522.000000  -0.000363
562.000000  0.000200
607.000000  0.000098
661.000000  0.000316
735.000000  -0.000116
773.000000  0.000009
813.000000  0.000302
855.000000  0.000068
914.000000  0.000278
988.000000  -0.000598
1055.000000  0.001094
1127.000000  -0.000981
1156.000000  0.000156
1174.000000  -0.000331
1215.000000  0.000072
1257.000000  0.000479
1293.000000  0.000102
1331.000000  -0.000113
1391.000000  -0.000148
1467.000000  -0.000167
1525.000000  -0.000046
1546.000000  0.000890
1576.000000  0.000884
1619.000000  -0.000412
1658.000000  0.001619
1721.000000  -0.001178
1767.000000  -0.000507
1807.000000  0.004858
1860.000000  -0.003228
1889.000000  0.003261
1926.000000  -0.004759
1974.000000  0.001711
1974.000000  0.001799
2017.000000  0.001558
2062.000000  -0.000879
2093.000000  0.001096
2116.000000  -0.003267
2136.000000  -0.002144
2158.000000  -0.000421
2179.000000  0.000657
2208.000000  0.001908
2237.000000  -0.000592
2279.000000  -0.000767
2324.000000  0.000279
2360.000000  0.002993
2391.000000  -0.000589
2432.000000  0.005255
2496.000000  -0.003288
2546.000000  -0.001920
2584.000000  -0.002119
2599.000000  -0.000727
2622.000000  0.001804
2645.000000  0.000942
2662.000000  0.001858
2694.000000  0.002010
2743.000000  0.000311
2786.000000  -0.005834
2826.000000  0.004422
2853.000000  -0.000110
2884.000000  0.006111
2919.000000  -0.002634
2949.000000  0.000152
3000.000000  0.000689
3054.000000  -0.003066
3085.000000  0.012441
3103.000000  -0.012029
3151.000000  0.002624
3195.000000  -0.000549
3236.000000  0.002087
3271.000000  -0.009427
3295.000000  -0.001317
3329.000000  0.006815
3404.000000  -0.002196
3470.000000  -0.000696
3541.000000  -0.001517
3589.000000  0.002157
3631.000000  0.002394
3657.000000  -0.001078
3700.000000  0.001281
3732.000000  -0.001867
3767.000000  0.002992
3793.000000  0.001499
3811.000000  -0.002250
3832.000000  0.000600
3852.000000  -0.000903
3884.000000  -0.001116
3884.000000  0.001899
3916.000000  -0.005669
3941.000000  0.001462
3978.000000  -0.001620
3996.000000  0.002198
4013.000000  0.004669
4032.000000  0.023067
4063.000000  0.003836
4100.000000  -0.024385
4133.000000  -0.004330
4152.000000  0.029984
4173.000000  -0.001244
4228.000000  0.001900
4285.000000  0.002968
4346.000000  0.000391
4409.000000  0.021838
4465.000000  -0.024548
4507.000000  -0.024123
4579.000000  -0.003532
4628.000000  0.008773
4658.000000  -0.004322
4672.000000  -0.008488
4698.000000  -0.001935
4725.000000  0.001093
4755.000000  0.000276
4781.000000  -0.000030
4807.000000  -0.000579
4837.000000  0.001557
4880.000000  -0.001661
4917.000000  0.009073
4952.000000  -0.008152
4996.000000  -0.000260
5013.000000  0.004971
5050.000000  -0.005184
5072.000000  0.001413
5107.000000  -0.001853
5131.000000  0.003815
5139.000000  -0.003399
5158.000000  0.001351
5190.000000  -0.002143
5218.000000  0.000713
5239.000000  0.000240
5254.000000  -0.001247
5282.000000  0.001313
5319.000000  -0.000988
5341.000000  0.000244
5375.000000  0.001709
5408.000000  0.002332
5451.000000  -0.004200
5501.000000  0.001427
5546.000000  -0.001038
5568.000000  -0.000054
5573.000000  -0.000929
5583.000000  0.002156
5596.000000  0.001876
5612.000000  -0.004326
5629.000000  0.000467
5644.000000  0.000378
5668.000000  -0.000684
5672.000000  0.007086
5701.000000  -0.003125
5728.000000  -0.006432
5759.000000  0.012787
5805.000000  -0.011615
5838.000000  -0.002127
5866.000000  0.000631
5898.000000  0.000317
5916.000000  0.005499
5940.000000  -0.006868
5959.000000  -0.000176
5978.000000  0.000457
5998.000000  0.001062
6026.000000  -0.001070
6047.000000  -0.001004
6070.000000  0.001208
6083.000000  -0.000050
6128.000000  -0.001191
6163.000000  0.000409
6196.000000  -0.000486
6229.000000  0.007114
6263.000000  -0.006767
6306.000000  -0.000253
6324.000000  -0.000379
6355.000000  0.000795
6411.000000  -0.000644
6459.000000  0.001616
6491.000000  0.001193
6528.000000  -0.000907
6560.000000  -0.001112
6597.000000  -0.000462
6599.000000  0.004273
6629.000000  -0.004132
6651.000000  0.000180
6679.000000  -0.000244
6716.000000  -0.000679
6740.000000  0.004432
6799.000000  -0.002010
6834.000000  -0.002344
6888.000000  -0.000071
6924.000000  0.000911
6950.000000  0.001225
6982.000000  -0.001157
7011.000000  0.012653
7051.000000  -0.013140
7115.000000  0.001135
7185.000000  0.002294
7222.000000  -0.001369
7264.000000  -0.000668
7305.000000  -0.000652
7361.000000  0.015646
7393.000000  -0.014460
7426.000000  0.000002
7466.000000  0.004654
7493.000000  -0.004904
7524.000000  0.000391
7563.000000  0.000854
7606.000000  0.007584
7657.000000  -0.009602
7696.000000  -0.000772
7724.000000  0.000952
7776.000000  -0.000486
7818.000000  -0.000161
7840.000000  0.006543
7857.000000  -0.005431
7869.000000  -0.000247
7895.000000  -0.000549
7924.000000  0.000392
7955.000000  -0.000073
7985.000000  -0.000775
8005.000000  0.001450
8023.000000  0.000053
8069.000000  0.008865
8087.000000  -0.009394
8122.000000  -0.001031
8181.000000  0.000852
8211.000000  -0.000520
8258.000000  0.000093
8282.000000  -0.001077
8317.000000  0.000266
8355.000000  0.000018
8400.000000  0.000018
8400.000000  0.000525
8440.000000  0.001132
8477.000000  -0.001766
8505.000000  0.000339
8517.000000  0.000964
8545.000000  0.000148
8571.000000  -0.001823
8589.000000  0.000215
8596.000000  0.000543
8616.000000  -0.000972
8643.000000  0.000001
8671.000000  0.001124
8689.000000  0.000036
8716.000000  -0.001001
8739.000000  0.001176
8762.000000  -0.001108
8789.000000  -0.000152
8804.000000  0.001787
8819.000000  -0.001455
8846.000000  -0.000298
8887.000000  0.000420
8894.000000  -0.000232
8919.000000  0.003965
8951.000000  -0.004813
8983.000000  0.012303
9035.000000  -0.012141
9072.000000  0.004369
9095.000000  -0.005382
9114.000000  0.000723
9138.000000  -0.000315
9183.000000  -0.000538
9204.000000  0.000041
9233.000000  0.000393
9251.000000  -0.000177
9290.000000  0.000825
9317.000000  -0.001162
9320.000000  0.000838
9358.000000  -0.000478
9385.000000  -0.000167
9410.000000  0.001329
9438.000000  -0.001544
9443.000000  -0.000197
9467.000000  0.005326
9490.000000  -0.004946
9519.000000  -0.000298
9529.000000  -0.000233
9549.000000  0.000194
9572.000000  0.000447
9595.000000  -0.000225
9612.000000  0.000297
9626.000000  -0.000497
9632.000000  0.000170
9636.000000  0.001095
9637.000000  -0.000912
9651.000000  -0.000783
9652.000000  0.000162
9674.000000  -0.000035
9682.000000  -0.000076
9709.000000  0.000509
9738.000000  -0.000406
9749.000000  0.000348
9764.000000  0.000162
9771.000000  -0.000759
9787.000000  0.000165
9808.000000  -0.000010
9834.000000  0.001083
9848.000000  -0.001322
9859.000000  -0.000052
9866.000000  0.000781
9884.000000  -0.000624
9912.000000  0.000517
9942.000000  -0.000326
9942.000000  -0.000293
9976.000000  0.000204
9999.000000  0.000012
10013.000000  0.000050
10037.000000  0.000366
10072.000000  -0.000226
10088.000000  -0.000316
10105.000000  0.000674
10130.000000  -0.000975
10135.000000  -0.000028
10139.000000  0.000234
10163.000000  0.000024
10185.000000  0.000208
10197.000000  -0.000385
10212.000000  0.001194
10245.000000  0.005004
10270.000000  -0.005838
10281.000000  -0.000133
10293.000000  -0.000060
10315.000000  -0.000179
10331.000000  0.000201
10359.000000  -0.000255
10372.000000  0.000374
10380.000000  -0.000546
