269.000000  0.012674
328.000000  -0.001248
362.000000  -0.001204
415.000000  0.001193
456.000000  0.003451
495.000000  -0.002112
560.000000  0.005377
625.000000  0.000919
690.000000  -0.001968
748.000000  0.001179
802.000000  0.001616
848.000000  -0.001414
894.000000  0.001036
923.000000  0.005445
979.000000  -0.005479
1008.000000  -0.000058
1043.000000  0.001144
1078.000000  -0.000953
1127.000000  0.004084
1175.000000  0.000555
1240.000000  -0.000712
1300.000000  0.000380
1326.000000  -0.000555
1371.000000  -0.000226
1402.000000  -0.003349
1444.000000  0.000742
1460.000000  0.000252
1488.000000  -0.004153
1518.000000  0.001379
1535.000000  -0.000074
1565.000000  -0.000776
1598.000000  0.000721
1630.000000  -0.002320
1655.000000  0.008379
1687.000000  -0.004763
1748.000000  -0.001645
1748.000000  0.001902
1808.000000  -0.001724
1858.000000  0.000526
1884.000000  0.002401
1919.000000  -0.001600
1950.000000  -0.000700
1997.000000  0.003425
2031.000000  -0.000146
2094.000000  -0.003977
2126.000000  0.000418
2166.000000  0.007283
2196.000000  -0.004168
2219.000000  0.005159
2253.000000  -0.007497
2286.000000  0.000288
2319.000000  0.008177
2333.000000  -0.007100
2378.000000  0.002315
2424.000000  -0.000759
2468.000000  0.003448
2499.000000  -0.002950
2520.000000  0.000252
2542.000000  -0.000468
2571.000000  0.005988
2597.000000  0.002264
2617.000000  -0.008399
2632.000000  0.001340
2655.000000  0.004508
2689.000000  0.004369
2726.000000  -0.005173
2786.000000  0.001853
2823.000000  0.009744
2855.000000  -0.010909
2875.000000  0.000048
2907.000000  0.016882
2943.000000  0.003114
2979.000000  -0.016210
3003.000000  0.007275
3043.000000  -0.004904
3073.000000  -0.002714
3102.000000  0.000794
3132.000000  0.002254
3165.000000  -0.003012
3206.000000  -0.001048
3239.000000  0.002031
3277.000000  0.001499
3324.000000  0.012283
3371.000000  -0.012321
3426.000000  0.001004
3472.000000  0.007446
3508.000000  -0.007154
3539.000000  0.006033
3575.000000  0.001518
3596.000000  -0.004109
3643.000000  -0.003813
3673.000000  0.001188
3708.000000  0.004823
3738.000000  -0.003964
3796.000000  -0.002046
3837.000000  0.005007
3871.000000  -0.004235
3913.000000  -0.001159
3957.000000  -0.000039
3978.000000  0.001924
4002.000000  0.000375
4022.000000  -0.004634
4057.000000  0.003726
4088.000000  -0.000772
4118.000000  -0.002325
4118.000000  0.001859
4144.000000  -0.000074
4168.000000  0.001011
4192.000000  -0.004229
4213.000000  -0.000434
4244.000000  -0.000942
4283.000000  0.003335
4319.000000  -0.001653
4358.000000  0.000295
4415.000000  0.005252
4451.000000  -0.005200
4497.000000  -0.001371
4554.000000  0.003067
4611.000000  -0.002526
4646.000000  0.003284
4668.000000  -0.003768
4701.000000  0.001739
4746.000000  0.006870
4758.000000  -0.006551
4809.000000  0.001841
4846.000000  0.008825
4874.000000  0.006449
4920.000000  -0.012621
4948.000000  -0.000448
4978.000000  -0.002774
5022.000000  0.005806
5072.000000  0.000976
5100.000000  -0.002959
5137.000000  0.004844
5164.000000  -0.007827
5187.000000  0.003176
5229.000000  0.005219
5277.000000  0.001863
5300.000000  -0.005388
5350.000000  0.002348
5396.000000  0.008645
5470.000000  -0.002948
5524.000000  -0.003541
5555.000000  0.006780
5629.000000  -0.003640
5651.000000  0.004274
5704.000000  -0.003100
5747.000000  0.008161
5784.000000  -0.011801
5817.000000  0.005391
5853.000000  -0.001679
5906.000000  -0.001975
5946.000000  0.000462
5997.000000  0.000258
6032.000000  0.000755
6067.000000  0.002322
6115.000000  -0.003822
6167.000000  0.006935
6226.000000  -0.001253
6286.000000  0.017499
6333.000000  -0.003601
6378.000000  -0.010160
6430.000000  0.000027
6486.000000  0.003190
6529.000000  -0.006746
6564.000000  0.008259
6604.000000  -0.005473
6655.000000  0.001151
6696.000000  -0.000583
6732.000000  0.002666
6777.000000  0.000032
6830.000000  0.000925
6852.000000  0.022385
6907.000000  -0.025640
6917.000000  0.000763
6967.000000  0.006687
7006.000000  -0.004812
7033.000000  -0.000945
7061.000000  0.000413
7090.000000  0.003702
7131.000000  -0.008195
7173.000000  0.001878
7228.000000  -0.004154
7269.000000  0.003239
7310.000000  0.000191
7348.000000  -0.001767
7394.000000  0.009179
7436.000000  0.003960
7454.000000  -0.013057
7522.000000  0.011408
7578.000000  -0.007351
7619.000000  -0.000502
7637.000000  -0.004190
7658.000000  0.014965
7694.000000  -0.013307
7714.000000  0.015165
7763.000000  -0.018667
7794.000000  0.004426
7835.000000  -0.001563
7870.000000  0.000022
7891.000000  0.000350
7906.000000  -0.004054
7927.000000  0.001419
7945.000000  0.007099
7985.000000  -0.009865
7986.000000  0.001028
8017.000000  -0.004193
8040.000000  0.005132
8074.000000  0.000393
8110.000000  -0.008029
8137.000000  -0.003413
8151.000000  0.004200
8177.000000  0.000132
8185.000000  0.016714
8228.000000  -0.016848
8268.000000  -0.003158
8306.000000  0.018548
8346.000000  -0.022267
8356.000000  -0.001269
8399.000000  -0.002348
8437.000000  -0.000682
8464.000000  0.000097
8474.000000  0.000054
8484.000000  -0.003750
8510.000000  0.017979
8535.000000  -0.018670
8548.000000  -0.000847
8569.000000  0.001331
8598.000000  -0.002914
8627.000000  0.000045
8651.000000  0.000966
8684.000000  0.001987
8690.000000  -0.002308
8740.000000  0.004286
8780.000000  -0.004893
8851.000000  0.001494
8898.000000  0.005811
8953.000000  0.001914
8992.000000  -0.007623
9046.000000  -0.002667
9070.000000  0.001171
9092.000000  -0.003028
9118.000000  0.014662
9136.000000  -0.014136
9171.000000  -0.001306
9212.000000  0.003224
9229.000000  -0.001812
9246.000000  -0.003946
9255.000000  0.001764
9284.000000  0.011861
9297.000000  -0.013116
9310.000000  -0.003732
9330.000000  0.000350
9381.000000  -0.002015
9400.000000  0.008218
9409.000000  -0.010149
9438.000000  0.000098
9461.000000  -0.000279
9471.000000  -0.000721
9495.000000  0.000732
9516.000000  -0.001516
9538.000000  -0.000385
9565.000000  0.002952
9629.000000  -0.002619
9658.000000  0.001864
9681.000000  0.000270
9712.000000  -0.000859
9731.000000  -0.000731
9758.000000  -0.000943
9768.000000  -0.000276
9794.000000  0.001184
9818.000000  -0.002095
9836.000000  0.000769
9848.000000  -0.000650
9868.000000  0.000584
9888.000000  0.001302
9897.000000  -0.001918
9905.000000  0.000371
9910.000000  -0.001056
9944.000000  -0.001646
9988.000000  0.001386
10001.000000  0.000544
10029.000000  -0.000225
10064.000000  0.002475
10090.000000  -0.002960
10114.000000  -0.000813
10135.000000  0.001432
10138.000000  -0.002207
10140.000000  0.000508
10174.000000  -0.001403
10200.000000  0.001914
10222.000000  -0.001237
10253.000000  0.001369
10281.000000  -0.001699
10312.000000  0.001359
10341.000000  -0.002154
10364.000000  -0.000972
10379.000000  -0.000135
10382.000000  -0.001007
