816.000000  0.250080
1092.000000  -0.020424
1298.000000  -0.038058
1567.000000  0.034158
1883.000000  0.014499
2140.000000  0.030041
2450.000000  0.015161
2685.000000  0.007884
2941.000000  0.013242
3138.000000  -0.025296
3314.000000  -0.016559
3504.000000  0.030311
3719.000000  -0.013603
3869.000000  -0.045572
4006.000000  -0.002614
4183.000000  -0.001506
4305.000000  0.004188
4382.000000  -0.052831
4533.000000  0.041708
4653.000000  -0.009682
4770.000000  -0.013976
4916.000000  0.035184
5089.000000  0.010029
5325.000000  0.048856
5584.000000  0.001944
5769.000000  0.025569
5968.000000  0.010512
6215.000000  0.013992
6369.000000  -0.003305
6508.000000  -0.075713
6635.000000  0.025849
6850.000000  0.052832
7061.000000  0.033330
7307.000000  0.011340
7514.000000  -0.008992
7649.000000  -0.077996
7685.000000  -0.058193
7836.000000  0.039672
7929.000000  -0.036458
8009.000000  0.003142
8084.000000  -0.012449
8143.000000  -0.000699
8270.000000  0.028889
8513.000000  0.067513
8741.000000  0.030534
8963.000000  0.028878
9164.000000  0.000876
9376.000000  -0.033096
9533.000000  0.005858
9707.000000  -0.046154
9814.000000  -0.002575
9932.000000  0.019777
9964.000000  -0.065010
10092.000000  0.061768
10190.000000  -0.005166
10326.000000  0.021898
10475.000000  0.009611
10588.000000  -0.001490
10710.000000  -0.008631
10790.000000  -0.018856
10876.000000  -0.005687
10986.000000  -0.004763
11024.000000  -0.001556
11103.000000  -0.039579
11184.000000  0.016452
11267.000000  0.017309
11393.000000  0.002741
11579.000000  0.023103
11795.000000  0.037815
12032.000000  0.042421
12263.000000  -0.002102
12526.000000  0.001980
12691.000000  -0.059517
12811.000000  -0.026926
12926.000000  0.002175
13073.000000  -0.000278
13280.000000  0.051685
13490.000000  0.007322
13551.000000  -0.034016
13734.000000  0.042070
13924.000000  0.001437
14071.000000  -0.023370
14258.000000  0.037355
14496.000000  0.058791
14721.000000  0.009427
14876.000000  0.015372
15010.000000  -0.058167
15168.000000  -0.014621
15303.000000  -0.005259
15481.000000  0.027664
15637.000000  -0.020975
15785.000000  0.003746
15923.000000  0.029872
16036.000000  0.010512
16174.000000  -0.002262
16306.000000  0.002300
16438.000000  0.027361
16584.000000  -0.035325
16653.000000  -0.008239
16828.000000  0.046660
16972.000000  0.000739
17210.000000  0.004638
17442.000000  -0.021704
17713.000000  0.011013
17914.000000  0.023311
18077.000000  0.024498
18237.000000  0.021422
18381.000000  0.015593
18556.000000  0.020733
18712.000000  -0.066390
18894.000000  0.058558
19093.000000  -0.014478
19214.000000  0.049287
19360.000000  -0.066863
19505.000000  0.005516
19647.000000  -0.015823
19820.000000  0.100086
19967.000000  0.052480
20108.000000  -0.204844
20222.000000  0.125450
20343.000000  0.003444
20515.000000  0.014809
20656.000000  0.012264
20866.000000  -0.093240
20993.000000  0.086729
21094.000000  -0.084028
21199.000000  -0.064006
21359.000000  0.004563
21621.000000  0.179997
21792.000000  -0.063778
21975.000000  0.039304
22166.000000  -0.027187
22345.000000  0.109181
22549.000000  0.093118
22780.000000  -0.018918
23018.000000  0.306134
23187.000000  0.071996
23315.000000  -0.696601
23457.000000  -0.001465
23618.000000  0.002409
23736.000000  -0.022033
23879.000000  0.051355
24057.000000  0.267605
24259.000000  -0.040227
24476.000000  -0.025291
24675.000000  -0.024702
24882.000000  0.038968
25111.000000  0.192592
25386.000000  0.038196
25566.000000  -0.447273
25754.000000  0.333971
25873.000000  -0.079752
25963.000000  -0.114472
26081.000000  -0.010285
26237.000000  0.261000
26409.000000  -0.095563
26606.000000  0.139470
26756.000000  0.060725
26890.000000  0.048503
27015.000000  -0.242274
27171.000000  -0.001451
27381.000000  0.272561
27593.000000  -0.006016
27795.000000  -0.047005
28008.000000  -0.496070
28086.000000  -0.020486
28146.000000  0.000274
28187.000000  0.036209
28229.000000  0.050451
28280.000000  0.057625
28294.000000  -0.030774
28306.000000  -0.271192
28362.000000  0.028419
28450.000000  -0.024303
28490.000000  -0.018893
28526.000000  -0.004750
28550.000000  0.003603
28607.000000  -0.009603
28686.000000  0.023515
28776.000000  -0.003087
28851.000000  0.007602
28968.000000  0.002312
29073.000000  0.008807
29100.000000  -0.033124
29199.000000  0.039147
29306.000000  0.017552
29476.000000  0.043107
29715.000000  0.063161
29929.000000  -0.030639
30146.000000  0.005757
30361.000000  0.030423
30596.000000  0.012971
30818.000000  0.014103
30953.000000  -0.062569
31086.000000  0.011111
31195.000000  -0.028272
31340.000000  0.026169
31541.000000  0.040672
31712.000000  0.022757
31940.000000  -0.030226
32061.000000  -0.037972
32183.000000  0.124440
32246.000000  -0.053071
32352.000000  0.060579
32537.000000  0.064934
32714.000000  0.024681
32861.000000  -0.065172
33007.000000  -0.107828
33212.000000  -0.014702
33471.000000  -0.008961
33718.000000  0.104755
33900.000000  -0.056301
34032.000000  -0.062544
34144.000000  -0.013500
34266.000000  0.013630
34402.000000  0.027669
34504.000000  -0.034490
34639.000000  -0.036292
34764.000000  0.071111
34875.000000  0.143749
35064.000000  -0.166259
35331.000000  0.096962
35506.000000  -0.060595
35556.000000  -0.071134
35718.000000  0.034008
35879.000000  0.003520
36059.000000  0.038393
36182.000000  -0.061209
36299.000000  0.019020
36426.000000  0.013317
36533.000000  -0.002192
36695.000000  0.022546
36811.000000  -0.022216
36927.000000  0.034900
37048.000000  -0.030112
37171.000000  -0.007341
37224.000000  -0.015364
37230.000000  -0.041869
37262.000000  0.011275
37311.000000  0.007960
37433.000000  -0.017483
37477.000000  -0.038993
37601.000000  0.016238
37645.000000  0.020660
37710.000000  -0.007119
37805.000000  -0.019588
37952.000000  0.037254
38144.000000  0.057487
38275.000000  -0.006009
38377.000000  -0.038917
38443.000000  -0.036371
38549.000000  0.028476
38676.000000  0.008044
38707.000000  -0.042702
38733.000000  -0.020150
38788.000000  0.005731
38893.000000  0.018349
38999.000000  0.017182
39087.000000  0.007583
39159.000000  -0.013999
39183.000000  -0.018286
39234.000000  -0.016715
39252.000000  -0.000508
39330.000000  0.030286
39405.000000  -0.023473
39460.000000  0.016640
39534.000000  -0.010310
39609.000000  0.013695
39662.000000  -0.018367
39696.000000  -0.005423
39733.000000  -0.005141
39744.000000  -0.004723
39778.000000  0.000283
39868.000000  0.019340
39945.000000  0.008251
40065.000000  0.014275
40156.000000  -0.027209
40211.000000  0.008517
40276.000000  -0.023863
40314.000000  0.002439
40418.000000  0.007207
40507.000000  0.007862
40594.000000  0.014056
40689.000000  0.012690
40753.000000  -0.009044
40799.000000  -0.047436
40815.000000  0.002677
