2285.000000  95.520668
3578.000000  90.695984
3874.000000  87.717758
4548.000000  89.493095
5169.000000  86.295952
5670.000000  88.825211
6493.000000  88.084084
7267.000000  88.338867
7918.000000  88.508522
8386.000000  83.529510
8888.000000  87.013527
9559.000000  83.822823
10022.000000  64.375069
10488.000000  86.552910
11099.000000  83.559486
11459.000000  83.364433
11740.000000  81.924377
12135.000000  85.685417
12513.000000  87.813591
13074.000000  88.939728
13219.000000  75.127518
13457.000000  69.292923
13687.000000  62.193100
14030.000000  62.891781
14659.000000  78.559883
15112.000000  47.316593
15392.000000  0.407531
15913.000000  18.966515
16363.000000  45.723274
16857.000000  49.557667
17257.000000  51.805210
17537.000000  48.550694
17834.000000  53.997429
18134.000000  41.410439
18374.000000  31.006807
18668.000000  70.703110
19059.000000  71.901314
19539.000000  42.689228
19944.000000  43.102772
20376.000000  43.295551
20827.000000  44.233219
21214.000000  40.418274
21549.000000  70.071526
21853.000000  47.178288
22376.000000  72.987007
22913.000000  79.640816
23333.000000  83.113731
23467.000000  85.128021
23821.000000  85.851799
24188.000000  81.936134
24761.000000  82.376083
25370.000000  84.817528
25911.000000  81.635452
26449.000000  84.095245
27272.000000  83.130859
27909.000000  83.366051
28678.000000  82.301674
29436.000000  82.073975
30356.000000  80.244385
31056.000000  79.665855
31584.000000  68.035606
32091.000000  62.769379
32704.000000  78.276131
33080.000000  77.506226
33332.000000  77.354858
33795.000000  13.383506
34268.000000  60.577740
34862.000000  67.602486
35594.000000  61.315052
36437.000000  59.869366
37339.000000  77.467567
38304.000000  72.365242
39338.000000  61.174995
40466.000000  67.917503
41481.000000  70.100792
42360.000000  64.683456
43291.000000  50.084187
44127.000000  59.889965
44803.000000  69.607033
45471.000000  50.742088
46148.000000  58.966465
47103.000000  61.918850
47545.000000  49.302216
48191.000000  51.333260
48703.000000  59.105957
49331.000000  53.195389
49934.000000  44.267029
50570.000000  38.293381
51334.000000  32.421165
51982.000000  38.284626
52595.000000  40.992947
53132.000000  29.835876
53493.000000  21.994123
53885.000000  15.956564
54222.000000  13.500425
54534.000000  7.816743
54954.000000  8.563533
55363.000000  35.737492
56155.000000  40.775097
56767.000000  22.187704
57552.000000  46.057652
58288.000000  37.402195
58778.000000  34.770290
59231.000000  15.802528
59718.000000  19.218264
60399.000000  14.935653
61049.000000  20.225903
61575.000000  28.046074
61677.000000  15.427139
61743.000000  0.119052
61877.000000  11.016531
62133.000000  11.524059
62536.000000  17.310017
62650.000000  11.747905
62846.000000  10.437718
62965.000000  11.671117
63103.000000  0.947549
63240.000000  0.095993
63396.000000  15.880953
63703.000000  18.900570
64312.000000  43.151730
64829.000000  47.423756
65163.000000  46.614769
65520.000000  42.267506
65914.000000  38.544777
66385.000000  46.108688
67045.000000  54.809464
67681.000000  52.719807
68068.000000  36.892906
68565.000000  48.724957
68899.000000  51.689880
69472.000000  55.514359
69751.000000  40.014343
70257.000000  46.377487
70770.000000  43.016834
71409.000000  44.720951
71915.000000  50.218731
72311.000000  39.802578
72633.000000  33.791187
73113.000000  42.188835
73467.000000  37.642353
73877.000000  20.413170
74142.000000  5.582284
74469.000000  9.431591
74825.000000  43.656410
75285.000000  43.759884
75623.000000  33.575016
75976.000000  12.350057
76269.000000  15.316126
76654.000000  17.375763
76839.000000  12.928409
77292.000000  17.820498
77611.000000  11.398555
78067.000000  12.874098
78605.000000  17.603704
78793.000000  9.791531
79024.000000  16.421759
79302.000000  13.146160
79789.000000  22.973370
79969.000000  16.794409
79999.000000  2.348794
80275.000000  36.288036
80665.000000  39.615887
80967.000000  42.900639
81309.000000  32.765327
81624.000000  25.213671
81798.000000  26.579676
81940.000000  25.010216
81980.000000  18.833664
82372.000000  18.807001
82847.000000  24.245930
83295.000000  32.420532
83830.000000  40.018917
84402.000000  38.657757
84768.000000  19.638062
85335.000000  38.327427
85847.000000  38.221706
86343.000000  27.100378
86895.000000  23.015268
87384.000000  18.934959
87867.000000  17.414581
87998.000000  9.825825
88012.000000  4.881546
88076.000000  1.207917
88333.000000  19.506151
88619.000000  9.473982
88957.000000  11.034691
89089.000000  16.166952
89099.000000  1.483884
89206.000000  11.028187
89400.000000  6.192999
89659.000000  4.975138
89968.000000  1.385353
90289.000000  11.620754
90514.000000  5.698239
90718.000000  5.741369
90950.000000  5.474731
91185.000000  2.895132
91407.000000  8.738544
91450.000000  3.288511
91464.000000  0.210621
91478.000000  1.757634
