269.000000  2.101143
319.000000  -1.938171
351.000000  0.186698
400.000000  -0.126792
459.000000  -0.081905
508.000000  0.059964
570.000000  0.016917
635.000000  -0.063555
697.000000  -0.074798
741.000000  0.046857
789.000000  -0.042612
834.000000  -0.007397
881.000000  0.001090
920.000000  0.047072
975.000000  -0.049848
1026.000000  0.052144
1054.000000  -0.061961
1091.000000  0.033796
1152.000000  0.098475
1199.000000  0.097527
1212.000000  -0.114445
1253.000000  0.035805
1268.000000  -0.079554
1308.000000  0.249886
1335.000000  -0.254738
1389.000000  0.206962
1411.000000  -0.176692
1458.000000  0.222398
1477.000000  0.002285
1500.000000  -0.188897
1524.000000  0.116727
1549.000000  -0.070654
1569.000000  0.049166
1601.000000  -0.072854
1630.000000  0.023841
1655.000000  -0.010977
1690.000000  0.012691
1710.000000  0.133114
1751.000000  -0.027771
1796.000000  -0.005157
1823.000000  0.030510
1862.000000  -0.000421
1887.000000  -0.171537
1929.000000  0.189085
1979.000000  0.023946
2010.000000  -0.041047
2053.000000  -0.053591
2092.000000  0.163091
2113.000000  -0.139621
2177.000000  0.150867
2258.000000  -0.261085
2336.000000  0.238629
2392.000000  -0.097204
2445.000000  0.026510
2488.000000  -0.080869
2533.000000  0.172073
2574.000000  -0.099242
2634.000000  0.165043
2670.000000  -0.165452
2694.000000  -0.024708
2723.000000  -0.296514
2765.000000  0.396202
2813.000000  -0.040366
2868.000000  -0.115371
2896.000000  -0.022547
2946.000000  0.091374
2977.000000  -0.098320
3010.000000  0.140052
3051.000000  -0.092913
3077.000000  -0.042836
3113.000000  0.003808
3155.000000  0.038538
3200.000000  0.045039
3244.000000  -0.150307
3285.000000  -0.002058
3327.000000  0.008009
3356.000000  -0.054816
3371.000000  0.003333
3407.000000  0.036753
3437.000000  0.055423
3466.000000  -0.149205
3496.000000  0.024013
3535.000000  0.001757
3579.000000  -0.030406
3620.000000  0.013816
3653.000000  0.033228
3689.000000  -0.011385
3732.000000  0.014641
3775.000000  -0.012235
3795.000000  0.073663
3852.000000  -0.045660
3881.000000  -0.039884
3912.000000  -0.032373
3950.000000  0.041704
3974.000000  -0.022030
3998.000000  -0.031745
4034.000000  0.019780
4063.000000  0.012283
4080.000000  -0.056943
4097.000000  0.030369
4116.000000  -0.006209
4147.000000  -0.016440
4198.000000  0.004015
4228.000000  0.005495
4243.000000  -0.019004
4275.000000  0.002535
4300.000000  -0.005324
4343.000000  0.077674
4370.000000  0.010891
4392.000000  -0.005932
4436.000000  0.091978
4473.000000  -0.075055
4509.000000  0.037602
4541.000000  -0.076147
4567.000000  0.080121
4608.000000  0.018751
4647.000000  -0.077842
4684.000000  0.064283
4719.000000  0.009722
4736.000000  -0.142177
4762.000000  0.174739
4799.000000  -0.020935
4853.000000  0.030055
4887.000000  0.090080
4924.000000  -0.004549
4963.000000  -0.026346
5000.000000  -0.088018
5043.000000  0.044288
5093.000000  0.061969
5142.000000  -0.161677
5180.000000  0.060233
5258.000000  0.081223
5316.000000  -0.135671
5375.000000  -0.039237
5400.000000  -0.054653
5455.000000  0.118640
5502.000000  0.163701
5540.000000  -0.089838
5589.000000  -0.127521
5634.000000  0.047304
5681.000000  0.077257
5725.000000  0.008816
5768.000000  -0.017488
5773.000000  -0.171549
5813.000000  0.134918
5830.000000  -0.067155
5882.000000  0.124209
5931.000000  -0.089571
5936.000000  -0.101593
5964.000000  0.103578
6001.000000  0.006827
6064.000000  -0.044312
6100.000000  -0.052673
6143.000000  0.066317
6200.000000  0.030717
6257.000000  -0.042431
6300.000000  -0.000895
6346.000000  -0.063262
6392.000000  0.027654
6447.000000  -0.006639
6466.000000  -0.009806
6497.000000  0.039440
6531.000000  0.038401
6577.000000  -0.037119
6616.000000  0.001459
6671.000000  0.021958
6729.000000  -0.030089
6768.000000  -0.005515
6815.000000  0.003947
6849.000000  -0.021932
6900.000000  0.019025
6958.000000  -0.011246
7017.000000  0.032597
7056.000000  -0.017352
7106.000000  -0.001282
7170.000000  -0.002725
7203.000000  0.025209
7237.000000  -0.018073
7286.000000  -0.016611
7309.000000  -0.015343
7339.000000  0.025362
7366.000000  0.000696
7402.000000  -0.032729
7429.000000  -0.020651
7463.000000  0.026905
7503.000000  -0.000040
7533.000000  -0.006290
7562.000000  -0.005116
7591.000000  0.031143
7617.000000  0.004635
7651.000000  -0.038789
7697.000000  0.023172
7711.000000  -0.013594
7742.000000  -0.025280
7776.000000  0.044999
7803.000000  -0.033855
7828.000000  0.047379
7840.000000  -0.041112
7859.000000  0.015024
7883.000000  -0.017529
7912.000000  0.018010
7935.000000  0.000790
7959.000000  -0.017705
8001.000000  0.034857
8034.000000  -0.023424
8060.000000  -0.015766
8110.000000  0.036373
8144.000000  -0.008520
8179.000000  0.004683
8232.000000  0.022749
8276.000000  -0.037289
8298.000000  0.004563
8313.000000  -0.012665
8333.000000  -0.004410
8335.000000  0.023079
8352.000000  -0.020402
8372.000000  0.044424
8383.000000  0.019005
8395.000000  -0.022812
8413.000000  0.003677
8428.000000  0.017162
8446.000000  -0.009889
8456.000000  -0.003186
8470.000000  -0.012214
8485.000000  0.041311
8509.000000  -0.010537
8544.000000  0.066357
8577.000000  -0.034405
8611.000000  -0.006687
8665.000000  -0.024520
8697.000000  -0.023903
8698.000000  -0.061930
8718.000000  0.018787
8759.000000  0.055113
8798.000000  -0.015222
8848.000000  0.008190
8883.000000  -0.010385
8915.000000  -0.002813
8933.000000  0.004128
8968.000000  -0.037963
9016.000000  0.000253
9056.000000  0.008226
9094.000000  0.004578
9145.000000  0.002582
9146.000000  -0.036208
9172.000000  0.014049
9204.000000  -0.009021
9225.000000  0.022359
9243.000000  -0.027538
9272.000000  -0.000533
9290.000000  0.010196
9313.000000  0.038373
9338.000000  -0.044037
9358.000000  -0.008792
9363.000000  0.001989
9395.000000  0.027451
9410.000000  0.027809
9440.000000  0.011074
9475.000000  -0.049669
9506.000000  0.005096
9541.000000  0.041842
9541.000000  -0.053570
9593.000000  0.053363
9604.000000  -0.037643
9618.000000  0.015674
9630.000000  0.009156
9631.000000  -0.021482
9653.000000  0.007790
9710.000000  0.036767
9742.000000  0.001754
9757.000000  -0.036794
9774.000000  0.014089
9802.000000  -0.005668
9826.000000  -0.013629
9846.000000  -0.028797
9905.000000  0.039330
9943.000000  -0.022488
9947.000000  -0.020061
9983.000000  0.040407
10036.000000  -0.008734
10070.000000  0.010155
10109.000000  -0.009450
10125.000000  -0.014403
10133.000000  -0.022012
10157.000000  0.055497
10171.000000  -0.017428
10190.000000  -0.019004
10210.000000  0.039614
10227.000000  -0.041974
10243.000000  0.011493
10251.000000  -0.009882
10265.000000  -0.013965
10279.000000  0.001950
10300.000000  0.022832
10320.000000  -0.019401
10343.000000  0.008607
10365.000000  -0.005541
10371.000000  -0.008575
10374.000000  -0.000549
