269.000000  2.101143
319.000000  0.162972
351.000000  0.349670
400.000000  0.222879
459.000000  0.140974
508.000000  0.200938
570.000000  0.217855
635.000000  0.154299
697.000000  0.079502
741.000000  0.126359
789.000000  0.083747
834.000000  0.076349
881.000000  0.077439
920.000000  0.124511
975.000000  0.074663
1026.000000  0.126807
1054.000000  0.064846
1091.000000  0.098642
1152.000000  0.197117
1199.000000  0.294644
1212.000000  0.180199
1253.000000  0.216004
1268.000000  0.136451
1308.000000  0.386336
1335.000000  0.131598
1389.000000  0.338560
1411.000000  0.161868
1458.000000  0.384266
1477.000000  0.386552
1500.000000  0.197655
1524.000000  0.314382
1549.000000  0.243728
1569.000000  0.292894
1601.000000  0.220040
1630.000000  0.243881
1655.000000  0.232904
1690.000000  0.245595
1710.000000  0.378709
1751.000000  0.350938
1796.000000  0.345781
1823.000000  0.376292
1862.000000  0.375871
1887.000000  0.204334
1929.000000  0.393419
1979.000000  0.417366
2010.000000  0.376318
2053.000000  0.322728
2092.000000  0.485818
2113.000000  0.346197
2177.000000  0.497065
2258.000000  0.235979
2336.000000  0.474609
2392.000000  0.377405
2445.000000  0.403915
2488.000000  0.323046
2533.000000  0.495119
2574.000000  0.395877
2634.000000  0.560920
2670.000000  0.395468
2694.000000  0.370760
2723.000000  0.074246
2765.000000  0.470448
2813.000000  0.430081
2868.000000  0.314710
2896.000000  0.292163
2946.000000  0.383537
2977.000000  0.285217
3010.000000  0.425269
3051.000000  0.332356
3077.000000  0.289519
3113.000000  0.293327
3155.000000  0.331865
3200.000000  0.376904
3244.000000  0.226597
3285.000000  0.224539
3327.000000  0.232547
3356.000000  0.177731
3371.000000  0.181063
3407.000000  0.217817
3437.000000  0.273240
3466.000000  0.124035
3496.000000  0.148048
3535.000000  0.149805
3579.000000  0.119400
3620.000000  0.133216
3653.000000  0.166443
3689.000000  0.155058
3732.000000  0.169699
3775.000000  0.157465
3795.000000  0.231128
3852.000000  0.185467
3881.000000  0.145583
3912.000000  0.113211
3950.000000  0.154915
3974.000000  0.132885
3998.000000  0.101140
4034.000000  0.120920
4063.000000  0.133202
4080.000000  0.076259
4097.000000  0.106629
4116.000000  0.100420
4147.000000  0.083980
4198.000000  0.087995
4228.000000  0.093490
4243.000000  0.074485
4275.000000  0.077020
4300.000000  0.071696
4343.000000  0.149371
4370.000000  0.160261
4392.000000  0.154329
4436.000000  0.246308
4473.000000  0.171253
4509.000000  0.208855
4541.000000  0.132708
4567.000000  0.212828
4608.000000  0.231579
4647.000000  0.153737
4684.000000  0.218020
4719.000000  0.227742
4736.000000  0.085565
4762.000000  0.260304
4799.000000  0.239369
4853.000000  0.269424
4887.000000  0.359504
4924.000000  0.354955
4963.000000  0.328609
5000.000000  0.240592
5043.000000  0.284880
5093.000000  0.346849
5142.000000  0.185172
5180.000000  0.245405
5258.000000  0.326628
5316.000000  0.190956
5375.000000  0.151720
5400.000000  0.097066
5455.000000  0.215707
5502.000000  0.379407
5540.000000  0.289569
5589.000000  0.162049
5634.000000  0.209353
5681.000000  0.286610
5725.000000  0.295426
5768.000000  0.277938
5773.000000  0.106389
5813.000000  0.241307
5830.000000  0.174152
5882.000000  0.298360
5931.000000  0.208789
5936.000000  0.107196
5964.000000  0.210774
6001.000000  0.217602
6064.000000  0.173289
6100.000000  0.120616
6143.000000  0.186934
6200.000000  0.217651
6257.000000  0.175220
6300.000000  0.174325
6346.000000  0.111063
6392.000000  0.138717
6447.000000  0.132079
6466.000000  0.122273
6497.000000  0.161713
6531.000000  0.200114
6577.000000  0.162995
6616.000000  0.164454
6671.000000  0.186413
6729.000000  0.156323
6768.000000  0.150809
6815.000000  0.154756
6849.000000  0.132824
6900.000000  0.151849
6958.000000  0.140603
7017.000000  0.173200
7056.000000  0.155847
7106.000000  0.154565
7170.000000  0.151840
7203.000000  0.177049
7237.000000  0.158976
7286.000000  0.142366
7309.000000  0.127023
7339.000000  0.152385
7366.000000  0.153080
7402.000000  0.120352
7429.000000  0.099701
7463.000000  0.126606
7503.000000  0.126566
7533.000000  0.120276
7562.000000  0.115161
7591.000000  0.146304
7617.000000  0.150938
7651.000000  0.112149
7697.000000  0.135321
7711.000000  0.121727
7742.000000  0.096446
7776.000000  0.141445
7803.000000  0.107590
7828.000000  0.154969
7840.000000  0.113857
7859.000000  0.128881
7883.000000  0.111352
7912.000000  0.129363
7935.000000  0.130153
7959.000000  0.112448
8001.000000  0.147305
8034.000000  0.123882
8060.000000  0.108116
8110.000000  0.144489
8144.000000  0.135969
8179.000000  0.140652
8232.000000  0.163401
8276.000000  0.126112
8298.000000  0.130675
8313.000000  0.118010
8333.000000  0.113601
8335.000000  0.136680
8352.000000  0.116278
8372.000000  0.160702
8383.000000  0.179707
8395.000000  0.156895
8413.000000  0.160572
8428.000000  0.177734
8446.000000  0.167844
8456.000000  0.164659
8470.000000  0.152445
8485.000000  0.193756
8509.000000  0.183219
8544.000000  0.249576
8577.000000  0.215171
8611.000000  0.208484
8665.000000  0.183965
8697.000000  0.160062
8698.000000  0.098131
8718.000000  0.116918
8759.000000  0.172031
8798.000000  0.156809
8848.000000  0.164999
8883.000000  0.154614
8915.000000  0.151801
8933.000000  0.155929
8968.000000  0.117966
9016.000000  0.118218
9056.000000  0.126444
9094.000000  0.131022
9145.000000  0.133604
9146.000000  0.097397
9172.000000  0.111446
9204.000000  0.102425
9225.000000  0.124784
9243.000000  0.097246
9272.000000  0.096714
9290.000000  0.106909
9313.000000  0.145282
9338.000000  0.101245
9358.000000  0.092453
9363.000000  0.094442
9395.000000  0.121893
9410.000000  0.149702
9440.000000  0.160776
9475.000000  0.111106
9506.000000  0.116202
9541.000000  0.158044
9541.000000  0.104474
9593.000000  0.157837
9604.000000  0.120194
9618.000000  0.135869
9630.000000  0.145025
9631.000000  0.123543
9653.000000  0.131333
9710.000000  0.168100
9742.000000  0.169854
9757.000000  0.133060
9774.000000  0.147149
9802.000000  0.141481
9826.000000  0.127852
9846.000000  0.099056
9905.000000  0.138386
9943.000000  0.115898
9947.000000  0.095837
9983.000000  0.136244
10036.000000  0.127510
10070.000000  0.137664
10109.000000  0.128214
10125.000000  0.113811
10133.000000  0.091800
10157.000000  0.147297
10171.000000  0.129869
10190.000000  0.110865
10210.000000  0.150478
10227.000000  0.108504
10243.000000  0.119997
10251.000000  0.110115
10265.000000  0.096150
10279.000000  0.098100
10300.000000  0.120932
10320.000000  0.101531
10343.000000  0.110138
10365.000000  0.104596
10371.000000  0.096022
10374.000000  0.095472
