2285.000000  0.042774
2870.000000  0.029985
3292.000000  0.031736
3796.000000  0.030963
4738.000000  0.035275
5645.000000  0.044543
6471.000000  0.034491
7190.000000  0.032334
7944.000000  0.032910
8834.000000  0.033377
9656.000000  0.029822
10594.000000  0.035421
11237.000000  0.051703
12082.000000  0.046002
12919.000000  0.047595
13455.000000  0.050593
14007.000000  0.052562
14719.000000  0.037179
15388.000000  0.086155
16045.000000  0.058906
16783.000000  0.093638
17473.000000  0.164516
18144.000000  0.196642
18828.000000  0.147376
19419.000000  0.113819
20158.000000  0.074260
20776.000000  0.053597
21479.000000  0.059238
22383.000000  0.065807
23432.000000  0.051369
24227.000000  0.063879
24922.000000  0.057381
25583.000000  0.066994
26258.000000  0.064762
26925.000000  0.047503
27627.000000  0.065070
28311.000000  0.054295
28946.000000  0.062265
29367.000000  0.061784
29537.000000  0.045009
29671.000000  0.051469
29756.000000  0.043326
29902.000000  0.076636
30116.000000  0.049592
30338.000000  0.066489
30787.000000  0.065122
31319.000000  0.045292
31720.000000  0.068542
32167.000000  0.059389
32377.000000  0.058668
32854.000000  0.348150
33118.000000  0.067036
33519.000000  0.049624
34295.000000  0.064391
35043.000000  0.046408
35659.000000  0.052249
36314.000000  0.079842
37014.000000  0.071737
37894.000000  0.061095
38831.000000  0.046650
39612.000000  0.065698
40447.000000  0.063855
41308.000000  0.052690
42084.000000  0.059603
43108.000000  0.068743
43967.000000  0.064930
44774.000000  0.095310
45364.000000  0.061157
45914.000000  0.058353
46638.000000  0.079605
47460.000000  0.087727
48283.000000  0.108166
48900.000000  0.151435
49623.000000  0.278861
50368.000000  0.139643
51163.000000  0.069576
51879.000000  0.067295
52239.000000  0.073220
52632.000000  0.060241
53016.000000  0.194435
53484.000000  0.392305
53744.000000  0.053568
54000.000000  0.047888
54337.000000  0.050112
54745.000000  0.058709
55108.000000  0.057223
55517.000000  0.046068
56061.000000  0.044678
56259.000000  0.044788
56296.000000  0.064298
56569.000000  0.040046
57320.000000  0.044009
57757.000000  0.043356
58351.000000  0.054501
58759.000000  0.038871
59066.000000  0.048751
59627.000000  0.045126
60278.000000  0.044119
60877.000000  0.043903
61493.000000  0.055946
61991.000000  0.039564
62731.000000  0.045145
63442.000000  0.046556
64293.000000  0.052054
64990.000000  0.049769
65580.000000  0.041095
66167.000000  0.049406
66633.000000  0.066350
67199.000000  0.053657
67676.000000  0.036550
68181.000000  0.040584
68675.000000  0.054783
69147.000000  0.060067
69664.000000  0.042145
69955.000000  0.046778
69973.000000  0.052158
70243.000000  0.069080
70513.000000  0.042288
70879.000000  0.042283
71113.000000  0.056014
71489.000000  0.043263
71813.000000  0.051398
72218.000000  0.037862
72646.000000  0.047083
73075.000000  0.039583
73508.000000  0.040295
73939.000000  0.052691
74308.000000  0.051431
74557.000000  0.034804
74954.000000  0.041657
75451.000000  0.049031
75893.000000  0.049690
76264.000000  0.036824
76547.000000  0.043884
76592.000000  0.047734
76997.000000  0.042689
77360.000000  0.039683
77718.000000  0.034202
78254.000000  0.037167
78718.000000  0.042682
79247.000000  0.041355
79714.000000  0.044830
79922.000000  0.032741
80030.000000  0.058125
80216.000000  0.037625
80454.000000  0.057681
80684.000000  0.043986
80880.000000  0.034914
81106.000000  0.032210
81163.000000  0.034148
81163.000000  0.035240
81395.000000  0.031445
81620.000000  0.035428
82070.000000  0.044507
82479.000000  0.036662
82888.000000  0.035626
83155.000000  0.038028
83555.000000  0.031328
83989.000000  0.048010
84492.000000  0.029111
85066.000000  0.034834
85206.000000  0.067019
85213.000000  0.057257
85499.000000  0.049328
85802.000000  0.041782
85969.000000  0.039014
86041.000000  0.031984
86062.000000  0.060915
86275.000000  0.035467
86534.000000  0.035045
86768.000000  0.039924
86815.000000  0.044507
86876.000000  0.040320
87106.000000  0.044515
87268.000000  0.054175
87496.000000  0.029185
87727.000000  0.026493
87975.000000  0.051635
88227.000000  0.036693
88286.000000  0.028857
88313.000000  0.029892
88366.000000  0.035929
88535.000000  0.035867
88644.000000  0.041691
88915.000000  0.032558
89246.000000  0.033403
89646.000000  0.034304
89726.000000  0.035551
89942.000000  0.038929
90169.000000  0.038492
90175.000000  0.033411
90419.000000  0.031049
90687.000000  0.031541
91031.000000  0.040059
91056.000000  0.028659
91284.000000  0.026471
91457.000000  0.030753
91486.000000  0.030198
