2285.000000  0.042774
2870.000000  -0.012789
3292.000000  0.001751
3796.000000  -0.000773
4738.000000  0.004312
5645.000000  0.009268
6471.000000  -0.010052
7190.000000  -0.002157
7944.000000  0.000577
8834.000000  0.000467
9656.000000  -0.003556
10594.000000  0.005599
11237.000000  0.016282
12082.000000  -0.005701
12919.000000  0.001592
13455.000000  0.002999
14007.000000  0.001969
14719.000000  -0.015384
15388.000000  0.048977
16045.000000  -0.027250
16783.000000  0.034733
17473.000000  0.070878
18144.000000  0.032125
18828.000000  -0.049265
19419.000000  -0.033558
20158.000000  -0.039558
20776.000000  -0.020663
21479.000000  0.005642
22383.000000  0.006569
23432.000000  -0.014438
24227.000000  0.012509
24922.000000  -0.006498
25583.000000  0.009613
26258.000000  -0.002232
26925.000000  -0.017259
27627.000000  0.017567
28311.000000  -0.010775
28946.000000  0.007970
29367.000000  -0.000481
29537.000000  -0.016776
29671.000000  0.006461
29756.000000  -0.008143
29902.000000  0.033310
30116.000000  -0.027044
30338.000000  0.016897
30787.000000  -0.001367
31319.000000  -0.019830
31720.000000  0.023250
32167.000000  -0.009153
32377.000000  -0.000721
32854.000000  0.289482
33118.000000  -0.281114
33519.000000  -0.017412
34295.000000  0.014767
35043.000000  -0.017983
35659.000000  0.005841
36314.000000  0.027593
37014.000000  -0.008105
37894.000000  -0.010642
38831.000000  -0.014445
39612.000000  0.019048
40447.000000  -0.001843
41308.000000  -0.011165
42084.000000  0.006912
43108.000000  0.009140
43967.000000  -0.003812
44774.000000  0.030380
45364.000000  -0.034153
45914.000000  -0.002804
46638.000000  0.021253
47460.000000  0.008122
48283.000000  0.020439
48900.000000  0.043268
49623.000000  0.127426
50368.000000  -0.139218
51163.000000  -0.070067
51879.000000  -0.002281
52239.000000  0.005925
52632.000000  -0.012978
53016.000000  0.134193
53484.000000  0.197870
53744.000000  -0.338737
54000.000000  -0.005680
54337.000000  0.002224
54745.000000  0.008597
55108.000000  -0.001486
55517.000000  -0.011156
56061.000000  -0.001390
56259.000000  0.000110
56296.000000  0.019510
56569.000000  -0.024252
57320.000000  0.003963
57757.000000  -0.000653
58351.000000  0.011145
58759.000000  -0.015631
59066.000000  0.009880
59627.000000  -0.003624
60278.000000  -0.001007
60877.000000  -0.000216
61493.000000  0.012043
61991.000000  -0.016381
62731.000000  0.005581
63442.000000  0.001411
64293.000000  0.005497
64990.000000  -0.002284
65580.000000  -0.008674
66167.000000  0.008311
66633.000000  0.016944
67199.000000  -0.012694
67676.000000  -0.017107
68181.000000  0.004034
68675.000000  0.014199
69147.000000  0.005284
69664.000000  -0.017922
69955.000000  0.004633
69973.000000  0.005380
70243.000000  0.016922
70513.000000  -0.026792
70879.000000  -0.000006
71113.000000  0.013731
71489.000000  -0.012750
71813.000000  0.008135
72218.000000  -0.013536
72646.000000  0.009221
73075.000000  -0.007500
73508.000000  0.000712
73939.000000  0.012396
74308.000000  -0.001261
74557.000000  -0.016626
74954.000000  0.006853
75451.000000  0.007373
75893.000000  0.000659
76264.000000  -0.012866
76547.000000  0.007060
76592.000000  0.003850
76997.000000  -0.005045
77360.000000  -0.003006
77718.000000  -0.005481
78254.000000  0.002965
78718.000000  0.005516
79247.000000  -0.001327
79714.000000  0.003474
79922.000000  -0.012089
80030.000000  0.025384
80216.000000  -0.020500
80454.000000  0.020056
80684.000000  -0.013695
80880.000000  -0.009072
81106.000000  -0.002704
81163.000000  0.001938
81163.000000  0.001092
81395.000000  -0.003795
81620.000000  0.003983
82070.000000  0.009080
82479.000000  -0.007845
82888.000000  -0.001036
83155.000000  0.002402
83555.000000  -0.006700
83989.000000  0.016681
84492.000000  -0.018899
85066.000000  0.005723
85206.000000  0.032185
85213.000000  -0.009762
85499.000000  -0.007929
85802.000000  -0.007546
85969.000000  -0.002768
86041.000000  -0.007030
86062.000000  0.028931
86275.000000  -0.025448
86534.000000  -0.000421
86768.000000  0.004879
86815.000000  0.004583
86876.000000  -0.004187
87106.000000  0.004195
87268.000000  0.009660
87496.000000  -0.024990
87727.000000  -0.002691
87975.000000  0.025142
88227.000000  -0.014942
88286.000000  -0.007836
88313.000000  0.001035
88366.000000  0.006037
88535.000000  -0.000063
88644.000000  0.005825
88915.000000  -0.009134
89246.000000  0.000846
89646.000000  0.000900
89726.000000  0.001247
89942.000000  0.003378
90169.000000  -0.000437
90175.000000  -0.005080
90419.000000  -0.002363
90687.000000  0.000492
91031.000000  0.008519
91056.000000  -0.011400
91284.000000  -0.002189
91457.000000  0.004283
91486.000000  -0.000555
