995.000000  0.589606
1248.000000  0.060655
1460.000000  0.049375
1708.000000  0.001950
1975.000000  0.034588
2262.000000  0.039982
2610.000000  0.008923
2958.000000  0.062413
3349.000000  0.040377
3634.000000  0.035657
3887.000000  0.029686
4186.000000  0.034445
4434.000000  0.062807
4744.000000  0.018129
5031.000000  0.009668
5272.000000  0.017949
5504.000000  0.020074
5821.000000  0.056070
5945.000000  0.011481
6066.000000  0.011070
6242.000000  0.061320
6390.000000  -0.048753
6531.000000  0.031995
6660.000000  0.028672
6839.000000  0.014116
7002.000000  0.031587
7232.000000  -0.003933
7378.000000  0.042057
7593.000000  0.015644
7864.000000  0.015151
8010.000000  0.069647
8204.000000  0.013058
8382.000000  -0.010687
8549.000000  0.010542
8771.000000  0.038941
9002.000000  0.070694
9116.000000  -0.034857
9237.000000  -0.003733
9464.000000  0.031858
9725.000000  0.024236
10069.000000  0.068730
10367.000000  0.025564
10649.000000  0.016051
10952.000000  0.085271
11191.000000  0.013530
11341.000000  -0.031745
11553.000000  0.037190
11846.000000  0.093914
12071.000000  -0.018200
12289.000000  0.041712
12366.000000  0.004448
12451.000000  0.028601
12580.000000  -0.032932
12718.000000  0.008376
12853.000000  0.037258
13024.000000  0.037113
13171.000000  -0.023865
13325.000000  0.037840
13436.000000  0.039295
13697.000000  -0.005394
13919.000000  0.051174
14065.000000  0.042305
14244.000000  -0.054722
14370.000000  0.081664
14543.000000  -0.008650
14798.000000  0.053107
15040.000000  0.071269
15274.000000  -0.019877
15564.000000  0.101676
15750.000000  -0.052211
15994.000000  -0.005261
16136.000000  0.050234
16363.000000  0.015882
16684.000000  0.068009
16896.000000  -0.031324
17096.000000  0.008378
17292.000000  0.026143
17582.000000  0.002049
17812.000000  0.067832
18117.000000  0.030622
18470.000000  0.055169
18813.000000  0.068665
19304.000000  -0.013619
19614.000000  0.125491
20022.000000  -0.032947
20374.000000  0.082462
20790.000000  0.136056
21206.000000  -0.029239
21416.000000  0.007478
21569.000000  -0.025753
21763.000000  0.071180
21945.000000  -0.018797
22108.000000  -0.022105
22164.000000  0.066666
22359.000000  -0.016310
22477.000000  0.074953
22825.000000  0.012967
23058.000000  0.093775
23331.000000  -0.063045
23512.000000  0.079441
23687.000000  -0.070314
24019.000000  0.027961
24192.000000  0.102925
24507.000000  0.055752
24617.000000  -0.021395
25022.000000  -0.017571
25229.000000  0.102194
25632.000000  0.003427
25825.000000  0.121747
26065.000000  0.076794
26230.000000  -0.172096
26463.000000  0.090629
26687.000000  0.023068
27035.000000  0.060427
27245.000000  0.106698
27475.000000  -0.121492
27636.000000  0.064803
27941.000000  0.019608
28062.000000  0.023178
28447.000000  0.055180
28625.000000  0.006217
29061.000000  0.087853
29534.000000  0.178375
29737.000000  -0.200122
30081.000000  0.059469
30629.000000  0.127634
31298.000000  0.059674
31954.000000  -0.013690
32390.000000  0.102591
32754.000000  0.016121
32989.000000  0.011112
33064.000000  -0.039691
33296.000000  0.079053
33447.000000  0.082951
33877.000000  -0.034390
33999.000000  0.083085
34172.000000  0.077456
34199.000000  -0.029716
34233.000000  -0.016206
34236.000000  -0.051555
34536.000000  0.120077
34702.000000  -0.009188
35115.000000  0.088069
35260.000000  -0.065373
35543.000000  0.000750
35875.000000  0.121609
36137.000000  0.098124
36525.000000  -0.079482
36703.000000  0.160779
36979.000000  -0.049409
37181.000000  0.026860
37549.000000  -0.039621
37753.000000  0.039219
37992.000000  -0.047986
38192.000000  0.063616
38259.000000  0.037077
38345.000000  0.155818
38488.000000  -0.107672
38579.000000  0.204235
38647.000000  -0.032355
38987.000000  -0.043373
39545.000000  -0.032660
39937.000000  0.094607
40145.000000  -0.112596
40298.000000  0.064351
40374.000000  -0.002887
40601.000000  0.133132
40686.000000  0.050597
40722.000000  -0.058644
40747.000000  0.015217
40818.000000  -0.019198
40826.000000  -0.088754
