4067.000000  0.061994
4841.000000  0.046628
5672.000000  0.058359
6518.000000  0.047857
7773.000000  0.049033
9237.000000  0.050514
10578.000000  0.049261
11524.000000  0.069284
12668.000000  0.048908
13569.000000  0.054692
14479.000000  0.049961
15831.000000  0.050802
17210.000000  0.051778
18400.000000  0.050557
19198.000000  0.062316
19627.000000  0.053847
20107.000000  0.052442
21086.000000  0.061675
22530.000000  0.061968
23420.000000  0.061599
24588.000000  0.060684
25656.000000  0.067734
27007.000000  0.063961
28092.000000  0.068270
29159.000000  0.063506
30396.000000  0.060520
31774.000000  0.066965
32774.000000  0.062191
33272.000000  0.066671
33877.000000  0.089558
34870.000000  0.065052
35662.000000  0.082633
36455.000000  0.072755
37136.000000  0.083519
38313.000000  0.075960
38936.000000  0.085400
39612.000000  0.074665
40152.000000  0.074118
40770.000000  0.086995
41824.000000  0.073211
43218.000000  0.078077
44311.000000  0.088463
45601.000000  0.079907
46323.000000  0.105439
47101.000000  0.083570
47964.000000  0.079390
48730.000000  0.087273
49896.000000  0.077417
50866.000000  0.075381
51741.000000  0.074109
52688.000000  0.087674
53655.000000  0.080221
54524.000000  0.072606
55105.000000  0.073955
55773.000000  0.074940
56881.000000  0.081662
57732.000000  0.082552
58487.000000  0.085138
59349.000000  0.080195
60156.000000  0.071322
60696.000000  0.073549
61249.000000  0.072726
62332.000000  0.083612
63272.000000  0.104693
64533.000000  0.085197
65946.000000  0.086383
67416.000000  0.107746
68760.000000  0.176271
69946.000000  0.249661
71003.000000  0.202616
71903.000000  0.208144
72960.000000  0.438257
73929.000000  0.421665
74838.000000  0.297028
75974.000000  0.309107
77131.000000  0.263411
78299.000000  0.215159
79462.000000  0.139037
80815.000000  0.250114
82475.000000  0.366259
83935.000000  0.445364
85003.000000  0.468245
86259.000000  0.381842
87224.000000  0.566023
88420.000000  0.504100
89615.000000  0.527180
90718.000000  0.547240
91921.000000  7.113735
94018.000000  6.680689
96823.000000  0.113033
98138.000000  0.114834
99616.000000  0.123825
100785.000000  0.120009
101942.000000  0.104855
103286.000000  0.107667
104060.000000  0.107301
104807.000000  0.106875
105066.000000  0.121281
105553.000000  0.098708
106131.000000  0.101135
106587.000000  0.109519
107326.000000  0.089327
107854.000000  0.090077
108699.000000  0.098497
109027.000000  0.117437
109491.000000  0.097312
110445.000000  0.097989
111290.000000  0.064744
111680.000000  0.066864
112259.000000  0.058267
113173.000000  0.059050
113866.000000  0.056334
114173.000000  0.059252
114518.000000  0.059048
115261.000000  0.055653
115771.000000  0.069831
116450.000000  0.067277
117185.000000  0.053411
117631.000000  0.062803
117985.000000  0.055081
118083.000000  0.060188
118587.000000  0.061990
119147.000000  0.066636
119294.000000  0.053243
119764.000000  0.052318
120701.000000  0.076643
121637.000000  0.073981
122216.000000  0.060803
122393.000000  0.050844
122517.000000  0.059843
122963.000000  0.051200
123822.000000  0.068154
124725.000000  0.077112
125895.000000  0.074724
126869.000000  0.050188
127568.000000  0.054563
128252.000000  0.054820
128672.000000  0.056749
129177.000000  0.058243
129675.000000  0.052452
130300.000000  0.052073
131010.000000  0.060520
131781.000000  0.053736
132335.000000  0.056723
133049.000000  0.060638
134005.000000  0.058211
135057.000000  0.060034
135704.000000  0.051598
136067.000000  0.051546
136737.000000  0.051739
137596.000000  0.066044
138240.000000  0.066641
138938.000000  0.052550
139356.000000  0.063780
139748.000000  0.076346
139952.000000  0.067968
140098.000000  0.065508
140494.000000  0.063309
141255.000000  0.054364
141802.000000  0.056669
142273.000000  0.068714
143092.000000  0.056551
143816.000000  0.070199
144418.000000  0.054718
145330.000000  0.057568
146111.000000  0.056523
146727.000000  0.062239
147356.000000  0.053501
147950.000000  0.071489
148589.000000  0.059402
148766.000000  0.056169
149510.000000  0.056805
150442.000000  0.065075
150855.000000  0.071695
151617.000000  0.057853
151880.000000  0.060765
151885.000000  0.057252
152241.000000  0.050646
152675.000000  0.047097
153612.000000  0.049047
154370.000000  0.051468
155045.000000  0.050965
155636.000000  0.051087
155783.000000  0.050293
155959.000000  0.045667
156076.000000  0.053378
156442.000000  0.053452
156943.000000  0.057143
157812.000000  0.053981
158349.000000  0.053029
158737.000000  0.051268
159208.000000  0.046718
160056.000000  0.056304
160328.000000  0.053263
160447.000000  0.047721
160490.000000  0.045674
