269.000000  0.085630
337.000000  -0.031399
337.000000  -0.038785
376.000000  0.020741
411.000000  0.007889
464.000000  0.013160
518.000000  -0.001116
569.000000  0.007783
630.000000  0.023520
679.000000  -0.018313
731.000000  0.006723
769.000000  -0.005950
816.000000  -0.001548
852.000000  0.007203
898.000000  0.001294
948.000000  0.006390
985.000000  -0.007833
1044.000000  0.002028
1095.000000  0.003107
1130.000000  -0.019770
1178.000000  0.026374
1215.000000  -0.006607
1236.000000  -0.008405
1271.000000  0.019176
1301.000000  -0.017141
1329.000000  -0.011540
1374.000000  0.006717
1412.000000  -0.002000
1443.000000  -0.002140
1468.000000  -0.009830
1488.000000  -0.012578
1508.000000  0.018009
1547.000000  0.020334
1585.000000  0.000995
1605.000000  -0.009579
1629.000000  -0.018566
1657.000000  0.002514
1676.000000  0.010934
1706.000000  0.001642
1723.000000  0.007997
1756.000000  -0.003882
1797.000000  -0.007090
1837.000000  0.008941
1873.000000  -0.006669
1882.000000  -0.015761
1926.000000  0.010190
1961.000000  0.000086
2006.000000  0.001914
2054.000000  -0.001777
2095.000000  0.010731
2133.000000  -0.009598
2175.000000  0.000156
2233.000000  0.014652
2284.000000  0.005051
2331.000000  -0.014529
2381.000000  0.004281
2428.000000  0.000265
2459.000000  -0.004424
2469.000000  0.038126
2494.000000  -0.036048
2519.000000  0.007243
2544.000000  -0.007833
2593.000000  0.006695
2616.000000  0.003289
2643.000000  -0.008518
2690.000000  0.017855
2731.000000  -0.019362
2765.000000  0.003429
2807.000000  0.000903
2836.000000  0.007225
2883.000000  -0.003514
2935.000000  0.008373
2963.000000  -0.005886
2993.000000  0.010421
3033.000000  -0.002371
3068.000000  -0.004893
3111.000000  0.020928
3155.000000  -0.005539
3213.000000  0.010518
3268.000000  0.001770
3329.000000  -0.000917
3353.000000  0.013754
3405.000000  -0.020841
3405.000000  -0.037851
3458.000000  0.057430
3500.000000  -0.019983
3533.000000  0.003675
3558.000000  -0.018028
3608.000000  0.033865
3613.000000  -0.016530
3653.000000  0.016218
3706.000000  0.003103
3739.000000  -0.000826
3763.000000  -0.004353
3803.000000  -0.008838
3847.000000  0.017640
3890.000000  0.006611
3941.000000  0.025139
3941.000000  -0.084406
3991.000000  0.056467
4054.000000  0.029107
4101.000000  -0.027784
4147.000000  -0.001446
4193.000000  0.004812
4240.000000  0.009174
4285.000000  0.001100
4329.000000  -0.002142
4405.000000  0.031900
4436.000000  -0.027521
4494.000000  -0.003280
4567.000000  0.021142
4626.000000  -0.017263
4634.000000  -0.041868
4686.000000  0.042303
4744.000000  -0.006239
4752.000000  -0.030207
4799.000000  0.036857
4833.000000  -0.017185
4876.000000  0.016087
4917.000000  0.000219
4973.000000  0.008353
5037.000000  0.016992
5101.000000  -0.021845
5133.000000  -0.007475
5178.000000  0.002341
5209.000000  0.018227
5230.000000  -0.013591
5265.000000  0.000544
5311.000000  0.027316
5311.000000  -0.066342
5329.000000  0.049288
5372.000000  0.025802
5415.000000  -0.018851
5455.000000  0.046547
5495.000000  -0.037363
5534.000000  0.001350
5570.000000  0.004644
5622.000000  0.016804
5661.000000  -0.045930
5709.000000  -0.010882
5725.000000  -0.007728
5744.000000  0.003931
5764.000000  0.008404
5801.000000  0.003953
5839.000000  0.056195
5867.000000  -0.019335
5905.000000  0.003249
5930.000000  -0.006459
5973.000000  -0.024333
5998.000000  0.036876
6026.000000  -0.031333
6053.000000  0.006177
6094.000000  -0.005944
6149.000000  0.019474
6219.000000  0.026292
6275.000000  -0.030898
6351.000000  0.010425
6409.000000  0.069196
6431.000000  -0.057500
6459.000000  0.015710
6476.000000  -0.075879
6510.000000  0.078140
6531.000000  0.034522
6564.000000  -0.023008
6587.000000  0.032136
6601.000000  -0.078187
6622.000000  -0.009840
6646.000000  -0.019330
6672.000000  0.019669
6695.000000  -0.013806
6722.000000  0.009542
6743.000000  -0.020609
6778.000000  0.040362
6807.000000  -0.004597
6818.000000  -0.078127
6883.000000  0.109252
6917.000000  -0.101020
6969.000000  0.015839
7026.000000  0.111166
7076.000000  -0.037622
7128.000000  0.009565
7152.000000  -0.095100
7197.000000  0.090473
7248.000000  0.017187
7284.000000  -0.017707
7307.000000  0.029064
7332.000000  -0.080774
7364.000000  0.057423
7388.000000  -0.009183
7424.000000  -0.013256
7472.000000  0.018303
7489.000000  0.021119
7516.000000  -0.127647
7548.000000  0.023928
7608.000000  0.005740
7652.000000  0.103774
7682.000000  0.017215
7702.000000  -0.049821
7728.000000  0.001057
7742.000000  -0.001578
7763.000000  -0.004680
7772.000000  -0.021762
7778.000000  -0.030596
7780.000000  -0.064007
7796.000000  0.001758
7813.000000  0.004300
7828.000000  0.003198
7868.000000  0.006313
7879.000000  0.167908
7888.000000  -0.187273
7922.000000  0.021809
7929.000000  -0.011510
7950.000000  0.029379
7970.000000  -0.024042
7979.000000  0.007537
8008.000000  -0.008571
8024.000000  0.002710
8037.000000  -0.008703
8057.000000  0.002136
8096.000000  0.000762
8122.000000  0.007518
8135.000000  -0.004873
8139.000000  -0.006997
8150.000000  -0.006878
8153.000000  0.025518
8164.000000  -0.012354
8198.000000  -0.007310
8235.000000  0.017510
8277.000000  0.014323
8308.000000  -0.006737
8334.000000  -0.016984
8354.000000  -0.003575
8380.000000  0.011163
8403.000000  0.001127
8408.000000  -0.013551
8430.000000  -0.002060
8460.000000  0.008903
8477.000000  -0.002804
8503.000000  -0.006402
8529.000000  0.004304
8530.000000  -0.006412
8551.000000  0.017002
8568.000000  -0.013391
8589.000000  0.034600
8603.000000  -0.014018
8613.000000  -0.012959
8636.000000  0.012931
8643.000000  -0.021443
8655.000000  0.004918
8695.000000  -0.004047
8716.000000  0.005230
8734.000000  -0.007395
8766.000000  0.002830
8772.000000  -0.003634
8796.000000  0.017646
8820.000000  -0.005909
8831.000000  -0.011079
8846.000000  0.006104
8868.000000  0.020101
8894.000000  -0.009373
8905.000000  0.004570
8941.000000  0.006620
8959.000000  -0.010145
8974.000000  0.002018
8995.000000  -0.007015
9037.000000  0.024041
9069.000000  -0.012816
9069.000000  -0.026046
9092.000000  0.024768
9101.000000  -0.008366
9125.000000  -0.000725
9162.000000  -0.001234
9194.000000  -0.001092
9215.000000  0.015422
9245.000000  -0.013091
9263.000000  -0.011821
9293.000000  0.002415
9340.000000  0.015741
9366.000000  0.016807
9380.000000  -0.002714
9403.000000  0.025390
9434.000000  -0.028211
9480.000000  0.000260
9513.000000  0.010995
9555.000000  -0.004021
9608.000000  -0.000221
9638.000000  0.003027
9676.000000  0.016152
9689.000000  -0.038294
9717.000000  0.043786
9729.000000  -0.044063
9750.000000  0.044077
9786.000000  -0.007331
9787.000000  -0.039369
9823.000000  0.033568
9823.000000  -0.048799
9852.000000  0.064557
9877.000000  -0.028070
9907.000000  0.002773
9940.000000  0.014301
9940.000000  -0.050724
9958.000000  0.048285
9988.000000  0.029156
10014.000000  -0.007691
10015.000000  -0.071637
10039.000000  0.057798
10080.000000  0.025916
10085.000000  -0.039245
10103.000000  0.028230
10124.000000  -0.019428
10140.000000  -0.003957
10167.000000  0.022041
10183.000000  -0.002717
10217.000000  -0.004366
10257.000000  0.020171
10278.000000  0.008829
10284.000000  -0.036758
10312.000000  0.039977
10317.000000  -0.071788
10323.000000  -0.022811
10346.000000  0.013067
10361.000000  0.003641
10372.000000  -0.021559
10379.000000  0.005868
