4067.000000  1.021369
4792.000000  1.081347
5338.000000  0.603939
6254.000000  0.592749
7022.000000  0.727277
8081.000000  0.965320
9504.000000  1.202449
10598.000000  1.068769
11850.000000  1.145180
13389.000000  1.299917
15067.000000  1.591976
16306.000000  1.509579
16849.000000  1.021325
17380.000000  0.785280
17702.000000  0.670139
17955.000000  0.770683
18476.000000  0.974710
19233.000000  1.053188
19889.000000  1.016255
20636.000000  1.065475
21475.000000  1.014028
22193.000000  1.186703
23254.000000  1.403736
24055.000000  1.110674
24650.000000  0.950910
25062.000000  0.900921
25469.000000  0.771407
25971.000000  0.931411
26663.000000  1.033847
27152.000000  1.053504
27808.000000  1.004680
28544.000000  1.076717
29255.000000  1.105428
30103.000000  1.262409
31036.000000  1.117486
31874.000000  1.173898
32731.000000  1.249223
33379.000000  1.180824
34105.000000  1.218228
35114.000000  1.558748
36298.000000  1.703671
37462.000000  1.626009
38449.000000  1.631413
39266.000000  1.551793
40330.000000  1.656882
41137.000000  1.501777
42003.000000  1.435745
42939.000000  1.654094
43845.000000  1.597452
44612.000000  1.662777
45290.000000  1.351857
46570.000000  1.622953
47781.000000  1.582926
48591.000000  1.373680
49334.000000  1.438026
50285.000000  1.429903
51179.000000  1.401135
51939.000000  1.377028
52742.000000  1.573820
53501.000000  1.574838
54278.000000  1.499808
54764.000000  1.285629
55529.000000  1.367458
55819.000000  1.280568
56579.000000  1.497772
57577.000000  1.684087
58963.000000  1.926126
60177.000000  2.047266
61268.000000  1.930930
62414.000000  1.928058
63553.000000  1.965803
64539.000000  1.861732
65411.000000  1.771369
66507.000000  1.932190
67646.000000  1.814418
68841.000000  2.125285
70097.000000  2.395882
71564.000000  2.683414
73334.000000  2.628927
75000.000000  2.973588
76836.000000  2.815263
78415.000000  2.934612
79729.000000  2.582546
81008.000000  2.482477
82104.000000  2.372398
83528.000000  2.784569
84927.000000  2.677922
86311.000000  2.905768
87959.000000  2.977406
89175.000000  2.839641
90254.000000  2.773970
91054.000000  2.617568
91666.000000  2.525666
92267.000000  2.739115
93625.000000  3.101639
94573.000000  3.384750
95448.000000  2.731867
96235.000000  2.629281
97236.000000  3.082499
97894.000000  2.704729
98399.000000  2.592016
98961.000000  2.889791
100049.000000  3.282817
100994.000000  3.470258
102454.000000  3.457272
103032.000000  3.257887
103590.000000  4.287070
103913.000000  3.702075
104201.000000  2.140885
104518.000000  2.112605
104958.000000  2.632208
105244.000000  2.986018
105666.000000  2.642883
106179.000000  2.047851
106581.000000  1.932648
107717.000000  2.034222
108743.000000  2.452947
109933.000000  2.470299
110725.000000  2.600779
111194.000000  2.022637
112100.000000  2.428768
113113.000000  2.540223
114196.000000  2.374918
115041.000000  2.269593
115916.000000  2.282370
116944.000000  2.491487
117490.000000  2.547466
117997.000000  2.436513
118393.000000  2.305876
118792.000000  2.179459
119490.000000  2.134985
119855.000000  2.078047
120141.000000  1.968338
120636.000000  2.093871
121031.000000  2.298409
121382.000000  2.368678
121623.000000  2.132974
122186.000000  2.025123
123068.000000  2.124239
123549.000000  2.907149
123870.000000  2.050510
124261.000000  1.959546
124602.000000  1.972366
125277.000000  2.067684
126265.000000  2.139076
127264.000000  2.357297
128367.000000  2.810613
129261.000000  2.740487
129843.000000  2.105206
130367.000000  2.002747
130791.000000  2.107971
131407.000000  2.253728
132229.000000  2.356587
132805.000000  2.039362
133230.000000  2.081479
133691.000000  2.178625
134210.000000  2.110545
134854.000000  2.347531
135591.000000  2.228116
136247.000000  2.274583
137181.000000  2.620559
138297.000000  2.792290
139493.000000  2.813030
140191.000000  2.561275
140959.000000  2.823172
141958.000000  2.979519
142640.000000  2.699546
143214.000000  2.391532
143867.000000  2.571928
144400.000000  2.743593
145415.000000  2.877435
146109.000000  2.420702
147294.000000  2.688044
148053.000000  2.452720
148700.000000  2.480227
149228.000000  2.352308
149721.000000  2.441738
150124.000000  2.826470
150527.000000  2.920553
150773.000000  2.711533
151301.000000  2.891896
151728.000000  3.260681
152185.000000  3.927626
152522.000000  2.453596
152661.000000  3.163537
152862.000000  2.524953
153178.000000  3.484193
153711.000000  3.657286
154633.000000  4.021929
155586.000000  4.074216
156480.000000  4.305212
157774.000000  3.841900
158040.000000  4.395910
159171.000000  5.027169
160340.000000  3.453991
160493.000000  2.979876
160517.000000  4.174619
160544.000000  1.806324
160548.000000  1.617902
