4067.000000  0.224984
4792.000000  -0.010790
5338.000000  0.044711
6254.000000  -0.069956
7022.000000  0.032190
8081.000000  0.057155
9504.000000  0.005946
10598.000000  0.003468
11850.000000  -0.005829
13389.000000  -0.015136
15067.000000  0.080593
16306.000000  -0.037652
16849.000000  -0.024190
17380.000000  -0.028904
17702.000000  0.001349
17955.000000  0.038555
18476.000000  -0.007709
19233.000000  0.051016
19889.000000  -0.084347
20636.000000  0.049899
21475.000000  -0.022250
22193.000000  0.009592
23254.000000  0.033670
24055.000000  -0.025827
24650.000000  -0.004698
25062.000000  0.005169
25469.000000  -0.000324
25971.000000  -0.000447
26663.000000  -0.024068
27152.000000  0.006058
27808.000000  0.012569
28544.000000  0.016977
29255.000000  0.014564
30103.000000  -0.007018
31036.000000  0.005789
31874.000000  0.015884
32731.000000  -0.003773
33379.000000  0.017236
34105.000000  0.018138
35114.000000  0.063985
36298.000000  -0.011239
37462.000000  0.009187
38449.000000  -0.010806
39266.000000  0.007942
40330.000000  -0.007154
41137.000000  0.011799
42003.000000  -0.008083
42939.000000  0.079729
43845.000000  -0.069887
44612.000000  0.009694
45290.000000  0.049997
46570.000000  -0.015298
47781.000000  0.020786
48591.000000  -0.001495
49334.000000  0.023257
50285.000000  0.003090
51179.000000  -0.060379
51939.000000  0.047642
52742.000000  0.034764
53501.000000  -0.044670
54278.000000  -0.022592
54764.000000  0.002538
55529.000000  -0.005747
55819.000000  0.018923
56579.000000  0.059949
57577.000000  -0.054790
58963.000000  0.013548
60177.000000  0.068092
61268.000000  -0.002859
62414.000000  -0.016297
63553.000000  0.018236
64539.000000  -0.026950
65411.000000  0.021841
66507.000000  0.100294
67646.000000  -0.057307
68841.000000  0.045961
70097.000000  0.029642
71564.000000  0.011467
73334.000000  0.021864
75000.000000  0.058929
76836.000000  -0.004004
78415.000000  0.093509
79729.000000  -0.032218
81008.000000  -0.008986
82104.000000  -0.004878
83528.000000  0.017125
84927.000000  -0.045051
86311.000000  0.072494
87959.000000  -0.009360
89175.000000  0.030272
90254.000000  0.046147
91054.000000  -0.032226
91666.000000  -0.078349
92267.000000  0.039216
93625.000000  -0.028295
94573.000000  -0.056528
95448.000000  -0.046042
96235.000000  0.084002
97236.000000  -0.044168
97894.000000  -0.071308
98399.000000  0.003015
98961.000000  -0.038063
100049.000000  0.054194
100994.000000  -0.027828
102454.000000  0.026702
103032.000000  -0.064669
103590.000000  0.003692
103913.000000  -0.032029
104201.000000  -0.054180
104518.000000  0.101559
104958.000000  -0.138223
105244.000000  -0.032540
105666.000000  -0.046971
106179.000000  0.058354
106581.000000  0.017088
107717.000000  -0.015841
108743.000000  0.015124
109933.000000  0.052213
110725.000000  -0.012938
111194.000000  -0.015924
112100.000000  0.047656
113113.000000  -0.028609
114196.000000  -0.016365
115041.000000  0.045870
115916.000000  0.047944
116944.000000  0.009847
117490.000000  -0.053932
117997.000000  0.009560
118393.000000  0.006590
118792.000000  0.064204
119490.000000  -0.115094
119855.000000  0.022970
120141.000000  0.003738
120636.000000  -0.045009
121031.000000  0.023674
121382.000000  0.002959
121623.000000  -0.043885
122186.000000  0.075243
123068.000000  -0.024113
123549.000000  0.024044
123870.000000  -0.026944
124261.000000  -0.083482
124602.000000  0.012238
125277.000000  -0.022004
126265.000000  0.010403
127264.000000  0.105388
128367.000000  -0.038599
129261.000000  -0.039445
129843.000000  -0.037607
130367.000000  0.002580
130791.000000  0.032164
131407.000000  -0.038191
132229.000000  -0.012047
132805.000000  -0.063594
133230.000000  0.024514
133691.000000  0.046538
134210.000000  -0.004592
134854.000000  -0.006332
135591.000000  0.023526
136247.000000  0.050411
137181.000000  0.060978
138297.000000  -0.052869
139493.000000  0.012468
140191.000000  -0.073604
140959.000000  0.064169
141958.000000  0.005321
142640.000000  -0.045000
143214.000000  -0.002106
143867.000000  0.003604
144400.000000  -0.021249
145415.000000  -0.002681
146109.000000  -0.010106
147294.000000  -0.010986
148053.000000  -0.051099
148700.000000  0.059541
149228.000000  -0.049776
149721.000000  -0.017118
150124.000000  -0.019365
150527.000000  -0.066074
150773.000000  -0.012359
151301.000000  0.001849
151728.000000  0.027223
152185.000000  -0.016459
152522.000000  0.038178
152661.000000  -0.068717
152862.000000  -0.011291
153178.000000  -0.020083
153711.000000  -0.028395
154633.000000  -0.030356
155586.000000  -0.013874
156480.000000  0.028877
157774.000000  0.014415
158040.000000  -0.057227
159171.000000  -0.036194
160340.000000  -0.030092
160493.000000  -0.041408
160517.000000  -0.017714
160544.000000  -0.006362
160548.000000  -0.011177
