269.000000  0.066909
330.000000  -0.014805
360.000000  -0.023018
372.000000  -0.014568
422.000000  0.033836
457.000000  0.006681
491.000000  -0.008220
506.000000  -0.008834
554.000000  0.016710
583.000000  -0.014263
615.000000  0.004097
648.000000  0.012833
705.000000  0.000352
744.000000  -0.000288
787.000000  0.006466
832.000000  -0.010448
893.000000  0.013846
951.000000  0.010913
1015.000000  -0.009366
1047.000000  -0.015582
1070.000000  -0.008366
1102.000000  0.011416
1140.000000  0.007622
1173.000000  -0.007000
1217.000000  0.004253
1239.000000  -0.017295
1285.000000  0.012350
1330.000000  0.015261
1370.000000  -0.010460
1411.000000  0.007390
1432.000000  -0.011911
1481.000000  0.013728
1500.000000  -0.022611
1516.000000  0.002551
1535.000000  -0.000882
1553.000000  -0.007341
1572.000000  0.014194
1617.000000  0.016080
1650.000000  0.001705
1686.000000  0.003928
1762.000000  -0.000597
1801.000000  -0.013529
1808.000000  -0.037195
1857.000000  0.049368
1871.000000  -0.029614
1917.000000  0.025814
1970.000000  0.000382
2023.000000  -0.009439
2087.000000  0.010913
2135.000000  -0.002328
2171.000000  -0.012711
2191.000000  -0.012884
2207.000000  -0.003954
2250.000000  0.016091
2275.000000  -0.016174
2305.000000  0.002877
2333.000000  0.010867
2371.000000  0.011815
2406.000000  -0.013171
2424.000000  -0.003063
2464.000000  0.008746
2508.000000  -0.000335
2542.000000  -0.003678
2564.000000  -0.000361
2597.000000  0.027906
2650.000000  0.005255
2710.000000  0.002014
2760.000000  0.003583
2809.000000  -0.009470
2819.000000  -0.013573
2859.000000  0.018046
2915.000000  0.016252
2923.000000  -0.030705
2970.000000  0.027942
3011.000000  0.013412
3044.000000  -0.016033
3095.000000  0.005913
3124.000000  -0.017125
3140.000000  -0.024689
3178.000000  0.024915
3210.000000  -0.008715
3241.000000  0.015203
3265.000000  -0.002423
3299.000000  0.003499
3362.000000  0.039907
3383.000000  -0.028455
3414.000000  0.014167
3453.000000  0.010930
3515.000000  -0.002708
3556.000000  -0.003693
3590.000000  -0.010683
3628.000000  0.018288
3678.000000  0.011729
3709.000000  -0.011023
3738.000000  0.007908
3768.000000  -0.023797
3784.000000  -0.011611
3818.000000  0.047101
3832.000000  -0.031102
3855.000000  -0.003842
3885.000000  0.023311
3929.000000  0.035078
3949.000000  -0.093187
3964.000000  0.001776
3990.000000  0.005810
4015.000000  0.002172
4057.000000  0.004212
4060.000000  -0.029949
4090.000000  0.021149
4143.000000  0.043511
4143.000000  -0.057308
4181.000000  0.084823
4208.000000  -0.011227
4260.000000  -0.018105
4292.000000  -0.016483
4321.000000  -0.008819
4336.000000  -0.023118
4350.000000  0.020629
4374.000000  0.003270
4397.000000  0.014229
4427.000000  0.006686
4480.000000  -0.014706
4535.000000  0.004143
4589.000000  0.010713
4621.000000  -0.035355
4662.000000  0.019517
4692.000000  -0.017386
4719.000000  -0.007088
4740.000000  0.008976
4764.000000  0.001941
4805.000000  0.032078
4856.000000  0.014688
4883.000000  -0.048870
4969.000000  0.077274
5011.000000  0.014124
5057.000000  -0.077723
5066.000000  -0.017090
5089.000000  0.023424
5115.000000  -0.003724
5141.000000  0.005647
5173.000000  0.017485
5199.000000  -0.036431
5206.000000  -0.013743
5226.000000  0.017054
5266.000000  0.049120
5316.000000  -0.056764
5357.000000  0.060011
5406.000000  -0.000422
5440.000000  0.002627
5473.000000  -0.019391
5500.000000  -0.007370
5545.000000  0.032647
5588.000000  0.012726
5618.000000  -0.025383
5670.000000  -0.015892
5674.000000  -0.050159
5705.000000  0.051818
5770.000000  0.005659
5785.000000  -0.017595
5842.000000  0.004283
5875.000000  -0.005116
5911.000000  -0.021596
5948.000000  -0.010020
6016.000000  0.013956
6094.000000  0.005504
6137.000000  0.002895
6175.000000  -0.012120
6221.000000  0.013429
6284.000000  0.012266
6345.000000  -0.009903
6419.000000  0.002219
6449.000000  -0.012939
6478.000000  0.017135
6510.000000  -0.022699
6542.000000  0.006169
6560.000000  -0.009787
6571.000000  0.000425
6601.000000  0.043972
6622.000000  0.006424
6638.000000  0.022434
6647.000000  -0.072413
6669.000000  0.004434
6706.000000  -0.005215
6718.000000  -0.027099
6730.000000  0.000188
6756.000000  0.057230
6779.000000  0.017502
6803.000000  -0.011792
6840.000000  0.001688
6842.000000  -0.067510
6892.000000  0.084080
6966.000000  0.045976
7000.000000  -0.068313
7051.000000  0.061636
7074.000000  -0.048904
7122.000000  0.054064
7153.000000  -0.042411
7206.000000  -0.013846
7243.000000  0.043624
7273.000000  -0.066191
7321.000000  -0.012702
7362.000000  -0.003018
7370.000000  -0.008991
7412.000000  0.010234
7412.000000  -0.028052
7433.000000  0.016805
7479.000000  0.085731
7517.000000  0.011510
7550.000000  -0.013128
7573.000000  -0.079505
7588.000000  -0.000136
7601.000000  0.002530
7625.000000  0.015630
7661.000000  0.014140
7690.000000  -0.008809
7692.000000  -0.041163
7712.000000  0.027560
7743.000000  0.047305
7762.000000  -0.050293
7791.000000  0.071221
7803.000000  -0.003424
7844.000000  0.001156
7880.000000  -0.067239
7911.000000  0.002131
7953.000000  0.007156
7961.000000  -0.013449
7989.000000  0.032999
8028.000000  -0.030359
8054.000000  -0.010452
8083.000000  0.009500
8097.000000  -0.000209
8123.000000  0.011506
8166.000000  0.012627
8179.000000  -0.023280
8206.000000  0.080388
8243.000000  0.081511
8243.000000  -0.181550
8265.000000  0.029326
8274.000000  0.011181
8302.000000  -0.016539
8349.000000  0.101359
8413.000000  0.032558
8450.000000  -0.026794
8476.000000  -0.037972
8535.000000  0.040482
8588.000000  -0.034417
8590.000000  -0.103264
8637.000000  0.112596
8638.000000  -0.111124
8661.000000  0.183971
8675.000000  -0.171774
8681.000000  -0.005417
8683.000000  -0.002972
8687.000000  0.087187
8690.000000  -0.088886
8708.000000  0.066139
8720.000000  -0.031379
8754.000000  0.017434
8782.000000  0.022795
8807.000000  0.013537
8831.000000  -0.011759
8856.000000  0.021882
8924.000000  0.016810
8991.000000  0.010884
9034.000000  -0.054927
9094.000000  0.044012
9128.000000  -0.057491
9179.000000  0.011833
9240.000000  0.033908
9316.000000  0.015212
9354.000000  -0.037335
9391.000000  0.021078
9418.000000  -0.030877
9424.000000  -0.013703
9461.000000  0.021041
9492.000000  0.035985
9492.000000  -0.107058
9526.000000  0.057997
9562.000000  0.034822
9600.000000  -0.023718
9630.000000  0.005566
9667.000000  0.044354
9679.000000  0.005662
9679.000000  -0.134289
9680.000000  0.038751
9707.000000  -0.013242
9728.000000  0.004436
9773.000000  0.021440
9799.000000  -0.024934
9820.000000  -0.003138
9845.000000  0.006818
9880.000000  0.014863
9908.000000  -0.018256
9935.000000  -0.005891
9944.000000  -0.004740
9957.000000  -0.009286
9964.000000  0.000177
9966.000000  0.005438
9976.000000  0.000189
9978.000000  -0.011357
9996.000000  0.009349
10013.000000  0.008855
10028.000000  -0.005628
10040.000000  0.012441
10085.000000  -0.008827
10097.000000  0.002825
10100.000000  -0.013261
10119.000000  0.009725
10134.000000  0.008927
10147.000000  -0.001659
10167.000000  -0.002359
10206.000000  0.008960
10237.000000  0.000127
10259.000000  -0.007775
10289.000000  0.004334
10308.000000  -0.008127
10332.000000  0.007378
10356.000000  -0.007741
10370.000000  0.019863
10373.000000  -0.034657
