269.000000  5.071164
330.000000  7.608031
360.000000  13.451717
372.000000  23.558777
422.000000  7.172745
457.000000  12.289948
491.000000  7.056849
506.000000  9.043990
554.000000  7.457679
583.000000  10.523768
615.000000  7.918333
648.000000  6.085533
705.000000  6.472599
744.000000  6.653571
787.000000  5.941118
832.000000  7.534538
893.000000  5.614387
951.000000  4.957936
1015.000000  6.454006
1047.000000  7.977465
1070.000000  9.063597
1102.000000  7.298014
1140.000000  6.383444
1173.000000  6.869782
1217.000000  6.653162
1239.000000  9.041008
1285.000000  7.742401
1330.000000  5.779003
1370.000000  6.861419
1411.000000  6.600231
1432.000000  7.593784
1481.000000  6.474882
1500.000000  8.821530
1516.000000  8.451388
1535.000000  8.951093
1553.000000  10.877320
1572.000000  8.082577
1617.000000  6.175220
1650.000000  7.331558
1686.000000  8.504744
1762.000000  7.179123
1801.000000  7.407680
1808.000000  17.382275
1857.000000  12.920234
1871.000000  11.921432
1917.000000  6.512989
1970.000000  7.328965
2023.000000  8.039306
2087.000000  6.591903
2135.000000  7.599481
2171.000000  12.750791
2191.000000  12.773962
2207.000000  12.119691
2250.000000  12.484549
2275.000000  15.589450
2305.000000  20.655859
2333.000000  20.003464
2371.000000  21.035625
2406.000000  19.538181
2424.000000  18.306412
2464.000000  12.719327
2508.000000  12.663100
2542.000000  9.959460
2564.000000  15.560601
2597.000000  11.705956
2650.000000  11.580650
2710.000000  12.950969
2760.000000  17.462313
2809.000000  27.440050
2819.000000  34.652374
2859.000000  25.243923
2915.000000  27.824640
2923.000000  43.298866
2970.000000  26.657047
3011.000000  35.890778
3044.000000  22.505665
3095.000000  29.023365
3124.000000  32.571476
3140.000000  29.524809
3178.000000  23.161636
3210.000000  15.469318
3241.000000  14.207287
3265.000000  23.565580
3299.000000  22.943697
3362.000000  26.903221
3383.000000  31.994551
3414.000000  25.934835
3453.000000  31.944366
3515.000000  35.153088
3556.000000  30.346485
3590.000000  30.346638
3628.000000  30.121656
3678.000000  44.747726
3709.000000  44.220932
3738.000000  43.209332
3768.000000  46.016155
3784.000000  26.627087
3818.000000  45.870186
3832.000000  50.339054
3855.000000  58.727699
3885.000000  55.058903
3929.000000  42.172089
3949.000000  34.305901
3964.000000  43.116257
3990.000000  28.205595
4015.000000  28.170490
4057.000000  35.240944
4060.000000  41.597916
4090.000000  29.085621
4143.000000  19.998154
4143.000000  40.523766
4181.000000  17.810770
4208.000000  18.673485
4260.000000  25.858927
4292.000000  25.661827
4321.000000  27.670305
4336.000000  30.920109
4350.000000  27.301517
4374.000000  9.397202
4397.000000  29.792728
4427.000000  6.669826
4480.000000  8.611465
4535.000000  8.186919
4589.000000  12.903011
4621.000000  11.697519
4662.000000  6.771473
4692.000000  7.819863
4719.000000  8.563759
4740.000000  8.613689
4764.000000  8.744780
4805.000000  5.686007
4856.000000  4.990224
4883.000000  7.900353
4969.000000  4.809045
5011.000000  4.903459
5057.000000  7.587714
5066.000000  8.476401
5089.000000  6.843047
5115.000000  10.306523
5141.000000  6.856463
5173.000000  6.066849
5199.000000  8.188634
5206.000000  8.708998
5226.000000  8.246400
5266.000000  9.663545
5316.000000  8.190487
5357.000000  4.772610
5406.000000  7.881101
5440.000000  6.589879
5473.000000  4.990194
5500.000000  5.653118
5545.000000  5.499355
5588.000000  3.616907
5618.000000  4.667291
5670.000000  4.850494
5674.000000  7.375184
5705.000000  4.638601
5770.000000  10.240390
5785.000000  5.835608
5842.000000  5.524101
5875.000000  5.824089
5911.000000  14.168509
5948.000000  7.483747
6016.000000  6.358613
6094.000000  5.873067
6137.000000  9.045159
6175.000000  14.560633
6221.000000  7.027533
6284.000000  14.881307
6345.000000  6.635787
6419.000000  5.542559
6449.000000  12.117908
6478.000000  6.084464
6510.000000  6.469680
6542.000000  6.542866
6560.000000  7.581946
6571.000000  6.647319
6601.000000  4.294734
6622.000000  3.980587
6638.000000  3.981337
6647.000000  6.210588
6669.000000  6.008031
6706.000000  5.994759
6718.000000  8.015471
6730.000000  7.899845
6756.000000  4.668282
6779.000000  4.171046
6803.000000  4.546703
6840.000000  4.504938
6842.000000  9.278536
6892.000000  4.116590
6966.000000  3.058486
7000.000000  4.341139
7051.000000  3.412765
7074.000000  4.899237
7122.000000  3.315325
7153.000000  3.701020
7206.000000  4.128435
7243.000000  3.296452
7273.000000  6.101631
7321.000000  6.289511
7362.000000  6.139150
7370.000000  5.682143
7412.000000  5.764387
7412.000000  7.994319
7433.000000  5.750393
7479.000000  3.829667
7517.000000  3.823504
7550.000000  3.465210
7573.000000  5.531111
7588.000000  6.426323
7601.000000  7.155084
7625.000000  5.684718
7661.000000  5.597775
7690.000000  5.520532
7692.000000  7.826728
7712.000000  5.631165
7743.000000  3.490829
7762.000000  7.193940
7791.000000  5.769594
7803.000000  3.662443
7844.000000  3.788267
7880.000000  6.468469
7911.000000  7.593973
7953.000000  5.378180
7961.000000  6.346680
7989.000000  12.008753
8028.000000  5.472136
8054.000000  6.609061
8083.000000  5.936827
8097.000000  6.484436
8123.000000  6.024157
8166.000000  4.858209
8179.000000  6.791850
8206.000000  4.682053
8243.000000  2.609642
8243.000000  7.784451
8265.000000  6.639268
8274.000000  6.837968
8302.000000  5.326354
8349.000000  2.630497
8413.000000  3.315363
8450.000000  3.309547
8476.000000  3.862977
8535.000000  2.400667
8588.000000  3.077596
8590.000000  6.852052
8637.000000  2.617135
8638.000000  7.357408
8661.000000  1.939947
8675.000000  6.533979
8681.000000  5.609118
8683.000000  5.336226
8687.000000  2.657119
8690.000000  5.594707
8708.000000  3.470802
8720.000000  4.128208
8754.000000  4.113223
8782.000000  2.879216
8807.000000  3.782427
8831.000000  3.164696
8856.000000  2.487101
8924.000000  2.581549
8991.000000  4.196447
9034.000000  3.222873
9094.000000  2.805744
9128.000000  4.145716
9179.000000  3.339721
9240.000000  3.410943
9316.000000  2.240592
9354.000000  2.967184
9391.000000  3.627676
9418.000000  3.201522
9424.000000  4.341364
9461.000000  3.087937
9492.000000  2.450127
9492.000000  4.653595
9526.000000  2.670038
9562.000000  2.505575
9600.000000  2.339865
9630.000000  2.323126
9667.000000  1.734382
9679.000000  1.705827
9679.000000  5.899570
9680.000000  3.253486
9707.000000  3.550648
9728.000000  3.001712
9773.000000  2.698713
9799.000000  3.922251
9820.000000  3.436459
9845.000000  3.093872
9880.000000  2.620881
9908.000000  3.039672
9935.000000  3.831257
9944.000000  3.555010
9957.000000  3.763870
9964.000000  3.930141
9966.000000  3.184903
9976.000000  3.350640
9978.000000  3.574041
9996.000000  3.893764
10013.000000  2.979373
10028.000000  3.609145
10040.000000  2.833309
10085.000000  3.051909
10097.000000  3.053313
10100.000000  3.284360
10119.000000  2.978848
10134.000000  3.012155
10147.000000  2.994485
10167.000000  2.926268
10206.000000  2.793728
10237.000000  2.976831
10259.000000  3.898780
10289.000000  3.015773
10308.000000  2.894624
10332.000000  3.262336
10356.000000  2.983057
10370.000000  2.338545
10373.000000  3.299991
