216.000000  42.716652
289.000000  70.339500
375.000000  77.741714
441.000000  73.074707
509.000000  62.797886
570.000000  72.081581
613.000000  59.447701
671.000000  64.744438
748.000000  70.280243
817.000000  71.070648
888.000000  71.776093
965.000000  72.583687
1042.000000  69.490280
1102.000000  74.683914
1163.000000  69.426865
1300.000000  79.966064
1397.000000  75.123077
1472.000000  73.266396
1564.000000  79.085587
1653.000000  76.455063
1743.000000  77.776733
1834.000000  65.957291
1922.000000  72.196556
2017.000000  77.197441
2096.000000  72.773529
2188.000000  76.605354
2268.000000  72.374413
2343.000000  70.352730
2436.000000  73.059090
2523.000000  65.649925
2605.000000  71.915642
2696.000000  74.194687
2776.000000  70.357788
2850.000000  62.185200
2892.000000  64.116409
2948.000000  59.531181
3009.000000  64.980499
3070.000000  59.833271
3120.000000  56.670834
3181.000000  64.049286
3236.000000  59.537186
3298.000000  56.454723
3329.000000  65.512970
3383.000000  58.604240
3448.000000  63.888466
3530.000000  66.279236
3606.000000  60.604179
3671.000000  51.133625
3735.000000  54.549736
3813.000000  53.216820
3894.000000  63.451977
3970.000000  57.822575
4059.000000  61.516792
4143.000000  59.836914
4212.000000  59.498501
4273.000000  61.144840
4330.000000  54.165668
4387.000000  51.060234
4442.000000  50.925629
4499.000000  50.872128
4537.000000  38.216278
4574.000000  54.956333
4626.000000  46.091553
4682.000000  60.418839
4757.000000  47.719296
4817.000000  47.583447
4877.000000  56.075703
4937.000000  52.203224
4997.000000  58.336479
5056.000000  54.692142
5112.000000  48.887997
5177.000000  60.551918
5237.000000  56.836216
5299.000000  47.523991
5381.000000  54.900570
5469.000000  60.683052
5534.000000  60.226410
5610.000000  56.204689
5700.000000  61.489456
5768.000000  55.483540
5840.000000  55.227089
5930.000000  62.901455
5973.000000  62.875961
5998.000000  59.622868
6036.000000  54.570728
6084.000000  58.213036
6111.000000  62.985271
6125.000000  54.882645
6172.000000  64.353935
6249.000000  70.334587
6306.000000  67.973885
6349.000000  65.802231
6394.000000  67.945709
6448.000000  71.680763
6494.000000  70.946136
6547.000000  68.454201
6589.000000  67.776024
6654.000000  68.556831
6707.000000  63.425278
6767.000000  62.311058
6852.000000  63.952110
6939.000000  65.211128
7028.000000  61.290749
7121.000000  61.682213
7192.000000  63.472450
7220.000000  56.930359
7263.000000  62.959988
7301.000000  68.540421
7328.000000  69.436531
7355.000000  72.034874
7365.000000  69.408821
7367.000000  75.875244
7410.000000  63.025314
7473.000000  67.560234
7554.000000  64.315178
7637.000000  70.549637
7715.000000  71.979485
7803.000000  63.994808
7863.000000  60.146393
7938.000000  51.600693
7983.000000  43.033039
8042.000000  35.751942
8099.000000  56.066429
8136.000000  52.104275
8197.000000  45.713375
8254.000000  54.338760
8314.000000  55.645157
8375.000000  48.334267
8429.000000  60.470287
8440.000000  64.869858
8455.000000  65.864441
8488.000000  59.662663
8533.000000  72.092987
8549.000000  74.857437
8553.000000  77.883606
8558.000000  75.358032
8594.000000  68.441978
8635.000000  71.351028
8651.000000  76.271294
8776.000000  55.441505
8889.000000  47.787369
8963.000000  50.368042
9058.000000  44.933441
9130.000000  53.178829
9186.000000  41.311920
9279.000000  46.095261
9345.000000  38.386902
9401.000000  32.684727
9457.000000  45.555744
9519.000000  34.485546
9556.000000  31.470167
9602.000000  32.005779
9624.000000  41.247978
9640.000000  30.398441
9656.000000  32.255360
9659.000000  17.019922
9779.000000  45.971474
9863.000000  45.136162
9941.000000  41.476700
10004.000000  54.028809
10096.000000  48.188999
10190.000000  50.556862
10287.000000  51.034538
10355.000000  40.092037
10429.000000  40.597935
10494.000000  36.910152
10567.000000  39.399555
10662.000000  40.678749
10722.000000  37.680973
10753.000000  47.621155
10799.000000  43.941929
10862.000000  49.105736
10945.000000  54.787647
11025.000000  43.412117
11101.000000  40.668724
11183.000000  38.258945
11214.000000  28.557507
11261.000000  29.724667
11315.000000  45.604210
11374.000000  37.124577
11434.000000  35.705551
11494.000000  43.969273
11545.000000  46.038235
11576.000000  38.938385
11599.000000  43.373306
11603.000000  15.559056
11611.000000  53.699600
11627.000000  54.415298
11646.000000  60.769821
11647.000000  58.147083
11674.000000  49.393394
11698.000000  52.591850
11729.000000  39.450443
11745.000000  30.470747
11800.000000  24.307423
11896.000000  28.058743
12022.000000  49.634472
12056.000000  24.788712
12094.000000  19.870081
12131.000000  16.039459
12184.000000  24.830761
12261.000000  30.890909
12327.000000  32.886307
12436.000000  43.166634
12528.000000  31.796011
12612.000000  41.914619
12696.000000  44.419472
12780.000000  47.214935
12864.000000  38.785545
12947.000000  39.363544
13035.000000  54.815231
13077.000000  32.963215
13123.000000  26.498280
13179.000000  24.881039
13217.000000  42.946407
13256.000000  36.249790
13297.000000  37.885258
13335.000000  48.399082
13384.000000  43.378754
13432.000000  39.487682
13433.000000  35.597271
13483.000000  40.422329
13549.000000  38.776390
13608.000000  43.236801
13660.000000  39.023514
13719.000000  29.703600
13774.000000  41.470673
13827.000000  39.645195
13892.000000  29.891888
13963.000000  37.980667
14044.000000  44.994061
14127.000000  46.823410
14159.000000  49.859409
14168.000000  49.017006
14181.000000  50.498802
14181.000000  0.613372
14238.000000  61.441578
14287.000000  63.920528
14359.000000  65.203705
14427.000000  63.665371
14502.000000  64.633766
14557.000000  58.016281
14641.000000  68.010719
14715.000000  67.165581
14800.000000  70.068207
14887.000000  73.649170
14948.000000  73.528008
14983.000000  72.856461
15005.000000  77.906242
15010.000000  64.537567
15025.000000  72.309273
15046.000000  71.028969
15075.000000  67.090874
15113.000000  70.816551
15161.000000  71.995255
15179.000000  71.650276
15197.000000  70.635666
15211.000000  73.279556
15216.000000  82.216385
15271.000000  34.833206
15343.000000  33.381573
15411.000000  35.903687
15465.000000  26.396088
15520.000000  29.036102
15576.000000  22.711243
15627.000000  18.955090
15698.000000  32.061577
15768.000000  29.107151
15825.000000  27.544189
15877.000000  25.742197
15929.000000  26.906645
15982.000000  26.581577
16045.000000  27.886074
16118.000000  32.902657
16158.000000  24.083441
16210.000000  33.998718
16266.000000  34.706345
16327.000000  31.195444
16386.000000  33.290569
16447.000000  23.172329
16494.000000  31.258923
16549.000000  33.251804
16605.000000  36.632687
16662.000000  37.696133
16718.000000  38.691555
16774.000000  36.152466
16829.000000  42.687138
16885.000000  42.433212
16942.000000  39.430099
16999.000000  34.816315
17045.000000  31.849724
17078.000000  11.911006
17127.000000  20.533743
17172.000000  38.938427
17217.000000  13.087895
17270.000000  24.233408
17332.000000  31.006613
17439.000000  30.713358
17531.000000  39.315063
17610.000000  38.734116
17665.000000  29.665691
17691.000000  36.383511
17717.000000  27.671061
17722.000000  9.572598
17788.000000  29.324827
17838.000000  32.675476
17886.000000  25.916779
17966.000000  36.539310
18059.000000  35.531372
18116.000000  31.434198
18173.000000  36.417858
18235.000000  39.031448
18299.000000  36.240978
18363.000000  35.411419
18427.000000  35.326626
18491.000000  40.444462
18534.000000  38.277828
18542.000000  37.577087
18557.000000  39.171116
18598.000000  39.647541
18636.000000  34.086067
18668.000000  43.265816
18678.000000  40.239288
18679.000000  1.898918
18711.000000  37.487274
18734.000000  35.921520
18769.000000  37.205997
18813.000000  28.055412
18871.000000  37.392365
18963.000000  42.047386
19041.000000  40.412708
19100.000000  39.079914
19137.000000  34.016529
19193.000000  28.956398
19223.000000  22.071606
19234.000000  35.678658
19258.000000  38.440590
19288.000000  33.633675
19304.000000  43.350174
19368.000000  33.292187
19449.000000  32.213642
19533.000000  38.276325
19589.000000  37.834221
19665.000000  34.481953
19702.000000  30.349995
19711.000000  14.411971
19801.000000  31.608471
19876.000000  40.470779
19927.000000  37.400715
19976.000000  36.599625
20042.000000  35.520817
20087.000000  31.566826
20095.000000  18.256260
20194.000000  25.914236
20258.000000  31.814470
20339.000000  36.150791
20409.000000  33.727608
20491.000000  36.386742
20523.000000  31.253056
20574.000000  26.493477
20636.000000  25.033136
20668.000000  31.317297
20703.000000  35.602345
20753.000000  34.781158
20799.000000  36.068317
20852.000000  36.394764
20881.000000  41.313408
20888.000000  36.186150
20944.000000  18.277435
21009.000000  21.674538
21075.000000  27.324471
21138.000000  27.039835
21204.000000  34.555599
21248.000000  26.938498
21293.000000  26.267851
21339.000000  29.343361
21367.000000  31.410732
21395.000000  32.163395
21430.000000  19.793324
21479.000000  19.090448
21549.000000  35.233223
21628.000000  32.646057
21711.000000  32.283123
21794.000000  24.439264
21888.000000  28.146568
21911.000000  22.312986
21940.000000  32.126209
21970.000000  30.910471
22037.000000  29.303152
22082.000000  17.714149
22129.000000  22.543898
22172.000000  13.848580
22212.000000  20.245621
22258.000000  23.976141
22309.000000  22.576550
22354.000000  14.401278
22399.000000  24.501949
22453.000000  21.678377
22495.000000  23.978277
22549.000000  24.280876
22618.000000  29.741207
22690.000000  31.338669
22788.000000  33.457550
22863.000000  18.536320
22944.000000  29.054314
23015.000000  33.842632
23094.000000  36.406437
23177.000000  39.422356
23267.000000  35.331730
23309.000000  30.605904
23333.000000  33.625324
23364.000000  25.938684
23431.000000  25.492117
23512.000000  19.558731
23583.000000  24.628183
23664.000000  24.040747
23767.000000  33.849720
23839.000000  32.832603
23878.000000  30.195856
23901.000000  30.555761
23932.000000  16.758801
24003.000000  28.218126
24095.000000  28.346903
24138.000000  19.863998
24184.000000  28.191010
24244.000000  30.493725
24335.000000  32.531921
24403.000000  33.787163
24464.000000  35.949142
24538.000000  34.641819
24628.000000  29.769125
24700.000000  31.769794
24762.000000  33.016094
24845.000000  27.960697
24925.000000  20.784199
24970.000000  27.999893
24974.000000  2.992739
25021.000000  18.108521
25090.000000  18.506723
25172.000000  30.238581
25241.000000  32.946327
25323.000000  21.914587
25377.000000  27.303347
25412.000000  30.465626
25434.000000  16.509796
25438.000000  2.839434
25469.000000  24.949934
25530.000000  35.260765
25577.000000  14.696425
25634.000000  20.743988
25686.000000  20.050432
25739.000000  16.725601
25800.000000  23.563553
25851.000000  13.739103
25908.000000  14.851551
25956.000000  12.831608
26004.000000  17.260471
26052.000000  22.831236
26100.000000  23.726179
26148.000000  21.684977
26192.000000  11.381182
26264.000000  22.144423
26350.000000  29.481924
26434.000000  24.034409
26520.000000  32.530907
26604.000000  25.513992
26687.000000  30.930761
26770.000000  36.002522
26856.000000  32.087105
26940.000000  36.230782
27023.000000  34.326626
27087.000000  37.347229
27171.000000  34.588917
27254.000000  25.808229
27344.000000  34.264332
27391.000000  31.592962
27439.000000  26.945921
27493.000000  28.097416
27566.000000  32.258171
27652.000000  34.207409
27681.000000  29.992205
27722.000000  30.976576
27759.000000  33.262508
27795.000000  34.434841
27831.000000  30.053463
27866.000000  26.388594
27905.000000  36.282040
27964.000000  26.306635
28001.000000  22.201777
28076.000000  35.567287
28135.000000  26.634068
28183.000000  28.231800
28246.000000  26.365370
28319.000000  28.635242
28361.000000  27.021578
28409.000000  25.303921
28471.000000  19.178591
28537.000000  28.179396
28625.000000  29.207796
28705.000000  42.007915
28772.000000  35.380703
28829.000000  42.291531
28877.000000  41.276226
28925.000000  39.938316
28998.000000  36.006935
29025.000000  27.263325
29072.000000  16.896137
29119.000000  29.763565
29149.000000  37.564770
29170.000000  38.627178
29178.000000  27.979872
29186.000000  47.933773
29273.000000  23.853216
29336.000000  23.735394
29401.000000  24.777357
29472.000000  19.973934
29546.000000  27.554083
29632.000000  30.621029
29713.000000  29.872814
29791.000000  27.054558
29873.000000  32.191582
29959.000000  23.221371
30044.000000  33.266548
30125.000000  30.491671
30203.000000  30.364922
30246.000000  24.749147
30296.000000  26.503202
30349.000000  28.180323
30420.000000  19.678806
30477.000000  25.756437
30533.000000  22.435118
30589.000000  17.353262
30645.000000  25.531435
30699.000000  13.898810
30770.000000  23.035158
30827.000000  22.980829
30883.000000  21.588377
30956.000000  22.330933
31019.000000  22.798822
31084.000000  26.554350
31140.000000  16.344322
31216.000000  18.127974
31269.000000  24.158649
31316.000000  21.796711
31362.000000  24.843655
31424.000000  20.482246
31520.000000  22.341425
31605.000000  33.849957
31689.000000  26.884073
31793.000000  28.843117
31878.000000  32.554287
31962.000000  28.773890
32046.000000  28.508404
32130.000000  29.704952
32187.000000  38.303635
32222.000000  34.416306
32277.000000  32.362232
32302.000000  31.144646
32324.000000  19.102667
32344.000000  25.908348
32364.000000  22.044617
32384.000000  26.804888
32403.000000  22.879152
32431.000000  31.387924
32446.000000  25.976133
32456.000000  26.320162
32458.000000  12.952592
32558.000000  27.214411
32636.000000  21.797855
32693.000000  26.572752
32748.000000  25.205669
32809.000000  22.488705
32846.000000  13.563545
32884.000000  29.019604
32898.000000  25.421944
32974.000000  11.333239
33027.000000  17.176331
33072.000000  13.554220
33105.000000  10.730974
33132.000000  15.954084
33143.000000  11.865433
33160.000000  26.476761
33203.000000  29.218054
33247.000000  36.883755
33287.000000  40.117447
33323.000000  43.277870
33358.000000  45.027664
33394.000000  42.687771
33429.000000  46.387970
33466.000000  44.787449
33503.000000  48.784607
33505.000000  47.337109
33568.000000  26.130604
33660.000000  25.980885
33711.000000  19.978031
33745.000000  10.618950
33754.000000  4.792043
33788.000000  12.955071
33820.000000  7.803737
33868.000000  24.433098
33931.000000  18.130466
33983.000000  21.200771
34035.000000  26.587540
34088.000000  18.345798
34118.000000  17.694599
34165.000000  17.586767
34223.000000  23.597019
34257.000000  25.528923
34299.000000  16.707188
34336.000000  25.926853
34374.000000  12.852235
34436.000000  10.893532
34501.000000  20.320833
34557.000000  20.205620
34632.000000  26.055077
34685.000000  20.091360
34728.000000  21.374046
34760.000000  16.239872
34788.000000  18.709553
34805.000000  18.080544
34848.000000  15.023933
34910.000000  15.682231
34968.000000  11.739570
35024.000000  16.450449
35087.000000  21.946152
35124.000000  19.877274
35172.000000  17.047417
35233.000000  16.444681
35267.000000  21.196281
35318.000000  26.640909
35352.000000  9.624352
35432.000000  18.675188
35479.000000  11.065573
35526.000000  17.696363
35576.000000  11.927796
35652.000000  11.767877
35728.000000  19.890076
35843.000000  24.785299
35910.000000  21.123747
35968.000000  16.374880
36050.000000  15.999900
36139.000000  13.015951
36208.000000  18.237499
36296.000000  15.497114
36379.000000  18.701057
36407.000000  17.887560
36428.000000  14.877523
36438.000000  7.414888
36501.000000  13.918959
36624.000000  21.614914
36713.000000  16.076010
36811.000000  19.250317
36862.000000  22.573280
36907.000000  20.599699
36954.000000  16.031132
37008.000000  18.533905
37065.000000  22.022638
37121.000000  14.146216
37176.000000  20.408466
37232.000000  24.430721
37263.000000  23.882063
37295.000000  20.220661
37337.000000  16.073221
37363.000000  14.582684
37388.000000  14.394816
37411.000000  22.084259
37434.000000  25.371799
37438.000000  15.783328
37449.000000  15.501563
37547.000000  17.460943
37631.000000  11.556716
37695.000000  13.777177
37806.000000  14.916221
37872.000000  23.625555
37897.000000  13.192948
37968.000000  24.410305
38050.000000  25.466663
38070.000000  24.367117
38139.000000  9.108868
38202.000000  19.820246
38277.000000  14.219091
38332.000000  17.581160
38388.000000  7.295048
38441.000000  10.936479
38470.000000  10.952518
38491.000000  7.966694
38533.000000  16.729647
38610.000000  19.048685
38654.000000  15.386316
38682.000000  4.470249
38705.000000  6.707184
38730.000000  6.275850
38804.000000  7.071457
38884.000000  19.683075
38918.000000  9.812801
38954.000000  9.453568
38977.000000  9.024742
39050.000000  16.296455
39132.000000  20.440292
39199.000000  23.536236
39281.000000  15.497785
39341.000000  23.449663
39357.000000  20.812672
39371.000000  16.894011
39383.000000  8.128156
39417.000000  13.670011
39463.000000  14.190598
39483.000000  5.177545
39504.000000  7.485461
39589.000000  17.601009
39631.000000  12.417092
39673.000000  7.043450
39712.000000  8.710394
39746.000000  3.417536
39799.000000  12.028216
39888.000000  19.508867
39965.000000  17.002249
39987.000000  10.218568
40021.000000  18.677961
40025.000000  4.848527
40084.000000  18.450418
40156.000000  22.403442
40238.000000  14.314265
40328.000000  27.743322
40419.000000  27.935303
40508.000000  21.726603
40551.000000  21.691841
40618.000000  16.687988
40653.000000  12.157104
40697.000000  25.222454
40745.000000  22.011076
40795.000000  23.606491
40806.000000  26.741743
40820.000000  15.830750
