216.000000  0.067796
289.000000  0.069602
375.000000  0.092881
441.000000  0.086419
509.000000  0.046246
570.000000  0.091297
613.000000  0.064736
671.000000  0.068461
748.000000  0.084955
817.000000  0.088004
888.000000  0.099881
965.000000  0.091109
1042.000000  0.075148
1102.000000  0.106055
1163.000000  0.069093
1300.000000  0.123680
1397.000000  0.109114
1472.000000  0.099620
1564.000000  0.123467
1653.000000  0.123209
1743.000000  0.129251
1834.000000  0.085088
1922.000000  0.119101
2017.000000  0.128620
2096.000000  0.139495
2188.000000  0.131432
2268.000000  0.111714
2343.000000  0.120694
2436.000000  0.133093
2523.000000  0.114617
2605.000000  0.107033
2696.000000  0.135442
2776.000000  0.118011
2850.000000  0.088448
2892.000000  0.094208
2948.000000  0.078581
3009.000000  0.112316
3070.000000  0.081808
3120.000000  0.077180
3181.000000  0.098375
3236.000000  0.088720
3298.000000  0.076913
3329.000000  0.104901
3383.000000  0.087758
3448.000000  0.098933
3530.000000  0.115173
3606.000000  0.096576
3671.000000  0.059006
3735.000000  0.083712
3813.000000  0.081553
3894.000000  0.105798
3970.000000  0.089004
4059.000000  0.102913
4143.000000  0.094764
4212.000000  0.099200
4273.000000  0.090797
4330.000000  0.085662
4387.000000  0.076551
4442.000000  0.074806
4499.000000  0.080591
4537.000000  0.055735
4574.000000  0.090837
4626.000000  0.054886
4682.000000  0.106239
4757.000000  0.059927
4817.000000  0.078170
4877.000000  0.092666
4937.000000  0.078142
4997.000000  0.099724
5056.000000  0.094240
5112.000000  0.077326
5177.000000  0.107151
5237.000000  0.096201
5299.000000  0.058489
5381.000000  0.091088
5469.000000  0.109436
5534.000000  0.111594
5610.000000  0.104899
5700.000000  0.128422
5768.000000  0.105499
5840.000000  0.106771
5930.000000  0.124698
5973.000000  0.136138
5998.000000  0.105143
6036.000000  0.100461
6084.000000  0.114312
6111.000000  0.134295
6125.000000  0.106831
6172.000000  0.150830
6249.000000  0.190778
6306.000000  0.165288
6349.000000  0.186680
6394.000000  0.166705
6448.000000  0.205309
6494.000000  0.201597
6547.000000  0.190723
6589.000000  0.167114
6654.000000  0.199288
6707.000000  0.172324
6767.000000  0.151856
6852.000000  0.166637
6939.000000  0.162499
7028.000000  0.131233
7121.000000  0.145947
7192.000000  0.174468
7220.000000  0.132942
7263.000000  0.152553
7301.000000  0.188214
7328.000000  0.209090
7355.000000  0.255676
7365.000000  0.197850
7367.000000  0.295060
7410.000000  0.161213
7473.000000  0.207389
7554.000000  0.181906
7637.000000  0.246316
7715.000000  0.233821
7803.000000  0.164666
7863.000000  0.136393
7938.000000  0.110948
7983.000000  0.066126
8042.000000  0.049164
8099.000000  0.121242
8136.000000  0.110780
8197.000000  0.095337
8254.000000  0.119889
8314.000000  0.126999
8375.000000  0.087658
8429.000000  0.164374
8440.000000  0.193735
8455.000000  0.190502
8488.000000  0.147240
8533.000000  0.264302
8549.000000  0.319197
8553.000000  0.348964
8558.000000  0.309787
8594.000000  0.231084
8635.000000  0.260810
8651.000000  0.335873
8776.000000  0.123093
8889.000000  0.097593
8963.000000  0.110970
9058.000000  0.078001
9130.000000  0.118660
9186.000000  0.081988
9279.000000  0.093610
9345.000000  0.063204
9401.000000  0.047171
9457.000000  0.088843
9519.000000  0.052070
9556.000000  0.045410
9602.000000  0.051411
9624.000000  0.080332
9640.000000  0.047099
9656.000000  0.057589
9659.000000  0.025222
9779.000000  0.095339
9863.000000  0.089592
9941.000000  0.073335
10004.000000  0.132075
10096.000000  0.113059
10190.000000  0.121190
10287.000000  0.113948
10355.000000  0.071426
10429.000000  0.087940
10494.000000  0.062581
10567.000000  0.071074
10662.000000  0.077438
10722.000000  0.066358
10753.000000  0.106355
10799.000000  0.092987
10862.000000  0.118318
10945.000000  0.144118
11025.000000  0.087239
11101.000000  0.078164
11183.000000  0.070556
11214.000000  0.045472
11261.000000  0.048459
11315.000000  0.105287
11374.000000  0.067730
11434.000000  0.064009
11494.000000  0.103702
11545.000000  0.099406
11576.000000  0.074900
11599.000000  0.106187
11603.000000  0.028398
11611.000000  0.146942
11627.000000  0.162823
11646.000000  0.208971
11647.000000  0.164436
11674.000000  0.123711
11698.000000  0.141473
11729.000000  0.076866
11745.000000  0.058279
11800.000000  0.048277
11896.000000  0.053035
12022.000000  0.125121
12056.000000  0.050692
12094.000000  0.040016
12131.000000  0.036662
12184.000000  0.053189
12261.000000  0.059350
12327.000000  0.066309
12436.000000  0.104351
12528.000000  0.058226
12612.000000  0.103022
12696.000000  0.110717
12780.000000  0.120896
12864.000000  0.081146
12947.000000  0.083118
13035.000000  0.160975
13077.000000  0.074558
13123.000000  0.046862
13179.000000  0.042367
13217.000000  0.101459
13256.000000  0.087456
13297.000000  0.079270
13335.000000  0.134321
13384.000000  0.112436
13432.000000  0.095173
13433.000000  0.081593
13483.000000  0.094273
13549.000000  0.092765
13608.000000  0.108621
13660.000000  0.100505
13719.000000  0.065538
13774.000000  0.101333
13827.000000  0.093597
13892.000000  0.057873
13963.000000  0.092868
14044.000000  0.113132
14127.000000  0.130490
14159.000000  0.142797
14168.000000  0.141269
14181.000000  0.145101
14181.000000  0.000810
14238.000000  0.232949
14287.000000  0.256771
14359.000000  0.269316
14427.000000  0.249243
14502.000000  0.287946
14557.000000  0.198494
14641.000000  0.322059
14715.000000  0.303452
14800.000000  0.386932
14887.000000  0.427768
14948.000000  0.460244
14983.000000  0.418747
15005.000000  0.556578
15010.000000  0.295396
15025.000000  0.403961
15046.000000  0.409203
15075.000000  0.316141
15113.000000  0.388168
15161.000000  0.396216
15179.000000  0.388579
15197.000000  0.380220
15211.000000  0.433027
15216.000000  0.740903
15271.000000  0.084373
15343.000000  0.080755
15411.000000  0.088649
15465.000000  0.060471
15520.000000  0.068006
15576.000000  0.046607
15627.000000  0.039634
15698.000000  0.076545
15768.000000  0.063004
15825.000000  0.065757
15877.000000  0.057250
15929.000000  0.061940
15982.000000  0.063506
16045.000000  0.063841
16118.000000  0.079120
16158.000000  0.053112
16210.000000  0.086684
16266.000000  0.089607
16327.000000  0.076465
16386.000000  0.082599
16447.000000  0.046021
16494.000000  0.078748
16549.000000  0.084570
16605.000000  0.095261
16662.000000  0.100022
16718.000000  0.102053
16774.000000  0.094792
16829.000000  0.125550
16885.000000  0.119911
16942.000000  0.106899
16999.000000  0.090999
17045.000000  0.080518
17078.000000  0.020744
17127.000000  0.062140
17172.000000  0.114608
17217.000000  0.023410
17270.000000  0.058897
17332.000000  0.077888
17439.000000  0.079062
17531.000000  0.109771
17610.000000  0.109566
17665.000000  0.068301
17691.000000  0.097310
17717.000000  0.068960
17722.000000  0.023778
17788.000000  0.075498
17838.000000  0.084343
17886.000000  0.057371
17966.000000  0.106357
18059.000000  0.092165
18116.000000  0.081755
18173.000000  0.099339
18235.000000  0.110349
18299.000000  0.097858
18363.000000  0.095416
18427.000000  0.097914
18491.000000  0.121057
18534.000000  0.107735
18542.000000  0.107655
18557.000000  0.115053
18598.000000  0.115627
18636.000000  0.092995
18668.000000  0.134919
18678.000000  0.118293
18679.000000  0.004448
18711.000000  0.105804
18734.000000  0.100414
18769.000000  0.105099
18813.000000  0.067008
18871.000000  0.108774
18963.000000  0.127626
19041.000000  0.119787
19100.000000  0.116971
19137.000000  0.099177
19193.000000  0.071288
19223.000000  0.049184
19234.000000  0.100046
19258.000000  0.113791
19288.000000  0.089057
19304.000000  0.135732
19368.000000  0.093148
19449.000000  0.084911
19533.000000  0.113088
19589.000000  0.112654
19665.000000  0.096794
19702.000000  0.082030
19711.000000  0.034713
19801.000000  0.086169
19876.000000  0.125708
19927.000000  0.111006
19976.000000  0.107572
20042.000000  0.103821
20087.000000  0.088209
20095.000000  0.040073
20194.000000  0.067704
20258.000000  0.089297
20339.000000  0.106265
20409.000000  0.094458
20491.000000  0.108913
20523.000000  0.092802
20574.000000  0.066132
20636.000000  0.065141
20668.000000  0.086242
20703.000000  0.106548
20753.000000  0.104167
20799.000000  0.107547
20852.000000  0.106671
20881.000000  0.132557
20888.000000  0.105975
20944.000000  0.049679
21009.000000  0.056924
21075.000000  0.072658
21138.000000  0.071705
21204.000000  0.105429
21248.000000  0.071322
21293.000000  0.071239
21339.000000  0.082924
21367.000000  0.089986
21395.000000  0.093471
21430.000000  0.048527
21479.000000  0.053086
21549.000000  0.113702
21628.000000  0.097115
21711.000000  0.096488
21794.000000  0.063077
21888.000000  0.075661
21911.000000  0.066080
21940.000000  0.097173
21970.000000  0.092884
22037.000000  0.086143
22082.000000  0.045652
22129.000000  0.061328
22172.000000  0.034923
22212.000000  0.054748
22258.000000  0.071189
22309.000000  0.062915
22354.000000  0.047008
22399.000000  0.070084
22453.000000  0.059770
22495.000000  0.066731
22549.000000  0.068191
22618.000000  0.087809
22690.000000  0.097204
22788.000000  0.103280
22863.000000  0.048598
22944.000000  0.086608
23015.000000  0.106490
23094.000000  0.119927
23177.000000  0.138837
23267.000000  0.117487
23309.000000  0.093347
23333.000000  0.108438
23364.000000  0.079230
23431.000000  0.076443
23512.000000  0.050023
23583.000000  0.067553
23664.000000  0.065649
23767.000000  0.110649
23839.000000  0.106428
23878.000000  0.093546
23901.000000  0.095969
23932.000000  0.042127
24003.000000  0.087941
24095.000000  0.088748
24138.000000  0.052708
24184.000000  0.087844
24244.000000  0.099967
24335.000000  0.105183
24403.000000  0.114877
24464.000000  0.122903
24538.000000  0.119235
24628.000000  0.095979
24700.000000  0.106189
24762.000000  0.110084
24845.000000  0.088513
24925.000000  0.057606
24970.000000  0.090122
24974.000000  0.006997
25021.000000  0.052743
25090.000000  0.050205
25172.000000  0.100128
25241.000000  0.112878
25323.000000  0.062014
25377.000000  0.085538
25412.000000  0.101593
25434.000000  0.087547
25438.000000  0.008395
25469.000000  0.078208
25530.000000  0.123744
25577.000000  0.040954
25634.000000  0.063055
25686.000000  0.060210
25739.000000  0.045525
25800.000000  0.073191
25851.000000  0.036445
25908.000000  0.039998
25956.000000  0.033303
26004.000000  0.051013
26052.000000  0.074278
26100.000000  0.078432
26148.000000  0.072047
26192.000000  0.029398
26264.000000  0.072662
26350.000000  0.099383
26434.000000  0.073363
26520.000000  0.117871
26604.000000  0.079486
26687.000000  0.116095
26770.000000  0.137037
26856.000000  0.111452
26940.000000  0.137112
27023.000000  0.128461
27087.000000  0.145816
27171.000000  0.132873
27254.000000  0.082801
27344.000000  0.134182
27391.000000  0.115160
27439.000000  0.091893
27493.000000  0.101322
27566.000000  0.116492
27652.000000  0.130240
27681.000000  0.104526
27722.000000  0.115346
27759.000000  0.123607
27795.000000  0.130193
27831.000000  0.104792
27866.000000  0.087416
27905.000000  0.142994
27964.000000  0.087312
28001.000000  0.073822
28076.000000  0.138671
28135.000000  0.089610
28183.000000  0.096893
28246.000000  0.089282
28319.000000  0.101783
28361.000000  0.094985
28409.000000  0.088647
28471.000000  0.061338
28537.000000  0.102090
28625.000000  0.110611
28705.000000  0.188092
28772.000000  0.144961
28829.000000  0.194511
28877.000000  0.183091
28925.000000  0.172960
28998.000000  0.145226
29025.000000  0.096693
29072.000000  0.051506
29119.000000  0.108196
29149.000000  0.155995
29170.000000  0.166213
29178.000000  0.099420
29186.000000  0.248339
29273.000000  0.084062
29336.000000  0.083531
29401.000000  0.090095
29472.000000  0.067894
29546.000000  0.101485
29632.000000  0.119482
29713.000000  0.112143
29791.000000  0.096465
29873.000000  0.126741
29959.000000  0.078961
30044.000000  0.137094
30125.000000  0.121707
30203.000000  0.117234
30246.000000  0.090321
30296.000000  0.098485
30349.000000  0.105608
30420.000000  0.064870
30477.000000  0.095350
30533.000000  0.080206
30589.000000  0.056067
30645.000000  0.094910
30699.000000  0.053510
30770.000000  0.084200
30827.000000  0.084317
30883.000000  0.077544
30956.000000  0.081223
31019.000000  0.083974
31084.000000  0.102008
31140.000000  0.053029
31216.000000  0.060534
31269.000000  0.091076
31316.000000  0.079629
31362.000000  0.095371
31424.000000  0.070866
31520.000000  0.079725
31605.000000  0.144958
31689.000000  0.102983
31793.000000  0.113336
31878.000000  0.137982
31962.000000  0.120083
32046.000000  0.124767
32130.000000  0.128570
32187.000000  0.179023
32222.000000  0.153324
32277.000000  0.142132
32302.000000  0.131517
32324.000000  0.066911
32344.000000  0.100087
32364.000000  0.084241
32384.000000  0.108867
32403.000000  0.084991
32431.000000  0.135740
32446.000000  0.105434
32456.000000  0.107455
32458.000000  0.043990
32558.000000  0.109568
32636.000000  0.082801
32693.000000  0.107950
32748.000000  0.101318
32809.000000  0.087576
32846.000000  0.046295
32884.000000  0.118949
32898.000000  0.102119
32974.000000  0.039381
33027.000000  0.063920
33072.000000  0.048033
33105.000000  0.036500
33132.000000  0.059715
33143.000000  0.042327
33160.000000  0.108178
33203.000000  0.124154
33247.000000  0.175790
33287.000000  0.203800
33323.000000  0.227772
33358.000000  0.244080
33394.000000  0.229977
33429.000000  0.257527
33466.000000  0.250991
33503.000000  0.284443
33505.000000  0.267865
33568.000000  0.106095
33660.000000  0.104072
33711.000000  0.078544
33745.000000  0.040843
33754.000000  0.017480
33788.000000  0.047605
33820.000000  0.028041
33868.000000  0.096846
33931.000000  0.065602
33983.000000  0.082809
34035.000000  0.110897
34088.000000  0.066990
34118.000000  0.065847
34165.000000  0.066685
34223.000000  0.093940
34257.000000  0.104280
34299.000000  0.059297
34336.000000  0.108472
34374.000000  0.047328
34436.000000  0.036586
34501.000000  0.079993
34557.000000  0.078677
34632.000000  0.107920
34685.000000  0.079191
34728.000000  0.084948
34760.000000  0.061490
34788.000000  0.071317
34805.000000  0.071760
34848.000000  0.058943
34910.000000  0.057706
34968.000000  0.040251
35024.000000  0.060666
35087.000000  0.086824
35124.000000  0.079232
35172.000000  0.063234
35233.000000  0.059742
35267.000000  0.084477
35318.000000  0.113592
35352.000000  0.037149
35432.000000  0.072927
35479.000000  0.038305
35526.000000  0.069567
35576.000000  0.045587
35652.000000  0.041533
35728.000000  0.079924
35843.000000  0.104383
35910.000000  0.085157
35968.000000  0.061108
36050.000000  0.059737
36139.000000  0.046593
36208.000000  0.079024
36296.000000  0.062497
36379.000000  0.075629
36407.000000  0.072600
36428.000000  0.059589
36438.000000  0.028188
36501.000000  0.055497
36624.000000  0.090385
36713.000000  0.060235
36811.000000  0.075291
36862.000000  0.092908
36907.000000  0.084622
36954.000000  0.064233
37008.000000  0.072233
37065.000000  0.092482
37121.000000  0.052629
37176.000000  0.084319
37232.000000  0.106555
37263.000000  0.102395
37295.000000  0.083709
37337.000000  0.061717
37363.000000  0.055139
37388.000000  0.054248
37411.000000  0.093783
37434.000000  0.110464
37438.000000  0.060061
37449.000000  0.062988
37547.000000  0.069674
37631.000000  0.041884
37695.000000  0.052108
37806.000000  0.056955
37872.000000  0.104544
37897.000000  0.049506
37968.000000  0.107074
38050.000000  0.114754
38070.000000  0.108161
38139.000000  0.032830
38202.000000  0.083580
38277.000000  0.054756
38332.000000  0.073115
38388.000000  0.025976
38441.000000  0.040313
38470.000000  0.041566
38491.000000  0.028622
38533.000000  0.072417
38610.000000  0.082234
38654.000000  0.063905
38682.000000  0.016601
38705.000000  0.026614
38730.000000  0.025318
38804.000000  0.025227
38884.000000  0.083876
38918.000000  0.038922
38954.000000  0.036907
38977.000000  0.036458
39050.000000  0.069586
39132.000000  0.087696
39199.000000  0.105724
39281.000000  0.061369
39341.000000  0.104843
39357.000000  0.090907
39371.000000  0.070603
39383.000000  0.032966
39417.000000  0.054781
39463.000000  0.060179
39483.000000  0.020774
39504.000000  0.029196
39589.000000  0.074730
39631.000000  0.050240
39673.000000  0.025749
39712.000000  0.032284
39746.000000  0.011863
39799.000000  0.048145
39888.000000  0.085523
39965.000000  0.071334
39987.000000  0.042445
40021.000000  0.079858
40025.000000  0.017452
40084.000000  0.078481
40156.000000  0.099609
40238.000000  0.057138
40328.000000  0.133848
40419.000000  0.133939
40508.000000  0.095316
40551.000000  0.097859
40618.000000  0.068656
40653.000000  0.047331
40697.000000  0.117079
40745.000000  0.097492
40795.000000  0.106814
40806.000000  0.126531
40820.000000  0.071055
