995.000000  0.265793
1254.000000  0.224488
1511.000000  0.198493
1864.000000  0.238943
2209.000000  0.291053
2547.000000  0.338433
2834.000000  0.356189
3186.000000  0.384581
3501.000000  0.384763
3771.000000  0.333623
3993.000000  0.368975
4242.000000  0.326134
4533.000000  0.373237
4794.000000  0.361205
5046.000000  0.352939
5262.000000  0.327327
5472.000000  0.318939
5627.000000  0.330005
5750.000000  0.236589
5807.000000  0.242839
5900.000000  0.258018
6078.000000  0.297661
6270.000000  0.334930
6420.000000  0.293008
6602.000000  0.321215
6821.000000  0.316437
7094.000000  0.358199
7306.000000  0.333610
7484.000000  0.351365
7656.000000  0.374779
7885.000000  0.350672
8154.000000  0.383006
8380.000000  0.369419
8623.000000  0.384650
8838.000000  0.342495
8988.000000  0.320940
9139.000000  0.313683
9287.000000  0.316345
9443.000000  0.310079
9549.000000  0.296742
9696.000000  0.309269
9828.000000  0.343839
9956.000000  0.330305
10081.000000  0.326660
10213.000000  0.313465
10414.000000  0.333122
10613.000000  0.375593
10806.000000  0.358812
10981.000000  0.404938
11022.000000  0.363471
11240.000000  0.415489
11434.000000  0.444241
11684.000000  0.454315
11930.000000  0.438713
12210.000000  0.470196
12464.000000  0.464691
12717.000000  0.434037
12902.000000  0.417418
13156.000000  0.427685
13521.000000  0.561245
13848.000000  0.572744
14213.000000  0.560023
14501.000000  0.615106
14758.000000  0.560655
14944.000000  0.556240
15180.000000  0.541871
15444.000000  0.556488
15613.000000  0.482265
15790.000000  0.432450
15923.000000  0.441437
16041.000000  0.415867
16165.000000  0.438464
16382.000000  0.501631
16573.000000  0.509776
16749.000000  0.543730
16845.000000  0.469148
17055.000000  0.528113
17294.000000  0.532308
17548.000000  0.575051
17815.000000  0.535115
18074.000000  0.551607
18337.000000  0.492496
18533.000000  0.449344
18702.000000  0.476878
18813.000000  0.451466
18912.000000  0.447884
18982.000000  0.373525
19078.000000  0.411641
19124.000000  0.385499
19327.000000  0.480233
19506.000000  0.472121
19663.000000  0.528293
19855.000000  0.539600
20016.000000  0.508290
20196.000000  0.446811
20330.000000  0.457330
20430.000000  0.451288
20588.000000  0.487505
20736.000000  0.498645
20981.000000  0.542975
21263.000000  0.587078
21527.000000  0.611757
21768.000000  0.595706
22058.000000  0.676951
22377.000000  0.710862
22688.000000  0.682637
22918.000000  0.710695
23174.000000  0.630751
23463.000000  0.682053
23696.000000  0.669658
23905.000000  0.722181
23994.000000  0.569294
24112.000000  0.610941
24227.000000  0.659761
24389.000000  0.692598
24560.000000  0.748423
24689.000000  0.604229
24814.000000  0.579107
24977.000000  0.611068
25142.000000  0.594569
25304.000000  0.577600
25424.000000  0.639146
25609.000000  0.601316
25828.000000  0.647636
26038.000000  0.633518
26302.000000  0.683482
26540.000000  0.642349
26762.000000  0.619984
27028.000000  0.737395
27151.000000  0.703681
27190.000000  0.711721
27331.000000  0.662345
27460.000000  0.598044
27552.000000  0.596612
27603.000000  0.583059
27700.000000  0.745988
27709.000000  0.669533
27773.000000  0.434971
27865.000000  0.654380
27915.000000  0.690001
27973.000000  0.653764
28034.000000  0.580642
28219.000000  0.607038
28375.000000  0.651369
28546.000000  0.858074
28663.000000  0.710195
28729.000000  0.673201
28781.000000  0.686529
28873.000000  0.864926
28946.000000  0.433035
29030.000000  0.672963
29144.000000  0.690048
29230.000000  0.765131
29286.000000  0.690931
29380.000000  0.819467
29494.000000  0.816111
29611.000000  0.789711
29720.000000  0.794723
29817.000000  0.800088
29914.000000  0.782885
30056.000000  0.817962
30214.000000  0.904197
30305.000000  0.432993
30410.000000  0.476948
30503.000000  0.484823
30615.000000  0.490616
30726.000000  0.478562
30827.000000  1.206072
30918.000000  0.490059
31021.000000  0.508987
31138.000000  0.498800
31247.000000  0.492568
31363.000000  0.473200
31473.000000  0.501383
31563.000000  0.456827
31704.000000  0.481420
31829.000000  0.453795
31897.000000  0.405041
31987.000000  0.464324
32116.000000  0.508046
32220.000000  0.526109
32317.000000  0.539734
32406.000000  0.581210
32529.000000  0.584410
32613.000000  0.547172
32718.000000  0.565017
32837.000000  0.561706
32974.000000  0.578461
33124.000000  0.704416
33214.000000  0.586118
33298.000000  0.697976
33428.000000  0.503637
33564.000000  0.459548
33670.000000  0.491197
33840.000000  0.477379
33970.000000  0.469730
34087.000000  0.457569
34190.000000  0.456681
34365.000000  0.496169
34500.000000  0.479015
34598.000000  0.439850
34672.000000  0.460047
34829.000000  0.482293
34853.000000  0.444369
34920.000000  0.441855
34933.000000  0.427895
34999.000000  0.459599
35093.000000  0.499418
35179.000000  0.466271
35256.000000  0.447732
35352.000000  0.433555
35439.000000  0.498336
35547.000000  0.468272
35664.000000  0.541455
35814.000000  0.608409
35983.000000  0.652808
36120.000000  0.625104
36301.000000  0.561466
36478.000000  0.537988
36684.000000  0.584355
36809.000000  0.588542
36996.000000  0.676325
37148.000000  0.630078
37294.000000  0.640538
37430.000000  0.582065
37592.000000  0.506060
37683.000000  0.454543
37790.000000  0.451586
37902.000000  0.475672
37989.000000  0.496534
38089.000000  0.473206
38199.000000  0.453235
38338.000000  0.528060
38382.000000  0.484663
38447.000000  0.592714
38546.000000  0.603411
38699.000000  0.655671
38862.000000  0.687948
39032.000000  0.726110
39162.000000  0.638567
39300.000000  0.616259
39416.000000  0.592435
39498.000000  0.451415
39592.000000  0.505637
39678.000000  0.532542
39763.000000  0.520953
39844.000000  0.509262
40012.000000  0.529216
40109.000000  0.508664
40266.000000  0.599583
40422.000000  0.666723
40534.000000  0.630614
40558.000000  0.672826
40574.000000  0.432433
40646.000000  0.419755
40703.000000  0.397249
40803.000000  0.405747
40819.000000  0.401933
