995.000000  0.171406
1241.000000  -0.035798
1484.000000  -0.015980
1787.000000  0.038228
2166.000000  0.024791
2495.000000  0.019700
2849.000000  -0.000489
3128.000000  -0.007796
3341.000000  -0.027215
3552.000000  0.007691
3763.000000  -0.014033
3958.000000  -0.022378
4253.000000  0.043662
4546.000000  0.005280
4814.000000  0.001873
5047.000000  -0.014862
5207.000000  -0.068433
5348.000000  -0.014463
5494.000000  0.015293
5532.000000  -0.005236
5668.000000  0.021524
5805.000000  -0.011258
5954.000000  -0.007381
6150.000000  0.034493
6319.000000  -0.005933
6532.000000  -0.008494
6770.000000  0.036184
6986.000000  -0.024178
7190.000000  -0.000654
7436.000000  0.073354
7758.000000  0.037492
8018.000000  -0.040197
8282.000000  -0.023918
8521.000000  0.024897
8687.000000  -0.056125
8883.000000  -0.014241
9008.000000  -0.027610
9093.000000  -0.049771
9176.000000  -0.020250
9349.000000  0.081948
9618.000000  0.028989
9877.000000  0.041290
10133.000000  0.017385
10323.000000  -0.045557
10477.000000  -0.045531
10674.000000  0.034543
10896.000000  0.012725
11133.000000  0.002279
11378.000000  0.023558
11605.000000  -0.023331
11818.000000  0.001267
12031.000000  -0.000478
12186.000000  -0.070347
12311.000000  0.008695
12465.000000  0.033906
12612.000000  -0.007449
12783.000000  0.030732
12914.000000  0.021711
13143.000000  0.058463
13402.000000  -0.034688
13591.000000  -0.085232
13757.000000  -0.042632
13903.000000  0.010858
14118.000000  0.025291
14362.000000  0.017792
14588.000000  0.016051
14860.000000  0.026201
15108.000000  0.042228
15347.000000  0.022071
15541.000000  -0.025268
15732.000000  -0.071240
15916.000000  0.024195
16158.000000  0.077275
16450.000000  -0.098926
16698.000000  -0.005499
16910.000000  0.000144
17138.000000  0.009659
17354.000000  0.144122
17558.000000  -0.154027
17687.000000  -0.042157
17723.000000  -0.068128
17837.000000  0.008793
17910.000000  0.055073
18073.000000  0.057034
18266.000000  0.034505
18489.000000  0.005163
18739.000000  -0.012827
19012.000000  -0.012471
19236.000000  -0.015621
19456.000000  0.018162
19724.000000  0.014211
20030.000000  -0.005375
20284.000000  0.006510
20504.000000  -0.035274
20748.000000  0.033324
20964.000000  -0.034605
21152.000000  0.012630
21422.000000  0.044856
21728.000000  0.040048
21979.000000  -0.053715
22263.000000  0.034534
22473.000000  -0.038309
22647.000000  -0.037367
22778.000000  -0.041563
22918.000000  0.038127
23181.000000  0.081118
23456.000000  0.018020
23659.000000  -0.011049
23828.000000  -0.013437
24069.000000  0.038185
24321.000000  0.090194
24547.000000  -0.018122
24752.000000  -0.019045
24870.000000  -0.103051
25046.000000  0.012378
25255.000000  0.071329
25479.000000  -0.041586
25664.000000  -0.016581
25787.000000  -0.090795
25961.000000  0.065701
26085.000000  -0.025113
26207.000000  0.076008
26305.000000  -0.005825
26452.000000  0.058825
26475.000000  -0.054150
26500.000000  0.047664
26507.000000  -0.158866
26556.000000  -0.131489
26632.000000  0.246297
26699.000000  -0.109806
26778.000000  0.009490
26966.000000  0.105109
27092.000000  -0.057627
27257.000000  0.205503
27503.000000  0.042890
27589.000000  -0.162205
27700.000000  0.033033
27841.000000  -0.140574
27887.000000  -0.058255
28085.000000  0.214659
28211.000000  -0.125661
28398.000000  -0.092645
28499.000000  0.222928
28547.000000  -0.061307
28584.000000  -0.054225
28693.000000  0.068817
28835.000000  0.035663
29057.000000  0.089530
29191.000000  -0.083175
29293.000000  -0.026615
29391.000000  0.096766
29546.000000  -0.026133
29719.000000  -0.067941
29902.000000  -0.054458
30056.000000  0.031783
30142.000000  0.042465
30219.000000  0.024058
30289.000000  0.056903
30334.000000  -0.070334
30383.000000  0.032191
30420.000000  0.010052
30543.000000  0.267943
30737.000000  0.096002
30905.000000  -0.652114
31064.000000  -0.013703
31225.000000  -0.004761
31253.000000  -0.045444
31357.000000  0.018430
31415.000000  0.006728
31500.000000  -0.027168
31566.000000  -0.014254
31641.000000  -0.005515
31681.000000  -0.001851
31731.000000  -0.005758
31840.000000  0.037051
31969.000000  0.029504
32098.000000  0.017399
32182.000000  -0.005188
32296.000000  -0.003388
32395.000000  -0.019689
32476.000000  -0.016831
32558.000000  0.006945
32639.000000  0.029144
32712.000000  -0.014860
32795.000000  0.018373
32961.000000  0.029784
33123.000000  -0.003500
33296.000000  -0.008805
33458.000000  0.007241
33673.000000  0.019061
33912.000000  0.026992
34006.000000  -0.029102
34117.000000  -0.007959
34317.000000  0.076563
34520.000000  0.084899
34681.000000  0.013151
34792.000000  0.067184
34877.000000  -0.301923
34999.000000  0.005390
35107.000000  -0.006566
35251.000000  0.049098
35430.000000  -0.013591
35646.000000  0.022298
35855.000000  -0.017036
36074.000000  0.055992
36232.000000  -0.012435
36484.000000  0.055839
36680.000000  0.003444
36794.000000  -0.088558
36924.000000  0.017858
37022.000000  -0.016133
37108.000000  -0.043645
37197.000000  0.014750
37307.000000  -0.004209
37377.000000  -0.024102
37501.000000  0.023064
37585.000000  -0.019974
37664.000000  -0.005268
37740.000000  -0.009718
37860.000000  0.028147
38017.000000  0.009225
38205.000000  0.035086
38405.000000  0.011677
38626.000000  0.055113
38775.000000  -0.038856
38935.000000  -0.006063
39118.000000  0.001189
39275.000000  0.007781
39407.000000  0.005639
39549.000000  -0.012679
39630.000000  0.047802
39809.000000  0.079029
40005.000000  -0.056801
40193.000000  0.051262
40247.000000  -0.058982
40274.000000  0.026920
40446.000000  0.149520
40498.000000  -0.082822
40499.000000  -0.097453
40566.000000  -0.126842
40640.000000  -0.017455
40738.000000  0.012156
40795.000000  0.003939
40811.000000  -0.026601
