2285.000000  1.464902
2826.000000  0.016155
3362.000000  0.174704
3743.000000  -0.068887
4264.000000  0.062861
4709.000000  0.151209
5190.000000  -0.003829
6119.000000  0.138700
6940.000000  0.113978
7727.000000  0.031153
8634.000000  0.144188
9363.000000  0.052295
9854.000000  0.117349
10595.000000  0.048539
11377.000000  0.153888
11949.000000  -0.019943
12648.000000  0.161443
13283.000000  0.032695
13907.000000  0.048911
14673.000000  0.180966
15151.000000  -0.062546
15613.000000  0.127480
16022.000000  0.032653
16478.000000  0.126553
16769.000000  0.062926
17134.000000  -0.020566
17451.000000  0.040457
17923.000000  0.149597
18763.000000  -0.104400
19092.000000  0.182186
19563.000000  -0.016877
20120.000000  0.084239
20900.000000  0.064658
21689.000000  0.046640
22826.000000  0.188148
24683.000000  0.176650
26314.000000  0.151527
27436.000000  0.109092
28191.000000  0.273364
29875.000000  -0.028789
31305.000000  0.262429
31858.000000  0.145304
32937.000000  0.162717
33745.000000  0.126074
34535.000000  0.052108
34797.000000  0.017050
36219.000000  0.164641
37204.000000  0.052824
37792.000000  0.161623
38490.000000  -0.107821
38972.000000  0.206024
39538.000000  -0.027844
40628.000000  0.479302
41594.000000  -0.014907
41961.000000  -0.235437
42839.000000  0.226947
43429.000000  0.171181
44786.000000  0.005341
45649.000000  0.284835
47942.000000  0.136193
49898.000000  0.258648
51114.000000  0.096724
52098.000000  0.007334
53801.000000  0.234674
55174.000000  0.338558
55898.000000  0.181207
57412.000000  0.092734
58943.000000  0.262373
59796.000000  -0.154239
62024.000000  0.370722
63466.000000  0.041511
64038.000000  0.251494
64749.000000  -0.015228
65577.000000  0.215794
65952.000000  0.070416
67141.000000  0.209536
67989.000000  -0.206285
69128.000000  0.333555
70212.000000  0.215124
71378.000000  -0.110088
72110.000000  0.292188
72717.000000  -0.066647
73580.000000  0.134355
74582.000000  0.430877
75259.000000  -0.220119
76119.000000  0.199360
77028.000000  0.080635
78610.000000  0.319537
79637.000000  -0.016460
80588.000000  0.021688
81318.000000  0.212101
82340.000000  0.036946
83207.000000  0.118001
83390.000000  0.023007
83618.000000  -0.063857
83987.000000  0.247895
84847.000000  -0.041402
85060.000000  0.295351
85662.000000  -0.165709
85859.000000  0.042655
86158.000000  0.108767
86215.000000  -0.000738
86574.000000  0.086087
87708.000000  0.119453
88268.000000  0.042808
89228.000000  -0.031979
90368.000000  0.106858
90882.000000  0.062383
91034.000000  0.279470
91362.000000  0.140971
91456.000000  -0.252974
91494.000000  -0.054543
