995.000000  8.168124
1484.000000  -6.644672
1750.000000  -0.534877
1993.000000  0.015388
2185.000000  -0.013415
2508.000000  0.031914
2671.000000  -0.117163
2867.000000  -0.038843
3082.000000  -0.152043
3288.000000  0.080231
3527.000000  -0.099280
3776.000000  0.301225
3988.000000  -0.074971
4154.000000  0.046813
4233.000000  -0.157036
4349.000000  0.148623
4487.000000  0.047096
4608.000000  -0.071733
4708.000000  -0.645652
4804.000000  0.003428
4928.000000  0.750514
5061.000000  -0.103667
5204.000000  -0.447627
5330.000000  0.436563
5432.000000  -0.139999
5545.000000  0.252715
5642.000000  -0.138830
5803.000000  0.184657
5978.000000  0.198056
6230.000000  0.051291
6500.000000  0.212521
6764.000000  0.052752
7060.000000  -0.105957
7370.000000  0.178932
7630.000000  -0.121837
7864.000000  -0.308095
8051.000000  -0.318645
8225.000000  -0.209534
8417.000000  0.723545
8710.000000  0.039782
8998.000000  -0.685977
9217.000000  0.458480
9473.000000  -0.535439
9616.000000  -0.047353
9845.000000  0.588862
10091.000000  0.405001
10261.000000  -0.191436
10449.000000  -0.282469
10653.000000  -0.277699
10876.000000  0.185426
11149.000000  -0.050842
11516.000000  -0.032230
11831.000000  0.103473
12139.000000  -0.172033
12409.000000  0.373162
12622.000000  0.071546
12757.000000  -0.230785
12916.000000  0.065756
13140.000000  -0.114133
13361.000000  -0.397703
13626.000000  0.227508
13947.000000  0.039047
14274.000000  -0.111578
14599.000000  -0.178015
14859.000000  0.372173
15081.000000  -0.851466
15298.000000  0.599226
15463.000000  -0.528476
15610.000000  -0.088697
15821.000000  0.272367
16150.000000  0.216707
16455.000000  -0.066942
16724.000000  -0.050351
17058.000000  0.174080
17381.000000  -0.101119
17677.000000  -0.038431
18010.000000  -0.048976
18298.000000  0.173543
18520.000000  -0.107351
18688.000000  -0.148114
18886.000000  -0.078957
19057.000000  0.036144
19249.000000  -0.169121
19494.000000  0.143445
19728.000000  0.061600
19951.000000  -0.049737
20123.000000  -0.133856
20239.000000  0.032301
20498.000000  0.115105
20725.000000  -0.032554
21011.000000  0.045070
21265.000000  0.108583
21496.000000  0.197941
21653.000000  -0.439629
21908.000000  0.230767
22110.000000  0.041361
22336.000000  -0.011239
22564.000000  -0.059548
22796.000000  -0.111872
22971.000000  -0.000055
23070.000000  0.178306
23104.000000  -0.259545
23188.000000  -0.148115
23311.000000  0.018936
23420.000000  -0.061485
23562.000000  0.002007
23726.000000  -0.070739
23975.000000  0.100090
24265.000000  0.135475
24509.000000  -0.074961
24661.000000  -0.001694
24761.000000  -0.042351
24895.000000  -0.009591
24985.000000  0.041010
25200.000000  0.035910
25424.000000  -0.119365
25691.000000  0.134051
25951.000000  -0.038435
26139.000000  -0.095694
26274.000000  -0.013459
26430.000000  0.057253
26605.000000  -0.058462
26791.000000  0.006129
26962.000000  -0.004882
27147.000000  -0.031540
27336.000000  0.063751
27573.000000  -0.016504
27807.000000  0.087509
27939.000000  -0.104825
28144.000000  -0.020763
28372.000000  0.051784
28598.000000  0.037182
28777.000000  -0.087729
28930.000000  -0.006012
29089.000000  -0.012427
29215.000000  0.044808
29464.000000  -0.016051
29627.000000  -0.033228
29759.000000  -0.014625
29806.000000  -0.021065
29923.000000  0.048879
30092.000000  0.019642
30294.000000  -0.018199
30464.000000  -0.025158
30580.000000  0.004809
30722.000000  -0.035494
30850.000000  0.157609
30973.000000  -0.169947
31093.000000  -0.006335
31254.000000  0.131592
31386.000000  -0.025539
31517.000000  -0.060665
31667.000000  -0.011551
31835.000000  -0.012754
32135.000000  0.104548
32425.000000  -0.008672
32656.000000  -0.015194
32841.000000  -0.048364
33067.000000  0.086247
33224.000000  -0.034495
33347.000000  -0.051095
33488.000000  -0.012206
33633.000000  0.040863
33798.000000  -0.042456
33954.000000  -0.014389
34107.000000  0.031796
34269.000000  0.027486
34402.000000  -0.074912
34503.000000  -0.008594
34656.000000  -0.002239
34735.000000  -0.000431
34840.000000  0.071179
34852.000000  -0.071083
34861.000000  0.048923
34888.000000  -0.048962
34922.000000  -0.000256
34973.000000  0.000008
35085.000000  0.036462
35147.000000  0.000777
35212.000000  -0.024501
35277.000000  0.002326
35337.000000  0.019205
35372.000000  -0.016700
35419.000000  0.000378
35628.000000  0.107201
35827.000000  -0.009428
35912.000000  -0.028534
35952.000000  -0.079864
36019.000000  0.030905
36112.000000  0.042748
36260.000000  -0.006744
36413.000000  0.012224
36560.000000  -0.036601
36621.000000  -0.025231
36682.000000  -0.007241
36748.000000  -0.017135
36821.000000  -0.000240
36923.000000  0.016002
37017.000000  0.014075
37111.000000  0.001781
37187.000000  0.003447
37233.000000  -0.015618
37351.000000  0.011599
37516.000000  0.044701
37672.000000  0.061307
37674.000000  -0.129171
37747.000000  0.059999
37838.000000  0.024287
37854.000000  -0.038216
37905.000000  -0.053907
38032.000000  0.043933
38169.000000  -0.027019
38304.000000  0.005690
38350.000000  -0.001120
38432.000000  0.113952
38459.000000  -0.021987
38500.000000  -0.040291
38524.000000  -0.064693
38529.000000  -0.008574
38555.000000  0.011528
38569.000000  -0.007959
38600.000000  0.009287
38632.000000  -0.009286
38682.000000  0.073498
38764.000000  0.002474
38832.000000  -0.021375
38961.000000  0.146705
39107.000000  0.033979
39240.000000  -0.061381
39336.000000  -0.007959
39450.000000  0.030999
39498.000000  -0.128440
39544.000000  0.088422
39559.000000  -0.055031
39587.000000  0.024728
39689.000000  0.040670
39760.000000  0.028559
39848.000000  -0.013415
39979.000000  0.042210
40118.000000  -0.053426
40208.000000  -0.012783
40277.000000  -0.015032
40359.000000  0.024616
40374.000000  -0.125826
40408.000000  -0.031019
40491.000000  0.003167
40572.000000  -0.001648
40700.000000  0.121980
40736.000000  -0.021245
40809.000000  -0.015245
40819.000000  -0.097450
