216.000000  0.152891
287.000000  -0.053079
390.000000  0.031773
469.000000  -0.054024
532.000000  0.035336
590.000000  -0.045544
636.000000  0.038340
700.000000  0.002535
771.000000  0.019282
843.000000  -0.003297
917.000000  -0.005805
997.000000  0.014844
1059.000000  -0.011634
1149.000000  0.002557
1247.000000  0.004839
1398.000000  -0.009506
1466.000000  0.016062
1557.000000  0.016342
1624.000000  -0.012334
1716.000000  0.028067
1810.000000  0.014029
1877.000000  -0.015343
1969.000000  0.000956
2047.000000  0.013754
2140.000000  0.009210
2203.000000  -0.023656
2276.000000  0.005663
2341.000000  -0.006912
2432.000000  -0.000848
2526.000000  0.000457
2605.000000  0.004458
2666.000000  0.003417
2760.000000  -0.007328
2854.000000  -0.036785
2933.000000  0.070621
3025.000000  -0.063024
3088.000000  0.039251
3161.000000  -0.006413
3252.000000  0.009279
3327.000000  -0.002552
3405.000000  -0.010003
3426.000000  -0.037209
3453.000000  0.022341
3511.000000  0.043261
3592.000000  -0.003724
3652.000000  -0.086140
3708.000000  0.057033
3763.000000  -0.009553
3819.000000  0.008018
3877.000000  -0.003872
3952.000000  0.031320
4050.000000  -0.019704
4128.000000  -0.013047
4198.000000  0.022990
4255.000000  -0.033993
4312.000000  0.021197
4368.000000  -0.035023
4424.000000  0.002411
4480.000000  0.019151
4527.000000  -0.008828
4562.000000  0.010691
4614.000000  0.000964
4671.000000  0.017400
4731.000000  0.001899
4792.000000  -0.008205
4851.000000  -0.005063
4911.000000  0.006704
4957.000000  -0.029478
5017.000000  0.026840
5076.000000  -0.000454
5136.000000  -0.002688
5196.000000  0.002407
5256.000000  0.008698
5316.000000  -0.015408
5362.000000  0.006719
5421.000000  0.006916
5478.000000  -0.014616
5540.000000  0.015584
5601.000000  -0.011565
5661.000000  0.010561
5733.000000  0.009051
5769.000000  -0.022017
5820.000000  -0.005419
5880.000000  0.035394
5933.000000  0.014585
5961.000000  -0.000767
5990.000000  -0.006198
6041.000000  0.015238
6095.000000  0.032458
6139.000000  0.014720
6175.000000  -0.000756
6212.000000  -0.008713
6264.000000  0.020260
6315.000000  -0.000962
6368.000000  -0.019164
6408.000000  0.011302
6445.000000  -0.004559
6484.000000  -0.000628
6534.000000  0.010088
6577.000000  -0.061008
6626.000000  0.044124
6677.000000  0.001744
6716.000000  -0.020335
6772.000000  0.037173
6828.000000  -0.008196
6834.000000  0.038228
6859.000000  -0.017567
6898.000000  -0.002946
6944.000000  -0.007417
6991.000000  -0.057898
7031.000000  0.015365
7078.000000  0.003550
7124.000000  -0.030693
7167.000000  0.010097
7213.000000  0.060623
7229.000000  -0.040720
7266.000000  -0.027045
7313.000000  0.037117
7364.000000  0.021219
7416.000000  -0.051855
7468.000000  0.010863
7520.000000  -0.003350
7572.000000  -0.008090
7623.000000  -0.022923
7675.000000  0.058280
7728.000000  0.002106
7778.000000  0.010556
7814.000000  0.066918
7833.000000  -0.010368
7839.000000  0.006184
7846.000000  0.022041
7862.000000  0.000107
7882.000000  0.051669
7910.000000  -0.006947
7945.000000  0.049689
7986.000000  0.032532
8030.000000  -0.004068
8078.000000  -0.032854
8123.000000  0.163858
8146.000000  -0.066317
8159.000000  0.211672
8204.000000  -0.401560
8270.000000  0.044567
8354.000000  -0.061995
8438.000000  -0.024231
8491.000000  0.035246
8523.000000  -0.001181
8548.000000  -0.008624
8563.000000  -0.056105
8567.000000  0.034873
8607.000000  -0.108064
8661.000000  0.024862
8713.000000  -0.014529
8772.000000  -0.017135
8858.000000  0.028578
8938.000000  -0.046878
9000.000000  0.038936
9056.000000  -0.022561
9112.000000  0.009635
9173.000000  -0.023296
9210.000000  -0.004860
9264.000000  0.029808
9316.000000  -0.011216
9375.000000  0.016280
9436.000000  0.015530
9496.000000  0.029730
9526.000000  0.040083
9546.000000  -0.008266
9574.000000  0.043600
9618.000000  0.022752
9669.000000  0.058765
9721.000000  0.004766
9776.000000  0.090023
9815.000000  0.200126
9816.000000  -0.084929
9824.000000  -0.134564
9839.000000  0.022813
9850.000000  -0.023802
9953.000000  -0.295000
10036.000000  0.037785
10133.000000  0.004258
10210.000000  -0.003550
10264.000000  -0.017429
10327.000000  0.001621
10408.000000  0.028771
10459.000000  -0.003418
10527.000000  -0.016960
10618.000000  0.006475
10685.000000  -0.018453
10736.000000  0.025488
10793.000000  -0.060361
10822.000000  0.026439
10838.000000  0.025922
10866.000000  0.007547
10906.000000  0.008816
10916.000000  -0.001011
10995.000000  -0.034077
11078.000000  0.003165
11174.000000  0.024000
11238.000000  -0.002777
11286.000000  -0.019897
11313.000000  -0.009110
11324.000000  0.002733
11352.000000  0.002222
11397.000000  -0.009576
11435.000000  0.000215
11488.000000  0.046577
11541.000000  0.003441
11594.000000  -0.026717
11664.000000  0.014371
11707.000000  -0.010687
11717.000000  -0.003459
11718.000000  -0.008833
11797.000000  -0.008969
11851.000000  0.006938
11926.000000  0.012710
11986.000000  0.010624
12079.000000  -0.040402
12167.000000  0.055020
12216.000000  -0.011612
12269.000000  -0.022700
12311.000000  0.015016
12344.000000  -0.009774
12387.000000  0.003498
12435.000000  0.026018
12488.000000  -0.004482
12497.000000  0.006283
12506.000000  -0.049780
12556.000000  -0.002572
12622.000000  0.008429
12674.000000  0.029928
12744.000000  -0.009218
12785.000000  -0.002081
12825.000000  -0.013554
12884.000000  0.023739
12936.000000  -0.011104
12967.000000  0.004458
13013.000000  -0.003526
13045.000000  0.025201
13047.000000  0.005112
13087.000000  -0.039162
13166.000000  0.003361
13215.000000  -0.011532
13269.000000  0.021819
13325.000000  0.015766
13372.000000  -0.033872
13408.000000  0.017187
13469.000000  0.020306
13505.000000  -0.011535
13539.000000  0.005889
13567.000000  -0.020272
13583.000000  0.005542
13606.000000  -0.001131
13650.000000  -0.044284
13692.000000  0.035023
13738.000000  -0.007884
13779.000000  0.015868
13824.000000  -0.006552
13869.000000  -0.020509
13910.000000  0.024506
13954.000000  -0.031124
14008.000000  0.027328
14074.000000  0.005553
14147.000000  0.014312
14232.000000  0.012977
14289.000000  -0.021388
14348.000000  -0.002963
14442.000000  0.007891
14507.000000  -0.009962
14552.000000  0.007308
14594.000000  0.007901
14648.000000  0.000966
14738.000000  0.019395
14829.000000  -0.006234
14897.000000  0.031791
14994.000000  -0.046674
15078.000000  0.028140
15147.000000  0.042721
15189.000000  -0.047752
15257.000000  -0.057242
15320.000000  0.036360
15388.000000  0.012485
15424.000000  -0.005980
15454.000000  -0.041479
15459.000000  0.020727
15488.000000  0.027818
15513.000000  -0.056317
15558.000000  0.078024
15598.000000  -0.078840
15678.000000  0.064007
15761.000000  0.008415
15837.000000  -0.021290
15876.000000  0.010467
15915.000000  -0.000593
15936.000000  -0.006016
15948.000000  -0.020333
15958.000000  0.019091
16008.000000  -0.027030
16055.000000  0.013614
16096.000000  -0.003653
16161.000000  -0.006122
16215.000000  0.023017
16275.000000  0.002547
16334.000000  -0.015210
16391.000000  0.009678
16438.000000  -0.043532
16487.000000  0.002862
16533.000000  0.032876
16580.000000  -0.009893
16628.000000  0.008110
16675.000000  0.029407
16744.000000  -0.018683
16839.000000  -0.000078
16926.000000  -0.006594
17008.000000  0.086290
17092.000000  -0.070032
17176.000000  0.033785
17261.000000  -0.014110
17343.000000  0.026822
17439.000000  -0.032977
17531.000000  0.028337
17621.000000  -0.001501
17688.000000  -0.004786
17787.000000  0.002004
17862.000000  -0.041575
17913.000000  0.018188
17972.000000  0.022147
18016.000000  -0.014486
18069.000000  0.003704
18131.000000  -0.009627
18198.000000  0.032656
18266.000000  -0.023388
18336.000000  -0.009908
18404.000000  -0.010964
18448.000000  0.011945
18482.000000  -0.012140
18534.000000  0.031546
18591.000000  -0.031578
18652.000000  0.029352
18712.000000  0.038697
18772.000000  -0.061013
18832.000000  -0.024313
18892.000000  0.026479
18952.000000  -0.042652
19011.000000  0.026589
19054.000000  0.008314
19101.000000  0.030438
19118.000000  0.017897
19139.000000  0.012593
19166.000000  0.009348
19202.000000  0.008258
19238.000000  0.023829
19280.000000  0.030077
19317.000000  0.032813
19323.000000  -0.019364
19367.000000  -0.021115
19417.000000  0.024559
19447.000000  -0.030138
19481.000000  -0.025887
19528.000000  0.013522
19600.000000  -0.052242
19634.000000  -0.009046
19697.000000  -0.064312
19754.000000  0.029050
19809.000000  -0.002467
19840.000000  -0.002937
19874.000000  -0.021411
19964.000000  0.028085
20070.000000  0.004968
20172.000000  0.014565
20232.000000  -0.012708
20306.000000  -0.036024
20433.000000  0.034142
20436.000000  -0.075489
20473.000000  0.070052
20476.000000  -0.021001
20540.000000  0.043101
20554.000000  -0.028289
20618.000000  -0.012014
20653.000000  0.002738
20659.000000  -0.061512
20664.000000  0.074395
20697.000000  -0.003957
20775.000000  -0.042306
20804.000000  0.039520
20844.000000  0.009641
20854.000000  -0.012811
20912.000000  0.064649
20989.000000  -0.094749
21073.000000  0.043256
21132.000000  0.022671
21180.000000  -0.020389
21243.000000  -0.026623
21298.000000  -0.018807
21351.000000  0.002742
21407.000000  -0.000209
21459.000000  0.042940
21509.000000  0.009689
21579.000000  -0.001401
21670.000000  -0.037818
21752.000000  0.013057
21802.000000  0.028424
21856.000000  0.004248
21912.000000  0.006537
21968.000000  -0.032687
22024.000000  0.023132
22099.000000  0.005729
22161.000000  0.013162
22220.000000  -0.034021
22280.000000  0.021181
22341.000000  -0.043875
22401.000000  0.018792
22461.000000  0.037093
22520.000000  0.004325
22581.000000  -0.004226
22645.000000  -0.006864
22682.000000  -0.008542
22723.000000  0.005383
22784.000000  -0.014044
22842.000000  0.007758
22905.000000  -0.011881
22961.000000  0.005964
23027.000000  -0.006337
23101.000000  -0.030579
23164.000000  0.000500
23208.000000  0.004975
23248.000000  0.028677
23287.000000  0.004399
23329.000000  0.009090
23383.000000  -0.015973
23462.000000  0.025195
23571.000000  0.004921
23641.000000  0.001040
23717.000000  0.041031
23779.000000  -0.015449
23854.000000  -0.019213
23923.000000  0.012294
23961.000000  -0.006885
24017.000000  -0.069273
24066.000000  0.058406
24118.000000  -0.012278
24208.000000  0.028967
24261.000000  -0.005821
24292.000000  -0.000148
24318.000000  -0.002948
24350.000000  0.017515
24388.000000  -0.046683
24405.000000  0.052948
24452.000000  -0.024140
24496.000000  -0.002798
24500.000000  -0.029357
24555.000000  0.014694
24683.000000  0.021749
24744.000000  -0.016554
24821.000000  -0.006059
24888.000000  0.061855
24965.000000  -0.012727
25025.000000  -0.036599
25060.000000  -0.011705
25120.000000  0.025663
25157.000000  0.006032
25216.000000  -0.042970
25298.000000  0.006790
25374.000000  0.092337
25435.000000  -0.043736
25511.000000  -0.017366
25577.000000  -0.022198
25671.000000  0.055425
25763.000000  -0.024732
25858.000000  0.003167
25910.000000  -0.057379
25948.000000  0.022381
25961.000000  0.030401
25994.000000  0.025846
26034.000000  -0.019011
26079.000000  0.010301
26130.000000  0.000318
26193.000000  0.035101
26217.000000  -0.002541
26226.000000  -0.015711
26262.000000  0.046554
26289.000000  -0.041182
26328.000000  0.030302
26376.000000  0.013485
26429.000000  -0.069175
26493.000000  0.004937
26515.000000  -0.001329
26539.000000  -0.030553
26573.000000  0.022353
26593.000000  0.085379
26681.000000  -0.094523
26761.000000  -0.011871
26843.000000  0.031512
26921.000000  -0.041983
27009.000000  0.058143
27094.000000  0.007181
27177.000000  -0.028525
27256.000000  -0.043677
27302.000000  0.050029
27353.000000  -0.067105
27419.000000  0.034737
27460.000000  0.058873
27493.000000  -0.082756
27540.000000  0.082426
27584.000000  -0.044728
27633.000000  0.006219
27683.000000  0.065396
27728.000000  -0.009709
27731.000000  -0.030865
27774.000000  -0.007862
27840.000000  -0.011331
27906.000000  -0.000773
27984.000000  -0.028042
28027.000000  0.040303
28064.000000  -0.079828
28112.000000  0.043847
28164.000000  0.035225
28198.000000  0.029720
28236.000000  -0.037887
28291.000000  0.013955
28310.000000  -0.025616
28325.000000  0.028964
28336.000000  0.070987
28403.000000  -0.079487
28449.000000  -0.043515
28554.000000  0.061005
28606.000000  -0.029917
28648.000000  -0.020835
28682.000000  0.017287
28730.000000  0.015479
28770.000000  0.010646
28798.000000  -0.005717
28830.000000  -0.018729
28845.000000  0.012196
28925.000000  -0.029061
28966.000000  0.022396
29062.000000  0.002936
29116.000000  -0.017336
29266.000000  0.020107
29324.000000  -0.004447
29365.000000  0.004843
29411.000000  -0.019351
29475.000000  0.012556
29561.000000  0.022330
29669.000000  0.000522
29671.000000  -0.037532
29709.000000  0.001451
29732.000000  0.023548
29774.000000  0.002452
29863.000000  -0.008707
29906.000000  0.018371
29967.000000  -0.036190
30010.000000  0.011539
30055.000000  0.000950
30125.000000  -0.021310
30196.000000  0.015156
30234.000000  0.002568
30268.000000  0.000316
30273.000000  -0.013103
30293.000000  0.006145
30371.000000  0.002808
30417.000000  -0.051046
30486.000000  0.113204
30521.000000  -0.061975
30562.000000  0.013481
30663.000000  0.012061
30718.000000  -0.026583
30759.000000  -0.031434
30813.000000  0.008396
30882.000000  0.073151
30917.000000  -0.026116
30950.000000  -0.040368
30954.000000  0.009658
30956.000000  0.006956
31041.000000  0.013838
31043.000000  -0.032451
31196.000000  0.049590
31276.000000  -0.019992
31343.000000  -0.030712
31417.000000  0.052468
31500.000000  -0.030993
31588.000000  0.024621
31644.000000  -0.045356
31690.000000  0.065026
31746.000000  -0.017058
31770.000000  -0.037666
31799.000000  0.053442
31831.000000  -0.049081
31834.000000  0.033710
31858.000000  0.009443
31884.000000  -0.012448
31917.000000  0.004917
31954.000000  -0.015783
31998.000000  0.074599
32011.000000  -0.058334
32023.000000  -0.049693
32024.000000  -0.002629
32048.000000  0.027561
32093.000000  0.018423
32101.000000  -0.042570
32159.000000  0.022879
32248.000000  -0.036548
32322.000000  0.018653
32341.000000  0.023859
32347.000000  -0.059899
32376.000000  0.066620
32473.000000  0.000518
32544.000000  0.017665
32618.000000  0.003985
32685.000000  0.004746
32761.000000  -0.022498
32834.000000  -0.000151
32911.000000  -0.019836
33008.000000  -0.000962
33102.000000  0.050020
33178.000000  -0.036700
33258.000000  0.005337
33334.000000  0.032535
33401.000000  0.034978
33494.000000  -0.062718
33586.000000  0.012586
33680.000000  -0.007912
33769.000000  0.058560
33849.000000  -0.011266
33927.000000  -0.036507
34020.000000  0.019833
34100.000000  0.039246
34177.000000  -0.037454
34223.000000  0.009188
34267.000000  -0.004029
34318.000000  0.014229
34371.000000  0.009006
34427.000000  -0.036136
34484.000000  0.003515
34526.000000  -0.054461
34582.000000  0.052131
34638.000000  -0.044692
34694.000000  -0.008823
34750.000000  0.040936
34806.000000  -0.005877
34862.000000  -0.033437
34918.000000  0.025760
34965.000000  -0.025896
34998.000000  0.036785
35059.000000  0.035962
35142.000000  -0.002259
35235.000000  -0.026183
35304.000000  0.028600
35322.000000  0.023496
35363.000000  -0.014710
35398.000000  0.034294
35437.000000  0.011092
35471.000000  0.009994
35514.000000  -0.007639
35544.000000  -0.054252
35590.000000  0.111230
35611.000000  -0.039511
35621.000000  -0.013904
35628.000000  0.015965
35635.000000  0.006098
35650.000000  0.021382
35669.000000  0.039490
35713.000000  -0.087094
35741.000000  -0.019025
35776.000000  -0.020237
35808.000000  0.056775
35841.000000  -0.049372
35869.000000  0.027489
35894.000000  0.001809
35914.000000  0.007614
35935.000000  -0.006336
35960.000000  0.030164
35967.000000  -0.105099
36027.000000  -0.019657
36112.000000  -0.034244
36141.000000  0.057137
36184.000000  0.005007
36226.000000  -0.060116
36244.000000  0.023334
36334.000000  0.035180
36382.000000  -0.019942
36440.000000  -0.020005
36492.000000  0.064730
36559.000000  -0.048339
36599.000000  -0.017497
36647.000000  0.052330
36673.000000  -0.000965
36683.000000  0.041648
36740.000000  -0.055254
36813.000000  -0.004281
36864.000000  -0.037384
36918.000000  0.063872
36974.000000  -0.022883
37029.000000  -0.008834
37062.000000  -0.027461
37109.000000  0.009466
37147.000000  -0.025945
37178.000000  0.034158
37211.000000  0.050728
37241.000000  -0.059179
37273.000000  -0.005599
37386.000000  0.059628
37465.000000  -0.034841
37540.000000  0.059324
37624.000000  -0.021017
37715.000000  0.020394
37777.000000  -0.022509
37803.000000  0.010155
37835.000000  -0.014894
37850.000000  -0.002925
37864.000000  0.000367
37941.000000  0.011746
38009.000000  -0.010673
38069.000000  0.004056
38129.000000  -0.038227
38198.000000  -0.010475
38236.000000  0.018372
38284.000000  -0.026714
38341.000000  0.013997
38408.000000  0.066859
38446.000000  -0.025392
38495.000000  -0.012037
38544.000000  0.010400
38603.000000  0.051463
38630.000000  -0.003948
38633.000000  -0.025268
38671.000000  -0.053296
38688.000000  -0.021618
38774.000000  0.074955
38860.000000  -0.007473
38913.000000  -0.001085
38959.000000  -0.002397
39015.000000  -0.016435
39046.000000  -0.011215
39087.000000  0.030613
39092.000000  -0.001639
39144.000000  0.023055
39205.000000  -0.089320
39261.000000  0.063197
39316.000000  -0.017493
39372.000000  -0.018698
39403.000000  0.030291
39446.000000  0.002418
39506.000000  0.012913
39543.000000  -0.001247
39582.000000  -0.051165
39597.000000  0.040328
39639.000000  -0.010934
39722.000000  0.004190
39791.000000  0.012131
39864.000000  -0.006840
39964.000000  0.037782
40012.000000  -0.019549
40032.000000  -0.023863
40050.000000  0.008671
40058.000000  -0.014882
40109.000000  0.030759
40169.000000  -0.048130
40221.000000  0.037258
40273.000000  -0.035356
40327.000000  0.046144
40357.000000  -0.019295
40401.000000  -0.008291
40460.000000  0.026724
40497.000000  -0.013632
40536.000000  0.021899
40574.000000  -0.041609
40682.000000  0.061230
40720.000000  -0.052359
40764.000000  -0.054908
40770.000000  0.046982
40806.000000  0.001241
40821.000000  -0.052620
