216.000000  0.059654
287.000000  0.012952
390.000000  0.035502
469.000000  -0.053151
532.000000  0.026923
590.000000  -0.043988
636.000000  0.020387
700.000000  0.015554
771.000000  0.020190
843.000000  -0.004359
917.000000  -0.006860
997.000000  0.017035
1059.000000  -0.012402
1149.000000  0.006383
1247.000000  0.002188
1398.000000  -0.010602
1466.000000  0.012714
1557.000000  0.017957
1624.000000  -0.013740
1716.000000  0.024983
1810.000000  0.016281
1877.000000  -0.015776
1969.000000  -0.000200
2047.000000  0.010360
2140.000000  0.012558
2203.000000  -0.027983
2276.000000  0.003199
2341.000000  -0.005749
2432.000000  0.000983
2526.000000  -0.003235
2605.000000  0.000470
2666.000000  0.005823
2760.000000  -0.004773
2854.000000  -0.034689
2933.000000  0.059266
3025.000000  -0.063637
3088.000000  0.040197
3161.000000  -0.010350
3252.000000  0.015443
3327.000000  -0.011707
3405.000000  -0.002554
3426.000000  -0.047932
3453.000000  0.028205
3511.000000  0.044886
3592.000000  -0.004018
3652.000000  -0.073483
3708.000000  0.042642
3763.000000  -0.015149
3819.000000  0.000961
3877.000000  0.006514
3952.000000  0.020110
4050.000000  -0.026416
4128.000000  0.000398
4198.000000  0.027814
4255.000000  -0.035007
4312.000000  0.014346
4368.000000  -0.025201
4424.000000  -0.011482
4480.000000  -0.000366
4527.000000  0.014659
4562.000000  -0.008203
4614.000000  0.016342
4671.000000  0.016025
4731.000000  0.006522
4792.000000  -0.007349
4851.000000  -0.008831
4911.000000  0.009448
4957.000000  -0.030419
5017.000000  0.023609
5076.000000  0.001048
5136.000000  -0.000291
5196.000000  -0.001681
5256.000000  0.006221
5316.000000  -0.030088
5362.000000  0.021173
5421.000000  0.001276
5478.000000  -0.013818
5540.000000  0.014496
5601.000000  -0.010492
5661.000000  0.009805
5733.000000  0.010957
5769.000000  -0.023445
5820.000000  -0.014234
5880.000000  0.046768
5933.000000  0.015795
5961.000000  -0.008319
5990.000000  -0.002101
6041.000000  0.010758
6095.000000  0.039666
6139.000000  0.013614
6175.000000  0.000304
6212.000000  -0.015283
6264.000000  0.021899
6315.000000  -0.012099
6368.000000  -0.001674
6408.000000  0.002916
6445.000000  -0.000520
6484.000000  -0.012800
6534.000000  0.021473
6577.000000  -0.056000
6626.000000  0.026930
6677.000000  0.013988
6716.000000  -0.018265
6772.000000  0.028349
6828.000000  -0.013273
6834.000000  0.038795
6859.000000  -0.009375
6898.000000  -0.011051
6944.000000  0.001544
6991.000000  -0.054091
7031.000000  0.000074
7078.000000  0.010905
7124.000000  -0.031987
7167.000000  0.006607
7213.000000  0.056334
7229.000000  -0.028814
7266.000000  -0.023197
7313.000000  0.023051
7364.000000  0.022420
7416.000000  -0.046517
7468.000000  0.011283
7520.000000  0.000321
7572.000000  -0.018990
7623.000000  -0.012053
7675.000000  0.045949
7728.000000  0.008917
7778.000000  0.012599
7814.000000  0.064010
7833.000000  -0.011908
7839.000000  -0.014777
7846.000000  0.041203
7862.000000  0.004380
7882.000000  0.035795
7910.000000  0.008254
7945.000000  0.039093
7986.000000  0.029249
8030.000000  -0.003433
8078.000000  -0.020714
8123.000000  0.152417
8146.000000  -0.059557
8159.000000  0.200794
8204.000000  -0.395344
8270.000000  0.043302
8354.000000  -0.052439
8438.000000  -0.036600
8491.000000  0.038640
8523.000000  0.007662
8548.000000  -0.008596
8563.000000  -0.051340
8567.000000  0.028494
8607.000000  -0.116090
8661.000000  0.028551
8713.000000  -0.013248
8772.000000  -0.041279
8858.000000  0.050160
8938.000000  -0.048736
9000.000000  0.040170
9056.000000  -0.021354
9112.000000  0.003564
9173.000000  -0.020146
9210.000000  -0.006699
9264.000000  0.029438
9316.000000  -0.004689
9375.000000  0.006476
9436.000000  0.018196
9496.000000  0.030099
9526.000000  0.041203
9546.000000  -0.013073
9574.000000  0.048637
9618.000000  0.017213
9669.000000  0.053750
9721.000000  0.015056
9776.000000  0.086473
9815.000000  0.183489
9816.000000  -0.074311
9824.000000  -0.137039
9839.000000  0.028107
9850.000000  -0.021136
9953.000000  -0.295865
10036.000000  0.037233
10133.000000  0.007590
10210.000000  -0.002387
10264.000000  -0.017851
10327.000000  -0.008701
10408.000000  0.036882
10459.000000  -0.007922
10527.000000  -0.023332
10618.000000  0.012422
10685.000000  -0.022880
10736.000000  0.033158
10793.000000  -0.056110
10822.000000  0.016087
10838.000000  0.028309
10866.000000  0.003818
10906.000000  0.013016
10916.000000  -0.000891
10995.000000  -0.042585
11078.000000  0.013083
11174.000000  0.018036
11238.000000  -0.007965
11286.000000  -0.014292
11313.000000  -0.019102
11324.000000  -0.005797
11352.000000  -0.016213
11397.000000  0.019535
11435.000000  0.006039
11488.000000  0.045816
11541.000000  0.005156
11594.000000  -0.027740
11664.000000  0.014446
11707.000000  -0.017277
11717.000000  -0.011848
11718.000000  -0.020511
11797.000000  0.010348
11851.000000  0.008100
11926.000000  0.015964
11986.000000  0.010627
12079.000000  -0.035596
12167.000000  0.045842
12216.000000  -0.009333
12269.000000  -0.025564
12311.000000  0.010911
12344.000000  -0.001048
12387.000000  -0.003956
12435.000000  0.025267
12488.000000  0.001612
12497.000000  0.004442
12506.000000  -0.088910
12556.000000  0.022904
12622.000000  0.016851
12674.000000  0.022942
12744.000000  0.003074
12785.000000  -0.003953
12825.000000  -0.018192
12884.000000  0.028707
12936.000000  -0.013431
12967.000000  0.000220
13013.000000  0.006250
13045.000000  0.021658
13047.000000  -0.002522
13087.000000  -0.059575
13166.000000  0.023855
13215.000000  -0.008129
13269.000000  0.016652
13325.000000  0.019473
13372.000000  -0.031647
13408.000000  0.001700
13469.000000  0.030181
13505.000000  -0.006489
13539.000000  0.004524
13567.000000  -0.023088
13583.000000  0.001297
13606.000000  -0.024755
13650.000000  -0.022169
13692.000000  0.028413
13738.000000  -0.014827
13779.000000  0.008095
13824.000000  0.002641
13869.000000  -0.022266
13910.000000  0.009095
13954.000000  -0.007613
14008.000000  0.027250
14074.000000  0.010875
14147.000000  0.014924
14232.000000  0.013527
14289.000000  -0.019907
14348.000000  -0.014684
14442.000000  0.016217
14507.000000  -0.008431
14552.000000  0.003431
14594.000000  0.006702
14648.000000  0.002531
14738.000000  0.023663
14829.000000  -0.004524
14897.000000  0.021400
14994.000000  -0.043431
15078.000000  0.026361
15147.000000  0.044951
15189.000000  -0.050232
15257.000000  -0.049372
15320.000000  0.034548
15388.000000  0.005400
15424.000000  -0.014783
15454.000000  -0.036550
15459.000000  0.006687
15488.000000  0.045453
15513.000000  -0.048991
15558.000000  0.065869
15598.000000  -0.070357
15678.000000  0.058323
15761.000000  0.008884
15837.000000  -0.020613
15876.000000  0.001567
15915.000000  0.000655
15936.000000  -0.006117
15948.000000  -0.026600
15958.000000  0.026914
16008.000000  -0.035259
16055.000000  -0.002697
16096.000000  0.005839
16161.000000  0.005117
16215.000000  0.009491
16275.000000  0.012640
16334.000000  -0.018116
16391.000000  0.005529
16438.000000  -0.031623
16487.000000  -0.002073
16533.000000  0.026775
16580.000000  -0.008113
16628.000000  0.005675
16675.000000  0.017063
16744.000000  -0.001935
16839.000000  0.008933
16926.000000  -0.004039
17008.000000  0.080805
17092.000000  -0.066646
17176.000000  0.024061
17261.000000  -0.006456
17343.000000  0.024663
17439.000000  -0.044485
17531.000000  0.014217
17621.000000  0.019672
17688.000000  -0.011056
17787.000000  0.007138
17862.000000  -0.038323
17913.000000  0.005457
17972.000000  0.028059
18016.000000  -0.025119
18069.000000  0.015803
18131.000000  -0.019117
18198.000000  0.030971
18266.000000  -0.023101
18336.000000  -0.008654
18404.000000  -0.019286
18448.000000  0.022975
18482.000000  -0.016330
18534.000000  0.032631
18591.000000  -0.023150
18652.000000  0.015757
18712.000000  0.018256
18772.000000  -0.034740
18832.000000  -0.017579
18892.000000  0.013655
18952.000000  -0.029191
19011.000000  0.009270
19054.000000  0.006269
19101.000000  0.032670
19118.000000  0.017863
19139.000000  0.021950
19166.000000  0.001012
19202.000000  0.018666
19238.000000  0.014702
19280.000000  0.028612
19317.000000  0.039723
19323.000000  -0.015893
19367.000000  -0.033360
19417.000000  0.026650
19447.000000  -0.032144
19481.000000  -0.026597
19528.000000  0.022629
19600.000000  -0.049515
19634.000000  -0.017652
19697.000000  -0.075155
19754.000000  0.031663
19809.000000  -0.017119
19840.000000  -0.013439
19874.000000  -0.013393
19964.000000  0.044151
20070.000000  0.014148
20172.000000  0.004974
20232.000000  -0.005407
20306.000000  -0.029181
20433.000000  0.029719
20436.000000  -0.079383
20473.000000  0.044872
20476.000000  -0.038428
20540.000000  0.076215
20554.000000  -0.036951
20618.000000  -0.005169
20653.000000  0.004091
20659.000000  -0.042793
20664.000000  0.045320
20697.000000  0.004945
20775.000000  -0.023020
20804.000000  0.011999
20844.000000  0.012447
20854.000000  -0.019585
20912.000000  0.030092
20989.000000  -0.032467
21073.000000  0.036854
21132.000000  0.013742
21180.000000  -0.028173
21243.000000  -0.010937
21298.000000  -0.013443
21351.000000  0.003251
21407.000000  -0.001045
21459.000000  0.020342
21509.000000  0.011551
21579.000000  0.002825
21670.000000  -0.023617
21752.000000  0.013437
21802.000000  0.014707
21856.000000  0.000196
21912.000000  0.006351
21968.000000  -0.024372
22024.000000  0.017961
22099.000000  0.004681
22161.000000  0.009290
22220.000000  -0.021349
22280.000000  0.008815
22341.000000  -0.029846
22401.000000  0.015550
22461.000000  0.026322
22520.000000  0.006823
22581.000000  -0.011013
22645.000000  -0.000336
22682.000000  -0.011992
22723.000000  -0.024759
22784.000000  0.011824
22842.000000  0.009094
22905.000000  -0.008787
22961.000000  0.002110
23027.000000  -0.000566
23101.000000  -0.023521
23164.000000  0.001616
23208.000000  -0.004141
23248.000000  -0.000853
23287.000000  0.002367
23329.000000  0.000993
23383.000000  0.011426
23462.000000  0.027783
23571.000000  0.007263
23641.000000  0.002080
23717.000000  0.037379
23779.000000  -0.011750
23854.000000  -0.015802
23923.000000  0.011497
23961.000000  -0.020911
24017.000000  -0.051244
24066.000000  0.048054
24118.000000  -0.011746
24208.000000  0.021865
24261.000000  -0.001284
24292.000000  -0.015307
24318.000000  0.014624
24350.000000  0.008986
24388.000000  -0.030721
24405.000000  0.046861
24452.000000  -0.027596
24496.000000  -0.004550
24500.000000  -0.076054
24555.000000  0.051501
24683.000000  0.033827
24744.000000  -0.023978
24821.000000  0.005851
24888.000000  0.032409
24965.000000  0.008435
25025.000000  -0.042197
25060.000000  -0.015129
25120.000000  0.030498
25157.000000  0.006488
25216.000000  -0.034211
25298.000000  0.006375
25374.000000  0.078219
25435.000000  -0.038580
25511.000000  -0.013619
25577.000000  -0.020335
25671.000000  0.048782
25763.000000  -0.021588
25858.000000  0.001453
25910.000000  -0.055445
25948.000000  0.018495
25961.000000  0.017514
25994.000000  0.036712
26034.000000  -0.027598
26079.000000  -0.003089
26130.000000  0.024596
26193.000000  0.031067
26217.000000  -0.016886
26226.000000  -0.009335
26262.000000  0.051254
26289.000000  -0.036322
26328.000000  0.028861
26376.000000  0.004573
26429.000000  -0.057780
26493.000000  0.002040
26515.000000  -0.008190
26539.000000  -0.027049
26573.000000  0.028244
26593.000000  0.067856
26681.000000  -0.090347
26761.000000  0.000100
26843.000000  0.028047
26921.000000  -0.039031
27009.000000  0.045750
27094.000000  0.014859
27177.000000  -0.026690
27256.000000  -0.042650
27302.000000  0.037434
27353.000000  -0.054633
27419.000000  0.030289
27460.000000  0.055118
27493.000000  -0.076491
27540.000000  0.064200
27584.000000  -0.028463
27633.000000  0.003466
27683.000000  0.057294
27728.000000  -0.018312
27731.000000  -0.013575
27774.000000  -0.014018
27840.000000  -0.018616
27906.000000  0.012000
27984.000000  -0.031210
28027.000000  0.029597
28064.000000  -0.065144
28112.000000  0.035811
28164.000000  0.015429
28198.000000  0.037738
28236.000000  -0.034893
28291.000000  0.020209
28310.000000  -0.021652
28325.000000  0.025466
28336.000000  0.067899
28403.000000  -0.086725
28449.000000  -0.046606
28554.000000  0.069436
28606.000000  -0.033261
28648.000000  -0.013436
28682.000000  0.013929
28730.000000  0.009135
28770.000000  0.012073
28798.000000  -0.001690
28830.000000  -0.020364
28845.000000  0.014574
28925.000000  -0.036573
28966.000000  0.020117
29062.000000  0.008491
29116.000000  -0.022791
29266.000000  0.021810
29324.000000  -0.005083
29365.000000  0.001537
29411.000000  -0.015259
29475.000000  0.013086
29561.000000  0.025564
29669.000000  -0.009176
29671.000000  -0.094357
29709.000000  0.047053
29732.000000  0.037934
29774.000000  0.001079
29863.000000  -0.008433
29906.000000  -0.017144
29967.000000  -0.003455
30010.000000  0.006190
30055.000000  0.002118
30125.000000  -0.018256
30196.000000  0.012783
30234.000000  -0.008102
30268.000000  -0.023902
30273.000000  -0.019167
30293.000000  0.001344
30371.000000  0.053451
30417.000000  -0.040355
30486.000000  0.076095
30521.000000  -0.061757
30562.000000  -0.004151
30663.000000  0.044105
30718.000000  -0.018360
30759.000000  -0.020085
30813.000000  0.006482
30882.000000  0.051060
30917.000000  -0.011965
30950.000000  -0.035571
30954.000000  0.005227
30956.000000  -0.001537
31041.000000  0.018637
31043.000000  -0.047372
31196.000000  0.062597
31276.000000  -0.019129
31343.000000  -0.021232
31417.000000  0.033833
31500.000000  -0.014600
31588.000000  0.021454
31644.000000  -0.042019
31690.000000  0.048331
31746.000000  -0.016104
31770.000000  -0.024308
31799.000000  0.040174
31831.000000  -0.036305
31834.000000  0.014526
31858.000000  0.015546
31884.000000  -0.012976
31917.000000  0.008939
31954.000000  -0.016196
31998.000000  0.032637
32011.000000  -0.019539
32023.000000  -0.049249
32024.000000  -0.031856
32048.000000  0.008990
32093.000000  0.050945
32101.000000  -0.042167
32159.000000  0.027765
32248.000000  -0.017907
32322.000000  0.016307
32341.000000  -0.014604
32347.000000  -0.026932
32376.000000  0.065422
32473.000000  0.004109
32544.000000  0.008523
32618.000000  0.006044
32685.000000  0.003386
32761.000000  -0.013236
32834.000000  0.001269
32911.000000  -0.020563
33008.000000  0.000629
33102.000000  0.037020
33178.000000  -0.026165
33258.000000  0.000622
33334.000000  0.032683
33401.000000  0.018290
33494.000000  -0.047632
33586.000000  0.011877
33680.000000  -0.007318
33769.000000  0.053392
33849.000000  -0.021619
33927.000000  -0.025385
34020.000000  0.009269
34100.000000  0.033699
34177.000000  -0.025082
34223.000000  -0.005896
34267.000000  0.009081
34318.000000  0.011792
34371.000000  0.000755
34427.000000  -0.034545
34484.000000  -0.000432
34526.000000  -0.040605
34582.000000  0.036808
34638.000000  -0.033939
34694.000000  -0.004312
34750.000000  0.032310
34806.000000  -0.004813
34862.000000  -0.028611
34918.000000  0.012888
34965.000000  -0.013622
34998.000000  0.015883
35059.000000  0.035543
35142.000000  0.002471
35235.000000  -0.015830
35304.000000  0.027847
35322.000000  0.007804
35363.000000  -0.000250
35398.000000  0.020874
35437.000000  0.023088
35471.000000  0.006640
35514.000000  -0.017372
35544.000000  -0.039957
35590.000000  0.097064
35611.000000  -0.039942
35621.000000  -0.001990
35628.000000  0.015549
35635.000000  -0.001576
35650.000000  0.027468
35669.000000  0.042177
35713.000000  -0.088689
35741.000000  -0.025070
35776.000000  -0.010010
35808.000000  0.037450
35841.000000  -0.030953
35869.000000  0.025059
35894.000000  0.001331
35914.000000  0.005603
35935.000000  -0.022028
35960.000000  0.039392
35967.000000  -0.093923
36027.000000  -0.033758
36112.000000  -0.020326
36141.000000  0.032329
36184.000000  0.003258
36226.000000  -0.039804
36244.000000  0.010139
36334.000000  0.044024
36382.000000  -0.014187
36440.000000  -0.016768
36492.000000  0.051911
36559.000000  -0.037792
36599.000000  -0.014811
36647.000000  0.041679
36673.000000  0.004551
36683.000000  0.038120
36740.000000  -0.073438
36813.000000  0.008919
36864.000000  -0.027108
36918.000000  0.050405
36974.000000  -0.020541
37029.000000  -0.005642
37062.000000  -0.021972
37109.000000  0.005383
37147.000000  -0.020509
37178.000000  0.029742
37211.000000  0.044931
37241.000000  -0.053288
37273.000000  -0.005360
37386.000000  0.045718
37465.000000  -0.025546
37540.000000  0.048696
37624.000000  -0.012533
37715.000000  0.014830
37777.000000  -0.024558
37803.000000  0.006118
37835.000000  -0.012743
37850.000000  -0.003896
37864.000000  -0.021148
37941.000000  0.034392
38009.000000  -0.004901
38069.000000  -0.011257
38129.000000  -0.016874
38198.000000  -0.010570
38236.000000  0.011905
38284.000000  -0.021836
38341.000000  0.012839
38408.000000  0.061719
38446.000000  -0.033111
38495.000000  -0.009418
38544.000000  0.008882
38603.000000  0.053374
38630.000000  -0.003536
38633.000000  -0.021242
38671.000000  -0.052276
38688.000000  -0.022572
38774.000000  0.063800
38860.000000  -0.000785
38913.000000  -0.006302
38959.000000  -0.009244
39015.000000  -0.010071
39046.000000  -0.009328
39087.000000  0.026067
39092.000000  -0.017047
39144.000000  0.040942
39205.000000  -0.082306
39261.000000  0.050555
39316.000000  -0.009267
39372.000000  -0.025443
39403.000000  0.030531
39446.000000  0.000428
39506.000000  0.019115
39543.000000  -0.003091
39582.000000  -0.045770
39597.000000  0.028983
39639.000000  -0.043861
39722.000000  0.035537
39791.000000  0.017797
39864.000000  -0.008952
39964.000000  0.040383
40012.000000  -0.023056
40032.000000  -0.020936
40050.000000  -0.017955
40058.000000  -0.041060
40109.000000  0.081819
40169.000000  -0.045585
40221.000000  0.031894
40273.000000  -0.026649
40327.000000  0.037754
40357.000000  -0.032810
40401.000000  0.004877
40460.000000  0.025766
40497.000000  -0.012299
40536.000000  0.021095
40574.000000  -0.035014
40682.000000  0.055308
40720.000000  -0.071686
40764.000000  -0.032949
40770.000000  0.007516
40806.000000  0.020467
40821.000000  -0.037346
