216.000000  0.059654
287.000000  0.072607
390.000000  0.108109
469.000000  0.054958
532.000000  0.081881
590.000000  0.037893
636.000000  0.058280
700.000000  0.073834
771.000000  0.094024
843.000000  0.089665
917.000000  0.082805
997.000000  0.099840
1059.000000  0.087438
1149.000000  0.093821
1247.000000  0.096009
1398.000000  0.085407
1466.000000  0.098121
1557.000000  0.116078
1624.000000  0.102337
1716.000000  0.127320
1810.000000  0.143602
1877.000000  0.127826
1969.000000  0.127626
2047.000000  0.137986
2140.000000  0.150544
2203.000000  0.122561
2276.000000  0.125760
2341.000000  0.120011
2432.000000  0.120995
2526.000000  0.117760
2605.000000  0.118229
2666.000000  0.124052
2760.000000  0.119279
2854.000000  0.084591
2933.000000  0.143857
3025.000000  0.080220
3088.000000  0.120417
3161.000000  0.110067
3252.000000  0.125510
3327.000000  0.113803
3405.000000  0.111249
3426.000000  0.063317
3453.000000  0.091522
3511.000000  0.136408
3592.000000  0.132390
3652.000000  0.058907
3708.000000  0.101549
3763.000000  0.086400
3819.000000  0.087361
3877.000000  0.093875
3952.000000  0.113985
4050.000000  0.087569
4128.000000  0.087967
4198.000000  0.115781
4255.000000  0.080774
4312.000000  0.095120
4368.000000  0.069918
4424.000000  0.058436
4480.000000  0.058070
4527.000000  0.072729
4562.000000  0.064526
4614.000000  0.080868
4671.000000  0.096894
4731.000000  0.103415
4792.000000  0.096066
4851.000000  0.087235
4911.000000  0.096683
4957.000000  0.066265
5017.000000  0.089873
5076.000000  0.090922
5136.000000  0.090631
5196.000000  0.088951
5256.000000  0.095172
5316.000000  0.065083
5362.000000  0.086257
5421.000000  0.087533
5478.000000  0.073715
5540.000000  0.088211
5601.000000  0.077719
5661.000000  0.087524
5733.000000  0.098481
5769.000000  0.075036
5820.000000  0.060802
5880.000000  0.107570
5933.000000  0.123365
5961.000000  0.115046
5990.000000  0.112945
6041.000000  0.123702
6095.000000  0.163368
6139.000000  0.176982
6175.000000  0.177286
6212.000000  0.162003
6264.000000  0.183902
6315.000000  0.171803
6368.000000  0.170129
6408.000000  0.173045
6445.000000  0.172525
6484.000000  0.159725
6534.000000  0.181197
6577.000000  0.125197
6626.000000  0.152127
6677.000000  0.166114
6716.000000  0.147849
6772.000000  0.176199
6828.000000  0.162926
6834.000000  0.201721
6859.000000  0.192346
6898.000000  0.181295
6944.000000  0.182839
6991.000000  0.128748
7031.000000  0.128822
7078.000000  0.139727
7124.000000  0.107740
7167.000000  0.114347
7213.000000  0.170681
7229.000000  0.141867
7266.000000  0.118670
7313.000000  0.141721
7364.000000  0.164141
7416.000000  0.117624
7468.000000  0.128907
7520.000000  0.129228
7572.000000  0.110238
7623.000000  0.098185
7675.000000  0.144134
7728.000000  0.153050
7778.000000  0.165649
7814.000000  0.229659
7833.000000  0.217751
7839.000000  0.202974
7846.000000  0.244177
7862.000000  0.248557
7882.000000  0.284352
7910.000000  0.292606
7945.000000  0.331699
7986.000000  0.360947
8030.000000  0.357515
8078.000000  0.336801
8123.000000  0.489218
8146.000000  0.429662
8159.000000  0.630456
8204.000000  0.235112
8270.000000  0.278414
8354.000000  0.225974
8438.000000  0.189374
8491.000000  0.228014
8523.000000  0.235676
8548.000000  0.227079
8563.000000  0.175739
8567.000000  0.204233
8607.000000  0.088143
8661.000000  0.116694
8713.000000  0.103446
8772.000000  0.062167
8858.000000  0.112327
8938.000000  0.063591
9000.000000  0.103761
9056.000000  0.082407
9112.000000  0.085971
9173.000000  0.065825
9210.000000  0.059126
9264.000000  0.088564
9316.000000  0.083874
9375.000000  0.090351
9436.000000  0.108546
9496.000000  0.138645
9526.000000  0.179848
9546.000000  0.166775
9574.000000  0.215411
9618.000000  0.232624
9669.000000  0.286374
9721.000000  0.301430
9776.000000  0.387903
9815.000000  0.571392
9816.000000  0.497081
9824.000000  0.360043
9839.000000  0.388150
9850.000000  0.367014
9953.000000  0.071149
10036.000000  0.108382
10133.000000  0.115972
10210.000000  0.113585
10264.000000  0.095734
10327.000000  0.087032
10408.000000  0.123914
10459.000000  0.115992
10527.000000  0.092660
10618.000000  0.105082
10685.000000  0.082202
10736.000000  0.115360
10793.000000  0.059250
10822.000000  0.075337
10838.000000  0.103646
10866.000000  0.107464
10906.000000  0.120480
10916.000000  0.119589
10995.000000  0.077003
11078.000000  0.090087
11174.000000  0.108123
11238.000000  0.100158
11286.000000  0.085866
11313.000000  0.066764
11324.000000  0.060966
11352.000000  0.044753
11397.000000  0.064288
11435.000000  0.070327
11488.000000  0.116143
11541.000000  0.121299
11594.000000  0.093559
11664.000000  0.108005
11707.000000  0.090728
11717.000000  0.078881
11718.000000  0.058369
11797.000000  0.068717
11851.000000  0.076818
11926.000000  0.092781
11986.000000  0.103408
12079.000000  0.067812
12167.000000  0.113655
12216.000000  0.104322
12269.000000  0.078758
12311.000000  0.089668
12344.000000  0.088620
12387.000000  0.084665
12435.000000  0.109931
12488.000000  0.111543
12497.000000  0.115986
12506.000000  0.027075
12556.000000  0.049979
12622.000000  0.066830
12674.000000  0.089772
12744.000000  0.092846
12785.000000  0.088893
12825.000000  0.070701
12884.000000  0.099408
12936.000000  0.085978
12967.000000  0.086198
13013.000000  0.092448
13045.000000  0.114106
13047.000000  0.111584
13087.000000  0.052010
13166.000000  0.075864
13215.000000  0.067736
13269.000000  0.084388
13325.000000  0.103861
13372.000000  0.072214
13408.000000  0.073914
13469.000000  0.104095
13505.000000  0.097606
13539.000000  0.102130
13567.000000  0.079042
13583.000000  0.080339
13606.000000  0.055584
13650.000000  0.033415
13692.000000  0.061828
13738.000000  0.047001
13779.000000  0.055096
13824.000000  0.057737
13869.000000  0.035471
13910.000000  0.044566
13954.000000  0.036953
14008.000000  0.064203
14074.000000  0.075078
14147.000000  0.090001
14232.000000  0.103528
14289.000000  0.083621
14348.000000  0.068937
14442.000000  0.085153
14507.000000  0.076723
14552.000000  0.080153
14594.000000  0.086855
14648.000000  0.089385
14738.000000  0.113049
14829.000000  0.108525
14897.000000  0.129925
14994.000000  0.086494
15078.000000  0.112855
15147.000000  0.157807
15189.000000  0.107575
15257.000000  0.058203
15320.000000  0.092751
15388.000000  0.098151
15424.000000  0.083368
15454.000000  0.046818
15459.000000  0.053505
15488.000000  0.098958
15513.000000  0.049966
15558.000000  0.115836
15598.000000  0.045479
15678.000000  0.103802
15761.000000  0.112686
15837.000000  0.092073
15876.000000  0.093640
15915.000000  0.094296
15936.000000  0.088179
15948.000000  0.061579
15958.000000  0.088492
16008.000000  0.053234
16055.000000  0.050536
16096.000000  0.056375
16161.000000  0.061492
16215.000000  0.070983
16275.000000  0.083623
16334.000000  0.065507
16391.000000  0.071037
16438.000000  0.039414
16487.000000  0.037341
16533.000000  0.064116
16580.000000  0.056002
16628.000000  0.061677
16675.000000  0.078739
16744.000000  0.076805
16839.000000  0.085738
16926.000000  0.081699
17008.000000  0.162503
17092.000000  0.095858
17176.000000  0.119919
17261.000000  0.113462
17343.000000  0.138126
17439.000000  0.093641
17531.000000  0.107858
17621.000000  0.127530
17688.000000  0.116474
17787.000000  0.123612
17862.000000  0.085290
17913.000000  0.090746
17972.000000  0.118805
18016.000000  0.093686
18069.000000  0.109489
18131.000000  0.090373
18198.000000  0.121343
18266.000000  0.098242
18336.000000  0.089588
18404.000000  0.070301
18448.000000  0.093276
18482.000000  0.076946
18534.000000  0.109577
18591.000000  0.086427
18652.000000  0.102184
18712.000000  0.120440
18772.000000  0.085700
18832.000000  0.068121
18892.000000  0.081777
18952.000000  0.052586
19011.000000  0.061856
19054.000000  0.068125
19101.000000  0.100794
19118.000000  0.118657
19139.000000  0.140606
19166.000000  0.141618
19202.000000  0.160284
19238.000000  0.174986
19280.000000  0.203598
19317.000000  0.243321
19323.000000  0.227429
19367.000000  0.194069
19417.000000  0.220719
19447.000000  0.188575
19481.000000  0.161978
19528.000000  0.184607
19600.000000  0.135092
19634.000000  0.117440
19697.000000  0.042285
19754.000000  0.073948
19809.000000  0.056829
19840.000000  0.043390
19874.000000  0.029997
19964.000000  0.074148
20070.000000  0.088296
20172.000000  0.093270
20232.000000  0.087863
20306.000000  0.058682
20433.000000  0.088402
20436.000000  0.009019
20473.000000  0.053891
20476.000000  0.015463
20540.000000  0.091678
20554.000000  0.054728
20618.000000  0.049558
20653.000000  0.053649
20659.000000  0.010856
20664.000000  0.056176
20697.000000  0.061120
20775.000000  0.038100
20804.000000  0.050099
20844.000000  0.062546
20854.000000  0.042960
20912.000000  0.073053
20989.000000  0.040586
21073.000000  0.077440
21132.000000  0.091182
21180.000000  0.063008
21243.000000  0.052071
21298.000000  0.038628
21351.000000  0.041879
21407.000000  0.040834
21459.000000  0.061176
21509.000000  0.072727
21579.000000  0.075553
21670.000000  0.051936
21752.000000  0.065373
21802.000000  0.080080
21856.000000  0.080276
21912.000000  0.086627
21968.000000  0.062255
22024.000000  0.080217
22099.000000  0.084898
22161.000000  0.094188
22220.000000  0.072839
22280.000000  0.081654
22341.000000  0.051808
22401.000000  0.067358
22461.000000  0.093680
22520.000000  0.100503
22581.000000  0.089490
22645.000000  0.089154
22682.000000  0.077162
22723.000000  0.052403
22784.000000  0.064227
22842.000000  0.073321
22905.000000  0.064534
22961.000000  0.066644
23027.000000  0.066077
23101.000000  0.042556
23164.000000  0.044172
23208.000000  0.040031
23248.000000  0.039178
23287.000000  0.041545
23329.000000  0.042537
23383.000000  0.053963
23462.000000  0.081746
23571.000000  0.089009
23641.000000  0.091089
23717.000000  0.128468
23779.000000  0.116718
23854.000000  0.100916
23923.000000  0.112414
23961.000000  0.091503
24017.000000  0.040258
24066.000000  0.088312
24118.000000  0.076566
24208.000000  0.098431
24261.000000  0.097147
24292.000000  0.081840
24318.000000  0.096465
24350.000000  0.105451
24388.000000  0.074730
24405.000000  0.121591
24452.000000  0.093994
24496.000000  0.089444
24500.000000  0.013390
24555.000000  0.064891
24683.000000  0.098717
24744.000000  0.074739
24821.000000  0.080590
24888.000000  0.112998
24965.000000  0.121434
25025.000000  0.079237
25060.000000  0.064108
25120.000000  0.094606
25157.000000  0.101093
25216.000000  0.066883
25298.000000  0.073257
25374.000000  0.151476
25435.000000  0.112896
25511.000000  0.099277
25577.000000  0.078942
25671.000000  0.127724
25763.000000  0.106136
25858.000000  0.107589
25910.000000  0.052144
25948.000000  0.070638
25961.000000  0.088153
25994.000000  0.124865
26034.000000  0.097267
26079.000000  0.094178
26130.000000  0.118774
26193.000000  0.149841
26217.000000  0.132954
26226.000000  0.123619
26262.000000  0.174873
26289.000000  0.138551
26328.000000  0.167411
26376.000000  0.171984
26429.000000  0.114204
26493.000000  0.116245
26515.000000  0.108055
26539.000000  0.081005
26573.000000  0.109249
26593.000000  0.177105
26681.000000  0.086758
26761.000000  0.086858
26843.000000  0.114904
26921.000000  0.075873
27009.000000  0.121623
27094.000000  0.136482
27177.000000  0.109792
27256.000000  0.067142
27302.000000  0.104576
27353.000000  0.049943
27419.000000  0.080232
27460.000000  0.135349
27493.000000  0.058858
27540.000000  0.123058
27584.000000  0.094595
27633.000000  0.098061
27683.000000  0.155355
27728.000000  0.137043
27731.000000  0.123468
27774.000000  0.109450
27840.000000  0.090835
27906.000000  0.102835
27984.000000  0.071625
28027.000000  0.101222
28064.000000  0.036078
28112.000000  0.071889
28164.000000  0.087319
28198.000000  0.125057
28236.000000  0.090164
28291.000000  0.110373
28310.000000  0.088721
28325.000000  0.114186
28336.000000  0.182085
28403.000000  0.095360
28449.000000  0.048754
28554.000000  0.118191
28606.000000  0.084929
28648.000000  0.071493
28682.000000  0.085422
28730.000000  0.094557
28770.000000  0.106630
28798.000000  0.104939
28830.000000  0.084575
28845.000000  0.099150
28925.000000  0.062577
28966.000000  0.082694
29062.000000  0.091185
29116.000000  0.068394
29266.000000  0.090203
29324.000000  0.085120
29365.000000  0.086657
29411.000000  0.071398
29475.000000  0.084484
29561.000000  0.110048
29669.000000  0.100873
29671.000000  0.006516
29709.000000  0.053569
29732.000000  0.091503
29774.000000  0.092582
29863.000000  0.084149
29906.000000  0.067006
29967.000000  0.063551
30010.000000  0.069741
30055.000000  0.071859
30125.000000  0.053603
30196.000000  0.066386
30234.000000  0.058284
30268.000000  0.034382
30273.000000  0.015216
30293.000000  0.016560
30371.000000  0.070011
30417.000000  0.029656
30486.000000  0.105750
30521.000000  0.043993
30562.000000  0.039842
30663.000000  0.083947
30718.000000  0.065587
30759.000000  0.045502
30813.000000  0.051984
30882.000000  0.103044
30917.000000  0.091079
30950.000000  0.055508
30954.000000  0.060735
30956.000000  0.059198
31041.000000  0.077835
31043.000000  0.030463
31196.000000  0.093060
31276.000000  0.073930
31343.000000  0.052699
31417.000000  0.086531
31500.000000  0.071932
31588.000000  0.093385
31644.000000  0.051367
31690.000000  0.099698
31746.000000  0.083594
31770.000000  0.059286
31799.000000  0.099460
31831.000000  0.063156
31834.000000  0.077682
31858.000000  0.093228
31884.000000  0.080252
31917.000000  0.089191
31954.000000  0.072995
31998.000000  0.105632
32011.000000  0.086094
32023.000000  0.036845
32024.000000  0.004988
32048.000000  0.013978
32093.000000  0.064923
32101.000000  0.022756
32159.000000  0.050520
32248.000000  0.032614
32322.000000  0.048920
32341.000000  0.034316
32347.000000  0.007385
32376.000000  0.072806
32473.000000  0.076916
32544.000000  0.085439
32618.000000  0.091483
32685.000000  0.094869
32761.000000  0.081633
32834.000000  0.082902
32911.000000  0.062339
33008.000000  0.062968
33102.000000  0.099989
33178.000000  0.073824
33258.000000  0.074446
33334.000000  0.107130
33401.000000  0.125419
33494.000000  0.077787
33586.000000  0.089664
33680.000000  0.082346
33769.000000  0.135737
33849.000000  0.114118
33927.000000  0.088734
34020.000000  0.098003
34100.000000  0.131702
34177.000000  0.106620
34223.000000  0.100725
34267.000000  0.109806
34318.000000  0.121597
34371.000000  0.122352
34427.000000  0.087807
34484.000000  0.087374
34526.000000  0.046769
34582.000000  0.083578
34638.000000  0.049639
34694.000000  0.045327
34750.000000  0.077636
34806.000000  0.072824
34862.000000  0.044212
34918.000000  0.057100
34965.000000  0.043478
34998.000000  0.059361
35059.000000  0.094904
35142.000000  0.097374
35235.000000  0.081544
35304.000000  0.109391
35322.000000  0.117195
35363.000000  0.116945
35398.000000  0.137819
35437.000000  0.160908
35471.000000  0.167548
35514.000000  0.150176
35544.000000  0.110219
35590.000000  0.207283
35611.000000  0.167341
35621.000000  0.165351
35628.000000  0.180900
35635.000000  0.179323
35650.000000  0.206791
35669.000000  0.248968
35713.000000  0.160279
35741.000000  0.135210
35776.000000  0.125199
35808.000000  0.162649
35841.000000  0.131696
35869.000000  0.156755
35894.000000  0.158086
35914.000000  0.163689
35935.000000  0.141661
35960.000000  0.181053
35967.000000  0.087131
36027.000000  0.053372
36112.000000  0.033046
36141.000000  0.065375
36184.000000  0.068632
36226.000000  0.028829
36244.000000  0.038968
36334.000000  0.082991
36382.000000  0.068804
36440.000000  0.052036
36492.000000  0.103947
36559.000000  0.066155
36599.000000  0.051344
36647.000000  0.093023
36673.000000  0.097573
36683.000000  0.135693
36740.000000  0.062255
36813.000000  0.071175
36864.000000  0.044066
36918.000000  0.094471
36974.000000  0.073930
37029.000000  0.068288
37062.000000  0.046316
37109.000000  0.051699
37147.000000  0.031190
37178.000000  0.060932
37211.000000  0.105863
37241.000000  0.052574
37273.000000  0.047215
37386.000000  0.092932
37465.000000  0.067387
37540.000000  0.116082
37624.000000  0.103549
37715.000000  0.118380
37777.000000  0.093822
37803.000000  0.099940
37835.000000  0.087197
37850.000000  0.083301
37864.000000  0.062153
37941.000000  0.096545
38009.000000  0.091644
38069.000000  0.080388
38129.000000  0.063514
38198.000000  0.052943
38236.000000  0.064848
38284.000000  0.043012
38341.000000  0.055851
38408.000000  0.117569
38446.000000  0.084458
38495.000000  0.075040
38544.000000  0.083922
38603.000000  0.137296
38630.000000  0.133760
38633.000000  0.112518
38671.000000  0.060242
38688.000000  0.037670
38774.000000  0.101470
38860.000000  0.100685
38913.000000  0.094383
38959.000000  0.085139
39015.000000  0.075068
39046.000000  0.065740
39087.000000  0.091807
39092.000000  0.074760
39144.000000  0.115702
39205.000000  0.033396
39261.000000  0.083951
39316.000000  0.074684
39372.000000  0.049241
39403.000000  0.079772
39446.000000  0.080200
39506.000000  0.099315
39543.000000  0.096224
39582.000000  0.050454
39597.000000  0.079437
39639.000000  0.035576
39722.000000  0.071113
39791.000000  0.088910
39864.000000  0.079957
39964.000000  0.120340
40012.000000  0.097284
40032.000000  0.076348
40050.000000  0.058392
40058.000000  0.017332
40109.000000  0.099151
40169.000000  0.053566
40221.000000  0.085459
40273.000000  0.058810
40327.000000  0.096565
40357.000000  0.063755
40401.000000  0.068632
40460.000000  0.094398
40497.000000  0.082099
40536.000000  0.103194
40574.000000  0.068180
40682.000000  0.123488
40720.000000  0.051803
40764.000000  0.018853
40770.000000  0.026369
40806.000000  0.046836
40821.000000  0.009489
