995.000000  0.218404
1185.000000  -0.047772
1396.000000  -0.043638
1557.000000  0.030651
1783.000000  0.009377
1802.000000  -0.114951
2013.000000  0.138094
2038.000000  -0.123636
2307.000000  0.141310
2576.000000  0.005098
2901.000000  0.040011
2996.000000  -0.062441
3329.000000  0.102320
3413.000000  -0.051721
3744.000000  0.061112
4051.000000  0.003439
4297.000000  -0.032318
4402.000000  -0.036371
4623.000000  0.022255
4886.000000  0.007373
5147.000000  0.026196
5409.000000  0.016045
5476.000000  -0.099229
5700.000000  0.124302
5897.000000  -0.082133
6047.000000  -0.020139
6183.000000  0.013584
6242.000000  -0.025928
6407.000000  -0.006602
6580.000000  0.010358
6690.000000  0.001210
6825.000000  -0.008473
7031.000000  0.049030
7163.000000  -0.033049
7329.000000  -0.024670
7411.000000  -0.004112
7639.000000  0.031171
7909.000000  0.030102
8146.000000  -0.009550
8415.000000  0.020005
8534.000000  -0.044613
8696.000000  0.040418
8832.000000  -0.031771
8896.000000  -0.033145
9008.000000  0.003646
9091.000000  -0.023339
9190.000000  0.003438
9263.000000  -0.035601
9332.000000  0.014896
9415.000000  -0.018022
9563.000000  0.027687
9619.000000  0.001174
9762.000000  0.037732
9937.000000  -0.003464
10110.000000  0.004253
10274.000000  0.039570
10447.000000  0.014628
10583.000000  -0.041083
10684.000000  -0.019630
10784.000000  0.008079
10894.000000  0.015070
11007.000000  0.003364
11087.000000  -0.046047
11172.000000  0.019951
11279.000000  0.022545
11413.000000  -0.020447
11526.000000  0.010239
11644.000000  0.004703
11736.000000  -0.014065
11906.000000  0.036559
12157.000000  0.041699
12406.000000  0.011398
12638.000000  0.026359
12772.000000  0.027630
12928.000000  0.034327
13050.000000  -0.044814
13179.000000  -0.036383
13353.000000  0.052959
13513.000000  0.057514
13682.000000  0.038624
13926.000000  -0.008054
14082.000000  -0.000287
14269.000000  0.076569
14470.000000  -0.030156
14667.000000  0.016220
14805.000000  -0.042237
14951.000000  0.007863
15122.000000  -0.077796
15248.000000  0.025579
15424.000000  0.004204
15618.000000  0.021968
15764.000000  0.015195
15895.000000  0.104280
16043.000000  -0.155820
16129.000000  0.006718
16192.000000  -0.140275
16258.000000  -0.001625
16374.000000  0.088573
16564.000000  0.073144
16771.000000  0.062643
17047.000000  0.162847
17313.000000  -0.080468
17477.000000  -0.008199
17659.000000  -0.111491
17827.000000  0.051691
18027.000000  0.010631
18204.000000  -0.017931
18386.000000  0.029724
18582.000000  0.049711
18764.000000  -0.074272
18946.000000  0.014605
19169.000000  0.002602
19337.000000  -0.037028
19499.000000  -0.024827
19640.000000  -0.002448
19887.000000  0.056619
20014.000000  0.016708
20182.000000  -0.011310
20421.000000  -0.001533
20608.000000  -0.021588
20833.000000  -0.005476
20989.000000  -0.028695
21130.000000  -0.007589
21251.000000  -0.041392
21384.000000  -0.004464
21522.000000  0.009939
21694.000000  0.036158
21820.000000  0.001204
21885.000000  -0.060575
21960.000000  0.107518
22006.000000  -0.101905
22087.000000  0.040847
22159.000000  0.035086
22196.000000  -0.023177
22270.000000  0.076956
22391.000000  0.064309
22572.000000  0.097708
22678.000000  0.124766
22762.000000  -0.499168
22897.000000  0.010669
22986.000000  0.007440
23078.000000  0.013515
23205.000000  0.018027
23372.000000  0.307507
23495.000000  -0.021856
23642.000000  -0.051352
23831.000000  -0.128034
24008.000000  -0.074580
24125.000000  -0.059276
24215.000000  0.019655
24415.000000  0.007486
24635.000000  -0.006503
24850.000000  0.039947
25134.000000  0.001836
25283.000000  0.007258
25457.000000  0.011369
25567.000000  -0.032462
25760.000000  0.033302
25897.000000  0.032809
26012.000000  0.034278
26147.000000  0.032073
26262.000000  -0.035766
26380.000000  0.091305
26520.000000  0.024245
26650.000000  0.062033
26770.000000  -0.183827
26889.000000  0.032977
27005.000000  0.188311
27139.000000  -0.350002
27270.000000  -0.028424
27406.000000  0.018468
27520.000000  0.017182
27681.000000  0.009725
27913.000000  0.019707
28108.000000  -0.001760
28301.000000  -0.003140
28389.000000  0.022065
28557.000000  0.073917
28653.000000  0.068912
28832.000000  -0.076354
29099.000000  -0.029749
29307.000000  0.041094
29566.000000  -0.020538
29823.000000  -0.015164
30046.000000  0.010515
30280.000000  0.044660
30526.000000  -0.011635
30738.000000  0.130835
30993.000000  0.014477
31246.000000  0.041073
31474.000000  0.010537
31697.000000  -0.006259
31851.000000  0.035750
31955.000000  -0.198549
32106.000000  0.004993
32350.000000  0.569314
32537.000000  0.107098
32672.000000  -0.643924
32767.000000  -0.051292
32877.000000  0.034664
32945.000000  -0.016440
33007.000000  -0.002196
33078.000000  -0.033390
33193.000000  -0.090535
33318.000000  0.457456
33460.000000  -0.326431
33656.000000  0.019242
33806.000000  0.001728
33998.000000  0.005338
34121.000000  0.004363
34235.000000  -0.012746
34325.000000  -0.005267
34364.000000  -0.162309
34421.000000  -0.035857
34592.000000  0.063899
34618.000000  0.011310
34665.000000  -0.055036
34711.000000  0.052603
34729.000000  -0.024406
34748.000000  -0.004970
34763.000000  0.040113
34778.000000  0.113431
34794.000000  -0.215086
34807.000000  0.179401
34843.000000  0.067642
34887.000000  -0.004067
34965.000000  0.031682
35047.000000  -0.006352
35099.000000  -0.183546
35222.000000  0.118614
35450.000000  0.038259
35674.000000  -0.087401
35881.000000  0.015999
36020.000000  -0.049148
36135.000000  -0.001939
36211.000000  -0.015777
36300.000000  0.089509
36383.000000  -0.104543
36496.000000  0.022803
36621.000000  0.005874
36683.000000  -0.033621
36786.000000  -0.017672
36832.000000  0.017170
36908.000000  -0.007933
36939.000000  0.090075
37044.000000  0.062731
37263.000000  -0.000063
37384.000000  -0.099483
37565.000000  -0.000048
37779.000000  0.048885
37914.000000  -0.035415
38022.000000  -0.034590
38152.000000  -0.036829
38213.000000  -0.013434
38235.000000  0.015486
38344.000000  0.037285
38430.000000  0.031677
38496.000000  -0.067121
38532.000000  -0.006902
38582.000000  -0.038998
38676.000000  0.082594
38772.000000  -0.024635
38823.000000  -0.041238
38894.000000  0.036029
39028.000000  0.025053
39124.000000  -0.021626
39248.000000  0.025825
39343.000000  -0.015444
39458.000000  -0.011186
39521.000000  0.008465
39574.000000  -0.001721
39610.000000  -0.015239
39641.000000  0.019784
39708.000000  0.010527
39771.000000  -0.019131
39790.000000  -0.032245
39833.000000  0.027825
39891.000000  -0.024693
39928.000000  -0.016334
39974.000000  0.008174
40052.000000  0.000614
40170.000000  0.012791
40247.000000  0.031819
40324.000000  -0.028488
40389.000000  0.045376
40392.000000  -0.062653
40436.000000  0.000201
40501.000000  0.036439
40588.000000  -0.009698
40669.000000  0.031291
40742.000000  -0.011565
40807.000000  -0.031136
40813.000000  -0.012530
40816.000000  0.002633
40824.000000  0.007888
