269.000000  0.067173
311.000000  0.041930
335.000000  0.018159
356.000000  0.023007
386.000000  0.033348
419.000000  0.030945
468.000000  0.044418
500.000000  0.043418
529.000000  0.036280
561.000000  0.040092
599.000000  0.045404
632.000000  0.058284
656.000000  0.036748
686.000000  0.045056
723.000000  0.043175
767.000000  0.048034
818.000000  0.045300
856.000000  0.044167
911.000000  0.061726
954.000000  0.048607
1013.000000  0.075515
1013.000000  0.011662
1049.000000  0.054754
1084.000000  0.062193
1123.000000  0.048728
1167.000000  0.051211
1187.000000  0.039015
1228.000000  0.064440
1269.000000  0.067565
1302.000000  0.044500
1338.000000  0.054024
1375.000000  0.070418
1431.000000  0.063277
1449.000000  0.044762
1484.000000  0.066927
1494.000000  0.039811
1514.000000  0.072873
1566.000000  0.076765
1590.000000  0.057388
1618.000000  0.063733
1643.000000  0.060070
1674.000000  0.075490
1694.000000  0.079078
1714.000000  0.049713
1742.000000  0.081515
1766.000000  0.057958
1800.000000  0.090574
1835.000000  0.066428
1887.000000  0.060640
1913.000000  0.062620
1945.000000  0.063442
1979.000000  0.049908
2015.000000  0.073006
2032.000000  0.047688
2041.000000  0.029652
2077.000000  0.070164
2110.000000  0.060864
2125.000000  0.046763
2148.000000  0.051162
2168.000000  0.052897
2192.000000  0.076606
2206.000000  0.044329
2239.000000  0.081968
2256.000000  0.053004
2283.000000  0.079557
2306.000000  0.061390
2334.000000  0.064268
2362.000000  0.055068
2389.000000  0.050869
2401.000000  0.041636
2425.000000  0.062324
2438.000000  0.044870
2461.000000  0.062301
2484.000000  0.070165
2513.000000  0.062103
2552.000000  0.079391
2571.000000  0.048030
2595.000000  0.058079
2637.000000  0.064928
2680.000000  0.068995
2701.000000  0.053012
2720.000000  0.052969
2743.000000  0.066792
2772.000000  0.052071
2799.000000  0.054685
2851.000000  0.082670
2891.000000  0.061785
2910.000000  0.057727
2956.000000  0.082148
3009.000000  0.092677
3038.000000  0.087386
3055.000000  0.066208
3099.000000  0.093557
3132.000000  0.100711
3152.000000  0.076745
3197.000000  0.088433
3237.000000  0.111966
3257.000000  0.084243
3278.000000  0.085315
3304.000000  0.089343
3333.000000  0.085830
3370.000000  0.100338
3376.000000  0.067094
3407.000000  0.091328
3435.000000  0.097292
3470.000000  0.100260
3489.000000  0.081169
3519.000000  0.093661
3551.000000  0.107100
3582.000000  0.072274
3612.000000  0.112032
3640.000000  0.075727
3645.000000  0.069042
3679.000000  0.095343
3710.000000  0.098736
3751.000000  0.102346
3786.000000  0.080636
3828.000000  0.081045
3878.000000  0.086067
3909.000000  0.089876
3944.000000  0.092171
3966.000000  0.086598
3987.000000  0.096053
3992.000000  0.041169
4028.000000  0.083916
4029.000000  0.040295
4050.000000  0.081819
4064.000000  0.047566
4082.000000  0.076917
4101.000000  0.076216
4114.000000  0.072353
4120.000000  0.066869
4143.000000  0.098468
4184.000000  0.141253
4217.000000  0.104833
4247.000000  0.060529
4280.000000  0.089476
4305.000000  0.087780
4307.000000  0.049134
4328.000000  0.067398
4353.000000  0.109393
4397.000000  0.111794
4436.000000  0.101459
4469.000000  0.125003
4516.000000  0.128000
4554.000000  0.101820
4559.000000  0.068791
4583.000000  0.082780
4620.000000  0.089282
4654.000000  0.091692
4684.000000  0.094231
4727.000000  0.080986
4762.000000  0.092002
4777.000000  0.058213
4829.000000  0.090191
4861.000000  0.087506
4889.000000  0.085933
4921.000000  0.109673
4934.000000  0.085757
4967.000000  0.094005
4996.000000  0.107736
5039.000000  0.108306
5077.000000  0.102874
5117.000000  0.090281
5174.000000  0.100494
5202.000000  0.114858
5239.000000  0.148016
5247.000000  0.062669
5270.000000  0.139762
5290.000000  0.125783
5309.000000  0.135366
5327.000000  0.148951
5344.000000  0.159575
5352.000000  0.070236
5368.000000  0.070902
5385.000000  0.068737
5407.000000  0.080860
5434.000000  0.167331
5465.000000  0.142603
5492.000000  0.182148
5526.000000  0.184818
5529.000000  0.060638
5548.000000  0.098933
5571.000000  0.107635
5594.000000  0.100307
5600.000000  0.068142
5623.000000  0.086890
5640.000000  0.082533
5655.000000  0.077900
5663.000000  0.067529
5673.000000  0.070321
5696.000000  0.169235
5711.000000  0.184220
5742.000000  0.215696
5775.000000  0.197235
5796.000000  0.182903
5819.000000  0.186309
5840.000000  0.175856
5855.000000  0.085978
5888.000000  0.196456
5931.000000  0.143034
5972.000000  0.119767
5972.000000  0.054705
6007.000000  0.135236
6045.000000  0.144373
6084.000000  0.134695
6131.000000  0.101065
6176.000000  0.165630
6220.000000  0.158709
6243.000000  0.110118
6270.000000  0.143649
6308.000000  0.185855
6330.000000  0.132721
6345.000000  0.128707
6366.000000  0.124322
6402.000000  0.153012
6428.000000  0.103683
6476.000000  0.099534
6507.000000  0.092881
6519.000000  0.105628
6538.000000  0.074595
6563.000000  0.076849
6586.000000  0.076090
6613.000000  0.128101
6637.000000  0.076008
6646.000000  0.077615
6663.000000  0.093469
6695.000000  0.094016
6699.000000  0.069687
6739.000000  0.104985
6759.000000  0.102012
6773.000000  0.081570
6795.000000  0.086609
6818.000000  0.075129
6839.000000  0.083410
6864.000000  0.084696
6874.000000  0.097745
6904.000000  0.085978
6918.000000  0.095175
6944.000000  0.077692
6964.000000  0.085606
6979.000000  0.097014
6989.000000  0.080806
7019.000000  0.075526
7049.000000  0.085895
7075.000000  0.090422
7106.000000  0.097804
7136.000000  0.100870
7174.000000  0.099436
7209.000000  0.102713
7217.000000  0.076758
7261.000000  0.098719
7300.000000  0.123745
7328.000000  0.135323
7328.000000  0.069009
7356.000000  0.175082
7377.000000  0.171297
7400.000000  0.173406
7423.000000  0.175080
7439.000000  0.199243
7458.000000  0.097709
7478.000000  0.097235
7499.000000  0.108143
7522.000000  0.100814
7536.000000  0.081859
7560.000000  0.104723
7583.000000  0.109240
7605.000000  0.088070
7632.000000  0.113249
7648.000000  0.092170
7665.000000  0.083368
7701.000000  0.110723
7724.000000  0.110072
7750.000000  0.114925
7791.000000  0.124204
7816.000000  0.107084
7833.000000  0.100218
7843.000000  0.087407
7865.000000  0.081940
7879.000000  0.081223
7893.000000  0.088507
7903.000000  0.092773
7912.000000  0.096196
7935.000000  0.124120
7961.000000  0.110455
7980.000000  0.115401
7997.000000  0.128605
8016.000000  0.112908
8049.000000  0.156092
8087.000000  0.227890
8122.000000  0.197942
8156.000000  0.203606
8198.000000  0.203304
8238.000000  0.202332
8267.000000  0.126527
8305.000000  0.141215
8306.000000  0.077206
8357.000000  0.138239
8394.000000  0.143879
8431.000000  0.137082
8480.000000  0.150211
8514.000000  0.159481
8553.000000  0.129236
8570.000000  0.109063
8587.000000  0.131834
8606.000000  0.121294
8642.000000  0.149996
8654.000000  0.163280
8661.000000  0.104920
8670.000000  0.116795
8684.000000  0.145413
8696.000000  0.164666
8712.000000  0.177691
8737.000000  0.133510
8759.000000  0.166738
8800.000000  0.195723
8815.000000  0.170015
8833.000000  0.169632
8853.000000  0.279087
8872.000000  0.104940
8899.000000  0.145283
8922.000000  0.114861
8941.000000  0.101772
8958.000000  0.117312
8977.000000  0.115867
8990.000000  0.128856
9013.000000  0.191748
9025.000000  0.234504
9035.000000  0.224308
9064.000000  0.226146
9097.000000  0.223711
9147.000000  0.232418
9202.000000  0.228529
9222.000000  0.168940
9252.000000  0.172810
9284.000000  0.185845
9322.000000  0.123643
9352.000000  0.148465
9370.000000  0.150581
9384.000000  0.097529
9396.000000  0.103493
9419.000000  0.114409
9439.000000  0.111183
9449.000000  0.086369
9462.000000  0.102901
9470.000000  0.096835
9491.000000  0.162428
9512.000000  0.106348
9528.000000  0.098825
9538.000000  0.102282
9555.000000  0.094872
9567.000000  0.105555
9578.000000  0.094318
9591.000000  0.101103
9604.000000  0.148854
9628.000000  0.108552
9642.000000  0.097520
9657.000000  0.088494
9668.000000  0.093034
9674.000000  0.092531
9679.000000  0.092022
9689.000000  0.120452
9719.000000  0.101139
9750.000000  0.102710
9777.000000  0.088813
9781.000000  0.087558
9792.000000  0.092671
9795.000000  0.084696
9796.000000  0.096625
9812.000000  0.091944
9830.000000  0.094377
9843.000000  0.092949
9848.000000  0.090565
9851.000000  0.081073
9875.000000  0.099808
9895.000000  0.095992
9912.000000  0.099412
9917.000000  0.100334
9932.000000  0.097344
9943.000000  0.095121
9966.000000  0.096226
9972.000000  0.106686
9977.000000  0.095289
10008.000000  0.096830
10029.000000  0.101127
10056.000000  0.100955
10069.000000  0.107259
10087.000000  0.106659
10110.000000  0.103210
10131.000000  0.104935
10166.000000  0.111448
10195.000000  0.106002
10238.000000  0.127273
10276.000000  0.112274
10298.000000  0.115556
10307.000000  0.106449
10339.000000  0.111535
10353.000000  0.105708
10365.000000  0.100344
10366.000000  0.095125
10375.000000  0.105306
10375.000000  0.082875
