216.000000  0.051588
313.000000  0.001744
443.000000  0.006880
512.000000  -0.028968
585.000000  -0.003287
644.000000  -0.004002
692.000000  -0.002709
768.000000  0.008725
838.000000  -0.003919
918.000000  0.005764
1017.000000  0.002761
1117.000000  0.010055
1193.000000  0.000245
1283.000000  -0.017966
1340.000000  -0.003118
1396.000000  -0.006367
1451.000000  0.000068
1505.000000  -0.000182
1560.000000  -0.001058
1610.000000  0.000247
1666.000000  -0.001614
1724.000000  0.003223
1800.000000  0.004363
1882.000000  0.004572
1983.000000  0.008309
2056.000000  -0.009417
2138.000000  0.003803
2228.000000  0.006955
2278.000000  -0.007856
2330.000000  0.003534
2424.000000  0.011334
2520.000000  0.013396
2627.000000  0.005545
2731.000000  -0.013294
2831.000000  0.005108
2904.000000  -0.007172
2982.000000  -0.013565
3116.000000  0.013341
3213.000000  -0.006903
3309.000000  0.002873
3393.000000  0.003884
3400.000000  -0.035333
3478.000000  0.027266
3493.000000  -0.028295
3576.000000  0.024697
3592.000000  -0.020554
3631.000000  0.012825
3679.000000  -0.012454
3730.000000  0.000046
3777.000000  -0.000692
3843.000000  0.004665
3934.000000  0.009419
3998.000000  -0.001751
4054.000000  -0.007060
4109.000000  -0.000044
4158.000000  -0.004614
4215.000000  0.000950
4266.000000  -0.001219
4329.000000  0.001723
4363.000000  -0.002927
4432.000000  0.006194
4527.000000  0.015853
4642.000000  0.010735
4728.000000  0.010371
4827.000000  0.004059
4933.000000  0.007898
5004.000000  -0.012066
5058.000000  -0.024490
5162.000000  0.042850
5240.000000  -0.015393
5329.000000  0.002285
5421.000000  -0.014556
5501.000000  -0.000512
5579.000000  -0.002625
5650.000000  0.016737
5745.000000  0.007176
5826.000000  -0.009996
5906.000000  -0.009806
6000.000000  -0.000607
6081.000000  0.008379
6161.000000  0.000475
6264.000000  0.000684
6333.000000  -0.006213
6407.000000  0.012200
6484.000000  0.008151
6574.000000  -0.009111
6658.000000  -0.005189
6744.000000  0.002243
6825.000000  -0.000656
6898.000000  -0.018329
6970.000000  -0.002727
7041.000000  -0.017964
7126.000000  0.014478
7192.000000  -0.013448
7247.000000  -0.001829
7280.000000  -0.009562
7361.000000  0.010870
7433.000000  0.005036
7504.000000  0.002951
7598.000000  0.005369
7715.000000  0.007948
7808.000000  0.004260
7911.000000  -0.009432
7936.000000  -0.015811
8029.000000  0.009728
8118.000000  0.008078
8157.000000  -0.010215
8289.000000  0.014256
8380.000000  -0.000732
8447.000000  -0.018563
8500.000000  -0.005268
8567.000000  0.003048
8635.000000  0.003495
8736.000000  0.010991
8807.000000  -0.000070
8869.000000  -0.012123
8942.000000  0.001464
9004.000000  -0.001529
9079.000000  0.002272
9152.000000  -0.000834
9211.000000  -0.001816
9274.000000  0.000700
9349.000000  0.001738
9423.000000  -0.000051
9498.000000  0.000048
9584.000000  0.001131
9651.000000  0.000069
9702.000000  -0.003110
9757.000000  -0.005554
9823.000000  0.006035
9890.000000  -0.002325
9961.000000  0.003119
10027.000000  0.000950
10117.000000  0.008839
10222.000000  0.012705
10350.000000  0.005981
10435.000000  -0.003273
10512.000000  -0.003436
10615.000000  0.021382
10709.000000  0.013850
10790.000000  -0.008363
10872.000000  0.009845
10958.000000  -0.020972
10983.000000  -0.030384
11044.000000  0.012894
11115.000000  0.018163
11197.000000  0.022746
11300.000000  0.035128
11374.000000  -0.076058
11449.000000  0.006181
11530.000000  0.001086
11602.000000  -0.005739
11676.000000  -0.007491
11768.000000  0.019180
11869.000000  0.001290
11948.000000  0.009050
11990.000000  0.044683
11997.000000  0.033304
12021.000000  -0.135085
12159.000000  0.032343
12290.000000  0.008625
12397.000000  0.004819
12480.000000  -0.002587
12573.000000  0.008654
12654.000000  -0.003352
12730.000000  0.010031
12822.000000  -0.011786
12905.000000  0.002774
12984.000000  -0.002900
13080.000000  -0.002533
13173.000000  0.017918
13257.000000  -0.013472
13336.000000  -0.001820
13413.000000  -0.004683
13503.000000  0.019036
13601.000000  -0.011112
13707.000000  -0.007323
13785.000000  -0.001247
13868.000000  0.009542
13957.000000  -0.002002
14043.000000  -0.005922
14132.000000  -0.001308
14204.000000  0.006202
14288.000000  0.014452
14372.000000  -0.008457
14460.000000  -0.001302
14534.000000  -0.011874
14631.000000  0.015781
14683.000000  -0.026402
14770.000000  0.021497
14857.000000  0.002072
14940.000000  -0.004636
15045.000000  0.001452
15125.000000  -0.009897
15204.000000  0.011276
15297.000000  -0.006156
15403.000000  -0.000952
15501.000000  0.009278
15581.000000  -0.000485
15665.000000  0.000889
15770.000000  -0.000218
15849.000000  -0.016921
15929.000000  0.011281
16029.000000  -0.000416
16125.000000  0.001395
16194.000000  -0.015223
16294.000000  0.016550
16387.000000  0.019225
16461.000000  -0.030733
16543.000000  0.013723
16627.000000  -0.006402
16714.000000  0.003398
16799.000000  -0.008906
16850.000000  0.001086
16929.000000  0.003436
17010.000000  0.010603
17112.000000  0.011901
17193.000000  -0.012776
17272.000000  -0.019826
17398.000000  0.021797
17494.000000  -0.013538
17554.000000  -0.020295
17658.000000  -0.002755
17717.000000  -0.003882
17745.000000  -0.000160
17911.000000  -0.000081
18019.000000  0.018515
18130.000000  0.007852
18244.000000  -0.003656
18342.000000  0.007550
18442.000000  -0.007208
18516.000000  -0.008544
18614.000000  0.014566
18639.000000  -0.019765
18643.000000  -0.030333
18703.000000  0.038183
18752.000000  -0.010910
18826.000000  0.003410
18888.000000  -0.019496
18933.000000  -0.004378
18999.000000  0.005958
19065.000000  0.001380
19158.000000  -0.001648
19277.000000  0.018977
19413.000000  0.010775
19529.000000  -0.009880
19592.000000  -0.006980
19651.000000  -0.006811
19747.000000  0.005290
19784.000000  -0.020649
19841.000000  0.004687
19895.000000  0.003741
19929.000000  -0.001100
19962.000000  -0.001107
20037.000000  0.008466
20116.000000  -0.001058
20151.000000  -0.004367
20180.000000  -0.011745
20196.000000  -0.001079
20257.000000  0.056212
20355.000000  0.028260
20424.000000  0.026804
20456.000000  -0.023212
20548.000000  0.164231
20558.000000  -0.033207
20717.000000  -0.191490
20791.000000  -0.007521
20871.000000  0.005707
20959.000000  0.012112
21054.000000  0.012930
21142.000000  -0.002827
21222.000000  0.001363
21323.000000  0.008238
21428.000000  0.004550
21530.000000  -0.012747
21672.000000  0.031111
21758.000000  -0.028692
21838.000000  -0.002991
21930.000000  0.024688
22020.000000  0.011079
22124.000000  -0.022429
22202.000000  -0.019920
22281.000000  0.007290
22370.000000  0.016871
22454.000000  -0.016242
22533.000000  0.003489
22610.000000  -0.006824
22699.000000  0.023148
22782.000000  -0.020188
22868.000000  0.002911
22933.000000  -0.015930
23039.000000  0.024780
23114.000000  -0.005143
23210.000000  0.012909
23288.000000  -0.016394
23354.000000  -0.006299
23441.000000  0.018799
23546.000000  0.019596
23637.000000  -0.003882
23741.000000  -0.021433
23849.000000  0.020429
23939.000000  -0.027627
24078.000000  0.031222
24166.000000  0.052972
24173.000000  -0.005331
24190.000000  -0.000428
24224.000000  0.027155
24285.000000  0.085856
24288.000000  -0.015146
24351.000000  -0.051982
24429.000000  -0.136535
24547.000000  -0.002185
24634.000000  -0.003686
24723.000000  0.013950
24819.000000  0.008478
24849.000000  -0.021923
24859.000000  -0.019987
24864.000000  -0.017730
24917.000000  0.009533
25012.000000  0.014279
25080.000000  0.007863
25170.000000  0.013516
25262.000000  0.002791
25292.000000  -0.028541
25317.000000  -0.000125
25385.000000  0.000946
25455.000000  0.002769
25564.000000  0.013522
25683.000000  0.014197
25713.000000  -0.024110
25764.000000  0.011156
25801.000000  -0.006828
25807.000000  -0.030699
25879.000000  0.044959
25925.000000  -0.033678
25979.000000  0.003908
26004.000000  -0.003268
26027.000000  -0.003688
26028.000000  -0.009959
26135.000000  0.039392
26225.000000  0.003799
26326.000000  0.010461
26416.000000  0.014908
26449.000000  -0.003983
26462.000000  -0.057779
26547.000000  0.010177
26649.000000  0.015379
26765.000000  0.010455
26871.000000  0.012689
26958.000000  0.003971
27033.000000  -0.010505
27045.000000  -0.031051
27066.000000  0.005544
27069.000000  -0.019556
27132.000000  0.015382
27249.000000  0.011666
27362.000000  0.007985
27434.000000  0.004480
27515.000000  0.007834
27611.000000  0.009093
27642.000000  -0.024026
27670.000000  -0.014184
27754.000000  -0.000160
27843.000000  0.008106
27954.000000  0.012935
28046.000000  0.010960
28141.000000  0.004706
28198.000000  -0.011234
28286.000000  0.007456
28366.000000  0.005122
28437.000000  0.004660
28498.000000  -0.008264
28537.000000  -0.048026
28614.000000  0.013986
28699.000000  0.007209
28788.000000  0.010550
28899.000000  0.037638
29000.000000  -0.023940
29020.000000  -0.028839
29027.000000  -0.016043
29107.000000  0.006863
29252.000000  0.019856
29344.000000  0.002943
29432.000000  0.005531
29527.000000  0.006346
29577.000000  -0.009515
29580.000000  -0.040891
29644.000000  0.020708
29746.000000  0.006636
29848.000000  0.014156
29950.000000  0.007508
30040.000000  0.007501
30119.000000  -0.004942
30194.000000  -0.007207
30276.000000  0.013251
30340.000000  0.004595
30381.000000  -0.021272
30467.000000  -0.001766
30568.000000  0.010899
30662.000000  0.007395
30739.000000  -0.007527
30828.000000  0.000925
30914.000000  -0.004881
31004.000000  0.013313
31092.000000  0.010498
31177.000000  -0.002265
31254.000000  -0.017284
31307.000000  -0.029188
31435.000000  0.011632
31523.000000  0.006997
31615.000000  -0.002667
31683.000000  -0.006612
31759.000000  -0.001600
31770.000000  -0.020431
31773.000000  -0.005544
31891.000000  0.023808
32001.000000  0.018602
32098.000000  0.012043
32188.000000  0.003489
32279.000000  -0.000282
32433.000000  0.029688
32516.000000  -0.008126
32599.000000  0.003244
32671.000000  -0.003078
32786.000000  -0.014664
32861.000000  -0.011728
32942.000000  0.037520
33042.000000  -0.017513
33174.000000  0.031734
33273.000000  -0.007950
33349.000000  -0.019111
33418.000000  -0.045664
33492.000000  0.049479
33593.000000  -0.036574
33641.000000  -0.015494
33693.000000  0.003651
33766.000000  0.100154
33769.000000  0.006088
33838.000000  -0.027767
33872.000000  -0.064098
33878.000000  0.025646
33880.000000  -0.075877
33926.000000  0.019317
33960.000000  -0.001082
34058.000000  0.005234
34098.000000  -0.004666
34101.000000  -0.006177
34198.000000  0.034698
34267.000000  -0.007996
34356.000000  0.010673
34443.000000  0.011077
34502.000000  -0.011956
34593.000000  0.005319
34687.000000  0.013349
34778.000000  -0.007658
34863.000000  -0.001547
34945.000000  -0.001985
35033.000000  -0.006810
35076.000000  -0.004202
35117.000000  0.011066
35131.000000  -0.009230
35136.000000  -0.044246
35188.000000  0.020633
35282.000000  0.012489
35368.000000  0.010769
35451.000000  -0.005419
35518.000000  0.003160
35596.000000  0.006110
35638.000000  -0.018968
35647.000000  -0.013247
35648.000000  -0.011038
35652.000000  -0.003185
35743.000000  0.041860
35867.000000  0.058058
35929.000000  -0.010900
36004.000000  0.021075
36082.000000  -0.000537
36154.000000  -0.001745
36260.000000  -0.029864
36346.000000  0.003619
36432.000000  0.010392
36524.000000  0.007136
36609.000000  0.061304
36644.000000  -0.034739
36745.000000  0.083609
36824.000000  -0.005642
36875.000000  0.007491
36919.000000  -0.039536
36956.000000  -0.013292
37037.000000  -0.005724
37123.000000  -0.030538
37206.000000  -0.008953
37329.000000  0.016338
37445.000000  0.001294
37541.000000  -0.060893
37624.000000  0.044170
37677.000000  0.016663
37730.000000  -0.004196
37789.000000  0.027150
37854.000000  0.029717
37956.000000  -0.053669
38031.000000  0.064786
38095.000000  0.053327
38139.000000  -0.107297
38192.000000  0.026677
38292.000000  0.229259
38316.000000  -0.094704
38327.000000  0.073193
38340.000000  -0.054809
38369.000000  0.075899
38380.000000  -0.175899
38401.000000  -0.021642
38499.000000  0.356873
38513.000000  -0.126511
38531.000000  0.065207
38534.000000  -0.497808
38538.000000  -0.000732
38606.000000  0.063046
38609.000000  -0.060882
38690.000000  0.052854
38776.000000  -0.014870
38872.000000  0.005282
38987.000000  0.009172
39057.000000  -0.022915
39065.000000  -0.027331
39075.000000  0.006885
39090.000000  0.035729
39130.000000  -0.035564
39232.000000  0.018616
39325.000000  0.016484
39413.000000  0.022925
39500.000000  -0.033996
39506.000000  -0.033690
39510.000000  0.010453
39597.000000  0.021995
39599.000000  -0.029142
39619.000000  0.000885
39646.000000  -0.000442
39702.000000  0.016823
39735.000000  -0.012267
39833.000000  0.011316
39899.000000  0.001839
39936.000000  -0.012515
39940.000000  -0.008842
39952.000000  0.000321
40012.000000  0.021106
40072.000000  0.001316
40119.000000  -0.007380
40161.000000  -0.007229
40256.000000  0.019110
40342.000000  0.010026
40433.000000  0.016205
40540.000000  -0.001969
40575.000000  -0.023685
40581.000000  -0.026204
40606.000000  0.008659
40629.000000  -0.004776
40659.000000  0.035411
40659.000000  -0.033019
40659.000000  -0.009137
40725.000000  0.027061
40735.000000  -0.017202
40774.000000  0.016314
40816.000000  -0.011746
