4067.000000  76.039047
4457.000000  78.965683
5116.000000  69.996552
5590.000000  68.263336
6651.000000  79.384521
7863.000000  80.142532
9210.000000  81.770203
10445.000000  81.127983
11473.000000  80.189575
12427.000000  78.549316
13531.000000  80.420509
14699.000000  79.696014
15952.000000  78.603188
17144.000000  75.587448
17939.000000  72.677734
18684.000000  74.218704
19872.000000  78.611954
20682.000000  76.523056
21460.000000  70.923676
22075.000000  65.392311
22699.000000  66.373352
23516.000000  67.411972
24346.000000  72.743782
25399.000000  70.973816
26528.000000  74.733734
27816.000000  65.168648
28528.000000  58.721550
29399.000000  56.643929
30512.000000  63.451057
31411.000000  62.268902
32360.000000  62.589348
33185.000000  61.286957
33982.000000  56.012268
35061.000000  60.412003
35885.000000  58.021832
36840.000000  58.413403
38060.000000  60.635273
39117.000000  60.743492
40146.000000  63.017281
41176.000000  64.377769
41596.000000  48.072327
42496.000000  53.233219
42923.000000  57.181664
43674.000000  55.120087
44389.000000  55.567818
45322.000000  60.965210
46166.000000  54.946907
47124.000000  53.917591
48333.000000  57.047184
48981.000000  48.224041
49627.000000  46.429150
50432.000000  56.492870
51426.000000  54.960972
52208.000000  59.086727
52543.000000  50.849182
53171.000000  57.541245
53817.000000  66.240402
54439.000000  64.755424
55047.000000  56.097496
55586.000000  55.332478
56222.000000  55.456917
57099.000000  60.361004
58489.000000  65.387604
59275.000000  64.695396
60336.000000  60.265194
61589.000000  60.079170
62419.000000  58.985474
63136.000000  57.597519
63794.000000  57.834858
64344.000000  59.418488
64582.000000  61.712563
65326.000000  45.831970
65687.000000  61.855782
66452.000000  67.066200
66791.000000  62.074345
67358.000000  67.617661
67797.000000  70.315056
68674.000000  62.569267
68940.000000  37.930031
69909.000000  61.751026
70499.000000  64.800652
70827.000000  42.943428
71342.000000  49.428513
71635.000000  56.086327
72549.000000  65.793762
73372.000000  66.536438
74283.000000  70.488800
74888.000000  71.495071
75629.000000  73.490753
76443.000000  71.231430
77502.000000  73.559738
78342.000000  40.109711
78753.000000  32.759247
79323.000000  29.719210
80019.000000  33.240566
80756.000000  58.777004
81939.000000  61.766319
83009.000000  62.991257
84158.000000  47.062691
85039.000000  47.230591
86165.000000  42.284950
86673.000000  32.447563
87587.000000  38.263412
88072.000000  26.804745
89179.000000  39.460968
90306.000000  43.318695
90999.000000  37.056622
92452.000000  40.744202
93338.000000  38.466007
94246.000000  44.507339
95776.000000  53.169571
96594.000000  54.808891
98042.000000  59.400845
98666.000000  35.111843
99496.000000  33.885914
100081.000000  55.672352
101351.000000  47.726555
101798.000000  19.482265
102567.000000  22.830320
103045.000000  42.454296
103989.000000  51.750904
104887.000000  60.385078
105670.000000  56.777477
106314.000000  59.263546
108385.000000  64.272194
109226.000000  41.180824
111318.000000  66.333099
112129.000000  45.173061
112985.000000  30.099911
113583.000000  35.130268
114785.000000  49.576641
115771.000000  56.373608
117345.000000  70.110344
118367.000000  70.078018
120938.000000  70.517609
122205.000000  64.601967
123331.000000  61.235165
124559.000000  57.501453
125189.000000  52.078621
126276.000000  25.880035
127092.000000  40.879025
128422.000000  46.243404
128988.000000  46.185455
129918.000000  48.944992
130685.000000  55.607624
131206.000000  56.148018
131789.000000  58.251728
131968.000000  56.399929
132067.000000  55.417145
132536.000000  41.870899
132652.000000  8.895430
132741.000000  17.711531
133341.000000  32.308174
133723.000000  36.924686
134006.000000  37.276527
134184.000000  36.401512
134617.000000  20.043594
135029.000000  41.167980
135450.000000  8.162705
135627.000000  13.369753
135743.000000  8.533935
136643.000000  24.447552
137027.000000  21.336063
137557.000000  27.961985
138039.000000  23.263834
138458.000000  14.841990
138637.000000  9.908996
139364.000000  20.228886
139863.000000  19.108335
140292.000000  21.469421
140825.000000  18.069704
141264.000000  9.174442
141497.000000  8.476206
141687.000000  5.917642
141952.000000  5.891493
142144.000000  6.002837
142812.000000  13.551447
143379.000000  15.913157
143695.000000  6.959384
144040.000000  11.332832
144210.000000  8.779441
144334.000000  12.969134
144642.000000  10.995340
145242.000000  15.912617
145902.000000  20.752565
146538.000000  20.907263
147008.000000  18.305115
147332.000000  13.695415
147980.000000  17.090916
148670.000000  22.586016
149223.000000  22.896132
149501.000000  10.184833
149764.000000  8.312973
150058.000000  15.242995
150405.000000  12.892121
150727.000000  6.525303
151384.000000  12.958481
151943.000000  16.041002
152410.000000  15.718822
152914.000000  16.083891
153219.000000  11.217627
153394.000000  9.890261
153565.000000  13.553527
153734.000000  9.724349
154090.000000  6.180800
154362.000000  7.186903
154515.000000  3.894895
154677.000000  4.007340
155027.000000  16.715260
155452.000000  20.405956
155788.000000  19.883020
156063.000000  9.278536
156252.000000  8.701203
156527.000000  12.013835
156530.000000  3.990933
156534.000000  5.194496
156674.000000  5.078124
157008.000000  5.946798
157355.000000  7.485556
157867.000000  11.997693
158199.000000  11.890986
158442.000000  8.009177
158562.000000  6.848551
158701.000000  8.112709
158758.000000  22.063034
158768.000000  10.458757
159206.000000  14.934897
159426.000000  7.426987
159667.000000  8.349644
160055.000000  11.014028
160357.000000  12.901245
160490.000000  8.621329
160514.000000  1.592054
