4067.000000  1.057463
4725.000000  0.821926
5374.000000  0.504480
6127.000000  0.674398
7124.000000  0.827256
8266.000000  1.037442
9517.000000  1.225690
10956.000000  1.432780
11973.000000  1.149890
13330.000000  1.402039
14810.000000  1.454578
16205.000000  1.492507
17397.000000  1.373612
18481.000000  1.328271
19426.000000  1.138308
20140.000000  1.002324
20705.000000  1.017584
21036.000000  0.854559
21648.000000  1.074444
22085.000000  1.205865
22832.000000  1.321204
23707.000000  1.380100
24657.000000  1.343252
26126.000000  1.323167
27375.000000  1.720214
28972.000000  1.590577
30047.000000  1.688388
30853.000000  1.381498
31881.000000  1.360265
32589.000000  1.316656
33425.000000  1.481405
34564.000000  1.663124
35946.000000  1.929246
36811.000000  1.813546
37353.000000  1.586820
38074.000000  1.649830
38783.000000  1.536978
39246.000000  1.313754
39583.000000  1.109907
40398.000000  1.437022
41014.000000  1.460543
41902.000000  1.418435
42687.000000  1.414257
43638.000000  1.501923
44930.000000  1.590691
45622.000000  1.533462
46265.000000  1.441203
47072.000000  1.674687
47620.000000  1.690895
48318.000000  1.570798
49145.000000  1.548351
49910.000000  1.458821
50458.000000  1.296351
50801.000000  1.357580
51214.000000  1.304528
51843.000000  1.422537
52641.000000  1.415013
53873.000000  1.614280
55122.000000  1.908894
56527.000000  2.072671
58425.000000  2.448909
59423.000000  2.095934
59844.000000  1.503986
60174.000000  1.464001
60653.000000  1.433324
61140.000000  1.528490
61682.000000  1.673768
62280.000000  1.580256
62982.000000  1.689066
63737.000000  1.749089
64812.000000  1.786578
65933.000000  1.970055
67223.000000  2.232394
68479.000000  2.250117
69507.000000  2.086246
70432.000000  2.037918
71186.000000  2.018688
72089.000000  2.128823
73320.000000  2.216096
74756.000000  2.782528
76060.000000  2.806100
77701.000000  2.526870
78864.000000  2.696354
80370.000000  2.772207
81974.000000  3.156108
83184.000000  2.817377
84554.000000  3.003249
85533.000000  2.861725
86633.000000  3.059900
87520.000000  2.805857
88281.000000  2.702808
89228.000000  2.619474
89836.000000  2.168288
90301.000000  1.870538
90740.000000  1.879916
91185.000000  2.125044
91824.000000  2.520658
93276.000000  2.485221
94206.000000  2.370909
95547.000000  2.472046
96621.000000  2.567311
97794.000000  2.800340
98992.000000  2.611837
100153.000000  2.571030
101384.000000  2.648885
102993.000000  2.760655
104506.000000  2.431195
105551.000000  2.525267
106891.000000  2.707218
107996.000000  2.846767
108902.000000  2.575197
109356.000000  2.158149
110001.000000  2.502322
110178.000000  2.618149
110682.000000  3.006646
111558.000000  3.418581
112307.000000  3.414177
112826.000000  3.330053
113365.000000  3.638552
114153.000000  2.388595
114611.000000  2.081134
115297.000000  2.441139
115992.000000  2.457129
116403.000000  2.175891
116929.000000  2.285085
117546.000000  2.952585
117870.000000  1.958294
118106.000000  1.905874
118643.000000  2.030368
119129.000000  2.062095
119605.000000  2.105473
120183.000000  2.126902
121421.000000  2.220016
122266.000000  2.498926
122919.000000  2.499352
123645.000000  2.373328
124344.000000  2.438242
124797.000000  2.472473
125576.000000  3.091014
126190.000000  2.892970
127153.000000  3.070219
128691.000000  3.439074
129413.000000  3.127544
130519.000000  3.073611
131645.000000  2.951624
132726.000000  2.954425
133736.000000  2.933198
134514.000000  2.790272
135399.000000  2.607033
136176.000000  2.759944
137104.000000  2.995825
137989.000000  3.269403
139051.000000  3.422772
140417.000000  3.761311
141301.000000  3.703513
142139.000000  3.754392
142975.000000  3.026411
143718.000000  2.987399
144839.000000  3.778284
145558.000000  4.250046
146439.000000  2.753065
146891.000000  2.600500
147676.000000  2.651319
148407.000000  2.694656
148639.000000  2.266676
148886.000000  2.221530
149007.000000  2.669592
149235.000000  3.454391
149453.000000  2.776556
150011.000000  3.067398
151520.000000  3.217242
152553.000000  3.259823
153035.000000  2.684349
153602.000000  2.695842
153785.000000  3.151523
153963.000000  2.785304
154243.000000  2.948215
154583.000000  2.733950
154870.000000  3.240720
154920.000000  3.207902
154936.000000  4.030961
154956.000000  1.864240
155070.000000  1.812832
155242.000000  3.942095
155866.000000  4.173054
156284.000000  4.196701
156991.000000  4.314136
157510.000000  3.814507
158155.000000  3.614357
158776.000000  2.772754
159492.000000  3.943410
159853.000000  2.874603
160303.000000  3.097970
160517.000000  1.912609
160545.000000  1.706369
