4067.000000  1.057463
4725.000000  -0.235537
5374.000000  -0.317446
6127.000000  0.169918
7124.000000  0.152858
8266.000000  0.210185
9517.000000  0.188248
10956.000000  0.207090
11973.000000  -0.282890
13330.000000  0.252149
14810.000000  0.052540
16205.000000  0.037928
17397.000000  -0.118894
18481.000000  -0.045341
19426.000000  -0.189963
20140.000000  -0.135984
20705.000000  0.015260
21036.000000  -0.163024
21648.000000  0.219885
22085.000000  0.131421
22832.000000  0.115339
23707.000000  0.058896
24657.000000  -0.036849
26126.000000  -0.020085
27375.000000  0.397048
28972.000000  -0.129638
30047.000000  0.097811
30853.000000  -0.306890
31881.000000  -0.021232
32589.000000  -0.043610
33425.000000  0.164749
34564.000000  0.181719
35946.000000  0.266122
36811.000000  -0.115700
37353.000000  -0.226725
38074.000000  0.063010
38783.000000  -0.112852
39246.000000  -0.223224
39583.000000  -0.203847
40398.000000  0.327115
41014.000000  0.023522
41902.000000  -0.042108
42687.000000  -0.004178
43638.000000  0.087666
44930.000000  0.088768
45622.000000  -0.057228
46265.000000  -0.092259
47072.000000  0.233484
47620.000000  0.016208
48318.000000  -0.120098
49145.000000  -0.022447
49910.000000  -0.089530
50458.000000  -0.162470
50801.000000  0.061229
51214.000000  -0.053052
51843.000000  0.118009
52641.000000  -0.007524
53873.000000  0.199267
55122.000000  0.294614
56527.000000  0.163777
58425.000000  0.376237
59423.000000  -0.352975
59844.000000  -0.591948
60174.000000  -0.039985
60653.000000  -0.030677
61140.000000  0.095166
61682.000000  0.145278
62280.000000  -0.093512
62982.000000  0.108810
63737.000000  0.060023
64812.000000  0.037489
65933.000000  0.183476
67223.000000  0.262340
68479.000000  0.017722
69507.000000  -0.163871
70432.000000  -0.048327
71186.000000  -0.019230
72089.000000  0.110135
73320.000000  0.087273
74756.000000  0.566432
76060.000000  0.023572
77701.000000  -0.279230
78864.000000  0.169484
80370.000000  0.075852
81974.000000  0.383901
83184.000000  -0.338731
84554.000000  0.185873
85533.000000  -0.141524
86633.000000  0.198175
87520.000000  -0.254043
88281.000000  -0.103049
89228.000000  -0.083334
89836.000000  -0.451186
90301.000000  -0.297750
90740.000000  0.009378
91185.000000  0.245128
91824.000000  0.395614
93276.000000  -0.035437
94206.000000  -0.114312
95547.000000  0.101137
96621.000000  0.095265
97794.000000  0.233029
98992.000000  -0.188503
100153.000000  -0.040807
101384.000000  0.077856
102993.000000  0.111770
104506.000000  -0.329461
105551.000000  0.094072
106891.000000  0.181951
107996.000000  0.139549
108902.000000  -0.271570
109356.000000  -0.417048
110001.000000  0.344173
110178.000000  0.115827
110682.000000  0.388497
111558.000000  0.411935
112307.000000  -0.004405
112826.000000  -0.084124
113365.000000  0.308500
114153.000000  -1.249958
114611.000000  -0.307461
115297.000000  0.360005
115992.000000  0.015990
116403.000000  -0.281237
116929.000000  0.109194
117546.000000  0.667500
117870.000000  -0.994292
118106.000000  -0.052419
118643.000000  0.124493
119129.000000  0.031728
119605.000000  0.043378
120183.000000  0.021429
121421.000000  0.093114
122266.000000  0.278909
122919.000000  0.000426
123645.000000  -0.126024
124344.000000  0.064914
124797.000000  0.034231
125576.000000  0.618541
126190.000000  -0.198044
127153.000000  0.177249
128691.000000  0.368855
129413.000000  -0.311530
130519.000000  -0.053934
131645.000000  -0.121987
132726.000000  0.002801
133736.000000  -0.021227
134514.000000  -0.142926
135399.000000  -0.183239
136176.000000  0.152911
137104.000000  0.235881
137989.000000  0.273579
139051.000000  0.153368
140417.000000  0.338539
141301.000000  -0.057798
142139.000000  0.050879
142975.000000  -0.727981
143718.000000  -0.039012
144839.000000  0.790885
145558.000000  0.471762
146439.000000  -1.496981
146891.000000  -0.152565
147676.000000  0.050819
148407.000000  0.043337
148639.000000  -0.427980
148886.000000  -0.045146
149007.000000  0.448062
149235.000000  0.784799
149453.000000  -0.677835
150011.000000  0.290841
151520.000000  0.149845
152553.000000  0.042580
153035.000000  -0.575473
153602.000000  0.011492
153785.000000  0.455681
153963.000000  -0.366219
154243.000000  0.162911
154583.000000  -0.214265
154870.000000  0.506770
154920.000000  -0.032818
154936.000000  0.823058
154956.000000  -2.166720
155070.000000  -0.051408
155242.000000  2.129263
155866.000000  0.230959
156284.000000  0.023647
156991.000000  0.117435
157510.000000  -0.499629
158155.000000  -0.200150
158776.000000  -0.841603
159492.000000  1.170655
159853.000000  -1.068807
160303.000000  0.223368
160517.000000  -1.185362
160545.000000  -0.206240
