399.000000  0.178309
578.000000  -0.020635
668.000000  0.000276
730.000000  -0.021839
820.000000  0.027612
974.000000  0.018900
1170.000000  0.017334
1305.000000  0.018559
1494.000000  0.029733
1686.000000  -0.005206
1855.000000  0.004173
2010.000000  0.025355
2174.000000  0.001321
2341.000000  0.002646
2484.000000  0.000870
2626.000000  -0.004510
2752.000000  -0.020170
2858.000000  -0.007865
2939.000000  -0.016994
3031.000000  0.003408
3186.000000  0.028321
3274.000000  -0.007317
3325.000000  -0.037377
3404.000000  0.037351
3518.000000  0.012718
3645.000000  -0.001941
3771.000000  -0.015773
3947.000000  0.017142
4128.000000  0.014494
4266.000000  0.011344
4418.000000  -0.000690
4547.000000  0.002731
4687.000000  -0.018564
4846.000000  0.032828
5005.000000  -0.001124
5153.000000  0.013015
5317.000000  0.001905
5477.000000  -0.046815
5613.000000  0.057474
5744.000000  -0.000035
5861.000000  0.008962
6004.000000  -0.003438
6139.000000  0.011836
6293.000000  0.032716
6442.000000  0.015577
6604.000000  -0.036041
6771.000000  0.034659
6926.000000  -0.048975
7022.000000  -0.001735
7148.000000  0.020511
7288.000000  0.030805
7465.000000  0.016788
7614.000000  0.029924
7768.000000  0.047097
7884.000000  -0.005017
8048.000000  -0.004347
8250.000000  0.066554
8391.000000  -0.099222
8570.000000  -0.036848
8673.000000  0.017048
8717.000000  0.031979
8811.000000  -0.017842
8860.000000  -0.129633
8971.000000  0.009903
9045.000000  -0.018657
9118.000000  -0.010611
9202.000000  0.003878
9258.000000  0.003039
9326.000000  -0.002560
9392.000000  -0.009385
9501.000000  0.054299
9594.000000  -0.044810
9704.000000  0.018508
9800.000000  0.037552
9923.000000  -0.042149
10063.000000  0.020253
10191.000000  0.018772
10321.000000  -0.016843
10476.000000  0.029148
10646.000000  0.006483
10767.000000  -0.023311
10907.000000  0.022950
11045.000000  0.006285
11089.000000  -0.063563
11238.000000  0.071095
11400.000000  0.019895
11549.000000  -0.009763
11713.000000  0.002980
11826.000000  -0.004773
11900.000000  -0.052295
11983.000000  0.005538
12079.000000  0.024533
12154.000000  0.046847
12243.000000  -0.005163
12372.000000  -0.006245
12438.000000  -0.017708
12557.000000  0.017320
12673.000000  0.013040
12742.000000  -0.033725
12932.000000  0.089828
13086.000000  0.020368
13264.000000  0.015653
13355.000000  -0.138277
13467.000000  0.054489
13522.000000  -0.016533
13607.000000  -0.015937
13671.000000  -0.020531
13727.000000  -0.011750
13773.000000  0.055867
13788.000000  0.033286
13870.000000  -0.091196
14069.000000  0.048934
14232.000000  0.007481
14406.000000  0.033806
14570.000000  -0.006696
14612.000000  -0.055822
14678.000000  -0.009474
14751.000000  0.020620
14793.000000  -0.006877
14825.000000  -0.000788
14826.000000  -0.048187
14828.000000  -0.026181
14915.000000  0.012262
15006.000000  0.023955
15118.000000  -0.002670
15200.000000  -0.000364
15241.000000  -0.015599
15243.000000  -0.015319
15248.000000  -0.006958
15350.000000  0.046825
15433.000000  -0.004917
15551.000000  0.033278
15708.000000  0.014160
15844.000000  -0.023918
15977.000000  0.013109
16120.000000  0.019162
16240.000000  0.014745
16306.000000  -0.072381
16468.000000  0.033135
16550.000000  -0.005575
16564.000000  -0.042393
16576.000000  -0.018216
16627.000000  0.040897
16734.000000  0.006876
16744.000000  -0.094054
16829.000000  0.072735
16914.000000  0.051997
17000.000000  -0.016339
17065.000000  -0.012190
17201.000000  -0.011669
17247.000000  -0.028174
17307.000000  0.051125
17361.000000  -0.038569
17443.000000  0.017182
17570.000000  0.011523
17623.000000  -0.034515
17624.000000  -0.015685
17689.000000  0.018650
17793.000000  0.005852
17901.000000  0.037845
18121.000000  0.036673
18194.000000  -0.059782
18347.000000  0.044978
18432.000000  -0.010351
18478.000000  -0.042877
18509.000000  0.001717
18568.000000  0.042544
18661.000000  0.004916
18742.000000  0.006707
18852.000000  0.003549
18943.000000  -0.007079
19039.000000  -0.034209
19113.000000  -0.012301
19208.000000  0.028330
19224.000000  -0.043058
19226.000000  -0.011214
19295.000000  0.025727
19411.000000  0.021823
19607.000000  0.014631
19801.000000  0.036540
19975.000000  0.018435
20142.000000  -0.037053
20271.000000  0.042543
20371.000000  -0.021967
20513.000000  0.033066
20611.000000  -0.009885
20776.000000  0.000289
20886.000000  -0.029229
20972.000000  -0.021950
21070.000000  -0.024303
21185.000000  0.035844
21295.000000  0.002410
21420.000000  0.027400
21468.000000  -0.061372
21582.000000  0.063892
21712.000000  0.009699
21861.000000  0.004265
21967.000000  -0.012565
22019.000000  -0.037301
22071.000000  -0.007150
22132.000000  -0.007296
22208.000000  0.017614
22293.000000  0.004613
22361.000000  -0.015036
22416.000000  0.010386
22465.000000  0.016992
22547.000000  0.020997
22623.000000  -0.027842
22713.000000  0.012502
22835.000000  0.032696
22940.000000  -0.001890
23038.000000  -0.025133
23091.000000  0.005646
23190.000000  0.005597
23351.000000  0.013491
23529.000000  -0.007829
23601.000000  -0.016440
23678.000000  0.021648
23780.000000  -0.003995
23882.000000  0.021617
23943.000000  -0.054528
24094.000000  0.068334
24226.000000  0.012527
24367.000000  0.007270
24415.000000  -0.065563
24535.000000  0.075998
24648.000000  0.007005
24819.000000  0.007348
24953.000000  0.023545
25099.000000  -0.007145
25254.000000  0.014780
25365.000000  -0.013042
25505.000000  0.018840
25621.000000  -0.007315
25740.000000  -0.009071
25857.000000  -0.048415
25947.000000  0.039458
26031.000000  -0.081389
26126.000000  0.029903
26207.000000  0.009797
26295.000000  0.023643
26381.000000  -0.014058
26471.000000  0.020151
26638.000000  0.015998
26820.000000  0.016719
26976.000000  0.010375
27156.000000  0.025988
27319.000000  0.051889
27427.000000  -0.076806
27504.000000  -0.041872
27607.000000  -0.016485
27673.000000  0.020611
27748.000000  -0.017958
27838.000000  0.009349
27922.000000  -0.007863
28000.000000  0.048764
28097.000000  0.038014
28231.000000  -0.016840
28393.000000  0.076802
28517.000000  0.005939
28626.000000  -0.006808
28744.000000  0.039074
28781.000000  -0.010880
28799.000000  -0.230828
28886.000000  0.034208
28971.000000  -0.028985
29029.000000  0.004523
29069.000000  -0.010910
29150.000000  0.017112
29292.000000  -0.005780
29320.000000  -0.066391
29413.000000  0.071926
29502.000000  -0.015563
29584.000000  0.028813
29686.000000  -0.000636
29726.000000  -0.001231
29737.000000  0.206785
29829.000000  -0.236351
29923.000000  0.019631
30028.000000  0.034876
30189.000000  0.031582
30333.000000  -0.040314
30455.000000  -0.001186
30595.000000  0.010210
30686.000000  -0.009935
30732.000000  -0.029164
30842.000000  0.050773
30911.000000  -0.039952
30938.000000  -0.054754
31031.000000  0.058351
31114.000000  -0.025117
31207.000000  0.012727
31269.000000  -0.006778
31327.000000  0.002165
31344.000000  -0.006492
31419.000000  0.005509
31531.000000  0.042967
31617.000000  -0.010998
31721.000000  0.009204
31802.000000  -0.021856
31885.000000  0.019413
31946.000000  -0.023695
32036.000000  0.028339
32195.000000  0.030349
32340.000000  0.010276
32412.000000  -0.050394
32564.000000  0.082487
32722.000000  -0.054969
32849.000000  0.013090
32988.000000  0.005998
33102.000000  0.012246
33150.000000  -0.072463
33253.000000  0.037641
33326.000000  0.024798
33423.000000  0.068582
33485.000000  -0.020042
33585.000000  0.035771
33725.000000  -0.021220
33888.000000  -0.055086
34060.000000  0.066143
34199.000000  0.104383
34306.000000  -0.001714
34407.000000  0.003882
34503.000000  0.002634
34577.000000  -0.053641
34696.000000  0.059607
34736.000000  -0.014024
34772.000000  -0.129477
34804.000000  0.041640
34928.000000  0.066161
35077.000000  0.146065
35224.000000  -0.009641
35311.000000  -0.073984
35470.000000  -0.130614
35632.000000  0.096132
35762.000000  -0.058973
35842.000000  -0.076892
35962.000000  0.032256
36054.000000  -0.002516
36154.000000  -0.008834
36258.000000  0.013313
36285.000000  -0.069888
36342.000000  -0.029811
36433.000000  0.238668
36457.000000  -0.068585
36471.000000  0.312128
36525.000000  -0.545815
36622.000000  0.024305
36704.000000  0.007975
36798.000000  0.452054
36926.000000  0.057582
37016.000000  -0.522519
37092.000000  -0.000018
37189.000000  -0.009279
37278.000000  0.013842
37353.000000  -0.004477
37452.000000  0.013984
37537.000000  -0.006769
37639.000000  0.001113
37689.000000  0.447601
37763.000000  -0.456950
37867.000000  0.045991
37892.000000  -0.027362
37898.000000  -0.028625
37937.000000  0.070385
37979.000000  0.013090
38034.000000  0.098978
38082.000000  -0.221526
38110.000000  -0.016433
38178.000000  0.005851
38246.000000  0.013766
38300.000000  -0.005476
38340.000000  -0.004705
38406.000000  0.007010
38541.000000  0.330509
38590.000000  -0.052302
38650.000000  -0.067849
38664.000000  -0.237979
38740.000000  0.035240
38811.000000  0.016658
38888.000000  -0.001158
38998.000000  0.014241
39138.000000  0.015670
39208.000000  -0.022709
39257.000000  -0.025833
39369.000000  0.004454
39398.000000  -0.012649
39422.000000  -0.005140
39456.000000  0.001245
39545.000000  0.011180
39631.000000  -0.007978
39690.000000  0.006394
39774.000000  -0.009759
39908.000000  0.006754
40022.000000  0.028656
40149.000000  0.011880
40259.000000  -0.022991
40343.000000  0.006230
40444.000000  -0.004894
40543.000000  0.033190
40569.000000  0.005564
40578.000000  -0.064645
40640.000000  0.057640
40707.000000  -0.030825
40711.000000  -0.039400
40806.000000  0.012142
40807.000000  -0.032813
40819.000000  0.041506
