995.000000  0.279718
1266.000000  -0.064964
1466.000000  -0.009971
1501.000000  -0.051365
1743.000000  0.063825
1786.000000  -0.051707
2046.000000  0.091226
2312.000000  0.014811
2625.000000  0.058847
2984.000000  0.037175
3281.000000  0.023586
3555.000000  -0.055742
3792.000000  -0.014970
4081.000000  0.013527
4381.000000  0.062539
4709.000000  -0.010939
4998.000000  -0.040467
5198.000000  -0.028722
5351.000000  -0.047927
5450.000000  -0.013801
5586.000000  0.062410
5770.000000  0.079421
5983.000000  -0.006573
6126.000000  -0.080648
6145.000000  -0.064499
6321.000000  0.029805
6485.000000  0.053064
6666.000000  0.006182
6880.000000  0.033571
7147.000000  0.010286
7291.000000  -0.014359
7462.000000  -0.003516
7675.000000  0.014032
7878.000000  -0.025751
8115.000000  0.024582
8425.000000  0.021755
8714.000000  -0.034195
8886.000000  0.039137
9033.000000  -0.072309
9188.000000  -0.041414
9262.000000  0.001498
9397.000000  0.003824
9590.000000  0.039121
9776.000000  0.013068
10005.000000  0.111506
10138.000000  -0.132312
10274.000000  0.003578
10407.000000  0.004104
10619.000000  0.069108
10834.000000  -0.004664
11045.000000  -0.020725
11232.000000  -0.045356
11249.000000  -0.050864
11376.000000  0.036941
11480.000000  0.027331
11621.000000  0.024544
11801.000000  0.017973
12007.000000  0.028543
12048.000000  -0.052447
12239.000000  0.020559
12370.000000  -0.063946
12461.000000  -0.019140
12539.000000  0.005981
12654.000000  -0.002905
12776.000000  0.053324
12929.000000  -0.004252
13127.000000  0.004107
13249.000000  -0.041378
13404.000000  0.021174
13518.000000  -0.020977
13641.000000  0.040485
13783.000000  0.014111
13945.000000  0.014625
14086.000000  -0.012719
14338.000000  -0.021930
14520.000000  0.022695
14720.000000  0.037632
15016.000000  0.032455
15260.000000  0.053415
15560.000000  0.083199
15873.000000  0.010900
16175.000000  0.008246
16493.000000  0.018032
16771.000000  -0.006129
17001.000000  -0.071220
17225.000000  0.033134
17400.000000  -0.059566
17635.000000  0.046125
17862.000000  0.002071
18195.000000  0.039096
18459.000000  -0.002767
18724.000000  0.079187
19033.000000  0.031272
19441.000000  0.037459
19803.000000  0.031377
20112.000000  -0.098657
20391.000000  0.006439
20624.000000  0.076937
20802.000000  -0.011723
20936.000000  0.144908
21119.000000  -0.238687
21349.000000  0.189173
21545.000000  0.078694
21652.000000  -0.009340
21795.000000  -0.260740
21939.000000  -0.005708
22074.000000  -0.082053
22222.000000  -0.041323
22278.000000  0.206862
22408.000000  0.077663
22548.000000  0.005873
22690.000000  0.013496
22821.000000  0.038551
22990.000000  -0.078991
23154.000000  0.043903
23335.000000  -0.074876
23595.000000  -0.004438
23819.000000  -0.055790
24004.000000  -0.045786
24237.000000  0.035603
24511.000000  -0.012042
24606.000000  0.028306
24838.000000  0.176904
25011.000000  -0.339321
25053.000000  0.018555
25087.000000  -0.022702
25213.000000  0.051829
25417.000000  -0.052275
25595.000000  0.079878
25813.000000  0.236760
26071.000000  0.066322
26428.000000  0.031742
26683.000000  -0.116721
26932.000000  -0.199309
27192.000000  0.034248
27423.000000  -0.026635
27669.000000  0.063159
27829.000000  -0.083658
28007.000000  0.002203
28145.000000  -0.055957
28242.000000  -0.024739
28354.000000  -0.034926
28515.000000  0.072471
28652.000000  -0.015623
28763.000000  -0.018030
28871.000000  0.077331
28961.000000  0.160930
29077.000000  -0.322598
29229.000000  0.031087
29408.000000  0.045257
29674.000000  0.173304
30002.000000  -0.019460
30212.000000  -0.025416
30377.000000  -0.084859
30556.000000  0.071145
30824.000000  0.050759
31069.000000  -0.109911
31262.000000  -0.035989
31405.000000  -0.004511
31611.000000  0.026106
31780.000000  -0.038661
31943.000000  0.045790
32087.000000  0.005508
32194.000000  -0.106991
32296.000000  -0.001640
32528.000000  0.109635
32704.000000  -0.002264
32869.000000  0.073585
33034.000000  0.111877
33173.000000  -0.212183
33314.000000  -0.014452
33485.000000  0.196209
33648.000000  0.042803
33770.000000  -0.018402
33879.000000  0.070883
34008.000000  -0.005098
34163.000000  0.061783
34309.000000  0.343923
34461.000000  -0.005641
34662.000000  -0.669232
34737.000000  -0.008511
34865.000000  -0.026892
34989.000000  -0.001900
35098.000000  0.037484
35171.000000  0.006897
35197.000000  0.030792
35247.000000  0.009219
35321.000000  0.036207
35448.000000  0.010291
35561.000000  0.051472
35609.000000  0.014529
35713.000000  0.034911
35814.000000  0.044749
35883.000000  -0.329574
35885.000000  -0.049830
35922.000000  0.042731
35966.000000  0.010449
36045.000000  -0.028473
36118.000000  0.000549
36184.000000  0.003890
36209.000000  -0.039903
36271.000000  0.001189
36379.000000  0.037006
36508.000000  0.042281
36560.000000  0.009698
36659.000000  -0.021363
36752.000000  -0.020022
36800.000000  0.013460
36915.000000  0.065768
37046.000000  0.032456
37162.000000  -0.037430
37271.000000  -0.008312
37397.000000  0.005135
37537.000000  -0.005733
37683.000000  0.037635
37866.000000  -0.005705
38058.000000  0.005288
38208.000000  -0.004561
38315.000000  -0.022001
38423.000000  -0.019894
38462.000000  -0.068351
38470.000000  0.086316
38530.000000  -0.043555
38561.000000  0.107368
38608.000000  -0.052415
38707.000000  0.003740
38808.000000  0.029194
38910.000000  0.009886
38955.000000  -0.034279
39062.000000  0.044098
39208.000000  0.008832
39338.000000  0.034562
39434.000000  0.050345
39524.000000  -0.035930
39592.000000  -0.011847
39684.000000  -0.028811
39766.000000  0.037094
39816.000000  -0.077955
39832.000000  -0.158340
39939.000000  0.042509
40066.000000  0.018924
40140.000000  0.004487
40248.000000  -0.044654
40364.000000  0.007493
40469.000000  0.007626
40625.000000  0.030717
40762.000000  0.066620
40813.000000  -0.115699
40817.000000  0.007744
