995.000000  76.989456
1203.000000  82.802734
1408.000000  80.234100
1609.000000  80.721649
1810.000000  79.589615
2015.000000  83.704170
2234.000000  79.363586
2475.000000  79.911652
2771.000000  82.475456
3106.000000  82.310959
3366.000000  81.466385
3678.000000  82.663277
4022.000000  81.104111
4285.000000  79.155762
4500.000000  73.225006
4826.000000  74.957741
4893.000000  67.671829
5160.000000  72.476379
5400.000000  76.404556
5666.000000  77.093910
5878.000000  74.908447
6105.000000  75.367722
6290.000000  75.716820
6478.000000  74.887825
6676.000000  73.320107
6824.000000  71.757454
6950.000000  60.057331
7053.000000  70.283707
7160.000000  61.522305
7260.000000  56.919872
7407.000000  61.672253
7619.000000  69.873016
7820.000000  64.599373
8016.000000  65.576080
8300.000000  65.706551
8611.000000  69.555641
8890.000000  68.319992
9111.000000  65.252480
9336.000000  65.985016
9425.000000  57.624084
9470.000000  44.155502
9631.000000  54.242794
9753.000000  57.689827
9799.000000  45.507248
9930.000000  55.793129
10070.000000  60.837524
10229.000000  55.353790
10403.000000  61.991646
10544.000000  49.968311
10672.000000  58.956551
10734.000000  41.997669
10918.000000  51.390213
11014.000000  45.892708
11079.000000  49.885094
11237.000000  54.765308
11379.000000  55.225819
11578.000000  57.929123
11705.000000  52.020359
11840.000000  46.607010
11868.000000  40.226727
11965.000000  44.585304
12098.000000  49.965183
12181.000000  42.905159
12260.000000  32.936813
12324.000000  33.749001
12388.000000  27.229548
12452.000000  26.539553
12484.000000  16.531149
12532.000000  20.668987
12578.000000  21.150408
12640.000000  36.870808
12706.000000  35.286148
12802.000000  29.687819
12896.000000  29.346224
12975.000000  32.346924
13069.000000  38.199303
13189.000000  47.226982
13249.000000  45.800838
13409.000000  54.305714
13604.000000  56.561764
13799.000000  59.593155
13959.000000  58.677143
14160.000000  61.787117
14416.000000  64.304985
14727.000000  63.194019
15016.000000  63.129395
15163.000000  65.266258
15447.000000  61.918575
15768.000000  66.946991
16040.000000  68.399338
16267.000000  66.924599
16520.000000  63.862461
16741.000000  65.336578
16947.000000  70.155754
17182.000000  67.823631
17395.000000  69.739716
17572.000000  65.296036
17732.000000  59.754078
17908.000000  56.930893
18079.000000  52.257736
18214.000000  57.691227
18354.000000  60.865902
18464.000000  59.129120
18518.000000  32.364536
18541.000000  37.098122
18601.000000  47.686413
18715.000000  53.579086
18852.000000  58.053993
19009.000000  52.501816
19145.000000  54.139511
19249.000000  47.691238
19358.000000  37.289158
19494.000000  44.429733
19592.000000  40.644478
19818.000000  56.499516
20002.000000  54.672684
20132.000000  53.005634
20285.000000  50.202412
20444.000000  58.068497
20560.000000  52.297306
20661.000000  49.493256
20801.000000  58.596104
21012.000000  61.993088
21205.000000  66.140968
21366.000000  65.769730
21547.000000  68.118790
21683.000000  68.582939
21857.000000  66.788986
22005.000000  67.711731
22144.000000  70.372375
22403.000000  70.493225
22639.000000  69.360741
22830.000000  63.776833
22981.000000  72.470535
23115.000000  38.578262
23182.000000  29.741293
23307.000000  40.837902
23437.000000  64.675644
23576.000000  69.597778
23683.000000  66.413353
23856.000000  74.106133
24015.000000  31.653830
24105.000000  30.201361
24183.000000  27.606565
24280.000000  35.492409
24447.000000  69.576225
24660.000000  69.546906
24945.000000  72.320610
25195.000000  30.767860
25387.000000  34.104858
25530.000000  29.766304
25625.000000  19.402975
25805.000000  36.619434
26024.000000  44.439041
26230.000000  38.350365
26327.000000  38.374481
26491.000000  41.587509
26675.000000  40.797821
26857.000000  21.877785
26998.000000  21.085051
27113.000000  29.952045
27178.000000  42.377987
27285.000000  40.818188
27412.000000  58.705185
27611.000000  30.452105
27714.000000  25.358395
27798.000000  31.454790
27935.000000  37.496941
28091.000000  40.308971
28268.000000  37.727406
28432.000000  35.673126
28644.000000  30.638653
28807.000000  29.566107
28974.000000  32.437401
29166.000000  40.243675
29368.000000  40.647091
29569.000000  38.542194
29752.000000  39.427189
29939.000000  29.501320
30041.000000  32.799469
30190.000000  31.652102
30330.000000  36.220211
30432.000000  32.764091
30518.000000  33.558006
30590.000000  27.131310
30670.000000  30.441093
30768.000000  28.792921
30879.000000  36.787395
31017.000000  39.059296
31114.000000  38.457523
31240.000000  41.347370
31348.000000  48.726044
31472.000000  48.630558
31527.000000  51.906658
31582.000000  63.953186
31601.000000  57.493065
31636.000000  42.206055
31660.000000  42.800148
31697.000000  45.538502
31735.000000  52.311291
31923.000000  40.388523
32079.000000  46.344288
32277.000000  49.045746
32464.000000  25.943985
32626.000000  31.840858
32781.000000  35.033665
32883.000000  30.857965
32977.000000  53.821934
33057.000000  58.117676
33129.000000  61.395191
33181.000000  37.647068
33229.000000  16.956335
33312.000000  18.003212
33377.000000  13.008538
33437.000000  5.792969
33501.000000  15.752077
33534.000000  33.460869
33563.000000  35.414356
33612.000000  25.515886
33706.000000  37.308372
33757.000000  22.095520
33887.000000  36.107178
34107.000000  31.828705
34289.000000  36.467342
34434.000000  35.806652
34521.000000  36.361961
34618.000000  33.484653
34736.000000  33.575417
34849.000000  38.287170
35003.000000  41.663277
35143.000000  39.567738
35285.000000  30.206236
35398.000000  20.015228
35499.000000  18.393703
35576.000000  15.164577
35664.000000  18.674088
35764.000000  21.377888
35856.000000  27.495062
35939.000000  15.022409
36006.000000  32.334618
36065.000000  46.037533
36076.000000  2.920088
36189.000000  7.035736
36267.000000  24.925596
36333.000000  34.584801
36407.000000  29.907188
36493.000000  35.525234
36577.000000  31.293264
36633.000000  32.546635
36686.000000  32.141228
36720.000000  23.010992
36782.000000  20.530352
36842.000000  5.623941
36884.000000  6.158785
36917.000000  3.446500
36939.000000  2.082780
36982.000000  5.356216
37057.000000  6.384263
37080.000000  5.079686
37113.000000  4.512476
37117.000000  2.077876
37162.000000  5.411891
37231.000000  6.169364
37292.000000  7.551550
37361.000000  9.985413
37420.000000  13.882202
37493.000000  14.529059
37581.000000  17.716541
37665.000000  20.136898
37740.000000  22.884001
37825.000000  20.789505
37903.000000  21.373232
37969.000000  17.153925
38062.000000  21.253555
38143.000000  27.218550
38185.000000  21.684841
38190.000000  9.119778
38197.000000  18.339890
38207.000000  19.943804
38223.000000  20.394608
38260.000000  17.140957
38307.000000  16.259310
38362.000000  20.092169
38419.000000  22.876156
38478.000000  22.517828
38546.000000  14.123461
38594.000000  10.028800
38642.000000  13.202614
38665.000000  17.631834
38672.000000  28.442488
38728.000000  7.064238
38815.000000  10.534262
38901.000000  13.506588
38932.000000  11.966759
39091.000000  24.131441
39176.000000  21.262949
39261.000000  26.704481
39407.000000  30.875572
39527.000000  31.207886
39595.000000  22.993456
39647.000000  30.926716
39719.000000  30.791061
39767.000000  10.044648
39799.000000  9.763058
39828.000000  8.485417
39856.000000  6.750552
39934.000000  10.053926
39992.000000  10.835055
40044.000000  10.141014
40097.000000  8.325507
40154.000000  9.495588
40252.000000  12.712878
40340.000000  13.266544
40438.000000  14.195230
40523.000000  14.233145
40602.000000  14.269077
40648.000000  14.268455
40686.000000  12.111506
40739.000000  17.177010
40762.000000  11.541495
40824.000000  16.633884
40825.000000  5.809812
