2285.000000  5.138897
2864.000000  6.668867
3358.000000  17.890541
3764.000000  9.272857
4551.000000  5.359312
5413.000000  6.609318
6454.000000  4.663256
7426.000000  4.533094
8291.000000  5.884723
9112.000000  4.581952
9317.000000  6.201058
10000.000000  6.240338
10830.000000  5.480021
11410.000000  3.991206
12014.000000  4.451974
12542.000000  5.332718
12997.000000  6.615725
13540.000000  7.299684
14028.000000  6.709401
14615.000000  7.163514
15013.000000  7.579617
15476.000000  9.849301
16034.000000  9.551525
16552.000000  7.738271
17217.000000  7.233449
18036.000000  7.228458
18957.000000  9.523916
19686.000000  9.819904
20143.000000  14.689702
20447.000000  18.709841
20753.000000  14.686590
21163.000000  14.680203
21522.000000  11.484827
21903.000000  11.890059
22286.000000  10.927481
22828.000000  11.003588
23333.000000  9.792009
23943.000000  12.750402
24346.000000  8.200052
24844.000000  12.433709
25236.000000  9.241750
25443.000000  14.503723
25942.000000  8.925830
26325.000000  7.465312
26674.000000  6.708262
27028.000000  4.854958
27294.000000  11.312475
27525.000000  11.083260
27848.000000  9.780696
28334.000000  9.432073
29115.000000  5.771561
29959.000000  14.388927
30628.000000  5.569698
31485.000000  6.376723
32465.000000  5.172854
33611.000000  10.686460
34544.000000  17.178587
35157.000000  12.288174
35847.000000  5.979677
36561.000000  5.583371
37262.000000  8.379665
37700.000000  4.861516
38107.000000  2.742501
38522.000000  3.323843
39023.000000  2.826528
39408.000000  3.566517
39686.000000  3.203042
40013.000000  3.679517
40342.000000  3.856208
40860.000000  5.343536
41278.000000  5.120108
41799.000000  5.366451
42308.000000  5.959890
42866.000000  4.577212
43282.000000  5.360420
43790.000000  7.465990
44409.000000  5.860739
44853.000000  7.485778
45284.000000  6.887583
45918.000000  5.290956
46455.000000  3.950091
46845.000000  5.685500
47548.000000  4.774050
48400.000000  3.380343
49132.000000  3.206246
49770.000000  5.510387
50325.000000  3.319269
50781.000000  5.133923
51123.000000  4.656678
51466.000000  6.583211
51927.000000  5.783676
52442.000000  2.556989
52985.000000  2.962286
53363.000000  3.022292
53583.000000  4.345990
53830.000000  5.333424
54152.000000  4.874893
55089.000000  6.387594
56220.000000  5.717857
57053.000000  6.995896
57709.000000  6.844555
58329.000000  16.307730
58933.000000  5.578078
59583.000000  5.558041
60007.000000  5.303414
60323.000000  6.187205
60853.000000  4.720496
61334.000000  3.082665
61958.000000  2.816064
62453.000000  2.371927
62941.000000  2.592181
63408.000000  2.182617
63844.000000  1.801192
63991.000000  2.606520
64156.000000  2.598828
64387.000000  2.291074
64564.000000  4.450705
65029.000000  5.401436
65372.000000  2.705482
65795.000000  2.662054
66384.000000  2.522284
67238.000000  3.187136
67884.000000  3.170660
68666.000000  3.580606
69017.000000  2.586662
69554.000000  3.198323
70105.000000  5.092187
70690.000000  1.664448
71207.000000  1.882596
71426.000000  1.658681
71699.000000  3.643942
72076.000000  3.539933
72378.000000  3.933705
72912.000000  2.071981
73156.000000  2.103409
73426.000000  2.468267
73717.000000  3.819836
74058.000000  4.605198
74172.000000  4.126373
74420.000000  3.316698
74659.000000  6.231122
75268.000000  4.720914
75687.000000  4.857584
76162.000000  3.066114
76448.000000  3.904157
76555.000000  2.160117
76602.000000  3.858974
76644.000000  4.192117
76785.000000  4.194504
76941.000000  5.053553
77189.000000  3.392842
77402.000000  4.047942
77693.000000  4.072774
78077.000000  4.927974
78410.000000  3.688829
78559.000000  3.986773
79098.000000  2.972845
79679.000000  2.618149
80291.000000  2.736895
80849.000000  2.950878
81441.000000  2.745933
81857.000000  4.418067
82237.000000  3.242939
82580.000000  3.845561
82911.000000  3.260429
83116.000000  4.960439
83294.000000  3.844481
83639.000000  2.720443
83819.000000  3.227655
84219.000000  3.813751
84413.000000  4.398645
84490.000000  5.849105
84594.000000  3.470769
85175.000000  3.845365
85775.000000  2.823024
86209.000000  3.245991
86738.000000  3.268846
87091.000000  4.985747
87276.000000  3.835093
87465.000000  1.862528
87801.000000  2.272285
87968.000000  2.907878
88136.000000  3.349541
88327.000000  1.955821
88335.000000  2.362284
88515.000000  2.662630
88655.000000  3.311987
88773.000000  3.545024
88777.000000  3.427911
89125.000000  3.638113
89410.000000  2.627551
89935.000000  2.686404
90444.000000  3.430272
91149.000000  3.300781
91285.000000  2.476719
91335.000000  3.319788
91419.000000  3.001567
91475.000000  3.210657
91503.000000  3.424879
