995.000000  60.948402
1271.000000  62.634857
1504.000000  59.109951
1823.000000  64.248642
2135.000000  64.051529
2416.000000  62.263382
2761.000000  65.421043
3023.000000  63.580627
3329.000000  62.955261
3656.000000  65.445030
3925.000000  62.610729
4172.000000  60.332649
4498.000000  61.482643
4803.000000  56.290619
5074.000000  53.651459
5256.000000  49.295570
5458.000000  49.788277
5575.000000  37.620171
5870.000000  48.579395
6102.000000  48.116989
6381.000000  52.921528
6673.000000  52.458572
7013.000000  51.634247
7303.000000  51.506191
7506.000000  44.823399
7765.000000  47.148232
7957.000000  45.746895
8099.000000  39.672157
8274.000000  36.196430
8430.000000  34.385956
8467.000000  23.243107
8625.000000  32.662956
8731.000000  35.247700
8861.000000  31.159384
9042.000000  33.323593
9088.000000  27.901476
9296.000000  39.834587
9299.000000  3.520935
9494.000000  36.579041
9667.000000  38.458176
9838.000000  40.438995
9985.000000  34.114399
10190.000000  41.357784
10385.000000  43.275089
10614.000000  46.300838
10798.000000  45.581562
11001.000000  33.240093
11260.000000  40.021683
11519.000000  41.390312
11819.000000  41.776802
12134.000000  44.034214
12419.000000  43.522263
12719.000000  42.356403
13014.000000  39.686241
13272.000000  39.363083
13490.000000  33.392906
13690.000000  41.660034
13837.000000  32.795601
14011.000000  39.542763
14185.000000  44.886147
14352.000000  43.617188
14553.000000  42.601158
14733.000000  39.293964
14893.000000  40.472530
15022.000000  24.634026
15169.000000  13.308700
15338.000000  33.607685
15496.000000  20.341888
15685.000000  24.637445
15874.000000  25.105854
15989.000000  23.071320
16225.000000  27.182869
16415.000000  27.484777
16628.000000  29.665333
16818.000000  25.487188
17045.000000  30.002817
17335.000000  41.289528
17632.000000  40.019329
17886.000000  38.221539
18154.000000  36.331593
18369.000000  32.549149
18593.000000  32.617455
18762.000000  26.280785
18957.000000  28.980625
19152.000000  29.640562
19415.000000  39.918266
19632.000000  39.389317
19901.000000  36.315907
20189.000000  32.345371
20449.000000  34.627937
20741.000000  37.227749
21022.000000  33.891289
21247.000000  30.875471
21450.000000  33.486549
21668.000000  35.858528
21926.000000  32.719841
22148.000000  34.797760
22444.000000  38.406963
22731.000000  33.665154
22978.000000  31.909243
23303.000000  36.946507
23641.000000  36.458622
23780.000000  28.611389
23861.000000  21.929108
24039.000000  33.999790
24229.000000  42.610119
24466.000000  51.354252
24669.000000  53.036434
24884.000000  58.355968
25136.000000  45.508663
25326.000000  37.455353
25481.000000  34.758602
25616.000000  35.458641
25725.000000  33.156406
25859.000000  34.147610
25972.000000  33.992802
26124.000000  35.189648
26212.000000  32.419868
26268.000000  37.309982
26352.000000  47.988533
26413.000000  23.507000
26508.000000  27.363592
26668.000000  41.847881
26888.000000  42.678471
27121.000000  33.070518
27353.000000  30.091391
27522.000000  26.422882
27738.000000  29.081285
27955.000000  32.424221
28168.000000  33.256454
28344.000000  26.496960
28502.000000  25.243389
28657.000000  29.238132
28842.000000  30.696365
28970.000000  36.672504
29052.000000  23.966793
29159.000000  36.818676
29280.000000  38.744442
29442.000000  40.914310
29615.000000  41.488461
29792.000000  45.691734
29980.000000  42.814629
30121.000000  37.038033
30232.000000  41.983395
30353.000000  16.731836
30482.000000  15.820447
30584.000000  36.074482
30732.000000  49.578487
30904.000000  20.690588
31025.000000  21.366117
31250.000000  21.380724
31337.000000  16.266859
31480.000000  15.597918
31596.000000  13.330782
31845.000000  21.194405
32074.000000  26.328001
32263.000000  24.638906
32394.000000  39.977005
32614.000000  45.629421
32799.000000  44.787693
32981.000000  45.034721
33200.000000  44.616684
33416.000000  46.144409
33626.000000  41.206646
33837.000000  46.685913
33993.000000  46.555576
34114.000000  50.584541
34339.000000  47.582886
34451.000000  49.943401
34557.000000  52.700539
34649.000000  54.665661
34824.000000  58.525173
34919.000000  9.587345
34985.000000  5.515312
35028.000000  3.297283
35061.000000  2.394873
35139.000000  38.182941
35192.000000  39.702438
35296.000000  64.413948
35403.000000  34.814281
35531.000000  35.536999
35672.000000  34.055305
35701.000000  24.434610
35733.000000  1.773907
35783.000000  3.467883
35790.000000  5.520010
35870.000000  11.679873
35993.000000  10.660152
36067.000000  8.315261
36214.000000  7.996257
36330.000000  8.935574
36351.000000  2.373674
36353.000000  0.890520
36398.000000  3.253076
36430.000000  6.247447
36461.000000  1.371560
36468.000000  4.696106
36654.000000  11.005730
36689.000000  6.408163
36769.000000  9.901822
36848.000000  11.000813
36937.000000  11.493220
37051.000000  17.214359
37202.000000  17.239918
37374.000000  19.300297
37566.000000  19.593025
37753.000000  20.590773
37900.000000  19.042112
37990.000000  21.339884
38110.000000  19.792101
38253.000000  21.110065
38437.000000  22.578234
38535.000000  15.128192
38637.000000  13.498227
38758.000000  15.212742
38873.000000  9.233774
38962.000000  9.900471
39065.000000  13.935788
39169.000000  22.354828
39293.000000  19.622278
39394.000000  16.307011
39460.000000  10.653565
39533.000000  13.962097
39631.000000  14.656464
39704.000000  17.526039
39767.000000  9.448769
39883.000000  8.275977
39982.000000  11.838006
40110.000000  15.825383
40155.000000  8.867328
40269.000000  10.957872
40382.000000  14.366898
40493.000000  18.388626
40620.000000  21.334665
40686.000000  17.480322
40761.000000  18.246544
40774.000000  5.047397
40801.000000  8.796739
40813.000000  2.552473
40817.000000  0.861119
