995.000000  0.052144
1271.000000  0.001185
1504.000000  0.006643
1823.000000  0.000018
2135.000000  0.001055
2416.000000  0.015603
2761.000000  -0.004583
3023.000000  0.002277
3329.000000  0.011098
3656.000000  -0.006401
3925.000000  -0.003491
4172.000000  0.013915
4498.000000  0.002669
4803.000000  -0.002542
5074.000000  0.005174
5256.000000  -0.004751
5458.000000  0.000649
5575.000000  0.000765
5870.000000  0.000182
6102.000000  0.019767
6381.000000  -0.009300
6673.000000  0.011738
7013.000000  -0.007046
7303.000000  0.005451
7506.000000  0.002673
7765.000000  0.006544
7957.000000  -0.008168
8099.000000  -0.005759
8274.000000  0.000123
8430.000000  0.010008
8467.000000  0.016961
8625.000000  -0.019766
8731.000000  0.002797
8861.000000  -0.008871
9042.000000  -0.000616
9088.000000  0.009523
9296.000000  -0.003836
9299.000000  0.013277
9494.000000  0.005541
9667.000000  -0.012193
9838.000000  0.001357
9985.000000  0.006525
10190.000000  -0.004929
10385.000000  0.031916
10614.000000  -0.022299
10798.000000  -0.010362
11001.000000  0.036363
11260.000000  -0.015874
11519.000000  0.010014
11819.000000  0.005563
12134.000000  0.006051
12419.000000  0.000251
12719.000000  0.024615
13014.000000  -0.021021
13272.000000  -0.005255
13490.000000  0.004802
13690.000000  -0.013404
13837.000000  0.007517
14011.000000  -0.003351
14185.000000  0.012658
14352.000000  -0.005153
14553.000000  0.000981
14733.000000  -0.001864
14893.000000  -0.009063
15022.000000  0.002941
15169.000000  0.019999
15338.000000  -0.029275
15496.000000  0.006446
15685.000000  0.005969
15874.000000  0.001267
15989.000000  0.015843
16225.000000  -0.009750
16415.000000  0.019610
16628.000000  -0.027232
16818.000000  0.016284
17045.000000  0.008215
17335.000000  -0.004843
17632.000000  -0.000394
17886.000000  0.002652
18154.000000  0.021230
18369.000000  -0.026387
18593.000000  0.003037
18762.000000  0.021004
18957.000000  -0.014474
19152.000000  -0.010089
19415.000000  0.010524
19632.000000  -0.006173
19901.000000  0.007926
20189.000000  0.020063
20449.000000  -0.026447
20741.000000  0.007346
21022.000000  -0.004791
21247.000000  0.029710
21450.000000  -0.025997
21668.000000  0.011661
21926.000000  0.033359
22148.000000  -0.034375
22444.000000  -0.003522
22731.000000  0.007103
22978.000000  0.010549
23303.000000  0.005993
23641.000000  -0.015980
23780.000000  -0.011037
23861.000000  -0.005371
24039.000000  -0.002130
24229.000000  -0.002924
24466.000000  -0.013543
24669.000000  0.001527
24884.000000  -0.014151
25136.000000  0.024805
25326.000000  -0.027962
25481.000000  0.015503
25616.000000  -0.022701
25725.000000  0.016763
25859.000000  0.005431
25972.000000  -0.010675
26124.000000  -0.009847
26212.000000  -0.011348
26268.000000  0.016864
26352.000000  -0.024174
26413.000000  0.009411
26508.000000  -0.007165
26668.000000  0.002319
26888.000000  0.014741
27121.000000  -0.024209
27353.000000  -0.000540
27522.000000  0.012765
27738.000000  0.003567
27955.000000  0.011124
28168.000000  -0.000121
28344.000000  -0.002685
28502.000000  0.003117
28657.000000  0.001874
28842.000000  -0.004074
28970.000000  -0.003266
29052.000000  0.019947
29159.000000  -0.036157
29280.000000  0.009615
29442.000000  -0.016650
29615.000000  0.017647
29792.000000  -0.016993
29980.000000  0.010950
30121.000000  0.004082
30232.000000  -0.001077
30353.000000  -0.012956
30482.000000  -0.001242
30584.000000  0.002992
30732.000000  -0.004429
30904.000000  0.022342
31025.000000  -0.008074
31250.000000  0.009106
31337.000000  0.010921
31480.000000  -0.009059
31596.000000  0.003478
31845.000000  -0.004417
32074.000000  0.022855
32263.000000  -0.003160
32394.000000  -0.009242
32614.000000  0.006389
32799.000000  0.020793
32981.000000  -0.013302
33200.000000  -0.012912
33416.000000  0.012098
33626.000000  -0.000766
33837.000000  -0.006390
33993.000000  -0.005688
34114.000000  -0.001081
34339.000000  -0.000146
34451.000000  -0.019979
34557.000000  0.004543
34649.000000  -0.010091
34824.000000  0.014855
34919.000000  -0.019779
34985.000000  -0.001652
35028.000000  0.001718
35061.000000  -0.014449
35139.000000  0.008507
35192.000000  -0.015198
35296.000000  -0.007159
35403.000000  0.014453
35531.000000  -0.015359
35672.000000  -0.007540
35701.000000  -0.003987
35733.000000  0.000845
35783.000000  -0.016186
35790.000000  -0.004915
35870.000000  0.006303
35993.000000  0.001657
36067.000000  -0.006790
36214.000000  -0.000492
36330.000000  -0.010424
36351.000000  -0.000045
36353.000000  0.011077
36398.000000  -0.012381
36430.000000  -0.003073
36461.000000  0.004981
36468.000000  -0.003798
36654.000000  0.003189
36689.000000  -0.000176
36769.000000  -0.005640
36848.000000  0.002203
36937.000000  0.006972
37051.000000  -0.007938
37202.000000  0.003545
37374.000000  -0.001953
37566.000000  0.000550
37753.000000  0.009552
37900.000000  -0.010458
37990.000000  -0.005201
38110.000000  0.000637
38253.000000  -0.000395
38437.000000  0.001432
38535.000000  -0.001466
38637.000000  -0.000924
38758.000000  0.005573
38873.000000  -0.006193
38962.000000  -0.005907
39065.000000  0.000300
39169.000000  0.005201
39293.000000  0.010016
39394.000000  -0.026964
39460.000000  0.000112
39533.000000  -0.002141
39631.000000  0.003619
39704.000000  -0.003968
39767.000000  -0.003923
39883.000000  0.000676
39982.000000  0.004482
40110.000000  -0.000312
40155.000000  0.002947
40269.000000  0.005067
40382.000000  -0.003432
40493.000000  -0.001047
40620.000000  0.000941
40686.000000  -0.000887
40761.000000  -0.002919
40774.000000  -0.005054
40801.000000  -0.002711
40813.000000  -0.002151
40817.000000  -0.003295
