2285.000000  1.663904
2825.000000  0.029639
3300.000000  0.043429
3614.000000  0.067723
4166.000000  0.076716
4725.000000  0.018751
5373.000000  0.139480
6229.000000  0.126590
7168.000000  0.135740
8204.000000  0.189307
9081.000000  0.062114
9781.000000  0.120156
10093.000000  -0.059560
10451.000000  0.191197
11143.000000  -0.010680
11496.000000  -0.021204
11558.000000  0.138323
11753.000000  -0.060226
12170.000000  0.049117
12785.000000  0.045357
13282.000000  0.095818
13760.000000  0.025236
14339.000000  0.133512
14915.000000  0.059790
15581.000000  0.099805
16218.000000  0.100047
16706.000000  0.033495
17442.000000  0.200875
17883.000000  -0.091451
18388.000000  0.152713
19116.000000  0.112671
19600.000000  0.000741
20476.000000  0.145273
21022.000000  0.191026
21793.000000  0.109377
22998.000000  0.108345
23610.000000  -0.017464
23968.000000  -0.007848
24696.000000  0.134844
26264.000000  0.228862
27999.000000  0.213529
29098.000000  0.200907
29392.000000  0.036528
30162.000000  -0.067679
31023.000000  0.203034
31436.000000  0.130953
33162.000000  0.206655
34534.000000  0.208166
35580.000000  0.161569
36591.000000  0.047352
37635.000000  0.203308
38328.000000  0.058876
39652.000000  0.213704
40541.000000  0.164541
42324.000000  0.214328
43975.000000  0.302731
46055.000000  0.251288
48248.000000  0.383963
50100.000000  0.298472
51620.000000  0.030886
53053.000000  0.371262
53785.000000  0.317692
54776.000000  -0.278874
55712.000000  0.236428
56761.000000  0.031007
57986.000000  0.313129
59242.000000  0.229060
60770.000000  0.101047
61285.000000  -0.022435
62585.000000  0.282406
63039.000000  -0.064462
64300.000000  0.073423
64909.000000  0.251514
65919.000000  0.105903
67044.000000  0.216892
67814.000000  -0.165548
68504.000000  0.225422
69538.000000  0.196848
70117.000000  -0.064503
71348.000000  0.320440
72165.000000  -0.160035
72901.000000  0.226741
73836.000000  0.209643
74253.000000  -0.201405
74648.000000  0.133808
75814.000000  0.044926
76371.000000  0.083201
77351.000000  0.111664
77879.000000  0.216328
78631.000000  -0.062153
79907.000000  -0.028233
80692.000000  0.262185
82263.000000  0.138556
82947.000000  0.007660
83671.000000  0.423248
84177.000000  -0.114426
84951.000000  0.276155
85317.000000  -0.166217
86295.000000  0.027515
86840.000000  0.185843
86910.000000  0.222857
87004.000000  -0.191884
87262.000000  0.201456
87358.000000  0.232137
87542.000000  -0.306705
87977.000000  -0.122105
88712.000000  0.229063
89653.000000  -0.036310
90111.000000  0.316828
90231.000000  -0.310378
90462.000000  0.195957
90483.000000  -0.082978
90780.000000  -0.088833
91146.000000  0.002255
91454.000000  0.000459
91478.000000  0.140244
