2285.000000  75.682816
2904.000000  82.436050
3577.000000  79.017921
4168.000000  82.599648
4789.000000  84.951912
5295.000000  81.910225
6141.000000  81.183945
7052.000000  82.330574
7751.000000  82.292191
8511.000000  80.927780
9230.000000  77.368248
10100.000000  75.409462
10898.000000  77.664528
11551.000000  76.876328
12411.000000  75.890007
12792.000000  77.374336
13252.000000  71.016624
13819.000000  72.492691
14325.000000  70.979622
14822.000000  69.225006
15226.000000  66.713974
15498.000000  54.846008
15687.000000  44.171883
15938.000000  46.717186
16392.000000  68.039940
16913.000000  64.184967
17427.000000  65.736450
17983.000000  60.617744
18696.000000  65.176430
19495.000000  69.813202
20267.000000  67.167847
20832.000000  66.866135
21304.000000  57.988483
21743.000000  57.807507
22191.000000  56.883991
22717.000000  56.194668
23279.000000  53.929268
23642.000000  41.791924
24063.000000  53.400375
24275.000000  46.904797
24461.000000  31.943066
24705.000000  41.858318
25075.000000  49.420593
25593.000000  61.785656
26079.000000  63.762550
26888.000000  67.565056
27610.000000  67.692093
28277.000000  68.410912
28842.000000  64.949265
29468.000000  61.964767
29912.000000  63.984501
30566.000000  60.252087
31431.000000  65.181389
32104.000000  64.214668
32953.000000  64.666107
33649.000000  64.690575
34252.000000  61.477066
34745.000000  63.120251
35145.000000  68.643738
35343.000000  43.235935
35659.000000  40.499229
35975.000000  45.936169
36340.000000  46.794464
36925.000000  53.597076
37330.000000  48.933746
38122.000000  59.288227
38768.000000  50.590248
39295.000000  50.977127
39739.000000  48.628014
40149.000000  47.158539
40554.000000  26.695759
40739.000000  21.221130
40998.000000  46.142349
41176.000000  52.085705
41361.000000  23.132607
41651.000000  19.538849
41845.000000  17.188704
42148.000000  58.210361
42492.000000  60.492451
42943.000000  62.557442
43419.000000  53.984505
43857.000000  53.612606
44586.000000  55.372597
45385.000000  57.659042
45861.000000  56.224792
46368.000000  54.722923
46832.000000  49.289238
47274.000000  52.309662
47864.000000  56.497044
48329.000000  56.740128
48609.000000  44.540081
48770.000000  40.934227
49162.000000  51.264660
49533.000000  52.068741
49953.000000  41.043713
50226.000000  43.264294
50491.000000  44.818592
50818.000000  34.915428
51011.000000  34.932621
51319.000000  49.828018
51730.000000  43.084167
52279.000000  51.250141
53031.000000  57.162930
53582.000000  55.654396
54250.000000  62.654285
54560.000000  52.948296
54852.000000  58.914143
54923.000000  67.284889
55029.000000  20.065712
55127.000000  22.302584
55188.000000  20.685894
55321.000000  19.808966
55524.000000  54.542469
55841.000000  62.335598
56067.000000  71.288528
56111.000000  76.001419
56197.000000  8.870185
56253.000000  15.212637
56665.000000  19.576874
56888.000000  52.090176
57294.000000  59.161049
57676.000000  57.721157
58166.000000  57.102341
58515.000000  58.707066
58934.000000  56.053562
59309.000000  58.216202
59690.000000  40.670475
60349.000000  30.536880
61101.000000  37.136810
61757.000000  38.285450
62180.000000  34.325699
62473.000000  24.215742
62737.000000  24.578890
63242.000000  42.835270
63622.000000  40.522236
64107.000000  45.921482
64582.000000  41.931797
65035.000000  53.691631
65360.000000  52.871300
65645.000000  63.001961
65958.000000  26.619020
66208.000000  18.859091
66406.000000  24.904343
66555.000000  11.377159
66713.000000  25.735054
66850.000000  23.447369
67153.000000  36.725742
67485.000000  41.801567
67814.000000  37.314724
68344.000000  43.363682
68847.000000  40.675800
69386.000000  69.281250
69908.000000  70.476357
70406.000000  69.063660
70959.000000  68.682030
71530.000000  70.200729
71953.000000  71.791550
72552.000000  68.904594
72825.000000  59.364117
73142.000000  46.318989
73364.000000  47.421856
73743.000000  15.087957
74253.000000  40.173775
74699.000000  29.761585
75113.000000  24.516027
75764.000000  32.882580
76372.000000  40.856262
76692.000000  33.579628
77004.000000  33.312283
77490.000000  36.056293
77956.000000  35.552193
78388.000000  37.807888
78838.000000  34.874832
79229.000000  31.094301
79698.000000  33.987411
80273.000000  37.829872
80562.000000  36.235775
80942.000000  40.352428
81425.000000  21.714184
81887.000000  25.559830
82396.000000  37.957047
82684.000000  37.001484
82802.000000  30.187365
83072.000000  40.717743
83421.000000  35.083126
83555.000000  28.045479
83698.000000  30.429813
83785.000000  37.381535
83825.000000  24.982851
83856.000000  19.535795
84041.000000  39.338921
84155.000000  35.384483
84324.000000  39.509872
84579.000000  37.673992
84686.000000  36.356842
84966.000000  42.697033
85298.000000  42.604275
85463.000000  46.483761
85484.000000  3.400834
85599.000000  10.356266
85603.000000  1.853061
85756.000000  39.422298
85844.000000  37.571632
85868.000000  47.512436
85890.000000  3.792035
86285.000000  9.598166
86523.000000  12.471500
86856.000000  16.064987
87341.000000  20.235603
87660.000000  22.675798
87916.000000  14.367292
88204.000000  18.857986
88380.000000  18.222593
88524.000000  20.067909
88871.000000  27.674168
89285.000000  27.898190
89675.000000  28.635130
89867.000000  24.556469
90100.000000  12.627341
90139.000000  8.599778
90144.000000  5.103333
90395.000000  6.713802
90601.000000  10.972355
90810.000000  12.748511
90991.000000  10.656395
91056.000000  7.779870
91260.000000  10.884425
91374.000000  3.082522
91403.000000  1.748179
91500.000000  7.852890
91502.000000  11.770942
