576.000000  0.120192
741.000000  0.103236
892.000000  0.100465
1085.000000  0.118933
1290.000000  0.131618
1449.000000  0.144980
1622.000000  0.139959
1821.000000  0.148216
1975.000000  0.149120
2129.000000  0.135089
2300.000000  0.123000
2433.000000  0.111028
2442.000000  0.022973
2541.000000  0.133246
2562.000000  0.055323
2693.000000  0.138412
2718.000000  0.054228
2882.000000  0.147640
2988.000000  0.145775
3102.000000  0.072400
3102.000000  0.000131
3198.000000  0.089958
3283.000000  0.084737
3408.000000  0.097367
3537.000000  0.137245
3656.000000  0.112378
3773.000000  0.119097
3890.000000  0.114564
3975.000000  0.107214
3981.000000  0.055991
4078.000000  0.120093
4165.000000  0.070029
4215.000000  0.051703
4269.000000  0.066703
4345.000000  0.090984
4490.000000  0.124068
4616.000000  0.132264
4770.000000  0.149781
4794.000000  0.034834
4965.000000  0.143002
4988.000000  0.036881
5167.000000  0.144409
5319.000000  0.116010
5426.000000  0.124423
5577.000000  0.145427
5716.000000  0.110524
5840.000000  0.125828
5949.000000  0.119673
6037.000000  0.091765
6105.000000  0.103199
6162.000000  0.129060
6170.000000  0.052778
6242.000000  0.065716
6266.000000  0.049031
6344.000000  0.080192
6422.000000  0.083374
6499.000000  0.076538
6585.000000  0.086508
6702.000000  0.100128
6855.000000  0.129612
6922.000000  0.112935
6981.000000  0.046229
7027.000000  0.063193
7055.000000  0.061203
7104.000000  0.057017
7150.000000  0.046018
7183.000000  0.102912
7190.000000  0.035222
7233.000000  0.125112
7305.000000  0.109638
7379.000000  0.113943
7455.000000  0.081060
7564.000000  0.122211
7707.000000  0.129190
7718.000000  0.012731
7846.000000  0.123099
7968.000000  0.126440
8108.000000  0.141107
8224.000000  0.135710
8373.000000  0.147562
8451.000000  0.103399
8638.000000  0.164803
8798.000000  0.168606
8885.000000  0.122900
9087.000000  0.181775
9278.000000  0.146206
9493.000000  0.189586
9691.000000  0.191756
9860.000000  0.188816
10054.000000  0.185292
10264.000000  0.194759
10500.000000  0.193970
10719.000000  0.217252
10983.000000  0.217535
11266.000000  0.240925
11468.000000  0.257924
11591.000000  0.175596
11826.000000  0.212188
12027.000000  0.225331
12255.000000  0.232127
12471.000000  0.225763
12680.000000  0.209505
12744.000000  0.132830
12956.000000  0.181675
13115.000000  0.200261
13212.000000  0.161692
13269.000000  0.107494
13348.000000  0.119284
13374.000000  0.061346
13442.000000  0.082525
13570.000000  0.203671
13600.000000  0.142052
13689.000000  0.239063
13753.000000  0.196102
13830.000000  0.221393
13895.000000  0.204259
13958.000000  0.179517
14001.000000  0.174418
14089.000000  0.208117
14162.000000  0.225568
14265.000000  0.240342
14412.000000  0.267474
14554.000000  0.252807
14675.000000  0.205356
14780.000000  0.183791
14903.000000  0.189653
15025.000000  0.250804
15136.000000  0.247569
15263.000000  0.270081
15365.000000  0.226862
15450.000000  0.207961
15555.000000  0.195239
15724.000000  0.181200
15879.000000  0.235995
16039.000000  0.165507
16127.000000  0.163609
16319.000000  0.220921
16467.000000  0.149377
16612.000000  0.129400
16747.000000  0.110970
16898.000000  0.126649
16981.000000  0.093177
17162.000000  0.143578
17285.000000  0.131012
17358.000000  0.084406
17496.000000  0.156034
17618.000000  0.155974
17758.000000  0.163986
17859.000000  0.228794
18008.000000  0.238722
18117.000000  0.247183
18183.000000  0.218020
18225.000000  0.279799
18275.000000  0.272325
18318.000000  0.348863
18365.000000  0.111329
18416.000000  0.131296
18473.000000  0.181486
18489.000000  0.130496
18553.000000  0.192600
18657.000000  0.412109
18742.000000  0.449457
18859.000000  0.282224
18999.000000  0.324019
19119.000000  0.243907
19230.000000  0.187903
19393.000000  0.196084
19550.000000  0.124574
19690.000000  0.104405
19823.000000  0.118369
19967.000000  0.123706
20116.000000  0.152012
20258.000000  0.138925
20388.000000  0.138742
20527.000000  0.142744
20663.000000  0.121579
20756.000000  0.111674
20874.000000  0.130956
21035.000000  0.147121
21213.000000  0.176549
21336.000000  0.138025
21471.000000  0.192468
21565.000000  0.248582
21625.000000  0.220936
21677.000000  0.108309
21713.000000  0.203727
21815.000000  0.264884
21953.000000  0.296857
22047.000000  0.280998
22125.000000  0.258868
22192.000000  0.217780
22258.000000  0.218430
22286.000000  0.249413
22323.000000  0.454494
22393.000000  0.142975
22491.000000  0.124425
22572.000000  0.110040
22643.000000  0.274696
22684.000000  0.453997
22797.000000  0.096144
22942.000000  0.100313
23044.000000  0.106846
23165.000000  0.108346
23200.000000  0.067400
23328.000000  0.114400
23372.000000  0.080180
23486.000000  0.221158
23585.000000  0.206494
23695.000000  0.326303
23798.000000  0.469058
23880.000000  0.096167
23951.000000  0.127947
24035.000000  0.103535
24110.000000  0.097488
24198.000000  0.131202
24267.000000  0.099177
24354.000000  0.107699
24437.000000  0.128910
24528.000000  0.119913
24601.000000  0.106362
24672.000000  0.106747
24781.000000  0.520051
24894.000000  0.525612
25005.000000  0.411345
25128.000000  0.573876
25237.000000  0.543593
25375.000000  0.538277
25482.000000  0.541964
25604.000000  0.530947
25728.000000  0.580010
25838.000000  0.545007
25974.000000  0.142909
26138.000000  0.157844
26311.000000  0.202496
26428.000000  0.205040
26520.000000  0.189614
26637.000000  0.277792
26772.000000  0.375184
26871.000000  0.378465
26946.000000  0.398569
27041.000000  0.466269
27124.000000  0.300331
27184.000000  0.231168
27253.000000  0.339734
27352.000000  0.376555
27478.000000  0.527391
27625.000000  0.578160
27777.000000  0.615286
27946.000000  0.547698
28128.000000  0.535799
28273.000000  0.455247
28382.000000  0.359121
28485.000000  0.159415
28566.000000  0.194105
28673.000000  0.190200
28803.000000  0.219223
28919.000000  0.237575
28977.000000  0.176319
29022.000000  0.156878
29063.000000  0.167793
29103.000000  0.137853
29143.000000  0.127130
29187.000000  0.116763
29217.000000  0.043837
29291.000000  0.161536
29432.000000  0.201042
29537.000000  0.270684
29610.000000  0.208259
29720.000000  0.243879
29839.000000  0.260988
29907.000000  0.187959
29959.000000  0.071110
30011.000000  0.072024
30061.000000  0.054894
30099.000000  0.262025
30144.000000  0.067308
30210.000000  0.097695
30300.000000  0.175787
30373.000000  0.178527
30442.000000  0.156009
30546.000000  0.224244
30675.000000  0.329971
30752.000000  0.235789
30792.000000  0.179063
30825.000000  0.154329
30834.000000  0.115969
30906.000000  0.057670
30963.000000  0.057694
31019.000000  0.068208
31088.000000  0.068274
31143.000000  0.095516
31269.000000  0.093717
31323.000000  0.076396
31374.000000  0.057803
31432.000000  0.068813
31438.000000  0.034057
31508.000000  0.046212
31591.000000  0.057157
31666.000000  0.064675
31747.000000  0.081035
31835.000000  0.099847
31906.000000  0.069543
31971.000000  0.063580
31997.000000  0.034919
32036.000000  0.060629
32123.000000  0.107050
32159.000000  0.066504
32230.000000  0.090273
32288.000000  0.065061
32343.000000  0.067178
32391.000000  0.070677
32434.000000  0.083821
32449.000000  0.046386
32462.000000  0.080510
32471.000000  0.069548
32562.000000  0.062785
32703.000000  0.084667
32813.000000  0.085639
32961.000000  0.101107
33104.000000  0.117326
33214.000000  0.104634
33254.000000  0.049309
33346.000000  0.084434
33422.000000  0.097993
33507.000000  0.100977
33563.000000  0.108333
33650.000000  0.093097
33691.000000  0.058018
33726.000000  0.063997
33743.000000  0.087304
33818.000000  0.092953
33905.000000  0.129222
34000.000000  0.110997
34104.000000  0.100078
34163.000000  0.073127
34214.000000  0.050957
34286.000000  0.077261
34386.000000  0.094683
34509.000000  0.095944
34622.000000  0.091663
34695.000000  0.092326
34832.000000  0.115423
34956.000000  0.111244
35099.000000  0.126288
35227.000000  0.146418
35295.000000  0.098016
35412.000000  0.147466
35492.000000  0.170654
35559.000000  0.091728
35599.000000  0.070246
35623.000000  0.062213
35651.000000  0.051936
35681.000000  0.076236
35687.000000  0.009167
35793.000000  0.066343
35846.000000  0.046221
35942.000000  0.101195
36040.000000  0.103031
36146.000000  0.103420
36240.000000  0.081853
36350.000000  0.079035
36521.000000  0.083321
36686.000000  0.110213
36789.000000  0.083159
36839.000000  0.075806
36885.000000  0.056553
36897.000000  0.004379
36898.000000  0.026265
36972.000000  0.042308
37072.000000  0.064477
37124.000000  0.035630
37219.000000  0.052646
37298.000000  0.041808
37397.000000  0.051370
37397.000000  0.001477
37430.000000  0.019727
37461.000000  0.022043
37475.000000  0.005222
37524.000000  0.043471
37644.000000  0.058616
37747.000000  0.078141
37888.000000  0.122434
37966.000000  0.060706
38089.000000  0.093739
38128.000000  0.068613
38151.000000  0.040692
38229.000000  0.045579
38305.000000  0.053785
38369.000000  0.037889
38504.000000  0.045381
38656.000000  0.090951
38703.000000  0.080558
38848.000000  0.122387
38995.000000  0.134928
39121.000000  0.105244
39239.000000  0.085872
39294.000000  0.050757
39363.000000  0.067600
39454.000000  0.056052
39585.000000  0.064108
39656.000000  0.074615
39768.000000  0.087980
39831.000000  0.049596
39899.000000  0.051041
39978.000000  0.065097
40037.000000  0.044298
40062.000000  0.035160
40086.000000  0.033658
40105.000000  0.053092
40127.000000  0.006197
40191.000000  0.035460
40242.000000  0.017291
40283.000000  0.014719
40315.000000  0.008549
40387.000000  0.039098
40389.000000  0.006586
40452.000000  0.018854
40552.000000  0.036547
40606.000000  0.042118
40665.000000  0.043652
40708.000000  0.036730
40747.000000  0.027871
40778.000000  0.033996
40798.000000  0.034536
40812.000000  0.018589
40814.000000  0.004105
