4067.000000  0.827075
4492.000000  -0.242141
4729.000000  -0.251250
5484.000000  -0.005535
5790.000000  0.002334
6533.000000  0.116325
7448.000000  0.188270
8747.000000  0.172457
9855.000000  -0.006126
10877.000000  0.134329
11844.000000  0.050388
12608.000000  -0.033751
13527.000000  0.076557
14826.000000  0.129328
16270.000000  0.096175
17625.000000  -0.042726
18659.000000  -0.125786
19238.000000  -0.193512
20209.000000  0.009453
20687.000000  0.026744
21320.000000  0.109183
22078.000000  0.128739
22944.000000  0.158503
23805.000000  0.112389
24885.000000  0.141990
25676.000000  -0.273585
26297.000000  -0.119749
26958.000000  -0.461075
27570.000000  0.044544
28239.000000  0.034728
29092.000000  -0.009488
29941.000000  0.072953
30970.000000  -0.001018
31750.000000  -0.001971
32453.000000  -0.016556
33468.000000  0.030831
34552.000000  0.132702
35284.000000  -0.120360
36230.000000  0.089976
37212.000000  0.458262
38205.000000  -0.429416
39054.000000  0.029897
40159.000000  0.115865
41292.000000  0.162043
42656.000000  0.122722
44109.000000  -0.021401
45475.000000  -0.031402
46652.000000  -0.090298
47279.000000  -0.222897
47889.000000  0.105442
48713.000000  0.106512
49303.000000  -0.010168
50598.000000  -0.019621
51364.000000  -0.122831
52493.000000  0.005614
53265.000000  -0.088844
54125.000000  0.073858
55152.000000  0.183325
56089.000000  -0.068774
56915.000000  -0.068574
57744.000000  0.024346
58644.000000  0.100095
59374.000000  -0.107767
59915.000000  -0.088859
61221.000000  0.032077
61881.000000  -0.042778
63098.000000  0.375549
63667.000000  -0.386722
64665.000000  0.013423
65761.000000  0.101727
66559.000000  0.122002
67373.000000  -0.054688
68094.000000  0.032869
68535.000000  -0.321613
69112.000000  0.211245
70195.000000  -0.064722
71017.000000  -0.007269
71752.000000  0.094211
72753.000000  0.041383
73899.000000  0.309281
75533.000000  0.229404
76896.000000  0.016553
78242.000000  -0.153679
79324.000000  0.025316
80712.000000  -0.019428
81868.000000  0.116359
82931.000000  0.011651
83896.000000  0.074615
84804.000000  0.033585
85566.000000  0.059163
86939.000000  0.605718
88072.000000  -0.191245
90275.000000  0.747463
91428.000000  -0.463412
92944.000000  0.320349
93937.000000  -0.232547
94901.000000  0.011362
96185.000000  -0.033072
97388.000000  -0.083920
98771.000000  -0.287644
100185.000000  0.017736
101184.000000  0.151827
102188.000000  -0.189901
103715.000000  0.129467
105231.000000  0.055279
106739.000000  0.016912
107650.000000  0.149969
109090.000000  -0.080435
110299.000000  -0.062044
111721.000000  0.096617
112447.000000  -0.157726
113438.000000  -0.068757
114075.000000  0.021417
114821.000000  -0.111922
116064.000000  0.106705
116635.000000  -0.053863
117568.000000  0.071210
118248.000000  -0.237056
119157.000000  0.972990
119610.000000  -0.119254
120768.000000  0.256442
121182.000000  -0.310385
122136.000000  0.553184
122256.000000  -0.826512
122308.000000  0.308339
122375.000000  -0.804204
122581.000000  0.385603
123951.000000  0.865853
124310.000000  -0.231730
125429.000000  0.504971
125963.000000  -0.431756
126985.000000  0.283303
127741.000000  -0.147778
128661.000000  -0.047293
129193.000000  -0.094800
130381.000000  0.505868
130836.000000  -0.138529
131260.000000  0.244962
131451.000000  -2.485924
131695.000000  1.393884
132073.000000  -1.181733
132424.000000  -0.111491
132895.000000  0.085722
133193.000000  0.096438
133822.000000  0.249068
134489.000000  -0.067094
135216.000000  0.067602
136124.000000  0.054592
136891.000000  0.392644
137092.000000  -0.249259
137563.000000  -0.168262
138094.000000  0.192484
139184.000000  -0.273973
139703.000000  0.044658
139909.000000  -0.429550
140607.000000  0.615855
141743.000000  0.241089
142871.000000  -0.127441
143651.000000  -0.124032
144261.000000  -0.201480
144743.000000  -0.001899
145372.000000  0.027946
145693.000000  -0.053784
146134.000000  0.103186
146424.000000  0.072739
146683.000000  0.143535
146800.000000  -0.092348
146877.000000  -0.488275
147037.000000  0.092151
147448.000000  0.213947
147790.000000  0.066252
148187.000000  -0.226177
148903.000000  0.103685
149219.000000  -0.091529
149511.000000  0.043715
149969.000000  0.201051
150098.000000  -0.198857
150608.000000  0.239072
150759.000000  0.617944
150899.000000  -1.121180
151672.000000  0.286236
152154.000000  -0.040642
152787.000000  0.053256
153469.000000  0.025738
154164.000000  0.133292
155257.000000  0.111247
155689.000000  -0.147235
155990.000000  -0.210617
156233.000000  0.064967
156747.000000  0.029933
157263.000000  0.024388
157809.000000  -0.054228
157937.000000  -0.090636
158155.000000  0.062330
158159.000000  -0.142343
158308.000000  0.043916
158600.000000  0.041841
159231.000000  0.244167
159443.000000  1.253070
159583.000000  1.869981
159658.000000  -3.565382
159873.000000  0.142090
160262.000000  -0.018111
160293.000000  -0.037711
160479.000000  0.056488
160551.000000  -0.057130
160561.000000  0.283411
160573.000000  -0.004645
