995.000000  0.159294
1262.000000  0.138766
1438.000000  0.091501
1707.000000  0.153531
2068.000000  0.195309
2401.000000  0.216323
2786.000000  0.239780
3135.000000  0.276988
3422.000000  0.209081
3689.000000  0.202321
3982.000000  0.206666
4223.000000  0.207352
4557.000000  0.253259
4814.000000  0.180834
5029.000000  0.174822
5284.000000  0.195772
5463.000000  0.200904
5672.000000  0.135060
5811.000000  0.133469
5913.000000  0.129133
6032.000000  0.104488
6202.000000  0.121501
6382.000000  0.134953
6602.000000  0.158243
6847.000000  0.155390
7080.000000  0.149567
7318.000000  0.150384
7572.000000  0.181383
7848.000000  0.170984
8115.000000  0.176193
8301.000000  0.126309
8403.000000  0.090648
8533.000000  0.106188
8663.000000  0.110631
8842.000000  0.125033
8978.000000  0.097956
9089.000000  0.085290
9234.000000  0.091258
9381.000000  0.103506
9541.000000  0.122745
9730.000000  0.148582
9855.000000  0.111071
9999.000000  0.099561
10098.000000  0.100088
10174.000000  0.049639
10274.000000  0.057802
10409.000000  0.067261
10519.000000  0.078895
10601.000000  0.064858
10733.000000  0.078326
10942.000000  0.127549
11127.000000  0.138062
11264.000000  0.099360
11436.000000  0.126635
11683.000000  0.157321
11987.000000  0.208534
12301.000000  0.243101
12655.000000  0.262019
12991.000000  0.227609
13297.000000  0.230193
13550.000000  0.192414
13803.000000  0.169996
14043.000000  0.184151
14329.000000  0.197916
14595.000000  0.204230
14872.000000  0.255897
15135.000000  0.231592
15316.000000  0.183522
15409.000000  0.120823
15618.000000  0.146937
15836.000000  0.124679
16010.000000  0.123008
16162.000000  0.135343
16296.000000  0.121562
16452.000000  0.091875
16575.000000  0.128974
16760.000000  0.236224
17076.000000  0.311146
17279.000000  0.262433
17496.000000  0.334415
17729.000000  0.351764
17946.000000  0.235805
18136.000000  0.224383
18213.000000  0.212053
18389.000000  0.251420
18486.000000  0.272234
18607.000000  0.182960
18806.000000  0.231905
19025.000000  0.205659
19088.000000  0.049274
19265.000000  0.180906
19462.000000  0.202963
19649.000000  0.241936
19853.000000  0.241303
19972.000000  0.155878
20060.000000  0.127490
20228.000000  0.156526
20430.000000  0.191583
20596.000000  0.225309
20764.000000  0.199782
20913.000000  0.200043
21007.000000  0.201799
21169.000000  0.187080
21380.000000  0.289015
21627.000000  0.284579
21860.000000  0.250494
22029.000000  0.167708
22199.000000  0.145838
22331.000000  0.177543
22416.000000  0.105560
22621.000000  0.146623
22892.000000  0.168942
23261.000000  0.242122
23582.000000  0.247199
23821.000000  0.324152
23981.000000  0.304789
24134.000000  0.291464
24298.000000  0.183652
24487.000000  0.271560
24650.000000  0.271556
24877.000000  0.336160
25099.000000  0.385247
25244.000000  0.283793
25388.000000  0.291435
25465.000000  0.341768
25589.000000  0.371076
25628.000000  0.290317
25707.000000  0.324775
25792.000000  0.234064
25863.000000  0.211246
25983.000000  0.242126
26124.000000  0.310332
26299.000000  0.387858
26357.000000  0.025304
26445.000000  0.225341
26583.000000  0.386328
26778.000000  0.498138
27000.000000  0.560829
27113.000000  0.095926
27235.000000  0.104782
27417.000000  0.147693
27649.000000  0.456539
27995.000000  0.491552
28271.000000  0.551190
28464.000000  0.762886
28715.000000  0.758792
28887.000000  0.830238
29021.000000  0.123555
29080.000000  0.069485
29245.000000  0.089819
29299.000000  0.067909
29383.000000  0.076294
29560.000000  0.152904
29728.000000  0.159860
29878.000000  0.121233
30055.000000  0.140119
30198.000000  0.102190
30368.000000  0.130679
30471.000000  0.034170
30527.000000  0.022793
30625.000000  0.068501
30735.000000  0.095204
30875.000000  0.116346
31037.000000  0.126703
31229.000000  0.114869
31411.000000  0.179887
31600.000000  0.101150
31780.000000  0.096435
31816.000000  0.060270
31933.000000  0.076971
31966.000000  0.046123
32064.000000  0.071414
32158.000000  0.078607
32237.000000  0.055580
32321.000000  0.086203
32395.000000  0.066252
32461.000000  0.077642
32522.000000  0.087749
32570.000000  0.028734
32585.000000  0.078189
32639.000000  0.109526
32744.000000  0.179975
32864.000000  0.196190
32989.000000  0.171725
33176.000000  0.230964
33240.000000  0.193999
33398.000000  0.271305
33595.000000  0.219080
33736.000000  0.260145
33890.000000  0.162961
34075.000000  0.169916
34241.000000  0.113609
34345.000000  0.118740
34480.000000  0.138636
34643.000000  0.136813
34836.000000  0.164326
35007.000000  0.131048
35150.000000  0.106091
35284.000000  0.186837
35443.000000  0.356042
35603.000000  0.383017
35770.000000  0.429126
35908.000000  0.442632
36055.000000  0.146220
36229.000000  0.156570
36375.000000  0.144669
36547.000000  0.366279
36681.000000  0.383248
36808.000000  0.382022
36959.000000  0.445802
37049.000000  0.416277
37158.000000  0.398320
37247.000000  0.460751
37329.000000  0.194719
37385.000000  0.063093
37456.000000  0.049272
37549.000000  0.117761
37592.000000  0.177076
37622.000000  0.119703
37656.000000  0.083790
37702.000000  0.025402
37771.000000  0.042992
37819.000000  0.016239
37850.000000  0.008655
37930.000000  0.025186
38025.000000  0.033642
38121.000000  0.049190
38296.000000  0.072637
38516.000000  0.111452
38689.000000  0.082518
38920.000000  0.134515
39108.000000  0.130825
39161.000000  0.069962
39175.000000  0.015084
39248.000000  0.041982
39287.000000  0.037045
39347.000000  0.017913
39455.000000  0.032449
39467.000000  0.012031
39514.000000  0.017036
39543.000000  0.007175
39560.000000  0.005651
39613.000000  0.026999
39638.000000  0.009272
39751.000000  0.031913
39920.000000  0.066538
40000.000000  0.055970
40098.000000  0.069811
40245.000000  0.084821
40292.000000  0.045508
40389.000000  0.051895
40491.000000  0.054011
40542.000000  0.080544
40645.000000  0.084650
40674.000000  0.064729
40777.000000  0.085028
40783.000000  0.020642
40821.000000  0.024235
