269.000000  0.075293
329.000000  -0.034140
360.000000  -0.015045
386.000000  0.007791
418.000000  0.005609
451.000000  0.003674
494.000000  0.006770
556.000000  0.011849
604.000000  0.005931
660.000000  -0.000740
715.000000  0.005170
778.000000  -0.006042
806.000000  -0.010188
858.000000  0.018785
931.000000  0.009248
1006.000000  -0.003245
1055.000000  -0.012222
1122.000000  0.000930
1164.000000  -0.012500
1215.000000  0.012529
1234.000000  -0.027368
1287.000000  0.030228
1340.000000  -0.000097
1411.000000  0.003706
1430.000000  -0.018468
1458.000000  0.011635
1494.000000  0.007148
1533.000000  0.005258
1573.000000  -0.005326
1610.000000  0.000510
1664.000000  0.009935
1724.000000  0.004912
1766.000000  -0.013656
1796.000000  -0.018597
1827.000000  0.009713
1865.000000  0.015956
1899.000000  0.000625
1987.000000  0.005278
2026.000000  -0.018611
2068.000000  0.002987
2120.000000  0.007887
2136.000000  -0.026353
2200.000000  0.027197
2245.000000  0.000986
2294.000000  -0.004936
2314.000000  -0.014964
2345.000000  0.020190
2396.000000  -0.006082
2424.000000  -0.000986
2456.000000  0.003751
2509.000000  0.038954
2509.000000  -0.045228
2537.000000  0.030550
2568.000000  0.020306
2608.000000  0.031389
2634.000000  -0.080613
2677.000000  0.020424
2696.000000  -0.036933
2733.000000  0.025744
2763.000000  0.010632
2798.000000  0.010146
2855.000000  0.004565
2903.000000  -0.012163
2903.000000  -0.049874
2961.000000  0.060753
3009.000000  -0.009874
3066.000000  -0.000071
3072.000000  -0.024485
3104.000000  0.008624
3139.000000  0.006188
3178.000000  -0.003953
3224.000000  0.019701
3245.000000  -0.019970
3267.000000  0.022008
3291.000000  -0.013251
3312.000000  0.020890
3351.000000  -0.005271
3382.000000  0.042707
3390.000000  -0.017268
3410.000000  -0.037359
3425.000000  -0.005268
3456.000000  0.000872
3495.000000  0.010419
3535.000000  0.000628
3596.000000  0.016043
3651.000000  0.023166
3663.000000  -0.041534
3710.000000  0.040239
3710.000000  -0.086059
3736.000000  0.093848
3762.000000  -0.043360
3779.000000  0.001891
3793.000000  -0.028430
3805.000000  0.034664
3823.000000  -0.021362
3842.000000  0.029203
3875.000000  0.002124
3919.000000  0.023893
3934.000000  -0.079228
3971.000000  0.061404
4008.000000  0.015923
4042.000000  0.031335
4063.000000  -0.023094
4077.000000  0.006892
4100.000000  0.036767
4123.000000  -0.134112
4138.000000  0.011060
4152.000000  -0.005801
4172.000000  0.011582
4184.000000  -0.013159
4202.000000  0.068820
4230.000000  -0.021859
4238.000000  -0.042472
4255.000000  0.031718
4288.000000  0.003259
4302.000000  0.005458
4319.000000  0.019424
4357.000000  0.007638
4390.000000  -0.032565
4435.000000  0.001088
4465.000000  0.011258
4479.000000  -0.026607
4517.000000  0.000296
4544.000000  -0.005009
4593.000000  0.001127
4620.000000  -0.012883
4637.000000  -0.000332
4650.000000  -0.005880
4682.000000  0.029776
4724.000000  -0.004857
4778.000000  -0.006256
4810.000000  0.006024
4838.000000  -0.000440
4863.000000  -0.016162
4893.000000  0.019459
4913.000000  -0.007495
4944.000000  -0.001632
4981.000000  -0.000089
4991.000000  -0.025880
5030.000000  0.029664
5037.000000  -0.014959
5059.000000  0.013392
5098.000000  0.024069
5135.000000  -0.013945
5162.000000  -0.012162
5191.000000  -0.008934
5221.000000  0.000714
5244.000000  -0.004941
5263.000000  -0.002515
5283.000000  0.010888
5306.000000  0.009854
5337.000000  0.001788
5355.000000  -0.000857
5400.000000  0.027146
5451.000000  0.006064
5501.000000  0.011914
5531.000000  -0.020577
5570.000000  -0.016340
5628.000000  0.066233
5661.000000  0.053586
5687.000000  -0.098832
5690.000000  -0.051824
5737.000000  0.149986
5786.000000  0.005206
5815.000000  -0.077482
5869.000000  -0.022876
5914.000000  -0.009774
5943.000000  -0.023157
5972.000000  0.012756
6003.000000  -0.015222
6029.000000  0.052301
6047.000000  -0.011324
6078.000000  -0.001475
6114.000000  -0.004719
6172.000000  0.014043
6196.000000  -0.028071
6251.000000  0.015699
6254.000000  -0.050713
6272.000000  0.024030
6297.000000  -0.004768
6312.000000  -0.014385
6352.000000  0.049263
6414.000000  0.007252
6450.000000  0.012764
6457.000000  -0.060645
6505.000000  0.063196
6534.000000  -0.035110
6569.000000  0.009596
6592.000000  -0.014950
6653.000000  -0.003293
6703.000000  -0.001486
6736.000000  -0.021884
6760.000000  -0.001543
6774.000000  0.014451
6790.000000  -0.009950
6825.000000  0.007421
6862.000000  -0.002773
6894.000000  0.031870
6931.000000  -0.010113
6991.000000  0.001282
6991.000000  -0.036735
7053.000000  0.048329
7096.000000  -0.019425
7160.000000  0.015635
7196.000000  -0.012774
7248.000000  0.023886
7265.000000  -0.035086
7307.000000  0.046910
7343.000000  -0.025992
7403.000000  0.020679
7463.000000  -0.000223
7498.000000  -0.019354
7523.000000  0.030658
7555.000000  0.011905
7609.000000  0.027059
7636.000000  -0.034467
7706.000000  0.014269
7729.000000  -0.003630
7766.000000  0.007562
7801.000000  -0.008514
7833.000000  -0.061891
7839.000000  -0.020998
7864.000000  0.024717
7898.000000  -0.006986
7898.000000  -0.030161
7916.000000  0.053476
7950.000000  -0.025391
7986.000000  0.028449
8005.000000  -0.033866
8021.000000  -0.006006
8035.000000  0.011570
8055.000000  0.005797
8093.000000  0.019753
8133.000000  0.007353
8139.000000  -0.015416
8173.000000  0.059434
8211.000000  0.048019
8241.000000  -0.116812
8275.000000  -0.009865
8309.000000  0.012897
8309.000000  -0.023344
8329.000000  0.015483
8359.000000  -0.010621
8388.000000  -0.002947
8403.000000  0.002809
8411.000000  0.004740
8428.000000  -0.002528
8442.000000  -0.013530
8452.000000  0.011717
8475.000000  0.056853
8505.000000  0.034179
8545.000000  0.065674
8581.000000  -0.002922
8621.000000  0.035025
8648.000000  -0.030150
8648.000000  -0.174164
8673.000000  0.003636
8687.000000  -0.001569
8705.000000  0.032919
8733.000000  0.005410
8766.000000  0.051249
8803.000000  -0.016784
8840.000000  -0.018266
8882.000000  -0.004585
8900.000000  -0.030094
8927.000000  -0.004898
8949.000000  0.036226
8997.000000  0.008370
9031.000000  0.016313
9047.000000  -0.041692
9068.000000  -0.011264
9086.000000  0.029942
9115.000000  0.026292
9140.000000  -0.030786
9175.000000  0.033106
9205.000000  -0.008253
9230.000000  0.000197
9240.000000  -0.011153
9261.000000  0.011353
9283.000000  0.010599
9294.000000  -0.000981
9346.000000  -0.041315
9386.000000  -0.003345
9415.000000  -0.012039
9452.000000  0.004942
9534.000000  0.062667
9549.000000  -0.087499
9560.000000  -0.003017
9579.000000  0.014507
9597.000000  -0.007280
9614.000000  -0.002586
9657.000000  0.023520
9696.000000  0.018230
9727.000000  -0.030931
9768.000000  0.014993
9815.000000  0.005360
9839.000000  -0.008839
9857.000000  0.014772
9878.000000  -0.016822
9885.000000  -0.022072
9911.000000  0.007164
9936.000000  -0.000060
9976.000000  0.009678
10006.000000  -0.001504
10037.000000  0.003702
10068.000000  -0.009724
10074.000000  0.001459
10079.000000  -0.010794
10080.000000  0.007757
10090.000000  0.008957
10108.000000  -0.012575
10120.000000  -0.000851
10136.000000  0.024541
10147.000000  -0.020905
10175.000000  0.010515
10196.000000  0.002667
10207.000000  -0.010838
10209.000000  -0.005965
10230.000000  0.002869
10244.000000  -0.000442
10257.000000  0.012734
10283.000000  0.005907
10306.000000  0.007812
10327.000000  -0.008068
10349.000000  -0.013273
10358.000000  0.013248
10368.000000  -0.013235
10374.000000  -0.009615
10375.000000  0.004936
10378.000000  0.003367
