4067.000000  0.822258
4468.000000  -0.249327
5024.000000  -0.191633
5572.000000  -0.074148
6408.000000  0.179606
7435.000000  0.160239
8792.000000  0.180896
9924.000000  -0.082586
11145.000000  0.047586
12119.000000  0.076406
13559.000000  0.176468
15035.000000  0.165196
16316.000000  0.046864
17626.000000  -0.108317
19001.000000  0.008161
19923.000000  -0.052504
20911.000000  -0.239311
21794.000000  0.005169
23139.000000  0.139031
24148.000000  0.246150
25030.000000  -0.212385
26018.000000  0.312702
26810.000000  -0.086987
27599.000000  -0.517149
28160.000000  0.044402
29234.000000  0.021306
30214.000000  0.156358
30805.000000  -0.252891
31497.000000  0.125456
32528.000000  0.430399
33251.000000  -0.024095
34068.000000  -0.026179
35055.000000  -0.157594
35867.000000  0.060636
36829.000000  -0.200364
38358.000000  0.208658
39762.000000  0.170512
41041.000000  0.031979
42732.000000  0.295801
44567.000000  0.240699
45772.000000  -0.171314
47607.000000  0.046348
48984.000000  0.091941
50936.000000  0.063232
52276.000000  0.006705
53697.000000  0.174723
54527.000000  -0.098970
55229.000000  -0.296489
56687.000000  -0.116967
57557.000000  0.027007
58983.000000  0.023408
59490.000000  0.048707
60405.000000  -0.012758
60719.000000  -0.123747
61709.000000  0.130548
62311.000000  0.075238
63462.000000  0.356441
63943.000000  0.004592
65495.000000  -0.352362
66144.000000  0.675988
67375.000000  -0.266250
68483.000000  -0.061037
69356.000000  -0.045555
70492.000000  0.490719
71387.000000  -1.404598
72234.000000  1.184728
72855.000000  0.749350
73332.000000  -1.944294
73940.000000  -0.064372
74886.000000  1.206376
75681.000000  0.002745
76519.000000  0.079777
77354.000000  0.133550
78085.000000  -0.710398
78895.000000  -0.093619
79217.000000  -0.026381
79759.000000  0.126599
79961.000000  0.166695
80433.000000  -0.950577
80899.000000  0.129040
82478.000000  1.419033
83562.000000  0.379450
84873.000000  -1.325769
86295.000000  -0.080783
87575.000000  0.300597
89320.000000  -0.080041
90069.000000  0.045568
91487.000000  0.092604
92160.000000  0.007438
92675.000000  -0.062818
92928.000000  -0.351287
93760.000000  0.139158
94745.000000  0.385652
95820.000000  0.026868
96524.000000  -0.056830
97424.000000  -0.275775
98041.000000  -0.273312
99180.000000  0.264287
100138.000000  0.132367
100807.000000  -0.530437
101729.000000  0.865476
103266.000000  -0.217534
103489.000000  -0.130614
104926.000000  -0.071915
105689.000000  0.056670
107067.000000  0.868935
107878.000000  -0.079864
108895.000000  -0.089875
109684.000000  0.094481
110676.000000  -0.405321
111517.000000  0.118835
112213.000000  -0.416903
112478.000000  0.020492
112974.000000  0.351935
113671.000000  -0.357278
114088.000000  0.188393
114804.000000  -0.379457
115578.000000  0.216158
116931.000000  0.182605
117559.000000  -0.197916
118174.000000  -0.025316
118766.000000  -0.076141
119879.000000  0.427141
120902.000000  0.166554
121904.000000  -0.056334
122620.000000  -0.082839
123378.000000  -0.409677
124318.000000  -0.042030
124977.000000  -0.071592
125846.000000  0.135348
126131.000000  -0.059139
127004.000000  -0.003051
127578.000000  0.121981
128486.000000  0.124244
130326.000000  0.288376
130977.000000  0.191000
132666.000000  0.602685
132881.000000  -0.449604
134676.000000  0.032572
134891.000000  0.255019
136413.000000  0.660011
136762.000000  -0.348168
137604.000000  0.404503
137989.000000  -0.286478
138469.000000  0.328866
138982.000000  -1.496790
139206.000000  -0.434535
139558.000000  1.322373
139967.000000  0.048001
140317.000000  0.015649
140429.000000  -0.342129
140669.000000  0.397051
141228.000000  -1.462536
141461.000000  0.749183
142068.000000  0.453046
142173.000000  -0.219242
142278.000000  -1.198066
142650.000000  2.391943
142974.000000  0.443321
143674.000000  0.867970
144198.000000  -1.339260
144341.000000  -1.622331
145489.000000  0.297919
145991.000000  0.342565
147151.000000  -0.079353
147643.000000  -0.464208
148116.000000  -0.111179
148201.000000  -0.504619
148571.000000  0.097636
148967.000000  0.438170
149656.000000  -0.143713
150189.000000  -0.038180
150966.000000  0.176824
151543.000000  -0.096966
152064.000000  -0.217602
152176.000000  -0.263018
152308.000000  0.056836
152514.000000  0.243722
152980.000000  -0.236349
153345.000000  0.024220
153831.000000  0.578488
154174.000000  0.707073
154353.000000  -1.380733
154724.000000  0.336793
155355.000000  0.173216
156280.000000  0.137623
156669.000000  -0.390980
156932.000000  -0.179278
157389.000000  0.125607
157717.000000  0.012434
157986.000000  -0.046429
158342.000000  -0.039185
158621.000000  -0.007913
158880.000000  -0.096842
158945.000000  -0.000958
159128.000000  -0.039620
159387.000000  0.183177
159531.000000  -0.184574
159708.000000  0.176982
159769.000000  -0.097528
159769.000000  -0.182935
159769.000000  -0.015372
159811.000000  0.025622
160051.000000  0.145157
160094.000000  -0.030488
160346.000000  0.044105
160524.000000  -0.036075
