269.000000  0.084778
338.000000  -0.023987
382.000000  -0.022689
425.000000  0.006186
465.000000  0.018463
508.000000  -0.011310
545.000000  -0.002625
589.000000  0.006499
635.000000  -0.005803
677.000000  0.009162
728.000000  0.014070
773.000000  -0.004751
785.000000  -0.015425
836.000000  0.012394
881.000000  0.019421
906.000000  -0.034277
947.000000  0.023325
991.000000  -0.008223
1045.000000  0.006962
1086.000000  -0.017179
1131.000000  0.015052
1161.000000  -0.004909
1193.000000  0.004078
1270.000000  0.021755
1329.000000  -0.010971
1378.000000  -0.011934
1412.000000  -0.013922
1438.000000  -0.011063
1459.000000  0.000541
1484.000000  0.013708
1514.000000  -0.009740
1539.000000  -0.001365
1567.000000  0.012053
1600.000000  0.010816
1636.000000  0.004186
1684.000000  0.018635
1723.000000  -0.012934
1780.000000  0.016150
1803.000000  -0.034973
1838.000000  0.010166
1861.000000  -0.005315
1890.000000  0.002863
1954.000000  0.001235
1989.000000  -0.004645
1989.000000  -0.023037
2028.000000  0.028242
2074.000000  0.001537
2110.000000  0.009743
2135.000000  -0.006401
2162.000000  0.012581
2191.000000  -0.015236
2211.000000  -0.003992
2260.000000  0.009803
2275.000000  -0.015743
2298.000000  0.010714
2328.000000  -0.005150
2361.000000  0.016682
2375.000000  -0.022471
2385.000000  -0.004351
2403.000000  0.012584
2443.000000  0.010269
2478.000000  -0.010465
2509.000000  0.007718
2546.000000  -0.003988
2565.000000  -0.006107
2585.000000  0.000833
2610.000000  0.014077
2635.000000  0.003343
2651.000000  0.001249
2681.000000  -0.010855
2716.000000  0.023110
2753.000000  -0.009676
2791.000000  -0.003666
2822.000000  0.003213
2854.000000  -0.002874
2869.000000  0.004068
2880.000000  -0.023746
2894.000000  0.015481
2934.000000  0.019053
2972.000000  0.002956
3036.000000  0.010089
3074.000000  0.004524
3137.000000  0.008763
3197.000000  0.003533
3253.000000  0.002354
3316.000000  0.002060
3352.000000  -0.003050
3414.000000  -0.008809
3466.000000  -0.009450
3535.000000  0.005526
3600.000000  0.006672
3623.000000  -0.036785
3653.000000  0.004450
3677.000000  0.004050
3727.000000  0.014948
3765.000000  -0.005649
3813.000000  0.011898
3854.000000  -0.008021
3909.000000  0.000793
3909.000000  -0.026543
3948.000000  0.030637
4007.000000  0.002053
4061.000000  -0.005041
4140.000000  0.055059
4198.000000  -0.038574
4250.000000  0.002798
4275.000000  -0.016658
4329.000000  0.006340
4363.000000  0.016551
4406.000000  -0.009542
4451.000000  0.013280
4471.000000  -0.023755
4524.000000  0.023795
4585.000000  -0.001379
4641.000000  0.036777
4695.000000  -0.010139
4743.000000  -0.005111
4803.000000  0.000005
4844.000000  -0.011536
4893.000000  -0.012822
4947.000000  0.008071
4995.000000  0.003341
5062.000000  0.031966
5127.000000  0.021513
5183.000000  -0.034273
5240.000000  -0.014036
5288.000000  0.012084
5345.000000  -0.013348
5392.000000  0.013387
5392.000000  -0.057800
5452.000000  0.059441
5487.000000  0.016918
5530.000000  -0.011808
5572.000000  -0.010791
5617.000000  0.025767
5650.000000  -0.027028
5675.000000  0.009849
5706.000000  0.011972
5742.000000  0.027106
5780.000000  -0.076532
5819.000000  0.017849
5853.000000  -0.001851
5894.000000  0.008733
5929.000000  0.052344
5972.000000  0.008880
5984.000000  -0.083709
6024.000000  0.058374
6055.000000  -0.021387
6114.000000  0.030132
6157.000000  -0.015656
6177.000000  -0.044680
6206.000000  0.021837
6231.000000  -0.016485
6285.000000  0.036930
6327.000000  -0.027207
6372.000000  -0.014088
6389.000000  -0.020217
6402.000000  -0.003912
6411.000000  -0.002919
6431.000000  0.001074
6453.000000  0.035610
6476.000000  -0.021772
6503.000000  0.014481
6560.000000  0.014241
6627.000000  0.041871
6665.000000  -0.030656
6702.000000  -0.006585
6750.000000  -0.005321
6758.000000  -0.005905
6805.000000  0.020489
6844.000000  -0.009260
6861.000000  -0.025960
6885.000000  0.008473
6911.000000  0.022259
6946.000000  0.029194
6966.000000  -0.078454
7000.000000  0.096272
7041.000000  0.063833
7097.000000  -0.139975
7146.000000  0.003501
7166.000000  -0.010673
7205.000000  0.013318
7229.000000  -0.002394
7262.000000  -0.003650
7303.000000  0.008903
7328.000000  -0.019813
7372.000000  0.017738
7385.000000  -0.021870
7420.000000  0.020624
7473.000000  0.029388
7523.000000  0.006048
7537.000000  -0.040936
7571.000000  0.082807
7623.000000  0.026113
7674.000000  0.000717
7714.000000  -0.007703
7755.000000  -0.034098
7802.000000  0.008956
7872.000000  0.043056
7940.000000  0.000912
7997.000000  -0.009036
8053.000000  0.007714
8095.000000  0.009855
8133.000000  -0.054238
8177.000000  0.017139
8211.000000  -0.039516
8255.000000  0.002894
8285.000000  0.012336
8293.000000  -0.012680
8325.000000  0.060510
8348.000000  -0.066346
8362.000000  -0.029733
8383.000000  -0.022054
8397.000000  -0.012570
8416.000000  -0.002371
8427.000000  0.054518
8445.000000  -0.058771
8468.000000  0.009767
8493.000000  0.064835
8504.000000  0.050792
8518.000000  -0.131637
8542.000000  0.000096
8555.000000  0.003930
8571.000000  0.012528
8588.000000  -0.013988
8612.000000  0.033139
8638.000000  0.035725
8658.000000  0.020017
8668.000000  -0.038184
8680.000000  0.035619
8698.000000  -0.016216
8725.000000  0.052642
8755.000000  0.003453
8769.000000  0.001753
8777.000000  -0.004050
8777.000000  -0.146572
8793.000000  0.030831
8801.000000  -0.001127
8808.000000  0.003059
8820.000000  0.003178
8830.000000  0.002277
8840.000000  0.012632
8846.000000  0.026670
8870.000000  -0.042460
8890.000000  -0.016048
8913.000000  -0.010731
8940.000000  0.002564
8962.000000  -0.002646
9012.000000  0.019391
9034.000000  0.004126
9066.000000  0.000884
9139.000000  0.011244
9154.000000  -0.021763
9168.000000  -0.008772
9199.000000  0.025458
9254.000000  -0.004922
9308.000000  -0.003635
9325.000000  0.003976
9382.000000  -0.003031
9419.000000  0.008977
9450.000000  -0.008034
9475.000000  0.004186
9491.000000  -0.011432
9528.000000  0.009494
9581.000000  0.002581
9626.000000  -0.005939
9655.000000  0.007831
9678.000000  -0.015364
9721.000000  0.010235
9753.000000  0.001467
9767.000000  -0.003976
9786.000000  -0.019804
9801.000000  0.016024
9843.000000  0.002792
9878.000000  -0.009072
9887.000000  -0.014553
9903.000000  -0.002862
9914.000000  0.008850
9943.000000  0.000897
9976.000000  0.009514
9999.000000  -0.008497
10029.000000  0.002257
10029.000000  -0.012270
10047.000000  0.012536
10073.000000  -0.006156
10117.000000  0.011876
10131.000000  0.014878
10147.000000  -0.024165
10169.000000  0.002697
10204.000000  0.012407
10239.000000  -0.010071
10252.000000  -0.015554
10269.000000  0.014770
10272.000000  -0.009583
10306.000000  0.007810
10334.000000  0.001606
10348.000000  0.003769
10365.000000  -0.002193
10376.000000  -0.012929
