269.000000  62.919945
338.000000  67.110603
382.000000  49.001663
425.000000  54.794395
465.000000  61.908234
508.000000  57.938202
545.000000  53.760918
589.000000  55.467476
635.000000  55.805355
677.000000  59.815495
728.000000  65.905663
773.000000  59.248859
785.000000  25.647978
836.000000  57.493210
881.000000  59.305931
906.000000  45.326981
947.000000  61.227215
991.000000  56.727558
1045.000000  60.489811
1086.000000  45.452114
1131.000000  59.762909
1161.000000  54.225952
1193.000000  56.372482
1270.000000  55.020596
1329.000000  59.382950
1378.000000  55.498039
1412.000000  46.466938
1438.000000  20.104391
1459.000000  24.567547
1484.000000  48.228352
1514.000000  36.184662
1539.000000  36.584534
1567.000000  44.363495
1600.000000  49.064365
1636.000000  53.457188
1684.000000  59.563572
1723.000000  46.957241
1780.000000  61.529575
1803.000000  44.745548
1838.000000  48.262135
1861.000000  32.843857
1890.000000  36.397362
1954.000000  45.659164
1989.000000  40.175644
1989.000000  0.141207
2028.000000  40.526882
2074.000000  48.323586
2110.000000  51.011719
2135.000000  45.910172
2162.000000  40.781025
2191.000000  46.479549
2211.000000  45.320885
2260.000000  50.025196
2275.000000  36.167549
2298.000000  43.795303
2328.000000  38.393654
2361.000000  31.887318
2375.000000  33.670902
2385.000000  29.443291
2403.000000  33.265934
2443.000000  35.199368
2478.000000  36.878975
2509.000000  42.377762
2546.000000  35.858639
2565.000000  30.665333
2585.000000  33.756889
2610.000000  37.947170
2635.000000  34.022530
2651.000000  33.266346
2681.000000  33.957558
2716.000000  48.083282
2753.000000  35.751770
2791.000000  38.086754
2822.000000  38.166203
2854.000000  33.179058
2869.000000  34.407387
2880.000000  17.491236
2894.000000  30.054920
2934.000000  34.182446
2972.000000  44.022831
3036.000000  45.592262
3074.000000  43.887474
3137.000000  47.523643
3197.000000  50.130783
3253.000000  49.976494
3316.000000  48.854931
3352.000000  42.018806
3414.000000  44.350647
3466.000000  41.016655
3535.000000  44.719521
3600.000000  45.938419
3623.000000  26.588837
3653.000000  26.536470
3677.000000  28.135401
3727.000000  36.621727
3765.000000  27.323923
3813.000000  37.183704
3854.000000  30.489281
3909.000000  33.118431
3909.000000  0.099202
3948.000000  25.837856
4007.000000  29.163206
4061.000000  29.910437
4140.000000  37.185638
4198.000000  35.361671
4250.000000  31.353458
4275.000000  25.890633
4329.000000  32.850723
4363.000000  26.590174
4406.000000  25.465927
4451.000000  37.620186
4471.000000  21.549488
4524.000000  32.830738
4585.000000  35.537796
4641.000000  32.838268
4695.000000  41.765202
4743.000000  44.011635
4803.000000  38.231785
4844.000000  38.123753
4893.000000  29.746046
4947.000000  32.989399
4995.000000  32.750111
5062.000000  42.044029
5127.000000  43.435440
5183.000000  34.527615
5240.000000  36.482948
5288.000000  30.086761
5345.000000  34.450539
5392.000000  35.810825
5392.000000  0.116554
5452.000000  37.684090
5487.000000  41.956978
5530.000000  34.230007
5572.000000  39.391872
5617.000000  45.133354
5650.000000  39.252148
5675.000000  40.602730
5706.000000  45.480957
5742.000000  51.501171
5780.000000  26.663965
5819.000000  33.303604
5853.000000  27.889902
5894.000000  30.696404
5929.000000  45.985596
5972.000000  49.768398
5984.000000  26.334557
6024.000000  44.199490
6055.000000  43.159821
6114.000000  49.561928
6157.000000  37.719959
6177.000000  31.790909
6206.000000  40.714256
6231.000000  32.699776
6285.000000  38.588524
6327.000000  36.179428
6372.000000  30.146145
6389.000000  21.972813
6402.000000  16.546854
6411.000000  13.904715
6431.000000  18.372721
6453.000000  31.836164
6476.000000  24.069794
6503.000000  29.882919
6560.000000  31.115532
6627.000000  48.200314
6665.000000  40.680439
6702.000000  38.519089
6750.000000  36.025242
6758.000000  24.622749
6805.000000  42.103889
6844.000000  39.784443
6861.000000  24.678186
6885.000000  32.907452
6911.000000  40.315197
6946.000000  45.919975
6966.000000  9.768097
7000.000000  52.967579
7041.000000  58.964252
7097.000000  29.446659
7146.000000  23.949123
7166.000000  19.361071
7205.000000  24.998854
7229.000000  24.921068
7262.000000  25.349173
7303.000000  26.535431
7328.000000  19.915443
7372.000000  25.860241
7385.000000  15.771140
7420.000000  26.976732
7473.000000  31.362152
7523.000000  37.585373
7537.000000  9.562162
7571.000000  48.645058
7623.000000  49.075043
7674.000000  52.875340
7714.000000  51.694454
7755.000000  46.698330
7802.000000  48.182064
7872.000000  53.385689
7940.000000  51.695496
7997.000000  50.715988
8053.000000  57.166790
8095.000000  55.182297
8133.000000  44.724213
8177.000000  50.618530
8211.000000  42.204090
8255.000000  44.269878
8285.000000  45.482758
8293.000000  40.402645
8325.000000  56.225151
8348.000000  34.106304
8362.000000  36.787041
8383.000000  22.559271
8397.000000  19.170961
8416.000000  16.720121
8427.000000  43.029827
8445.000000  12.878069
8468.000000  10.475345
8493.000000  41.853409
8504.000000  56.183868
8518.000000  9.346363
8542.000000  10.948034
8555.000000  11.361817
8571.000000  21.694395
8588.000000  16.639904
8612.000000  30.046829
8638.000000  45.813526
8658.000000  50.846214
8668.000000  39.686279
8680.000000  46.714355
8698.000000  46.744854
8725.000000  56.794476
8755.000000  58.614594
8769.000000  58.464832
8777.000000  60.184490
8777.000000  0.300162
8793.000000  17.978733
8801.000000  21.223881
8808.000000  26.920069
8820.000000  29.091579
8830.000000  33.186821
8840.000000  37.926846
8846.000000  46.307011
8870.000000  11.289282
8890.000000  14.384172
8913.000000  13.606045
8940.000000  13.657223
8962.000000  9.699278
9012.000000  25.303320
9034.000000  20.234194
9066.000000  19.285683
9139.000000  22.568638
9154.000000  12.867633
9168.000000  12.917717
9199.000000  28.232616
9254.000000  26.321081
9308.000000  20.755730
9325.000000  11.672385
9382.000000  22.828983
9419.000000  25.851627
9450.000000  22.655994
9475.000000  23.827101
9491.000000  12.010086
9528.000000  21.896496
9581.000000  19.918404
9626.000000  22.306107
9655.000000  17.309093
9678.000000  15.698290
9721.000000  17.796528
9753.000000  22.764305
9767.000000  16.926907
9786.000000  13.290933
9801.000000  10.881750
9843.000000  16.246717
9878.000000  18.076097
9887.000000  3.499516
9903.000000  7.422238
9914.000000  5.420643
9943.000000  5.426150
9976.000000  14.646647
9999.000000  9.635715
10029.000000  18.110184
10029.000000  0.189375
10047.000000  11.822624
10073.000000  13.270002
10117.000000  20.137831
10131.000000  17.959696
10147.000000  17.285095
10169.000000  15.475331
10204.000000  25.636419
10239.000000  13.769022
10252.000000  9.845732
10269.000000  3.556671
10272.000000  3.006825
10306.000000  11.807836
10334.000000  21.350683
10348.000000  22.024252
10365.000000  19.304157
10376.000000  6.111767
