269.000000  0.016192
338.000000  0.012277
382.000000  0.012846
425.000000  0.012908
465.000000  0.014223
508.000000  0.013131
545.000000  0.014325
589.000000  0.016006
635.000000  0.013234
677.000000  0.013897
728.000000  0.015074
773.000000  0.017463
785.000000  0.027416
836.000000  0.016975
881.000000  0.023423
906.000000  0.016184
947.000000  0.016517
991.000000  0.016505
1045.000000  0.016203
1086.000000  0.017948
1131.000000  0.015700
1161.000000  0.015578
1193.000000  0.017120
1270.000000  0.019728
1329.000000  0.017412
1378.000000  0.016189
1412.000000  0.015028
1438.000000  0.019543
1459.000000  0.018557
1484.000000  0.014894
1514.000000  0.015467
1539.000000  0.014682
1567.000000  0.015684
1600.000000  0.018846
1636.000000  0.017219
1684.000000  0.017178
1723.000000  0.024903
1780.000000  0.018695
1803.000000  0.016235
1838.000000  0.018711
1861.000000  0.026434
1890.000000  0.025361
1954.000000  0.018692
1989.000000  0.020060
1989.000000  0.021703
2028.000000  0.022615
2074.000000  0.017126
2110.000000  0.019690
2135.000000  0.020089
2162.000000  0.030907
2191.000000  0.017990
2211.000000  0.017049
2260.000000  0.017735
2275.000000  0.018072
2298.000000  0.019136
2328.000000  0.020634
2361.000000  0.021175
2375.000000  0.019258
2385.000000  0.018246
2403.000000  0.021811
2443.000000  0.022001
2478.000000  0.021568
2509.000000  0.021800
2546.000000  0.023474
2565.000000  0.021998
2585.000000  0.021853
2610.000000  0.026017
2635.000000  0.031981
2651.000000  0.033693
2681.000000  0.025264
2716.000000  0.025366
2753.000000  0.032257
2791.000000  0.027471
2822.000000  0.028343
2854.000000  0.029938
2869.000000  0.032675
2880.000000  0.028663
2894.000000  0.028941
2934.000000  0.030262
2972.000000  0.029352
3036.000000  0.031579
3074.000000  0.037695
3137.000000  0.034751
3197.000000  0.031634
3253.000000  0.033780
3316.000000  0.036315
3352.000000  0.042168
3414.000000  0.035618
3466.000000  0.035571
3535.000000  0.033511
3600.000000  0.033951
3623.000000  0.033476
3653.000000  0.036050
3677.000000  0.036767
3727.000000  0.036923
3765.000000  0.043213
3813.000000  0.039517
3854.000000  0.041630
3909.000000  0.038857
3909.000000  0.041284
3948.000000  0.049449
4007.000000  0.045637
4061.000000  0.041862
4140.000000  0.046107
4198.000000  0.044660
4250.000000  0.052344
4275.000000  0.047075
4329.000000  0.043019
4363.000000  0.061845
4406.000000  0.056115
4451.000000  0.047594
4471.000000  0.050248
4524.000000  0.053203
4585.000000  0.048127
4641.000000  0.067449
4695.000000  0.046576
4743.000000  0.048063
4803.000000  0.055665
4844.000000  0.048122
4893.000000  0.051193
4947.000000  0.051170
4995.000000  0.053618
5062.000000  0.057717
5127.000000  0.066771
5183.000000  0.051319
5240.000000  0.051432
5288.000000  0.067600
5345.000000  0.052711
5392.000000  0.056470
5392.000000  0.058326
5452.000000  0.055359
5487.000000  0.052870
5530.000000  0.063628
5572.000000  0.048957
5617.000000  0.049935
5650.000000  0.047310
5675.000000  0.048974
5706.000000  0.048218
5742.000000  0.048132
5780.000000  0.047136
5819.000000  0.050136
5853.000000  0.049664
5894.000000  0.049982
5929.000000  0.060305
5972.000000  0.047280
5984.000000  0.047130
6024.000000  0.052897
6055.000000  0.044659
6114.000000  0.046408
6157.000000  0.058190
6177.000000  0.043585
6206.000000  0.043831
6231.000000  0.046834
6285.000000  0.047455
6327.000000  0.046434
6372.000000  0.045590
6389.000000  0.043552
6402.000000  0.045743
6411.000000  0.045214
6431.000000  0.041648
6453.000000  0.047701
6476.000000  0.044412
6503.000000  0.046542
6560.000000  0.052016
6627.000000  0.041511
6665.000000  0.043217
6702.000000  0.043102
6750.000000  0.042206
6758.000000  0.042253
6805.000000  0.039508
6844.000000  0.039939
6861.000000  0.043680
6885.000000  0.037647
6911.000000  0.037391
6946.000000  0.046639
6966.000000  0.050566
7000.000000  0.039112
7041.000000  0.047685
7097.000000  0.038724
7146.000000  0.046248
7166.000000  0.044306
7205.000000  0.048663
7229.000000  0.042845
7262.000000  0.042914
7303.000000  0.045680
7328.000000  0.040713
7372.000000  0.044152
7385.000000  0.041040
7420.000000  0.041358
7473.000000  0.042803
7523.000000  0.045828
7537.000000  0.054169
7571.000000  0.044997
7623.000000  0.057652
7674.000000  0.047508
7714.000000  0.048271
7755.000000  0.040745
7802.000000  0.043727
7872.000000  0.049025
7940.000000  0.054742
7997.000000  0.041901
8053.000000  0.038023
8095.000000  0.045616
8133.000000  0.036299
8177.000000  0.042755
8211.000000  0.040064
8255.000000  0.036466
8285.000000  0.037023
8293.000000  0.040754
8325.000000  0.031641
8348.000000  0.038482
8362.000000  0.030118
8383.000000  0.034993
8397.000000  0.031952
8416.000000  0.029762
8427.000000  0.029775
8445.000000  0.033112
8468.000000  0.033011
8493.000000  0.029861
8504.000000  0.027729
8518.000000  0.030123
8542.000000  0.027511
8555.000000  0.028507
8571.000000  0.028131
8588.000000  0.025068
8612.000000  0.028576
8638.000000  0.024467
8658.000000  0.025399
8668.000000  0.024533
8680.000000  0.025592
8698.000000  0.025116
8725.000000  0.023671
8755.000000  0.021595
8769.000000  0.024046
8777.000000  0.018162
8777.000000  0.019329
8793.000000  0.026786
8801.000000  0.019396
8808.000000  0.017243
8820.000000  0.016484
8830.000000  0.014033
8840.000000  0.013765
8846.000000  0.017012
8870.000000  0.019280
8890.000000  0.016015
8913.000000  0.014746
8940.000000  0.015065
8962.000000  0.016390
9012.000000  0.015565
9034.000000  0.015947
9066.000000  0.019602
9139.000000  0.015438
9154.000000  0.014713
9168.000000  0.016642
9199.000000  0.018985
9254.000000  0.016756
9308.000000  0.019300
9325.000000  0.028043
9382.000000  0.018013
9419.000000  0.018006
9450.000000  0.018144
9475.000000  0.018557
9491.000000  0.018466
9528.000000  0.022409
9581.000000  0.017235
9626.000000  0.016358
9655.000000  0.018660
9678.000000  0.018423
9721.000000  0.016752
9753.000000  0.015505
9767.000000  0.013425
9786.000000  0.012838
9801.000000  0.015035
9843.000000  0.014229
9878.000000  0.013692
9887.000000  0.013233
9903.000000  0.010199
9914.000000  0.011066
9943.000000  0.010681
9976.000000  0.009842
9999.000000  0.009107
10029.000000  0.008950
10029.000000  0.011466
10047.000000  0.009108
10073.000000  0.008592
10117.000000  0.008316
10131.000000  0.006984
10147.000000  0.006816
10169.000000  0.007455
10204.000000  0.007086
10239.000000  0.006800
10252.000000  0.005631
10269.000000  0.006695
10272.000000  0.005412
10306.000000  0.004870
10334.000000  0.005004
10348.000000  0.004988
10365.000000  0.004896
10376.000000  0.003779
