269.000000  0.016192
338.000000  -0.003915
382.000000  0.000568
425.000000  0.000063
465.000000  0.001314
508.000000  -0.001092
545.000000  0.001194
589.000000  0.001681
635.000000  -0.002772
677.000000  0.000663
728.000000  0.001177
773.000000  0.002389
785.000000  0.009953
836.000000  -0.010441
881.000000  0.006448
906.000000  -0.007239
947.000000  0.000333
991.000000  -0.000013
1045.000000  -0.000301
1086.000000  0.001744
1131.000000  -0.002247
1161.000000  -0.000122
1193.000000  0.001542
1270.000000  0.002609
1329.000000  -0.002316
1378.000000  -0.001224
1412.000000  -0.001161
1438.000000  0.004515
1459.000000  -0.000986
1484.000000  -0.003663
1514.000000  0.000573
1539.000000  -0.000785
1567.000000  0.001002
1600.000000  0.003162
1636.000000  -0.001626
1684.000000  -0.000042
1723.000000  0.007726
1780.000000  -0.006209
1803.000000  -0.002460
1838.000000  0.002476
1861.000000  0.007722
1890.000000  -0.001073
1954.000000  -0.006669
1989.000000  0.001368
1989.000000  0.001643
2028.000000  0.000912
2074.000000  -0.005489
2110.000000  0.002564
2135.000000  0.000399
2162.000000  0.010818
2191.000000  -0.012917
2211.000000  -0.000941
2260.000000  0.000685
2275.000000  0.000337
2298.000000  0.001064
2328.000000  0.001499
2361.000000  0.000540
2375.000000  -0.001917
2385.000000  -0.001012
2403.000000  0.003565
2443.000000  0.000190
2478.000000  -0.000434
2509.000000  0.000233
2546.000000  0.001673
2565.000000  -0.001476
2585.000000  -0.000145
2610.000000  0.004164
2635.000000  0.005964
2651.000000  0.001712
2681.000000  -0.008429
2716.000000  0.000102
2753.000000  0.006891
2791.000000  -0.004786
2822.000000  0.000872
2854.000000  0.001595
2869.000000  0.002738
2880.000000  -0.004012
2894.000000  0.000278
2934.000000  0.001321
2972.000000  -0.000910
3036.000000  0.002227
3074.000000  0.006116
3137.000000  -0.002944
3197.000000  -0.003117
3253.000000  0.002146
3316.000000  0.002535
3352.000000  0.005853
3414.000000  -0.006550
3466.000000  -0.000047
3535.000000  -0.002060
3600.000000  0.000439
3623.000000  -0.000475
3653.000000  0.002574
3677.000000  0.000717
3727.000000  0.000156
3765.000000  0.006290
3813.000000  -0.003696
3854.000000  0.002113
3909.000000  -0.002774
3909.000000  0.002427
3948.000000  0.008165
4007.000000  -0.003812
4061.000000  -0.003775
4140.000000  0.004245
4198.000000  -0.001447
4250.000000  0.007684
4275.000000  -0.005269
4329.000000  -0.004056
4363.000000  0.018827
4406.000000  -0.005730
4451.000000  -0.008521
4471.000000  0.002655
4524.000000  0.002954
4585.000000  -0.005075
4641.000000  0.019322
4695.000000  -0.020874
4743.000000  0.001488
4803.000000  0.007601
4844.000000  -0.007542
4893.000000  0.003071
4947.000000  -0.000023
4995.000000  0.002448
5062.000000  0.004099
5127.000000  0.009054
5183.000000  -0.015452
5240.000000  0.000113
5288.000000  0.016168
5345.000000  -0.014888
5392.000000  0.003759
5392.000000  0.001856
5452.000000  -0.002967
5487.000000  -0.002489
5530.000000  0.010758
5572.000000  -0.014671
5617.000000  0.000978
5650.000000  -0.002625
5675.000000  0.001664
5706.000000  -0.000755
5742.000000  -0.000086
5780.000000  -0.000996
5819.000000  0.003000
5853.000000  -0.000472
5894.000000  0.000318
5929.000000  0.010323
5972.000000  -0.013025
5984.000000  -0.000149
6024.000000  0.005767
6055.000000  -0.008238
6114.000000  0.001748
6157.000000  0.011782
6177.000000  -0.014604
6206.000000  0.000246
6231.000000  0.003003
6285.000000  0.000621
6327.000000  -0.001021
6372.000000  -0.000843
6389.000000  -0.002038
6402.000000  0.002191
6411.000000  -0.000529
6431.000000  -0.003567
6453.000000  0.006053
6476.000000  -0.003289
6503.000000  0.002130
6560.000000  0.005474
6627.000000  -0.010505
6665.000000  0.001707
6702.000000  -0.000116
6750.000000  -0.000896
6758.000000  0.000047
6805.000000  -0.002746
6844.000000  0.000431
6861.000000  0.003741
6885.000000  -0.006033
6911.000000  -0.000256
6946.000000  0.009249
6966.000000  0.003927
7000.000000  -0.011454
7041.000000  0.008573
7097.000000  -0.008961
7146.000000  0.007524
7166.000000  -0.001942
7205.000000  0.004356
7229.000000  -0.005818
7262.000000  0.000069
7303.000000  0.002766
7328.000000  -0.004968
7372.000000  0.003439
7385.000000  -0.003113
7420.000000  0.000318
7473.000000  0.001445
7523.000000  0.003025
7537.000000  0.008341
7571.000000  -0.009172
7623.000000  0.012655
7674.000000  -0.010144
7714.000000  0.000763
7755.000000  -0.007526
7802.000000  0.002982
7872.000000  0.005298
7940.000000  0.005717
7997.000000  -0.012842
8053.000000  -0.003878
8095.000000  0.007593
8133.000000  -0.009317
8177.000000  0.006457
8211.000000  -0.002692
8255.000000  -0.003598
8285.000000  0.000557
8293.000000  0.003731
8325.000000  -0.009113
8348.000000  0.006841
8362.000000  -0.008364
8383.000000  0.004874
8397.000000  -0.003041
8416.000000  -0.002190
8427.000000  0.000012
8445.000000  0.003338
8468.000000  -0.000102
8493.000000  -0.003149
8504.000000  -0.002132
8518.000000  0.002394
8542.000000  -0.002613
8555.000000  0.000997
8571.000000  -0.000376
8588.000000  -0.003064
8612.000000  0.003509
8638.000000  -0.004109
8658.000000  0.000932
8668.000000  -0.000867
8680.000000  0.001059
8698.000000  -0.000475
8725.000000  -0.001445
8755.000000  -0.002076
8769.000000  0.002451
8777.000000  -0.005884
8777.000000  0.001167
8793.000000  0.007457
8801.000000  -0.007391
8808.000000  -0.002153
8820.000000  -0.000759
8830.000000  -0.002451
8840.000000  -0.000269
8846.000000  0.003247
8870.000000  0.002268
8890.000000  -0.003265
8913.000000  -0.001269
8940.000000  0.000319
8962.000000  0.001325
9012.000000  -0.000826
9034.000000  0.000382
9066.000000  0.003655
9139.000000  -0.004164
9154.000000  -0.000725
9168.000000  0.001929
9199.000000  0.002343
9254.000000  -0.002229
9308.000000  0.002544
9325.000000  0.008744
9382.000000  -0.010031
9419.000000  -0.000007
9450.000000  0.000138
9475.000000  0.000414
9491.000000  -0.000092
9528.000000  0.003943
9581.000000  -0.005173
9626.000000  -0.000877
9655.000000  0.002302
9678.000000  -0.000237
9721.000000  -0.001671
9753.000000  -0.001247
9767.000000  -0.002080
9786.000000  -0.000587
9801.000000  0.002197
9843.000000  -0.000806
9878.000000  -0.000536
9887.000000  -0.000459
9903.000000  -0.003034
9914.000000  0.000867
9943.000000  -0.000385
9976.000000  -0.000838
9999.000000  -0.000735
10029.000000  -0.000158
10029.000000  0.002516
10047.000000  -0.002358
10073.000000  -0.000515
10117.000000  -0.000277
10131.000000  -0.001332
10147.000000  -0.000168
10169.000000  0.000639
10204.000000  -0.000369
10239.000000  -0.000285
10252.000000  -0.001170
10269.000000  0.001065
10272.000000  -0.001283
10306.000000  -0.000542
10334.000000  0.000135
10348.000000  -0.000016
10365.000000  -0.000092
10376.000000  -0.001116
