4067.000000  0.233632
4721.000000  0.000928
5514.000000  -0.045402
6338.000000  0.030914
7381.000000  0.019614
8687.000000  0.038891
9944.000000  0.044058
11388.000000  0.040022
12474.000000  -0.052928
13783.000000  -0.022096
15119.000000  0.049777
16357.000000  0.007808
17810.000000  0.020152
18972.000000  -0.008940
19650.000000  -0.000552
20283.000000  0.014878
21093.000000  -0.011465
21525.000000  -0.010952
22211.000000  0.013098
23151.000000  0.058284
23936.000000  -0.017177
25107.000000  0.039116
26126.000000  -0.023181
27158.000000  0.023294
27978.000000  0.005997
28925.000000  -0.015761
29685.000000  0.003667
30660.000000  0.045308
31536.000000  -0.034411
32742.000000  -0.011254
33434.000000  0.064266
34224.000000  0.036521
35092.000000  -0.067758
36113.000000  0.022045
36785.000000  -0.023607
37164.000000  -0.000166
37759.000000  0.023201
38517.000000  -0.024268
39570.000000  -0.003286
40375.000000  0.003076
40859.000000  0.024242
41734.000000  0.003151
42201.000000  0.052856
43341.000000  -0.008836
44007.000000  0.015529
45529.000000  -0.012812
46839.000000  0.047004
47796.000000  0.088074
48913.000000  -0.063176
49946.000000  -0.011654
50968.000000  -0.004258
51496.000000  -0.028411
52018.000000  0.020675
53041.000000  0.037228
54059.000000  0.004019
55107.000000  0.029266
55839.000000  -0.078829
56382.000000  0.072765
57798.000000  0.064812
58492.000000  0.043741
59028.000000  -0.068670
60301.000000  -0.007854
62296.000000  0.021676
63895.000000  -0.002690
65175.000000  0.015934
66555.000000  0.013206
67719.000000  0.016344
69054.000000  0.102508
70719.000000  -0.047564
71965.000000  -0.019950
73428.000000  0.048666
75057.000000  0.003978
76207.000000  0.004743
77619.000000  0.001734
78848.000000  0.016066
79876.000000  -0.017074
81265.000000  0.035668
82902.000000  0.032453
83897.000000  0.093955
85458.000000  -0.136069
86386.000000  -0.066505
87631.000000  0.006745
88466.000000  0.044120
89753.000000  -0.064012
90647.000000  0.072245
91588.000000  -0.005121
93180.000000  0.050981
94626.000000  -0.061638
96203.000000  0.093672
96913.000000  -0.135011
98080.000000  -0.062520
98461.000000  0.037981
99492.000000  -0.065180
100011.000000  -0.018425
100439.000000  0.075019
100903.000000  -0.093689
101111.000000  -0.016428
101453.000000  -0.033381
101625.000000  -0.039050
102016.000000  0.005029
102579.000000  -0.023552
103199.000000  -0.007366
104540.000000  -0.055462
105610.000000  0.062730
106324.000000  -0.028760
107547.000000  -0.029099
109924.000000  -0.020200
110525.000000  0.014184
111283.000000  -0.012264
111976.000000  -0.027699
112534.000000  0.029850
113070.000000  -0.001895
113869.000000  -0.038272
114058.000000  0.028771
114526.000000  0.003211
114870.000000  -0.038012
115733.000000  0.011351
116239.000000  -0.020493
117255.000000  0.083369
118248.000000  -0.043219
119389.000000  -0.045036
120023.000000  0.000147
120779.000000  0.048807
121552.000000  -0.019764
122198.000000  0.009507
122898.000000  0.035103
123534.000000  0.027328
124326.000000  -0.027787
124895.000000  0.010440
125669.000000  0.010383
126482.000000  -0.065126
127239.000000  0.076330
127628.000000  -0.039829
128286.000000  -0.051085
128794.000000  -0.006366
129271.000000  -0.006706
129966.000000  -0.002162
130676.000000  0.024228
131393.000000  -0.013066
132127.000000  0.149878
132639.000000  -0.037760
133404.000000  -0.029405
133855.000000  -0.031056
134579.000000  -0.050016
135438.000000  0.016455
137344.000000  0.034687
137850.000000  0.000111
138693.000000  -0.051885
139267.000000  -0.038922
139380.000000  0.006158
139649.000000  -0.033279
140197.000000  0.019436
140255.000000  -0.070815
140539.000000  -0.020005
140930.000000  -0.013150
141860.000000  0.084229
142375.000000  -0.020490
143159.000000  -0.025411
144108.000000  -0.055400
144463.000000  -0.011837
144926.000000  0.012834
145523.000000  -0.004911
145986.000000  -0.049273
146377.000000  -0.010345
146608.000000  -0.029548
146959.000000  0.004613
147300.000000  0.017904
147337.000000  -0.031914
147816.000000  0.005048
148353.000000  -0.006759
148782.000000  0.014554
149145.000000  -0.006375
149181.000000  0.017887
149199.000000  -0.014808
149492.000000  0.020405
149920.000000  -0.034223
150408.000000  0.012659
150807.000000  0.001174
151400.000000  -0.004476
151891.000000  0.011108
152325.000000  -0.030008
153127.000000  0.008600
153538.000000  0.024389
155260.000000  0.028213
155727.000000  -0.026424
156049.000000  -0.013057
156316.000000  -0.031493
156612.000000  -0.023353
157170.000000  -0.001323
158124.000000  -0.011310
158924.000000  -0.026631
159486.000000  -0.001580
160032.000000  0.003379
160444.000000  -0.007257
160520.000000  -0.032479
