4067.000000  1.039452
4711.000000  0.864448
5467.000000  0.595249
6149.000000  0.602059
7096.000000  0.832879
8375.000000  1.082043
9771.000000  1.280620
10730.000000  1.134255
11707.000000  1.067122
12916.000000  1.187856
14512.000000  1.425055
15914.000000  1.466891
17077.000000  1.417476
18395.000000  1.415466
19198.000000  1.381824
19910.000000  1.299922
20306.000000  0.945185
20755.000000  0.902597
21444.000000  1.093153
22198.000000  1.376271
23407.000000  1.516064
24339.000000  1.263621
25294.000000  1.313316
26210.000000  1.315468
27195.000000  1.695083
28226.000000  1.454058
29055.000000  1.312622
29857.000000  1.292303
30644.000000  1.350189
31536.000000  1.349751
32517.000000  1.402864
33539.000000  1.638578
34385.000000  1.754261
35029.000000  1.155646
35219.000000  0.943920
36035.000000  1.275793
36978.000000  1.332341
38015.000000  1.493946
38620.000000  1.503063
39477.000000  1.638514
40345.000000  1.554022
41086.000000  1.553254
41614.000000  1.513667
42295.000000  1.399688
42970.000000  1.396549
43603.000000  1.377410
44328.000000  1.560022
45718.000000  2.101131
47261.000000  2.093512
48263.000000  2.007284
49606.000000  2.436583
50939.000000  2.263763
51753.000000  2.225326
52920.000000  2.026748
53923.000000  2.149635
54780.000000  2.012403
55754.000000  2.079963
56955.000000  2.085447
58000.000000  2.386057
59320.000000  2.323561
60213.000000  2.211690
60934.000000  2.175061
61543.000000  1.987954
62593.000000  2.367215
63407.000000  2.376813
64528.000000  2.447111
65629.000000  2.489003
66824.000000  2.338399
67610.000000  2.059256
68019.000000  1.854996
68588.000000  2.315198
69378.000000  2.867611
70430.000000  2.950382
70813.000000  3.754943
71398.000000  2.188354
72378.000000  2.486995
73341.000000  3.041330
74655.000000  2.584939
76175.000000  3.130877
77781.000000  2.664662
79604.000000  3.079452
81217.000000  3.598487
83043.000000  3.283748
84463.000000  3.243594
85644.000000  3.003435
87497.000000  3.360688
89069.000000  3.295073
90472.000000  2.810866
91204.000000  2.526549
92289.000000  2.588674
92953.000000  2.439925
93921.000000  2.667713
94620.000000  2.519927
95421.000000  2.817290
96320.000000  2.939192
96998.000000  2.785355
97426.000000  2.931774
97590.000000  2.544235
98158.000000  3.051810
99649.000000  3.503320
100898.000000  3.576370
102743.000000  3.108069
103772.000000  3.461629
105183.000000  3.534183
105900.000000  3.217873
106913.000000  3.034488
108314.000000  4.177381
109526.000000  4.646949
111840.000000  3.176129
112925.000000  3.995277
114043.000000  4.273795
114757.000000  4.651383
115270.000000  4.921103
115859.000000  4.030945
116099.000000  2.796960
116432.000000  2.864299
117015.000000  3.801688
117504.000000  5.015079
118409.000000  2.025862
118988.000000  1.951667
119394.000000  4.542696
121521.000000  4.563325
123499.000000  3.393188
123519.000000  1.970575
124394.000000  3.550965
125287.000000  3.373765
125888.000000  3.194503
126784.000000  3.128238
127706.000000  4.102723
128382.000000  3.902974
128996.000000  3.552701
129627.000000  3.043829
130335.000000  3.225017
131026.000000  2.336205
131535.000000  2.209048
132771.000000  2.463859
133338.000000  2.119733
134046.000000  2.284678
134401.000000  2.163125
134849.000000  2.226080
135337.000000  2.198709
135754.000000  2.210861
136493.000000  2.367493
137080.000000  2.244973
137939.000000  3.242383
138460.000000  2.439899
138816.000000  2.122253
139305.000000  2.041401
140287.000000  2.283117
140596.000000  2.059810
141096.000000  2.164157
141454.000000  2.157570
141911.000000  2.065254
142248.000000  2.049403
142502.000000  2.012410
142734.000000  2.005144
142854.000000  2.098520
143305.000000  2.057551
143558.000000  2.180950
143721.000000  2.021659
143830.000000  1.945946
144210.000000  2.105250
144539.000000  2.042207
144642.000000  1.880645
144946.000000  1.867451
145511.000000  1.970021
146036.000000  2.114648
146662.000000  2.294339
147035.000000  2.101407
147733.000000  2.129425
148819.000000  2.465218
149959.000000  2.503274
151077.000000  2.549216
151689.000000  2.332819
152291.000000  2.194631
152761.000000  2.196019
153208.000000  2.187528
153952.000000  2.499077
154689.000000  2.514806
155321.000000  2.473682
155878.000000  2.411159
156258.000000  2.283604
156712.000000  2.162830
157352.000000  2.305350
157968.000000  2.317246
158613.000000  2.528884
158951.000000  2.400550
159613.000000  2.534782
159888.000000  2.163643
160278.000000  2.479460
160470.000000  1.975584
160513.000000  1.679041
