4067.000000  22.516752
4711.000000  29.428869
5467.000000  34.312130
6149.000000  31.534710
7096.000000  27.608204
8375.000000  24.706398
9771.000000  25.717854
10730.000000  26.943338
11707.000000  25.509872
12916.000000  23.920170
14512.000000  21.070021
15914.000000  22.541101
17077.000000  25.417637
18395.000000  26.391529
19198.000000  30.081335
19910.000000  29.834282
20306.000000  39.889500
20755.000000  45.266552
21444.000000  32.300339
22198.000000  26.211334
23407.000000  24.412100
24339.000000  30.105934
25294.000000  32.086773
26210.000000  33.150925
27195.000000  29.180073
28226.000000  30.165651
29055.000000  34.781086
29857.000000  35.487728
30644.000000  33.930054
31536.000000  32.263519
32517.000000  31.158194
33539.000000  30.101744
34385.000000  25.932592
35029.000000  37.689342
35219.000000  50.609501
36035.000000  37.349392
36978.000000  33.995392
38015.000000  31.053564
38620.000000  33.124561
39477.000000  30.027485
40345.000000  32.613869
41086.000000  31.334433
41614.000000  34.465557
42295.000000  35.578030
42970.000000  38.385384
43603.000000  40.300518
44328.000000  34.390373
45718.000000  26.824406
47261.000000  28.125608
48263.000000  27.334442
49606.000000  27.388784
50939.000000  29.830906
51753.000000  31.158918
52920.000000  32.847385
53923.000000  29.832067
54780.000000  32.082458
55754.000000  30.442667
56955.000000  37.287563
58000.000000  31.447836
59320.000000  30.484056
60213.000000  34.502087
60934.000000  34.373657
61543.000000  35.956631
62593.000000  27.292812
63407.000000  29.302015
64528.000000  28.170937
65629.000000  28.927481
66824.000000  31.825069
67610.000000  34.328068
68019.000000  39.234138
68588.000000  29.789629
69378.000000  23.335529
70430.000000  24.627762
70813.000000  17.796001
71398.000000  31.309753
72378.000000  27.957979
73341.000000  24.022816
74655.000000  24.279253
76175.000000  22.894701
77781.000000  30.036467
79604.000000  27.714336
81217.000000  21.968403
83043.000000  24.699965
84463.000000  25.335604
85644.000000  28.777739
87497.000000  26.914972
89069.000000  28.748116
90472.000000  32.742996
91204.000000  34.088943
92289.000000  35.968582
92953.000000  33.564102
93921.000000  31.119549
94620.000000  31.755131
95421.000000  32.402241
96320.000000  29.135645
96998.000000  28.057775
97426.000000  26.359209
97590.000000  31.965307
98158.000000  25.704939
99649.000000  21.465023
100898.000000  22.624325
102743.000000  25.475069
103772.000000  22.603153
105183.000000  19.804100
105900.000000  22.087500
106913.000000  24.550829
108314.000000  17.817589
109526.000000  16.270004
111840.000000  23.589441
112925.000000  16.314608
114043.000000  15.639310
114757.000000  14.178610
115270.000000  11.871253
115859.000000  13.253143
116099.000000  19.254818
116432.000000  18.810360
117015.000000  14.642488
117504.000000  10.412930
118409.000000  24.460972
118988.000000  24.890287
119394.000000  11.057154
121521.000000  10.209463
123499.000000  15.805474
123519.000000  26.642939
124394.000000  15.135531
125287.000000  16.424612
125888.000000  18.163746
126784.000000  20.391638
127706.000000  15.031388
128382.000000  15.439590
128996.000000  17.761282
129627.000000  19.501804
130335.000000  18.257277
131026.000000  24.592224
131535.000000  25.711596
132771.000000  25.913010
133338.000000  24.071711
134046.000000  23.814754
134401.000000  25.231976
134849.000000  22.848806
135337.000000  23.924868
135754.000000  25.202942
136493.000000  22.395655
137080.000000  21.679419
137939.000000  16.380791
138460.000000  17.825605
138816.000000  22.558069
139305.000000  23.328722
140287.000000  18.846148
140596.000000  21.180195
141096.000000  23.510527
141454.000000  20.504532
141911.000000  20.467285
142248.000000  19.399912
142502.000000  18.522896
142734.000000  17.195290
142854.000000  16.353827
143305.000000  15.280371
143558.000000  12.176701
143721.000000  12.260187
143830.000000  14.623804
144210.000000  12.197809
144539.000000  12.679294
144642.000000  11.413786
144946.000000  11.723803
145511.000000  11.957603
146036.000000  12.484645
146662.000000  10.705592
147035.000000  11.619605
147733.000000  12.482557
148819.000000  11.075998
149959.000000  10.599373
151077.000000  12.005808
151689.000000  12.605999
152291.000000  14.211854
152761.000000  15.527762
153208.000000  12.939793
153952.000000  11.971424
154689.000000  12.188662
155321.000000  10.266600
155878.000000  10.736123
156258.000000  10.443659
156712.000000  11.343971
157352.000000  10.429450
157968.000000  9.326440
158613.000000  8.035137
158951.000000  6.010276
159613.000000  4.707513
159888.000000  4.316379
160278.000000  3.139362
160470.000000  3.523048
160513.000000  3.237351
