269.000000  0.053511
327.000000  0.031760
359.000000  0.017861
394.000000  0.022129
442.000000  0.035782
491.000000  0.042089
523.000000  0.035885
577.000000  0.045145
645.000000  0.056072
722.000000  0.046476
722.000000  0.000062
763.000000  0.037869
818.000000  0.044771
890.000000  0.055803
958.000000  0.063242
1021.000000  0.050903
1103.000000  0.074793
1149.000000  0.047699
1212.000000  0.054257
1273.000000  0.058060
1297.000000  0.047000
1330.000000  0.052078
1359.000000  0.046862
1388.000000  0.051705
1434.000000  0.056269
1484.000000  0.075232
1546.000000  0.038665
1582.000000  0.035251
1609.000000  0.032939
1644.000000  0.029525
1685.000000  0.060217
1685.000000  0.000105
1728.000000  0.057957
1772.000000  0.055551
1811.000000  0.065119
1847.000000  0.037667
1888.000000  0.037727
1914.000000  0.032486
1949.000000  0.030277
1977.000000  0.047926
2016.000000  0.039395
2064.000000  0.036177
2099.000000  0.041834
2155.000000  0.036339
2185.000000  0.042775
2227.000000  0.053434
2268.000000  0.047006
2286.000000  0.031839
2328.000000  0.046144
2381.000000  0.049079
2421.000000  0.050162
2445.000000  0.042596
2476.000000  0.062466
2499.000000  0.066587
2514.000000  0.068824
2535.000000  0.102512
2553.000000  0.013200
2572.000000  0.015682
2588.000000  0.006591
2607.000000  0.058232
2631.000000  0.066059
2659.000000  0.074046
2680.000000  0.053811
2721.000000  0.056558
2746.000000  0.032749
2763.000000  0.030681
2791.000000  0.024143
2816.000000  0.031771
2851.000000  0.037062
2877.000000  0.033203
2922.000000  0.042164
2954.000000  0.033023
2984.000000  0.025753
3047.000000  0.050172
3083.000000  0.033392
3133.000000  0.032314
3188.000000  0.055324
3190.000000  0.001199
3234.000000  0.047410
3259.000000  0.041681
3290.000000  0.045895
3355.000000  0.065755
3402.000000  0.063425
3481.000000  0.081696
3536.000000  0.063598
3590.000000  0.087241
3641.000000  0.057572
3684.000000  0.050150
3726.000000  0.046979
3776.000000  0.049040
3815.000000  0.067124
3863.000000  0.059175
3879.000000  0.013388
3919.000000  0.035787
3951.000000  0.034095
3986.000000  0.030939
4019.000000  0.044825
4060.000000  0.046639
4093.000000  0.034185
4122.000000  0.027500
4171.000000  0.040177
4226.000000  0.039078
4273.000000  0.031679
4291.000000  0.018915
4336.000000  0.035132
4374.000000  0.052704
4416.000000  0.059585
4442.000000  0.040603
4479.000000  0.054433
4548.000000  0.072649
4600.000000  0.066007
4640.000000  0.060890
4669.000000  0.058231
4714.000000  0.107069
4743.000000  0.089976
4793.000000  0.074499
4825.000000  0.081403
4855.000000  0.071141
4885.000000  0.080779
4912.000000  0.023868
4951.000000  0.115220
4975.000000  0.078300
5007.000000  0.117427
5026.000000  0.108747
5046.000000  0.111764
5074.000000  0.027515
5122.000000  0.029872
5144.000000  0.028075
5154.000000  0.022870
5185.000000  0.090840
5224.000000  0.073046
5272.000000  0.079448
5298.000000  0.046114
5325.000000  0.053814
5382.000000  0.068380
5402.000000  0.046795
5423.000000  0.048001
5468.000000  0.080095
5503.000000  0.078281
5539.000000  0.037026
5569.000000  0.028032
5602.000000  0.033084
5648.000000  0.038435
5687.000000  0.024897
5765.000000  0.041865
5814.000000  0.074941
5854.000000  0.067661
5907.000000  0.076442
5935.000000  0.070937
5975.000000  0.088074
5985.000000  0.014796
6048.000000  0.110479
6082.000000  0.063953
6123.000000  0.080481
6144.000000  0.070499
6191.000000  0.120771
6232.000000  0.125948
6262.000000  0.102076
6277.000000  0.087185
6308.000000  0.110347
6323.000000  0.082900
6377.000000  0.112957
6432.000000  0.060560
6469.000000  0.031146
6501.000000  0.025055
6549.000000  0.048670
6594.000000  0.032454
6626.000000  0.047393
6643.000000  0.026617
6685.000000  0.049718
6724.000000  0.031346
6724.000000  0.000066
6756.000000  0.029833
6797.000000  0.032638
6835.000000  0.024505
6868.000000  0.026520
6921.000000  0.035865
6921.000000  0.000073
6952.000000  0.027445
6982.000000  0.021702
7011.000000  0.026659
7045.000000  0.028902
7082.000000  0.032476
7130.000000  0.039491
7175.000000  0.050784
7180.000000  0.002582
7223.000000  0.054828
7268.000000  0.059632
7271.000000  0.007883
7291.000000  0.010610
7309.000000  0.008076
7331.000000  0.013676
7358.000000  0.046971
7385.000000  0.071632
7392.000000  0.007294
7424.000000  0.030651
7459.000000  0.033405
7480.000000  0.045760
7517.000000  0.070338
7546.000000  0.057531
7580.000000  0.056940
7618.000000  0.074909
7629.000000  0.063701
7651.000000  0.014788
7677.000000  0.016632
7696.000000  0.017070
7711.000000  0.020468
7737.000000  0.021656
7784.000000  0.056498
7786.000000  0.018070
7816.000000  0.053211
7847.000000  0.074830
7870.000000  0.034521
7903.000000  0.037308
7908.000000  0.012126
7949.000000  0.032957
7968.000000  0.021469
7992.000000  0.023084
8035.000000  0.042473
8062.000000  0.021731
8084.000000  0.016847
8103.000000  0.025581
8125.000000  0.019127
8147.000000  0.017079
8166.000000  0.019001
8189.000000  0.018464
8214.000000  0.024601
8242.000000  0.021094
8269.000000  0.019021
8310.000000  0.036078
8343.000000  0.085584
8348.000000  0.046848
8402.000000  0.074635
8426.000000  0.033808
8485.000000  0.061976
8527.000000  0.061490
8543.000000  0.027465
8565.000000  0.054466
8614.000000  0.140206
8649.000000  0.109284
8687.000000  0.090530
8740.000000  0.128673
8778.000000  0.073624
8806.000000  0.033112
8821.000000  0.040309
8831.000000  0.017597
8864.000000  0.120850
8886.000000  0.104020
8920.000000  0.172158
8939.000000  0.185399
8985.000000  0.029648
9023.000000  0.142835
9064.000000  0.111875
9104.000000  0.120010
9138.000000  0.061057
9169.000000  0.135659
9218.000000  0.142020
9260.000000  0.122639
9306.000000  0.083495
9343.000000  0.074094
9375.000000  0.061338
9383.000000  0.022044
9400.000000  0.043520
9420.000000  0.017679
9453.000000  0.047323
9473.000000  0.031237
9504.000000  0.029458
9529.000000  0.023728
9559.000000  0.039982
9587.000000  0.034616
9619.000000  0.055981
9646.000000  0.034534
9695.000000  0.036108
9724.000000  0.047968
9752.000000  0.036360
9771.000000  0.070125
9788.000000  0.047034
9799.000000  0.032117
9806.000000  0.122744
9819.000000  0.111384
9822.000000  0.002293
9838.000000  0.019546
9848.000000  0.046636
9856.000000  0.016663
9873.000000  0.059668
9895.000000  0.077866
9918.000000  0.078470
9929.000000  0.017888
9945.000000  0.028639
9957.000000  0.021269
9959.000000  0.005677
9969.000000  0.089432
9977.000000  0.009688
9977.000000  0.000038
10000.000000  0.023392
10038.000000  0.028134
10053.000000  0.016740
10068.000000  0.019156
10104.000000  0.017711
10115.000000  0.009345
10121.000000  0.003535
10126.000000  0.004489
10170.000000  0.041982
10203.000000  0.023261
10231.000000  0.018092
10252.000000  0.018526
10306.000000  0.028476
10338.000000  0.021067
10338.000000  0.000046
10348.000000  0.008791
10361.000000  0.009852
10366.000000  0.008698
10370.000000  0.002407
