269.000000  4.379302
327.000000  7.510034
359.000000  12.140522
394.000000  11.532491
442.000000  6.931422
491.000000  6.585462
523.000000  7.214460
577.000000  6.135368
645.000000  5.013775
722.000000  8.677411
722.000000  34.051888
763.000000  7.738715
818.000000  11.174371
890.000000  5.265188
958.000000  5.145304
1021.000000  6.127362
1103.000000  4.654262
1149.000000  6.942301
1212.000000  6.734493
1273.000000  5.879597
1297.000000  7.959122
1330.000000  22.549620
1359.000000  7.751292
1388.000000  7.705462
1434.000000  7.557527
1484.000000  7.621769
1546.000000  15.034149
1582.000000  12.570747
1609.000000  12.785954
1644.000000  13.624994
1685.000000  6.745399
1685.000000  28.514954
1728.000000  9.390113
1772.000000  12.804818
1811.000000  8.330419
1847.000000  8.860205
1888.000000  9.575163
1914.000000  10.040573
1949.000000  10.260600
1977.000000  8.946618
2016.000000  9.127954
2064.000000  9.547557
2099.000000  10.516345
2155.000000  9.544319
2185.000000  9.238258
2227.000000  15.187284
2268.000000  7.335581
2286.000000  9.696735
2328.000000  8.074718
2381.000000  8.322604
2421.000000  6.745016
2445.000000  7.578256
2476.000000  6.992795
2499.000000  6.357528
2514.000000  5.139792
2535.000000  3.984153
2553.000000  12.179559
2572.000000  13.740702
2588.000000  14.469755
2607.000000  6.019376
2631.000000  4.670491
2659.000000  4.677644
2680.000000  6.720776
2721.000000  6.048062
2746.000000  8.725225
2763.000000  8.272255
2791.000000  18.123920
2816.000000  15.258351
2851.000000  13.865034
2877.000000  16.499300
2922.000000  18.989128
2954.000000  37.911190
2984.000000  40.997826
3047.000000  21.052193
3083.000000  26.346611
3133.000000  35.652874
3188.000000  39.866035
3190.000000  62.667389
3234.000000  33.207939
3259.000000  34.417244
3290.000000  34.909168
3355.000000  30.056786
3402.000000  31.547350
3481.000000  34.508118
3536.000000  44.758030
3590.000000  31.043694
3641.000000  35.081528
3684.000000  31.524532
3726.000000  40.469112
3776.000000  46.250946
3815.000000  39.401524
3863.000000  39.263100
3879.000000  49.197002
3919.000000  45.815041
3951.000000  38.870453
3986.000000  41.539089
4019.000000  34.849922
4060.000000  39.830925
4093.000000  12.767408
4122.000000  15.438026
4171.000000  13.160088
4226.000000  14.519085
4273.000000  11.891254
4291.000000  13.913727
4336.000000  11.380079
4374.000000  9.166698
4416.000000  7.940430
4442.000000  8.844673
4479.000000  8.085650
4548.000000  7.029346
4600.000000  6.788255
4640.000000  9.200980
4669.000000  7.687617
4714.000000  6.112614
4743.000000  8.365330
4793.000000  6.241586
4825.000000  10.694181
4855.000000  6.502861
4885.000000  5.774749
4912.000000  13.708761
4951.000000  5.146879
4975.000000  6.148463
5007.000000  5.110348
5026.000000  5.189179
5046.000000  4.821369
5074.000000  9.214184
5122.000000  14.093119
5144.000000  9.659294
5154.000000  10.322265
5185.000000  6.662782
5224.000000  5.794092
5272.000000  4.996767
5298.000000  8.520258
5325.000000  7.518283
5382.000000  6.447512
5402.000000  7.214908
5423.000000  8.014013
5468.000000  5.029153
5503.000000  4.946914
5539.000000  8.297631
5569.000000  10.633238
5602.000000  6.899574
5648.000000  6.452605
5687.000000  6.233190
5765.000000  5.862139
5814.000000  4.966856
5854.000000  5.598505
5907.000000  4.726643
5935.000000  4.668283
5975.000000  9.119250
5985.000000  9.749008
6048.000000  3.760476
6082.000000  6.467043
6123.000000  5.128434
6144.000000  5.185260
6191.000000  3.191591
6232.000000  3.716208
6262.000000  3.460230
6277.000000  4.053122
6308.000000  3.980403
6323.000000  10.812682
6377.000000  3.916432
6432.000000  5.980124
6469.000000  6.534156
6501.000000  7.623406
6549.000000  5.435184
6594.000000  6.553231
6626.000000  9.309815
6643.000000  6.856945
6685.000000  6.032911
6724.000000  7.775177
6724.000000  9.045347
6756.000000  7.172659
6797.000000  7.467344
6835.000000  7.959773
6868.000000  7.872923
6921.000000  7.828382
6921.000000  9.958385
6952.000000  6.896599
6982.000000  6.787013
7011.000000  6.426371
7045.000000  7.368932
7082.000000  7.733994
7130.000000  6.541268
7175.000000  6.289786
7180.000000  9.654350
7223.000000  4.898871
7268.000000  4.485030
7271.000000  7.920995
7291.000000  9.152045
7309.000000  7.276748
7331.000000  7.215145
7358.000000  5.925792
7385.000000  3.643826
7392.000000  7.793222
7424.000000  5.385144
7459.000000  6.080160
7480.000000  9.105221
7517.000000  3.477228
7546.000000  4.751756
7580.000000  3.903035
7618.000000  4.316564
7629.000000  3.695461
7651.000000  5.400507
7677.000000  7.273147
7696.000000  5.908504
7711.000000  6.301043
7737.000000  6.114735
7784.000000  4.537476
7786.000000  7.300364
7816.000000  4.195034
7847.000000  22.958241
7870.000000  4.064342
7903.000000  4.585375
7908.000000  6.879796
7949.000000  5.338648
7968.000000  6.196461
7992.000000  5.616130
8035.000000  3.841671
8062.000000  7.512645
8084.000000  8.010479
8103.000000  5.886436
8125.000000  5.890284
8147.000000  6.186221
8166.000000  7.372343
8189.000000  7.809190
8214.000000  8.927628
8242.000000  5.262740
8269.000000  6.092059
8310.000000  6.259265
8343.000000  4.010854
8348.000000  7.744497
8402.000000  4.610372
8426.000000  5.182337
8485.000000  9.529212
8527.000000  5.332365
8543.000000  9.360874
8565.000000  7.036421
8614.000000  5.171955
8649.000000  5.968192
8687.000000  6.028096
8740.000000  3.305914
8778.000000  3.628030
8806.000000  5.929792
8821.000000  4.470262
8831.000000  5.267924
8864.000000  2.843547
8886.000000  6.988877
8920.000000  2.132836
8939.000000  2.219729
8985.000000  4.687385
9023.000000  2.817281
9064.000000  2.949363
9104.000000  3.160896
9138.000000  3.626584
9169.000000  2.445668
9218.000000  2.222780
9260.000000  2.877739
9306.000000  3.388806
9343.000000  3.163538
9375.000000  3.364826
9383.000000  10.318604
9400.000000  4.899611
9420.000000  4.659873
9453.000000  3.896730
9473.000000  4.993790
9504.000000  4.190949
9529.000000  3.887183
9559.000000  3.500534
9587.000000  4.061110
9619.000000  3.320496
9646.000000  4.313213
9695.000000  4.342793
9724.000000  3.616698
9752.000000  4.320782
9771.000000  2.585925
9788.000000  3.636142
9799.000000  3.148652
9806.000000  1.816109
9819.000000  1.938216
9822.000000  4.737157
9838.000000  3.933824
9848.000000  2.485851
9856.000000  3.548574
9873.000000  4.184758
9895.000000  2.299236
9918.000000  2.124707
9929.000000  6.031609
9945.000000  3.775027
9957.000000  3.442931
9959.000000  7.118015
9969.000000  1.940693
9977.000000  3.097316
9977.000000  4.322924
10000.000000  2.938021
10038.000000  2.911630
10053.000000  2.864677
10068.000000  2.999944
10104.000000  3.692483
10115.000000  2.859931
10121.000000  3.494751
10126.000000  3.497983
10170.000000  3.541810
10203.000000  2.818066
10231.000000  2.706691
10252.000000  3.073693
10306.000000  2.976387
10338.000000  2.900267
10338.000000  4.228736
10348.000000  3.119066
10361.000000  3.469125
10366.000000  2.888462
10370.000000  3.151103
