995.000000  0.707143
1246.000000  0.034286
1492.000000  0.042008
1683.000000  0.084575
1867.000000  0.017494
2088.000000  -0.012075
2398.000000  0.047842
2675.000000  0.012683
3024.000000  0.065591
3395.000000  0.070433
3648.000000  0.034873
3926.000000  0.006638
4163.000000  0.059188
4411.000000  0.027674
4710.000000  0.020673
5071.000000  0.088815
5338.000000  0.011865
5523.000000  -0.008640
5728.000000  0.030170
5920.000000  0.038325
6067.000000  -0.000136
6241.000000  0.053053
6399.000000  -0.010070
6591.000000  0.005392
6774.000000  0.085871
6985.000000  -0.023970
7207.000000  0.058257
7457.000000  0.043653
7723.000000  0.023972
7965.000000  0.024807
8244.000000  0.005131
8362.000000  -0.017367
8470.000000  0.099689
8589.000000  -0.036798
8751.000000  0.015529
8946.000000  0.103470
9177.000000  0.030856
9390.000000  -0.010002
9607.000000  -0.025937
9767.000000  0.016973
9957.000000  0.031834
10132.000000  0.183981
10257.000000  -0.100981
10447.000000  0.046606
10608.000000  -0.036529
10786.000000  0.005152
10925.000000  0.076661
11033.000000  -0.015172
11199.000000  0.094776
11373.000000  0.010285
11538.000000  0.006955
11729.000000  0.005302
11955.000000  0.031462
12196.000000  0.029273
12408.000000  -0.043991
12616.000000  0.083384
12786.000000  0.039890
12941.000000  -0.028195
13102.000000  0.042538
13295.000000  0.073969
13482.000000  0.066409
13722.000000  -0.091143
13863.000000  0.028039
14189.000000  0.050675
14365.000000  0.024034
14609.000000  0.082339
14842.000000  -0.029263
15143.000000  0.107727
15440.000000  -0.015947
15700.000000  0.121072
16012.000000  0.058840
16313.000000  -0.024707
16596.000000  0.113323
17027.000000  0.016754
17358.000000  -0.037666
17676.000000  0.132172
18029.000000  0.078299
18290.000000  0.080109
18546.000000  -0.009311
18743.000000  0.090080
18997.000000  -0.122671
19224.000000  0.092597
19624.000000  -0.004028
19821.000000  -0.025673
20097.000000  0.078874
20275.000000  0.010861
20554.000000  0.058039
20853.000000  -0.025656
21177.000000  0.119603
21410.000000  0.037998
21540.000000  0.052827
21797.000000  -0.060149
21991.000000  0.105946
22480.000000  0.013459
22697.000000  -0.082212
23024.000000  0.149006
23149.000000  0.042029
23411.000000  -0.049702
23586.000000  -0.015261
23725.000000  0.162484
23922.000000  -0.031182
24016.000000  -0.021770
24265.000000  0.070767
24392.000000  0.034227
24507.000000  -0.062106
24708.000000  0.087662
24956.000000  0.096430
25110.000000  -0.080221
25342.000000  0.041267
25492.000000  0.026673
25619.000000  -0.040784
25750.000000  0.008999
25890.000000  -0.008034
26152.000000  0.055375
26366.000000  -0.005026
26663.000000  0.027067
26944.000000  0.214170
27215.000000  -0.172873
27553.000000  0.253080
27712.000000  -0.101852
27988.000000  0.089021
28168.000000  -0.036454
28519.000000  0.084314
28680.000000  0.003828
29009.000000  -0.052779
29217.000000  0.105992
29391.000000  0.044108
29699.000000  -0.054676
29714.000000  0.083942
30022.000000  -0.005946
30269.000000  -0.031047
30967.000000  0.073385
31658.000000  0.056438
32243.000000  0.210679
32820.000000  0.074536
33340.000000  -0.057651
33693.000000  0.035544
33882.000000  0.099682
34105.000000  0.171751
34494.000000  -0.045613
34741.000000  -0.100478
34835.000000  0.146893
35107.000000  0.021147
35398.000000  -0.036375
35603.000000  0.011450
35691.000000  0.036772
35871.000000  0.173944
36000.000000  -0.075307
36272.000000  0.026062
36628.000000  0.102781
36818.000000  -0.111383
37010.000000  0.028232
37198.000000  -0.017315
37552.000000  0.105110
38084.000000  0.001382
38684.000000  0.165466
39024.000000  -0.126205
39096.000000  0.128311
39268.000000  0.116217
39357.000000  -0.174048
39533.000000  0.066355
39776.000000  0.202864
39863.000000  -0.026438
39876.000000  -0.171090
40012.000000  0.096349
40200.000000  -0.033364
40592.000000  -0.022172
40751.000000  0.022166
40822.000000  0.064424
