216.000000  39.358917
288.000000  72.384163
348.000000  75.642433
410.000000  78.366531
479.000000  80.225929
525.000000  79.261177
579.000000  74.683266
629.000000  73.212219
699.000000  78.281105
802.000000  81.215797
868.000000  75.308182
922.000000  61.996990
980.000000  68.542870
1036.000000  68.548294
1093.000000  68.360992
1156.000000  54.757339
1225.000000  75.247597
1273.000000  71.669205
1390.000000  70.968773
1474.000000  74.069084
1558.000000  76.485703
1642.000000  78.425903
1725.000000  75.067268
1810.000000  77.115540
1894.000000  78.591400
1978.000000  74.629936
2041.000000  77.759346
2125.000000  71.543541
2209.000000  78.407059
2278.000000  76.629173
2324.000000  64.062149
2346.000000  57.575409
2359.000000  65.735283
2371.000000  68.480293
2383.000000  66.868523
2395.000000  67.384460
2408.000000  64.884865
2420.000000  67.454117
2431.000000  66.165695
2444.000000  66.230324
2456.000000  62.250275
2462.000000  22.542894
2517.000000  68.438599
2578.000000  67.521606
2649.000000  66.570023
2699.000000  67.439171
2736.000000  68.866013
2788.000000  76.493858
2843.000000  77.260826
2913.000000  77.195724
3002.000000  72.913559
3086.000000  78.246078
3166.000000  77.706055
3264.000000  71.753952
3318.000000  67.272011
3355.000000  72.041252
3368.000000  73.036911
3371.000000  72.201813
3373.000000  77.073532
3386.000000  59.087734
3476.000000  51.933540
3557.000000  56.004028
3604.000000  53.165825
3644.000000  35.527840
3682.000000  30.559713
3724.000000  42.281296
3786.000000  50.977009
3848.000000  55.208389
3940.000000  65.682297
4032.000000  64.234337
4121.000000  67.086555
4182.000000  66.865067
4255.000000  68.860260
4346.000000  68.114372
4435.000000  67.187630
4518.000000  63.680256
4570.000000  66.299835
4623.000000  59.219700
4655.000000  58.449768
4695.000000  65.756454
4741.000000  65.152489
4794.000000  66.849205
4850.000000  63.374283
4911.000000  69.348999
4970.000000  65.723976
5030.000000  57.705452
5090.000000  59.491562
5148.000000  57.814987
5211.000000  59.082985
5262.000000  57.838840
5338.000000  58.152515
5409.000000  62.423813
5488.000000  63.823307
5565.000000  69.882797
5618.000000  64.112495
5624.000000  53.124786
5635.000000  66.379654
5654.000000  69.147385
5673.000000  74.706131
5703.000000  67.518318
5765.000000  65.209076
5770.000000  14.300736
5797.000000  48.224251
5939.000000  52.898193
6019.000000  56.264900
6087.000000  60.848625
6175.000000  44.313576
6237.000000  60.321880
6310.000000  59.883766
6376.000000  64.242859
6449.000000  63.668358
6531.000000  58.074005
6606.000000  53.860958
6698.000000  59.171539
6777.000000  57.822002
6866.000000  61.513432
6955.000000  48.390976
7034.000000  57.081615
7109.000000  62.041485
7192.000000  62.649155
7269.000000  59.726261
7336.000000  48.469234
7426.000000  61.060249
7503.000000  53.977234
7584.000000  56.361759
7660.000000  59.866135
7747.000000  58.382160
7835.000000  51.886623
7934.000000  50.414131
8011.000000  54.384083
8060.000000  48.231991
8114.000000  45.092247
8146.000000  43.314926
8192.000000  51.318844
8242.000000  49.673100
8299.000000  54.710941
8358.000000  47.275406
8426.000000  45.202538
8511.000000  49.448513
8606.000000  51.253242
8682.000000  49.316742
8746.000000  47.930290
8806.000000  33.419834
8863.000000  44.922546
8925.000000  34.225842
8985.000000  48.238731
9043.000000  45.032127
9105.000000  46.217010
9165.000000  43.402603
9225.000000  41.419937
9274.000000  43.419487
9313.000000  39.282654
9370.000000  51.953583
9419.000000  38.755207
9485.000000  45.677151
9577.000000  48.101608
9647.000000  35.065483
9704.000000  38.163574
9760.000000  33.834381
9817.000000  43.459614
9873.000000  34.999226
9929.000000  43.212765
9984.000000  35.386333
10041.000000  30.151075
10097.000000  39.868908
10153.000000  39.153378
10209.000000  44.045345
10265.000000  43.311047
10321.000000  37.755238
10377.000000  43.042645
10432.000000  39.262924
10462.000000  32.158520
10473.000000  38.021084
10499.000000  35.534294
10537.000000  40.119663
10576.000000  41.029099
10620.000000  48.853470
10664.000000  51.500366
10700.000000  47.357777
10742.000000  53.725613
10790.000000  53.098923
10834.000000  54.113682
10888.000000  56.584572
10934.000000  55.420166
10994.000000  58.694321
11049.000000  61.560547
11106.000000  57.972672
11152.000000  58.568485
11203.000000  55.286304
11246.000000  56.072838
11300.000000  57.251568
11350.000000  58.500607
11401.000000  56.761002
11450.000000  59.856724
11456.000000  57.077229
11476.000000  55.604259
11513.000000  56.468479
11558.000000  63.837029
11608.000000  56.684017
11660.000000  58.619438
11712.000000  55.484509
11763.000000  50.863689
11803.000000  40.471779
11855.000000  42.061771
11907.000000  48.885918
11947.000000  53.054176
11972.000000  52.803642
12012.000000  45.286037
12060.000000  54.037621
12112.000000  57.885124
12164.000000  45.362843
12216.000000  48.155457
12268.000000  49.849007
12320.000000  43.082783
12371.000000  46.826214
12424.000000  41.395626
12476.000000  50.573856
12504.000000  57.859070
12507.000000  51.480518
12521.000000  61.257011
12543.000000  62.709080
12570.000000  67.033234
12592.000000  68.028008
12635.000000  67.723938
12674.000000  71.460541
12723.000000  71.574974
12777.000000  63.453419
12836.000000  66.548309
12893.000000  65.361572
12917.000000  73.985092
12935.000000  68.342987
12970.000000  73.932816
12979.000000  76.071640
12985.000000  74.761879
12987.000000  81.246284
13020.000000  66.216103
13097.000000  66.638748
13185.000000  60.846348
13263.000000  53.195656
13343.000000  46.731842
13436.000000  44.945034
13495.000000  32.088238
13559.000000  45.278214
13606.000000  26.046150
13638.000000  31.331036
13683.000000  41.357067
13738.000000  39.411194
13793.000000  39.645767
13842.000000  61.681992
13888.000000  55.979931
13937.000000  55.392986
13966.000000  53.559608
13984.000000  69.507996
13986.000000  70.088196
14018.000000  72.101250
14055.000000  70.192421
14110.000000  73.950066
14162.000000  72.184746
14220.000000  73.951378
14257.000000  70.847580
14280.000000  66.800636
14292.000000  60.800117
14294.000000  51.584393
14316.000000  58.638252
14335.000000  65.342560
14355.000000  69.996719
14361.000000  53.845913
14443.000000  55.190533
14532.000000  43.490074
14597.000000  19.735888
14655.000000  32.087673
14718.000000  30.329216
14786.000000  33.212105
14853.000000  28.409126
14913.000000  27.415979
14965.000000  28.745359
14974.000000  28.702656
15049.000000  29.672834
15073.000000  29.711729
15110.000000  31.245508
15184.000000  31.836721
15259.000000  40.224770
15353.000000  39.418655
15441.000000  41.853455
15518.000000  43.558228
15563.000000  41.677643
15611.000000  31.360250
15641.000000  38.812401
15673.000000  41.409794
15711.000000  38.085999
15754.000000  40.199711
15756.000000  31.144670
15785.000000  41.713684
15809.000000  22.001118
15841.000000  41.707672
15875.000000  39.346054
15905.000000  37.427425
15935.000000  39.190987
15943.000000  45.861973
15949.000000  39.931355
15965.000000  40.267250
15994.000000  28.653612
16042.000000  32.041721
16114.000000  32.805405
16167.000000  36.685822
16223.000000  39.085014
16278.000000  29.288366
16334.000000  35.246372
16365.000000  30.690786
16403.000000  31.202364
16422.000000  31.080515
16439.000000  32.436478
16452.000000  20.746778
16518.000000  33.718319
16577.000000  35.938793
16640.000000  37.980167
16713.000000  33.154907
16791.000000  39.352158
16820.000000  34.743710
16830.000000  32.952957
16843.000000  29.769865
16859.000000  28.496277
16861.000000  7.966682
16942.000000  34.247284
17020.000000  40.730564
17076.000000  41.281490
17117.000000  34.534740
17155.000000  38.736752
17196.000000  31.892097
17233.000000  26.956039
17237.000000  26.455286
17298.000000  18.657557
17372.000000  27.256826
17446.000000  37.615440
17549.000000  39.878113
17603.000000  38.596851
17661.000000  35.643803
17705.000000  36.368855
17740.000000  40.450268
17780.000000  33.593853
17786.000000  34.900658
17828.000000  19.299711
17896.000000  33.445305
17952.000000  34.174042
18008.000000  35.915989
18066.000000  36.984989
18111.000000  33.438629
18157.000000  21.734713
18221.000000  34.468685
18247.000000  33.059860
18279.000000  36.235710
18310.000000  38.911140
18331.000000  28.414396
18386.000000  27.247194
18469.000000  34.346272
18518.000000  30.161398
18563.000000  23.765078
18607.000000  22.307932
18650.000000  18.130594
18691.000000  21.586168
18737.000000  23.457783
18777.000000  24.053270
18823.000000  22.043625
18865.000000  22.910938
18919.000000  25.848785
18978.000000  27.385712
19047.000000  24.814043
19133.000000  35.002537
19195.000000  17.172489
19262.000000  28.369404
19350.000000  35.723392
19415.000000  25.891319
19462.000000  27.078039
19501.000000  31.239754
19578.000000  28.259405
19660.000000  38.844524
19746.000000  34.998714
19834.000000  41.850872
19907.000000  41.382877
19975.000000  34.475300
20050.000000  40.309406
20141.000000  38.188354
20203.000000  31.350582
20272.000000  30.916796
20320.000000  25.382334
20336.000000  20.066572
20395.000000  38.647034
20439.000000  19.058689
20490.000000  23.779469
20528.000000  17.427448
20583.000000  23.812365
20651.000000  28.262070
20716.000000  25.529333
20768.000000  23.858353
20821.000000  19.364708
20871.000000  23.549980
20919.000000  19.062601
20965.000000  17.415632
21015.000000  19.861830
21062.000000  20.334288
21108.000000  20.556707
21174.000000  22.055641
21262.000000  35.772289
21349.000000  28.306711
21414.000000  39.177696
21497.000000  36.397854
21582.000000  40.812065
21663.000000  40.652061
21750.000000  37.488155
21834.000000  41.396439
21915.000000  40.779373
22002.000000  35.288593
22086.000000  37.336586
22168.000000  40.855850
22264.000000  37.573437
22323.000000  37.441597
22369.000000  28.133377
22429.000000  31.459618
22498.000000  35.248508
22554.000000  31.784969
22618.000000  25.799963
22693.000000  24.830732
22746.000000  20.315474
22782.000000  11.410833
22930.000000  28.902929
23013.000000  24.592215
23046.000000  15.032725
23050.000000  2.972972
23108.000000  21.089897
23159.000000  22.092113
23198.000000  11.511023
23242.000000  12.311360
23248.000000  5.132885
23354.000000  24.134283
23411.000000  30.034143
23464.000000  19.453379
23498.000000  21.941925
23554.000000  25.711664
23602.000000  18.220333
23632.000000  28.427141
23670.000000  22.158155
23675.000000  26.510778
23711.000000  34.130138
23748.000000  37.922253
23782.000000  35.133240
23818.000000  34.627628
23853.000000  39.002754
23889.000000  38.634918
23924.000000  41.928135
23961.000000  35.446941
24010.000000  35.494453
24045.000000  27.389046
24127.000000  34.669880
24180.000000  31.295750
24237.000000  36.905949
24297.000000  33.154564
24366.000000  31.044203
24403.000000  22.137877
24452.000000  25.388231
24508.000000  31.413921
24568.000000  32.586716
24628.000000  23.667263
24687.000000  24.852934
24748.000000  26.614178
24808.000000  28.477949
24867.000000  26.029581
24925.000000  29.447269
24972.000000  24.678997
25013.000000  23.536493
25069.000000  32.925682
25080.000000  26.668808
25102.000000  35.054996
25126.000000  38.248318
25150.000000  36.591812
25173.000000  41.429745
25197.000000  47.817581
25222.000000  47.703037
25233.000000  51.754398
25334.000000  27.375858
25419.000000  26.852760
25502.000000  28.117401
25578.000000  28.622866
25639.000000  33.323051
25713.000000  26.535940
25778.000000  25.448162
25871.000000  29.878601
25964.000000  36.652149
26056.000000  29.850016
26150.000000  34.132889
26244.000000  33.888775
26336.000000  34.034298
26403.000000  26.415810
26477.000000  35.925678
26541.000000  29.946577
26616.000000  32.670948
26680.000000  27.355808
26755.000000  27.330589
26845.000000  30.189568
26945.000000  33.673061
27007.000000  30.201391
27067.000000  23.814276
27106.000000  17.977869
27160.000000  32.016106
27200.000000  26.026932
27259.000000  35.173660
27320.000000  38.316761
27377.000000  35.579105
27436.000000  41.821381
27480.000000  38.243389
27516.000000  43.527031
27544.000000  43.212238
27590.000000  41.071617
27634.000000  41.603081
27679.000000  33.759766
27728.000000  36.950909
27753.000000  37.756168
27770.000000  36.062439
27772.000000  23.998585
27816.000000  30.704573
27878.000000  36.062370
27957.000000  37.958538
28030.000000  30.620253
28108.000000  28.494375
28164.000000  28.604889
28222.000000  14.688555
28253.000000  12.099323
28303.000000  27.225840
28351.000000  27.017111
28406.000000  19.326172
28461.000000  17.180868
28518.000000  21.910383
28574.000000  29.695028
28623.000000  39.297066
28655.000000  39.285702
28678.000000  36.595650
28693.000000  41.041393
28696.000000  36.641865
28707.000000  44.768620
28723.000000  36.358994
28745.000000  40.143204
28768.000000  52.098949
28840.000000  29.404799
28897.000000  16.684431
28935.000000  12.363045
28943.000000  2.913912
28969.000000  16.146368
29004.000000  7.285167
29037.000000  12.349930
29049.000000  28.103685
29071.000000  34.652607
29096.000000  39.119709
29131.000000  40.936050
29157.000000  40.925621
29164.000000  38.168400
29249.000000  30.511463
29360.000000  29.943371
29360.000000  0.059850
29371.000000  12.267638
29421.000000  16.039534
29493.000000  30.791155
29585.000000  35.418274
29602.000000  27.647825
29615.000000  8.729902
29658.000000  24.930719
29703.000000  18.704721
29747.000000  17.686771
29791.000000  12.567602
29814.000000  11.489944
29846.000000  16.331219
29847.000000  3.799803
29924.000000  19.941816
29987.000000  23.609106
30043.000000  17.328089
30099.000000  27.147478
30155.000000  22.750015
30203.000000  17.528316
30238.000000  19.820013
30294.000000  20.959511
30333.000000  23.183340
30369.000000  26.862103
30402.000000  26.054781
30440.000000  26.835739
30446.000000  17.984861
30514.000000  19.770403
30587.000000  20.195509
30664.000000  25.739208
30740.000000  17.772326
30845.000000  28.823561
30928.000000  29.863817
30944.000000  20.473652
30964.000000  21.038549
30991.000000  23.961435
31023.000000  26.216026
31047.000000  12.331535
31118.000000  24.355553
31175.000000  27.197683
31218.000000  24.171968
31270.000000  22.623917
31322.000000  23.674831
31368.000000  22.684025
31404.000000  19.650217
31456.000000  23.939772
31512.000000  26.494255
31572.000000  25.944710
31612.000000  19.060244
31655.000000  20.699997
31703.000000  20.016771
31757.000000  28.299431
31804.000000  15.948103
31832.000000  25.454325
31840.000000  33.387947
31930.000000  20.368273
32014.000000  18.625481
32102.000000  30.299807
32188.000000  27.850386
32201.000000  17.880131
32227.000000  23.450588
32244.000000  16.321939
32253.000000  5.671463
32329.000000  15.460123
32363.000000  9.626937
32440.000000  24.715107
32511.000000  16.996973
32579.000000  27.089325
32609.000000  18.884892
32659.000000  18.325850
32693.000000  25.869352
32718.000000  18.246925
32742.000000  23.532976
32750.000000  13.016704
32806.000000  11.268315
32893.000000  15.998305
32975.000000  22.845444
33072.000000  27.470858
33132.000000  25.688951
33162.000000  19.314447
33183.000000  22.112963
33212.000000  19.885315
33250.000000  23.229031
33309.000000  21.055422
33362.000000  20.500830
33438.000000  24.099899
33534.000000  25.856642
33578.000000  25.545713
33632.000000  20.639845
33662.000000  24.877266
33710.000000  24.493713
33728.000000  21.198788
33779.000000  14.506393
33847.000000  7.376958
33911.000000  21.302597
33947.000000  15.796296
33980.000000  9.160083
34070.000000  19.576736
34170.000000  22.459929
34254.000000  23.649744
34330.000000  21.388031
34404.000000  16.286348
34478.000000  15.295760
34565.000000  19.373985
34636.000000  17.070290
34671.000000  16.618565
34717.000000  15.301308
34807.000000  12.868406
34833.000000  8.795355
34874.000000  10.745134
34880.000000  15.256413
34943.000000  17.440987
35011.000000  23.241850
35074.000000  17.241146
35140.000000  16.629396
35189.000000  12.727739
35241.000000  17.572445
35291.000000  18.695026
35347.000000  16.431238
35403.000000  19.455471
35453.000000  21.494892
35505.000000  18.289854
35562.000000  18.075340
35631.000000  20.238831
35725.000000  24.906776
35797.000000  16.748543
35849.000000  22.470764
35907.000000  18.755352
35966.000000  13.793941
36027.000000  11.745986
36084.000000  18.830055
36140.000000  20.310814
36210.000000  22.616066
36267.000000  17.170425
36336.000000  20.493214
36393.000000  20.171717
36448.000000  22.960407
36504.000000  21.991283
36561.000000  21.727362
36618.000000  22.113951
36668.000000  10.271502
36700.000000  14.069615
36753.000000  13.317754
36811.000000  19.636263
36881.000000  18.820862
36986.000000  21.047604
37085.000000  25.339996
37170.000000  22.124132
37266.000000  29.422115
37288.000000  18.547222
37322.000000  22.919231
37331.000000  21.932455
37353.000000  18.606358
37414.000000  19.191370
37472.000000  20.639236
37524.000000  15.205425
37589.000000  24.514395
37635.000000  20.870974
37668.000000  14.486216
37729.000000  13.459457
37805.000000  24.175743
37895.000000  27.918131
37988.000000  26.195255
38090.000000  30.493979
38150.000000  18.927755
38193.000000  17.413740
38241.000000  29.836147
38269.000000  24.689270
38318.000000  15.786926
38337.000000  14.239742
38355.000000  22.024887
38364.000000  20.150070
38388.000000  26.723167
38468.000000  16.772121
38529.000000  20.948938
38605.000000  21.266596
38649.000000  8.967122
38730.000000  22.076941
38832.000000  27.530912
38895.000000  23.155031
38998.000000  26.257483
39036.000000  23.670126
39088.000000  19.246798
39138.000000  21.526482
39179.000000  18.114414
39200.000000  13.112656
39224.000000  6.740538
39272.000000  14.238186
39306.000000  17.757759
39339.000000  9.537899
39420.000000  18.258459
39432.000000  11.475060
39498.000000  18.246361
39612.000000  26.729996
39696.000000  22.419075
39782.000000  21.202179
39827.000000  22.603773
39882.000000  20.035505
39935.000000  21.377741
39991.000000  18.558949
40047.000000  23.177729
40103.000000  16.857313
40159.000000  17.443872
40194.000000  21.869318
40224.000000  21.180990
40277.000000  18.469599
40304.000000  15.953758
40327.000000  19.346842
40351.000000  15.304090
40374.000000  20.565573
40377.000000  18.926147
40401.000000  19.833813
40413.000000  8.746221
40448.000000  16.814163
40451.000000  3.500857
40485.000000  8.640352
40522.000000  16.187040
40562.000000  15.409472
40579.000000  5.334716
40638.000000  9.573339
40727.000000  18.082525
40811.000000  17.874748
40826.000000  7.682018
