216.000000  0.060328
288.000000  0.006380
348.000000  0.023633
410.000000  0.003918
479.000000  0.012714
525.000000  0.004341
579.000000  -0.020879
629.000000  -0.008717
699.000000  0.022810
802.000000  0.009322
868.000000  -0.014139
922.000000  -0.055556
980.000000  0.034473
1036.000000  -0.003612
1093.000000  0.007910
1156.000000  -0.025958
1225.000000  0.048126
1273.000000  -0.005507
1390.000000  -0.004634
1474.000000  0.012628
1558.000000  -0.004267
1642.000000  0.031593
1725.000000  -0.019559
1810.000000  0.017784
1894.000000  -0.006710
1978.000000  0.004252
2041.000000  0.003657
2125.000000  -0.006401
2209.000000  0.018065
2278.000000  -0.011209
2324.000000  -0.045297
2346.000000  -0.021866
2359.000000  0.021573
2371.000000  0.011368
2383.000000  -0.000169
2395.000000  -0.002917
2408.000000  -0.004487
2420.000000  0.003976
2431.000000  -0.004751
2444.000000  0.004653
2456.000000  -0.011059
2462.000000  -0.059960
2517.000000  0.068406
2578.000000  0.004191
2649.000000  0.004730
2699.000000  -0.019423
2736.000000  0.021185
2788.000000  0.040193
2843.000000  0.014917
2913.000000  0.004155
3002.000000  -0.037237
3086.000000  0.067963
3166.000000  -0.027493
3264.000000  -0.051561
3318.000000  -0.023741
3355.000000  0.047430
3368.000000  -0.001108
3371.000000  -0.006900
3373.000000  0.053470
3386.000000  -0.103249
3476.000000  -0.015381
3557.000000  0.007980
3604.000000  0.012934
3644.000000  -0.041285
3682.000000  -0.007060
3724.000000  0.009301
3786.000000  0.009383
3848.000000  0.014025
3940.000000  0.035308
4032.000000  -0.003188
4121.000000  0.011209
4182.000000  -0.003112
4255.000000  0.015696
4346.000000  -0.008802
4435.000000  0.013828
4518.000000  -0.017044
4570.000000  -0.002092
4623.000000  -0.019363
4655.000000  -0.001142
4695.000000  0.030634
4741.000000  -0.004042
4794.000000  0.004919
4850.000000  -0.015981
4911.000000  0.032391
4970.000000  -0.020415
5030.000000  -0.033924
5090.000000  0.010999
5148.000000  -0.001642
5211.000000  0.004087
5262.000000  -0.002794
5338.000000  0.001090
5409.000000  0.009115
5488.000000  0.008244
5565.000000  0.050336
5618.000000  -0.050164
5624.000000  -0.045648
5635.000000  0.072253
5654.000000  0.008645
5673.000000  0.067960
5703.000000  -0.078633
5765.000000  -0.020956
5770.000000  -0.100305
5797.000000  0.055466
5939.000000  0.007952
6019.000000  0.006902
6087.000000  0.018470
6175.000000  -0.058162
6237.000000  0.062796
6310.000000  -0.010119
6376.000000  0.028047
6449.000000  -0.004154
6531.000000  -0.027395
6606.000000  -0.005194
6698.000000  0.012282
6777.000000  0.008347
6866.000000  0.011288
6955.000000  -0.041855
7034.000000  0.018461
7109.000000  0.034949
7192.000000  0.002745
7269.000000  -0.017226
7336.000000  -0.019706
7426.000000  0.032146
7503.000000  -0.025801
7584.000000  -0.002523
7660.000000  0.023235
7747.000000  0.003935
7835.000000  -0.028994
7934.000000  -0.018859
8011.000000  0.032569
8060.000000  -0.024690
8114.000000  -0.011987
8146.000000  -0.007251
8192.000000  0.024397
8242.000000  -0.003678
8299.000000  0.018261
8358.000000  -0.023317
8426.000000  -0.014793
8511.000000  0.027132
8606.000000  0.002062
8682.000000  0.002286
8746.000000  -0.005269
8806.000000  -0.055203
8863.000000  0.042707
8925.000000  -0.026700
8985.000000  0.038494
9043.000000  -0.014252
9105.000000  0.001593
9165.000000  -0.007316
9225.000000  -0.002190
9274.000000  0.004389
9313.000000  -0.010350
9370.000000  0.056378
9419.000000  -0.056113
9485.000000  0.021428
9577.000000  0.009290
9647.000000  -0.050025
9704.000000  0.018498
9760.000000  -0.021199
9817.000000  0.037988
9873.000000  -0.023566
9929.000000  0.022010
9984.000000  -0.016677
10041.000000  -0.026547
10097.000000  0.028716
10153.000000  0.007700
10209.000000  0.017435
10265.000000  -0.005442
10321.000000  -0.015781
10377.000000  0.013744
10432.000000  -0.006444
10462.000000  -0.023319
10473.000000  0.007140
10499.000000  -0.008320
10537.000000  0.012234
10576.000000  0.018410
10620.000000  0.032288
10664.000000  0.010498
10700.000000  -0.018063
10742.000000  0.029255
10790.000000  -0.018514
10834.000000  0.026355
10888.000000  0.019682
10934.000000  -0.030231
10994.000000  0.025563
11049.000000  0.026841
11106.000000  -0.019331
11152.000000  -0.006704
11203.000000  -0.022997
11246.000000  0.004513
11300.000000  0.009334
11350.000000  0.020110
11401.000000  -0.022850
11450.000000  0.037158
11456.000000  -0.009756
11476.000000  -0.031395
11513.000000  0.025335
11558.000000  0.060601
11608.000000  -0.056167
11660.000000  -0.002539
11712.000000  -0.026280
11763.000000  -0.027382
11803.000000  -0.029992
11855.000000  -0.010260
11907.000000  0.045932
11947.000000  0.027895
11972.000000  0.001216
12012.000000  -0.045371
12060.000000  0.030202
12112.000000  0.038493
12164.000000  -0.078086
12216.000000  0.027162
12268.000000  -0.009213
12320.000000  -0.028218
12371.000000  0.015759
12424.000000  -0.005810
12476.000000  0.023870
12504.000000  0.063470
12507.000000  -0.041542
12521.000000  0.071210
12543.000000  0.018340
12570.000000  0.041165
12592.000000  0.007427
12635.000000  0.013448
12674.000000  0.032267
12723.000000  0.004200
12777.000000  -0.112198
12836.000000  0.036518
12893.000000  0.012868
12917.000000  0.145154
12935.000000  -0.131290
12970.000000  0.132930
12979.000000  0.053087
12985.000000  -0.069375
12987.000000  0.221385
13020.000000  -0.358481
13097.000000  -0.003093
13185.000000  -0.060709
13263.000000  -0.040380
13343.000000  -0.048148
13436.000000  0.002067
13495.000000  -0.057347
13559.000000  0.053200
13606.000000  -0.067595
13638.000000  0.014444
13683.000000  0.033216
13738.000000  -0.006945
13793.000000  0.000966
13842.000000  0.138443
13888.000000  -0.033056
13937.000000  -0.018533
13966.000000  -0.001285
13984.000000  0.153291
13986.000000  0.001574
14018.000000  0.074042
14055.000000  -0.030668
14110.000000  0.077479
14162.000000  -0.041783
14220.000000  0.016692
14257.000000  -0.045264
14280.000000  -0.059705
14292.000000  -0.078181
14294.000000  -0.082087
14316.000000  0.044811
14335.000000  0.082797
14355.000000  0.072711
14361.000000  -0.192506
14443.000000  0.012712
14532.000000  -0.070141
14597.000000  -0.077585
14655.000000  0.041715
14718.000000  -0.008080
14786.000000  0.008387
14853.000000  -0.015595
14913.000000  -0.000896
14965.000000  0.005516
14974.000000  -0.000638
15049.000000  0.005615
15073.000000  -0.002195
15110.000000  0.003418
15184.000000  0.002788
15259.000000  0.027355
15353.000000  -0.000115
15441.000000  0.014107
15518.000000  0.001186
15563.000000  -0.007917
15611.000000  -0.038585
15641.000000  0.028503
15673.000000  0.014046
15711.000000  -0.018700
15754.000000  0.006549
15756.000000  -0.031272
15785.000000  0.041146
15809.000000  -0.061594
15841.000000  0.062324
15875.000000  -0.007918
15905.000000  -0.011069
15935.000000  0.006385
15943.000000  0.036040
15949.000000  -0.030250
15965.000000  0.000551
15994.000000  -0.039790
16042.000000  0.010373
16114.000000  0.003066
16167.000000  0.015714
16223.000000  0.008010
16278.000000  -0.034616
16334.000000  0.019558
16365.000000  -0.010833
16403.000000  -0.002567
16422.000000  -0.000322
16439.000000  0.005721
16452.000000  -0.038708
16518.000000  0.041979
16577.000000  0.008937
16640.000000  0.008628
16713.000000  -0.021606
16791.000000  0.027286
16820.000000  -0.018231
16830.000000  -0.005734
16843.000000  -0.012010
16859.000000  -0.001009
16861.000000  -0.051107
16942.000000  0.067505
17020.000000  0.027423
17076.000000  0.000545
17117.000000  -0.025017
17155.000000  0.017112
17196.000000  -0.026431
17233.000000  -0.016244
17237.000000  0.000317
17298.000000  -0.023650
17372.000000  0.023628
17446.000000  0.038412
17549.000000  0.007735
17603.000000  -0.002394
17661.000000  -0.012221
17705.000000  0.003651
17740.000000  0.018353
17780.000000  -0.028038
17786.000000  0.003421
17828.000000  -0.047276
17896.000000  0.046515
17952.000000  0.001296
18008.000000  0.005004
18066.000000  0.003729
18111.000000  -0.013710
18157.000000  -0.039762
18221.000000  0.044376
18247.000000  -0.005555
18279.000000  0.011309
18310.000000  0.011083
18331.000000  -0.038591
18386.000000  -0.003621
18469.000000  0.026507
18518.000000  -0.012212
18563.000000  -0.021088
18607.000000  -0.003466
18650.000000  -0.010790
18691.000000  0.010477
18737.000000  0.003508
18777.000000  -0.000364
18823.000000  -0.003952
18865.000000  0.001581
18919.000000  0.008977
18978.000000  0.003825
19047.000000  -0.010271
19133.000000  0.038272
19195.000000  -0.061226
19262.000000  0.039936
19350.000000  0.026551
19415.000000  -0.037186
19462.000000  0.012082
19501.000000  0.006239
19578.000000  -0.014093
19660.000000  0.047746
19746.000000  -0.019696
19834.000000  0.039215
19907.000000  -0.003945
19975.000000  -0.034936
20050.000000  0.027441
20141.000000  -0.005552
20203.000000  -0.034000
20272.000000  0.000184
20320.000000  -0.019536
20336.000000  -0.013649
20395.000000  0.068290
20439.000000  -0.070513
20490.000000  0.015782
20528.000000  -0.018891
20583.000000  0.017749
20651.000000  0.013733
20716.000000  0.000547
20768.000000  -0.017764
20821.000000  -0.014721
20871.000000  0.015363
20919.000000  -0.012339
20965.000000  -0.003635
21015.000000  0.008432
21062.000000  0.000626
21108.000000  0.002624
21174.000000  -0.001970
21262.000000  0.054861
21349.000000  -0.035553
21414.000000  0.050933
21497.000000  -0.009715
21582.000000  0.020195
21663.000000  0.000129
21750.000000  -0.012132
21834.000000  0.019490
21915.000000  -0.003775
22002.000000  -0.026924
22086.000000  0.010542
22168.000000  0.020579
22264.000000  -0.021580
22323.000000  -0.001569
22369.000000  -0.037937
22429.000000  0.011841
22498.000000  0.018829
22554.000000  -0.016178
22618.000000  -0.021129
22693.000000  -0.006058
22746.000000  -0.014975
22782.000000  -0.028650
22930.000000  0.061164
23013.000000  -0.015906
23046.000000  -0.029722
23050.000000  -0.035278
23108.000000  0.052652
23159.000000  0.003576
23198.000000  -0.034080
23242.000000  0.003951
23248.000000  -0.018937
23354.000000  0.058024
23411.000000  0.023475
23464.000000  -0.046033
23498.000000  0.012844
23554.000000  0.010129
23602.000000  -0.026581
23632.000000  0.040223
23670.000000  -0.027382
23675.000000  0.021161
23711.000000  0.034373
23748.000000  0.014653
23782.000000  -0.008148
23818.000000  -0.002596
23853.000000  0.019091
23889.000000  -0.001362
23924.000000  0.020132
23961.000000  -0.033497
24010.000000  0.000201
24045.000000  -0.038519
24127.000000  0.031741
24180.000000  -0.018916
24237.000000  0.028889
24297.000000  -0.018603
24366.000000  -0.007703
24403.000000  -0.036524
24452.000000  0.014049
24508.000000  0.026109
24568.000000  0.005303
24628.000000  -0.040085
24687.000000  0.007228
24748.000000  0.003616
24808.000000  0.012312
24867.000000  -0.011559
24925.000000  0.014968
24972.000000  -0.021286
25013.000000  -0.002290
25069.000000  0.041678
25080.000000  -0.024895
25102.000000  0.035501
25126.000000  0.021245
25150.000000  -0.017157
25173.000000  0.039276
25197.000000  0.040114
25222.000000  -0.003258
25233.000000  0.043105
25334.000000  -0.159290
25419.000000  -0.002296
25502.000000  0.005735
25578.000000  0.001382
25639.000000  0.022915
25713.000000  -0.033996
25778.000000  -0.004904
25871.000000  0.019923
25964.000000  0.037390
26056.000000  -0.034151
26150.000000  0.027749
26244.000000  -0.002404
26336.000000  0.001489
26403.000000  -0.042776
26477.000000  0.049355
26541.000000  -0.031868
26616.000000  0.013907
26680.000000  -0.026417
26755.000000  0.004723
26845.000000  0.011982
26945.000000  0.024028
27007.000000  -0.023220
27067.000000  -0.025562
27106.000000  -0.028952
27160.000000  0.062258
27200.000000  -0.024637
27259.000000  0.045033
27320.000000  0.019898
27377.000000  -0.020274
27436.000000  0.039771
27480.000000  -0.022241
27516.000000  0.046588
27544.000000  -0.005620
27590.000000  -0.012338
27634.000000  -0.001360
27679.000000  -0.038400
27728.000000  0.013065
27753.000000  -0.000649
27770.000000  -0.011566
27772.000000  -0.059325
27816.000000  0.031975
27878.000000  0.029965
27957.000000  0.016196
28030.000000  -0.046736
28108.000000  -0.007368
28164.000000  -0.002119
28222.000000  -0.061771
28253.000000  -0.008409
28303.000000  0.065363
28351.000000  -0.003860
28406.000000  -0.029337
28461.000000  -0.012624
28518.000000  0.018236
28574.000000  0.035829
28623.000000  0.066439
28655.000000  0.003169
28678.000000  -0.020865
28693.000000  0.022709
28696.000000  -0.030647
28707.000000  0.063914
28723.000000  -0.065753
28745.000000  0.038989
28768.000000  0.098938
28840.000000  -0.176242
28897.000000  -0.057281
28935.000000  -0.009050
28943.000000  -0.032462
28969.000000  0.045526
29004.000000  -0.035017
29037.000000  0.019284
29049.000000  0.063586
29071.000000  0.034679
29096.000000  0.035448
29131.000000  0.022025
29157.000000  -0.009519
29164.000000  -0.024929
29249.000000  -0.042129
29360.000000  -0.004204
29360.000000  -0.114301
29371.000000  0.035915
29421.000000  0.012938
29493.000000  0.070788
29585.000000  0.024826
29602.000000  -0.042195
29615.000000  -0.073213
29658.000000  0.060034
29703.000000  -0.025148
29747.000000  -0.004293
29791.000000  -0.021389
29814.000000  -0.002241
29846.000000  0.019362
29847.000000  -0.043291
29924.000000  0.057473
29987.000000  0.014879
30043.000000  -0.027262
30099.000000  0.043957
30155.000000  -0.022096
30203.000000  -0.023166
30238.000000  0.012536
30294.000000  0.006595
30333.000000  0.007651
30369.000000  0.016569
30402.000000  -0.004421
30440.000000  0.005846
30446.000000  -0.036850
30514.000000  0.005187
30587.000000  0.000871
30664.000000  0.025245
30740.000000  -0.037700
30845.000000  0.055173
30928.000000  0.005200
30944.000000  -0.045006
30964.000000  0.004013
30991.000000  0.010845
31023.000000  0.009666
31047.000000  -0.059709
31118.000000  0.052771
31175.000000  0.015362
31218.000000  -0.015852
31270.000000  -0.008760
31322.000000  0.005795
31368.000000  -0.004818
31404.000000  -0.012340
31456.000000  0.019373
31512.000000  0.010961
31572.000000  -0.000769
31612.000000  -0.034191
31655.000000  0.009896
31703.000000  -0.004592
31757.000000  0.040646
31804.000000  -0.059066
31832.000000  0.044380
31840.000000  0.043344
31930.000000  -0.067564
32014.000000  -0.008597
32102.000000  0.060432
32188.000000  -0.013599
32201.000000  -0.045331
32227.000000  0.023282
32244.000000  -0.030075
32253.000000  -0.036977
32329.000000  0.031822
32363.000000  -0.023835
32440.000000  0.065059
32511.000000  -0.036440
32579.000000  0.049445
32609.000000  -0.039656
32659.000000  -0.002173
32693.000000  0.037944
32718.000000  -0.040431
32742.000000  0.027483
32750.000000  -0.045808
32806.000000  -0.003733
32893.000000  0.013819
32975.000000  0.031991
33072.000000  0.023545
33132.000000  -0.008676
33162.000000  -0.029203
33183.000000  0.010864
33212.000000  -0.010026
33250.000000  0.015607
33309.000000  -0.010489
33362.000000  -0.003912
33438.000000  0.018767
33534.000000  0.011338
33578.000000  -0.002834
33632.000000  -0.024322
33662.000000  0.022793
33710.000000  -0.003892
33728.000000  -0.016383
33779.000000  -0.027625
33847.000000  -0.029706
33911.000000  0.060743
33947.000000  -0.022143
33980.000000  -0.030429
34070.000000  0.043408
34170.000000  0.012460
34254.000000  0.006586
34330.000000  -0.011008
34404.000000  -0.024910
34478.000000  -0.004136
34565.000000  0.021396
34636.000000  -0.010052
34671.000000  -0.002754
34717.000000  -0.002605
34807.000000  -0.013502
34833.000000  -0.015914
34874.000000  0.008005
34880.000000  0.023083
34943.000000  0.005845
35011.000000  0.026576
35074.000000  -0.027353
35140.000000  -0.004751
35189.000000  -0.017132
35241.000000  0.022944
35291.000000  0.007130
35347.000000  -0.011959
35403.000000  0.013198
35453.000000  0.010267
35505.000000  -0.013815
35562.000000  -0.002751
35631.000000  0.010785
35725.000000  0.023754
35797.000000  -0.042463
35849.000000  0.030419
35907.000000  -0.018289
35966.000000  -0.024420
36027.000000  -0.008271
36084.000000  0.032082
36140.000000  0.008894
36210.000000  0.010282
36267.000000  -0.028009
36336.000000  0.016692
36393.000000  -0.001982
36448.000000  0.016620
36504.000000  -0.004729
36561.000000  0.000864
36618.000000  0.002788
36668.000000  -0.058440
36700.000000  0.018608
36753.000000  -0.004430
36811.000000  0.028251
36881.000000  -0.001544
36986.000000  0.010395
37085.000000  0.021489
37170.000000  -0.017281
37266.000000  0.044101
37288.000000  -0.060379
37322.000000  0.021779
37331.000000  -0.004984
37353.000000  -0.014449
37414.000000  0.002539
37472.000000  0.004442
37524.000000  -0.027255
37589.000000  0.048546
37635.000000  -0.012503
37668.000000  -0.033848
37729.000000  -0.009563
37805.000000  0.059405
37895.000000  0.018547
37988.000000  -0.012658
38090.000000  0.031718
38150.000000  -0.071274
38193.000000  -0.007076
38241.000000  0.072942
38269.000000  -0.031476
38318.000000  -0.048791
38337.000000  -0.006776
38355.000000  0.037851
38364.000000  -0.009717
38388.000000  0.038100
38468.000000  -0.052038
38529.000000  0.020810
38605.000000  0.002220
38649.000000  -0.058946
38730.000000  0.063978
38832.000000  0.032326
38895.000000  -0.027453
38998.000000  0.017451
39036.000000  -0.014733
39088.000000  -0.022966
39138.000000  0.012331
39179.000000  -0.017755
39200.000000  -0.023706
39224.000000  -0.025128
39272.000000  0.032742
39306.000000  0.015697
39339.000000  -0.035961
39420.000000  0.038041
39432.000000  -0.030640
39498.000000  0.030851
39612.000000  0.048955
39696.000000  -0.024870
39782.000000  -0.011161
39827.000000  0.010290
39882.000000  -0.014871
39935.000000  0.007392
39991.000000  -0.014397
40047.000000  0.026348
40103.000000  -0.035646
40159.000000  0.003322
40194.000000  0.024063
40224.000000  -0.002816
40277.000000  -0.016025
40304.000000  -0.011836
40327.000000  0.017212
40351.000000  -0.019945
40374.000000  0.025386
40377.000000  -0.007632
40401.000000  0.005303
40413.000000  -0.048565
40448.000000  0.033053
40451.000000  -0.057332
40485.000000  0.020669
40522.000000  0.035148
40562.000000  -0.004728
40579.000000  -0.044693
40638.000000  0.020652
40727.000000  0.038528
40811.000000  -0.002124
40826.000000  -0.045161
