2285.000000  1.485117
2825.000000  1.570148
3322.000000  1.627203
3643.000000  1.675599
4093.000000  1.665672
4505.000000  1.737041
5093.000000  1.855815
6024.000000  1.918771
6794.000000  1.963803
7712.000000  2.138765
8630.000000  2.248971
9431.000000  2.341814
9797.000000  2.307647
10083.000000  2.361434
10299.000000  2.387258
10611.000000  2.458443
11220.000000  2.506356
11705.000000  2.656920
12637.000000  2.667618
13394.000000  2.722711
14082.000000  2.886854
14687.000000  2.879685
15335.000000  3.000180
15733.000000  3.057429
16280.000000  3.096709
16696.000000  3.180137
16973.000000  3.194061
17574.000000  3.259332
18073.000000  3.281347
18895.000000  3.443968
19425.000000  3.433156
19843.000000  3.613264
20110.000000  3.639733
20484.000000  3.573532
20969.000000  3.630699
21608.000000  3.828861
22373.000000  3.846350
22762.000000  3.872724
23111.000000  3.854877
23535.000000  3.981537
25060.000000  4.140950
26595.000000  4.275088
28183.000000  4.504282
29608.000000  4.615265
30672.000000  4.738498
31688.000000  4.888321
32502.000000  5.083928
33838.000000  5.199516
34782.000000  5.273863
36025.000000  5.440065
37457.000000  5.511965
38915.000000  5.790291
39777.000000  5.786061
41026.000000  5.970655
42231.000000  6.180699
42702.000000  6.343126
44218.000000  6.463787
45564.000000  6.526661
46306.000000  6.503807
47947.000000  6.830661
49510.000000  6.970242
51265.000000  7.259229
53173.000000  7.419909
54800.000000  7.660889
55643.000000  7.823143
56705.000000  7.842468
57388.000000  7.965709
58460.000000  8.144888
59635.000000  8.275986
61223.000000  8.532955
62335.000000  8.491907
63552.000000  8.755769
64481.000000  8.901818
65769.000000  9.100756
66597.000000  8.951308
68005.000000  9.211622
69799.000000  9.322249
71385.000000  9.675727
72139.000000  9.785542
72417.000000  9.674369
73252.000000  9.887249
73922.000000  10.036530
74590.000000  10.198591
74940.000000  10.446585
75358.000000  10.025004
75647.000000  10.170834
75650.000000  10.090635
76384.000000  10.220948
77162.000000  10.203133
77897.000000  10.495905
78816.000000  10.528735
79311.000000  10.686085
80015.000000  10.759230
81240.000000  10.602469
82089.000000  10.726165
82500.000000  10.959620
83344.000000  11.251590
83957.000000  10.921014
84383.000000  11.218377
84625.000000  11.364150
84749.000000  11.263790
84909.000000  11.398716
84965.000000  11.261810
85611.000000  11.331518
85998.000000  11.488995
86499.000000  11.468900
86799.000000  11.607959
87152.000000  11.398058
87530.000000  11.388000
88057.000000  11.602557
88949.000000  11.901341
89574.000000  11.753132
90100.000000  11.912048
90326.000000  11.845282
90747.000000  11.866662
91221.000000  12.119777
91325.000000  12.009870
91434.000000  11.905055
91468.000000  11.959075
