4067.000000  2.609630
4727.000000  0.245514
5471.000000  0.008776
6287.000000  0.028752
7080.000000  0.220115
8608.000000  0.194279
9560.000000  0.050970
11133.000000  0.055170
12090.000000  0.277658
13417.000000  0.127123
15133.000000  0.061051
16858.000000  0.280743
18958.000000  0.187801
20193.000000  0.239120
22347.000000  0.285837
23243.000000  0.177703
25486.000000  0.399387
27536.000000  0.030625
28807.000000  0.099364
31008.000000  0.188896
32851.000000  0.207283
34327.000000  0.296206
36187.000000  0.216441
38585.000000  0.299726
41263.000000  0.261187
43826.000000  0.534610
45754.000000  0.036541
47297.000000  0.355332
47978.000000  -0.116377
49385.000000  0.229967
50634.000000  0.153755
51347.000000  0.386797
53232.000000  -0.044128
55111.000000  0.318281
57243.000000  0.158795
60108.000000  0.376905
62495.000000  0.208529
65305.000000  0.546012
67646.000000  -0.046893
69831.000000  0.493058
72820.000000  0.474613
75274.000000  0.023102
78071.000000  0.497924
79680.000000  0.153509
82983.000000  0.549284
86573.000000  0.188272
88774.000000  0.277822
89473.000000  0.395921
91769.000000  0.223513
94421.000000  0.330370
95417.000000  0.136009
97878.000000  0.207980
100876.000000  0.230292
102693.000000  0.125604
105583.000000  0.383408
107358.000000  0.465815
107534.000000  0.077631
109845.000000  0.271951
110271.000000  -0.015535
112492.000000  0.521297
113428.000000  -0.158346
115274.000000  0.373529
116579.000000  -0.083347
117573.000000  0.397675
118788.000000  0.139893
119498.000000  0.064098
120837.000000  -0.440718
121780.000000  0.263994
123586.000000  0.382591
124836.000000  0.290184
126756.000000  0.138140
128139.000000  0.253574
129421.000000  0.203089
130374.000000  -0.079180
132245.000000  0.599506
133695.000000  -0.254929
136014.000000  -0.037764
137716.000000  0.362040
140069.000000  0.283291
142446.000000  0.104609
144785.000000  0.721373
145302.000000  -0.221634
146790.000000  0.257614
147105.000000  -0.069799
148013.000000  0.120438
148251.000000  0.709215
148496.000000  -0.524773
149395.000000  0.410780
150556.000000  -0.369955
151824.000000  0.454321
152640.000000  0.005152
153849.000000  0.145096
154320.000000  0.315645
155262.000000  -0.221010
155826.000000  0.348997
156289.000000  0.144186
156633.000000  0.019232
157123.000000  0.270863
158280.000000  0.221252
159229.000000  0.083359
159663.000000  0.075726
160233.000000  -0.281879
160521.000000  -0.142126
