399.000000  0.198784
563.000000  -0.049092
669.000000  -0.011496
733.000000  0.019056
808.000000  0.002085
971.000000  0.033824
1128.000000  0.015157
1267.000000  0.001673
1420.000000  0.007587
1558.000000  0.004522
1717.000000  -0.000533
1845.000000  -0.004842
1995.000000  0.015412
2103.000000  -0.036881
2229.000000  -0.008764
2341.000000  0.005837
2435.000000  -0.014188
2551.000000  0.039650
2648.000000  0.009168
2810.000000  -0.017313
2975.000000  0.018442
3112.000000  -0.008843
3295.000000  0.024371
3470.000000  0.020280
3637.000000  0.009113
3794.000000  -0.020748
3940.000000  0.018020
4069.000000  0.027107
4207.000000  -0.005874
4253.000000  -0.072830
4450.000000  0.090599
4633.000000  0.013603
4800.000000  -0.001850
5001.000000  0.011570
5193.000000  0.020976
5365.000000  0.000124
5522.000000  -0.013313
5663.000000  -0.017390
5786.000000  0.026837
5872.000000  -0.096847
6000.000000  0.083019
6079.000000  -0.001786
6193.000000  0.024344
6307.000000  -0.009687
6440.000000  -0.028199
6598.000000  0.088834
6759.000000  -0.009587
6874.000000  -0.080452
6971.000000  -0.005690
7050.000000  0.076325
7108.000000  -0.046692
7177.000000  0.012783
7255.000000  -0.000587
7335.000000  -0.065193
7409.000000  -0.001953
7491.000000  0.011012
7570.000000  0.002551
7655.000000  -0.006175
7742.000000  0.021704
7818.000000  -0.019502
7908.000000  0.033650
8028.000000  0.010061
8151.000000  -0.028634
8290.000000  0.034475
8424.000000  -0.021513
8535.000000  0.000038
8569.000000  -0.062342
8725.000000  0.076402
8826.000000  -0.018632
8942.000000  0.012027
9076.000000  0.013488
9198.000000  0.020907
9331.000000  -0.010977
9463.000000  0.004263
9596.000000  0.005312
9750.000000  -0.005465
9822.000000  -0.000340
9952.000000  0.029225
10119.000000  -0.010850
10316.000000  0.045970
10484.000000  -0.008526
10661.000000  -0.004657
10845.000000  0.028635
11019.000000  0.034330
11133.000000  -0.081577
11243.000000  0.004842
11340.000000  -0.004305
11509.000000  0.027356
11653.000000  0.037746
11786.000000  -0.009469
11927.000000  -0.044558
12064.000000  0.013564
12200.000000  -0.003041
12324.000000  0.028534
12449.000000  -0.004248
12555.000000  -0.022481
12650.000000  -0.003097
12752.000000  0.017753
12875.000000  0.034095
12958.000000  0.127119
13049.000000  -0.045151
13137.000000  0.005038
13240.000000  0.015059
13393.000000  0.012413
13516.000000  -0.062509
13591.000000  0.023847
13677.000000  -0.030091
13817.000000  0.014606
13943.000000  -0.031779
14093.000000  0.019027
14130.000000  -0.080921
14288.000000  0.068645
14448.000000  0.016180
14587.000000  -0.023380
14676.000000  0.142458
14701.000000  0.070948
14713.000000  -0.086827
14827.000000  0.014196
14904.000000  -0.083636
15007.000000  -0.022629
15048.000000  0.003062
15154.000000  -0.001360
15250.000000  0.067332
15255.000000  -0.057208
15288.000000  -0.181836
15314.000000  0.216836
15376.000000  0.112837
15409.000000  -0.048335
15445.000000  0.010484
15479.000000  -0.027846
15519.000000  0.024723
15550.000000  0.061391
15602.000000  -0.376706
15699.000000  0.560320
15776.000000  -0.548327
15798.000000  -0.021200
15825.000000  0.021677
15869.000000  0.007317
15955.000000  -0.011805
16050.000000  0.009285
16148.000000  0.026390
16232.000000  0.011118
16317.000000  0.002287
16438.000000  0.041975
16587.000000  0.012167
16685.000000  -0.020087
16782.000000  -0.026948
16905.000000  0.052407
17039.000000  0.001007
17196.000000  0.025850
17358.000000  0.001283
17518.000000  -0.011948
17670.000000  -0.031915
17804.000000  0.007989
17902.000000  0.002725
18016.000000  0.003895
18121.000000  -0.027232
18295.000000  0.057236
18445.000000  -0.030618
18517.000000  -0.034829
18610.000000  -0.001571
18701.000000  0.075310
18750.000000  0.026975
18785.000000  -0.033165
18871.000000  -0.032188
18943.000000  -0.060992
19038.000000  0.024797
19116.000000  -0.008383
19204.000000  -0.003741
19249.000000  -0.008485
19340.000000  0.050370
19410.000000  -0.083925
19460.000000  -0.004853
19508.000000  0.006688
19576.000000  0.020898
19635.000000  0.008881
19805.000000  0.046975
19962.000000  -0.009979
20118.000000  0.016612
20252.000000  0.016856
20382.000000  -0.010715
20438.000000  -0.031392
20548.000000  -0.023911
20711.000000  0.086732
20887.000000  0.016323
21029.000000  0.006348
21191.000000  0.007318
21334.000000  -0.029013
21482.000000  0.050040
21569.000000  -0.060627
21640.000000  -0.020893
21753.000000  0.036954
21864.000000  0.002015
21911.000000  -0.028647
22027.000000  -0.006525
22125.000000  -0.008037
22179.000000  -0.024409
22230.000000  0.010482
22296.000000  -0.018183
22373.000000  0.014763
22480.000000  -0.003715
22541.000000  0.007798
22640.000000  0.018537
22781.000000  0.009014
22878.000000  -0.017466
22993.000000  0.008062
23125.000000  0.015946
23252.000000  0.008312
23396.000000  0.006566
23513.000000  -0.006224
23548.000000  -0.002991
23599.000000  -0.042841
23693.000000  -0.003319
23787.000000  0.029196
23900.000000  0.024209
23915.000000  -0.068152
24006.000000  0.046796
24039.000000  0.008275
24106.000000  -0.038921
24170.000000  -0.001925
24245.000000  0.005873
24288.000000  0.074994
24321.000000  -0.004191
24375.000000  -0.095033
24499.000000  0.042084
24584.000000  -0.010397
24700.000000  0.041388
24769.000000  -0.008443
24861.000000  -0.015330
24948.000000  0.011265
25049.000000  -0.016110
25129.000000  0.003672
25216.000000  0.014741
25233.000000  -0.028744
25339.000000  0.017471
25445.000000  0.026698
25527.000000  -0.003805
25609.000000  0.005160
25695.000000  0.012798
25775.000000  0.003350
25858.000000  -0.012342
25871.000000  -0.042296
26003.000000  0.068911
26074.000000  -0.015789
26142.000000  -0.022364
26215.000000  0.029826
26310.000000  0.013098
26417.000000  -0.034261
26502.000000  -0.001129
26583.000000  -0.019264
26658.000000  0.015475
26812.000000  0.059904
26911.000000  0.038243
27022.000000  -0.015335
27058.000000  -0.107954
27141.000000  0.098028
27182.000000  -0.050933
27275.000000  0.048711
27325.000000  -0.034728
27355.000000  -0.086522
27390.000000  -0.007301
27501.000000  0.110980
27541.000000  -0.051138
27570.000000  -0.035729
27669.000000  -0.011365
27727.000000  -0.013428
27785.000000  -0.006164
27832.000000  0.003737
27896.000000  0.012374
27974.000000  0.009050
28079.000000  0.011298
28150.000000  -0.015603
28223.000000  0.009127
28236.000000  -0.031574
28301.000000  0.063628
28377.000000  -0.000442
28458.000000  0.005991
28540.000000  -0.008066
28651.000000  0.025106
28741.000000  -0.030068
28824.000000  0.006310
28886.000000  -0.018601
28945.000000  0.019588
29033.000000  0.039792
29118.000000  0.011267
29202.000000  -0.039487
29300.000000  0.000586
29420.000000  -0.014313
29595.000000  0.036762
29752.000000  0.009580
29797.000000  -0.090750
29929.000000  0.085767
30060.000000  0.002267
30140.000000  -0.053428
30193.000000  0.041718
30238.000000  0.069848
30283.000000  0.067655
30284.000000  -0.041035
30287.000000  -0.200155
30289.000000  -0.012521
30324.000000  0.010686
30345.000000  0.010675
30439.000000  0.006371
30524.000000  0.056858
30587.000000  -0.003857
30667.000000  -0.037100
30717.000000  -0.020306
30719.000000  0.002891
30848.000000  0.059751
30924.000000  -0.043933
31015.000000  -0.011602
31105.000000  0.045532
31199.000000  0.003895
31287.000000  0.000790
31387.000000  -0.002782
31474.000000  0.054920
31605.000000  -0.038516
31721.000000  0.007296
31825.000000  -0.055003
31914.000000  0.006131
31999.000000  0.025260
32119.000000  0.014692
32165.000000  -0.055715
32272.000000  0.087675
32368.000000  -0.021542
32413.000000  -0.030310
32455.000000  -0.007170
32552.000000  0.037234
32570.000000  -0.075987
32646.000000  0.070717
32711.000000  0.002883
32758.000000  -0.021743
32766.000000  -0.058039
32822.000000  0.054447
32908.000000  0.022813
33012.000000  -0.012657
33097.000000  0.023155
33177.000000  0.020755
33262.000000  -0.020617
33340.000000  0.035465
33418.000000  -0.043437
33525.000000  0.010444
33639.000000  0.004439
33761.000000  -0.000959
33933.000000  0.014056
33976.000000  -0.091843
34118.000000  0.135830
34188.000000  -0.074287
34395.000000  0.080320
34490.000000  -0.048304
34607.000000  -0.025953
34674.000000  -0.007666
34737.000000  0.015732
34768.000000  -0.057658
34848.000000  0.079275
34950.000000  -0.005603
35041.000000  0.006128
35134.000000  0.034561
35235.000000  -0.033256
35303.000000  0.017823
35401.000000  0.020157
35486.000000  0.004376
35570.000000  0.003919
35679.000000  0.027908
35812.000000  -0.058103
35961.000000  0.047974
36075.000000  0.054928
36177.000000  -0.011159
36328.000000  0.046641
36380.000000  -0.086826
36446.000000  0.038932
36487.000000  0.053686
36540.000000  0.049843
36544.000000  -0.037526
36562.000000  -0.237098
36630.000000  0.256180
36641.000000  -0.089278
36642.000000  0.012358
36666.000000  0.172382
36681.000000  0.059663
36690.000000  0.131660
36691.000000  -0.509959
36767.000000  -0.037900
36813.000000  -0.016459
36867.000000  0.010862
36895.000000  -0.026817
36917.000000  -0.001042
36989.000000  -0.016791
37097.000000  0.043238
37193.000000  0.014868
37278.000000  0.006464
37371.000000  0.021130
37462.000000  -0.008322
37481.000000  -0.050563
37514.000000  0.025600
37528.000000  -0.030182
37601.000000  0.013872
37698.000000  0.000591
37785.000000  0.011018
37882.000000  0.012457
37938.000000  -0.010730
38009.000000  0.015520
38099.000000  -0.002655
38128.000000  -0.024848
38231.000000  0.007486
38279.000000  0.007330
38352.000000  0.010258
38448.000000  0.008314
38530.000000  0.020743
38558.000000  -0.069225
38613.000000  -0.000871
38700.000000  0.005912
38793.000000  0.023318
38909.000000  0.015226
38995.000000  0.000383
39043.000000  -0.024075
39055.000000  -0.016231
39057.000000  -0.018303
39108.000000  0.008245
39212.000000  0.003007
39316.000000  0.034280
39404.000000  0.035147
39475.000000  -0.039663
39499.000000  -0.020798
39599.000000  0.001644
39682.000000  0.001974
39785.000000  0.037067
39872.000000  -0.004677
39986.000000  0.007567
40049.000000  -0.023465
40098.000000  0.004027
40148.000000  -0.008105
40247.000000  0.030285
40302.000000  0.032732
40327.000000  -0.065544
40418.000000  0.014480
40504.000000  -0.005094
40579.000000  0.020441
40680.000000  0.003239
40727.000000  -0.035119
40757.000000  -0.007671
40795.000000  0.024938
40815.000000  -0.022232
40817.000000  -0.031902
