995.000000  0.170914
1257.000000  -0.042716
1489.000000  -0.012834
1799.000000  0.043082
2070.000000  0.013924
2350.000000  0.012871
2697.000000  0.020021
3082.000000  0.012084
3389.000000  0.027211
3649.000000  -0.059017
3716.000000  -0.035240
3948.000000  0.029194
4246.000000  0.029484
4554.000000  0.014147
4845.000000  -0.025546
5100.000000  0.018115
5269.000000  -0.037113
5283.000000  -0.124812
5410.000000  0.078825
5627.000000  0.054430
5798.000000  -0.005437
5950.000000  -0.003523
6095.000000  -0.066218
6253.000000  -0.000216
6446.000000  -0.000017
6621.000000  0.040729
6792.000000  -0.013510
7000.000000  -0.007286
7161.000000  -0.011896
7331.000000  0.028657
7550.000000  -0.023220
7612.000000  -0.020391
7861.000000  0.045272
8118.000000  -0.009327
8382.000000  0.016116
8642.000000  0.016988
8902.000000  -0.013458
9095.000000  -0.022999
9288.000000  0.020982
9438.000000  -0.032390
9556.000000  -0.041947
9713.000000  0.034347
9884.000000  0.026000
10086.000000  -0.014194
10284.000000  0.016939
10487.000000  -0.027003
10525.000000  -0.045054
10802.000000  0.076457
11034.000000  -0.004397
11248.000000  0.004059
11420.000000  -0.029494
11580.000000  -0.001892
11727.000000  -0.009456
11898.000000  0.014806
12079.000000  -0.009507
12288.000000  0.017161
12460.000000  -0.002482
12624.000000  -0.031995
12820.000000  0.002599
13010.000000  0.007949
13251.000000  0.035583
13441.000000  -0.004757
13498.000000  -0.032464
13680.000000  0.051831
13964.000000  0.064781
14182.000000  -0.043827
14410.000000  -0.034203
14624.000000  0.003477
14869.000000  0.055435
15108.000000  0.009477
15355.000000  0.005365
15528.000000  -0.022879
15782.000000  0.023078
16080.000000  0.022644
16334.000000  -0.024305
16648.000000  0.036340
16920.000000  0.016653
17192.000000  -0.044212
17466.000000  0.058734
17760.000000  0.001910
18057.000000  0.046490
18227.000000  -0.070290
18433.000000  0.022105
18742.000000  0.029266
19059.000000  0.008395
19319.000000  -0.046992
19601.000000  -0.028776
19893.000000  -0.039735
20110.000000  -0.047775
20304.000000  -0.023593
20490.000000  -0.028023
20627.000000  -0.002168
20903.000000  0.046366
21016.000000  -0.000088
21119.000000  0.002241
21251.000000  0.051554
21327.000000  -0.062414
21486.000000  0.072154
21653.000000  -0.010438
21815.000000  0.048137
22076.000000  0.065937
22225.000000  -0.100793
22359.000000  -0.030997
22542.000000  0.004756
22761.000000  0.072915
22895.000000  -0.043609
23068.000000  0.013359
23272.000000  0.048592
23519.000000  -0.081609
23726.000000  -0.041380
23976.000000  0.014579
24167.000000  0.033358
24385.000000  0.056477
24548.000000  -0.085424
24693.000000  -0.084952
24865.000000  0.023669
25039.000000  0.054195
25147.000000  -0.001573
25193.000000  -0.052237
25483.000000  0.179386
25648.000000  -0.075472
25815.000000  -0.059769
25975.000000  0.016086
26107.000000  0.094713
26284.000000  0.082888
26423.000000  -0.079134
26543.000000  0.061916
26637.000000  0.135467
26754.000000  0.030690
26867.000000  -0.378980
27022.000000  0.000975
27162.000000  0.005924
27427.000000  0.051686
27732.000000  0.283130
27963.000000  -0.041409
28213.000000  -0.017224
28416.000000  -0.005900
28598.000000  -0.090685
28776.000000  0.146392
28936.000000  -0.118755
29152.000000  0.141393
29349.000000  -0.109635
29525.000000  0.043138
29660.000000  -0.026479
29780.000000  -0.019814
29949.000000  -0.250432
30088.000000  0.363835
30230.000000  -0.072612
30274.000000  -0.080282
30322.000000  0.172587
30347.000000  -0.436486
30443.000000  0.057918
30532.000000  0.021047
30650.000000  0.023444
30729.000000  0.040770
30771.000000  -0.154264
30820.000000  -0.017119
30878.000000  -0.007821
30980.000000  0.427058
31035.000000  0.143943
31053.000000  -0.253439
31130.000000  0.133584
31183.000000  0.269572
31286.000000  -0.717007
31330.000000  -0.009481
31429.000000  0.010146
31551.000000  0.021727
31649.000000  -0.001827
31725.000000  0.004504
31949.000000  0.039686
32111.000000  -0.014357
32219.000000  -0.010535
32315.000000  -0.018096
32428.000000  0.005982
32511.000000  -0.011805
32571.000000  0.018102
32600.000000  -0.039924
32629.000000  -0.001926
32700.000000  -0.000933
32751.000000  -0.005867
32817.000000  0.005368
32877.000000  -0.001271
32945.000000  0.011928
33058.000000  0.004989
33195.000000  0.007358
33344.000000  0.008846
33494.000000  -0.001371
33545.000000  -0.033548
33641.000000  0.011661
33712.000000  -0.003463
33807.000000  0.017940
33885.000000  -0.005682
33999.000000  0.015214
34122.000000  0.046351
34290.000000  -0.020236
34441.000000  0.023366
34571.000000  -0.027278
34624.000000  -0.005260
34725.000000  0.014499
34846.000000  -0.006447
35018.000000  0.000941
35194.000000  0.035845
35439.000000  0.011774
35620.000000  -0.008108
35800.000000  0.001693
35968.000000  0.013239
36061.000000  -0.072119
36112.000000  -0.019503
36183.000000  0.016018
36276.000000  0.058718
36433.000000  0.044291
36529.000000  0.027423
36568.000000  -0.095460
36653.000000  0.165640
36668.000000  -0.050308
36672.000000  0.019137
36745.000000  -0.204708
36883.000000  0.021996
36986.000000  0.009348
37130.000000  0.010132
37268.000000  0.029560
37425.000000  0.033301
37605.000000  0.000898
37773.000000  0.008632
37884.000000  -0.034473
37978.000000  -0.019690
38090.000000  0.043662
38174.000000  -0.063099
38270.000000  0.040932
38354.000000  -0.012672
38443.000000  0.005098
38596.000000  0.019768
38725.000000  0.014279
38887.000000  0.083648
39022.000000  0.019823
39063.000000  -0.056394
39213.000000  0.067755
39308.000000  0.160540
39369.000000  0.032605
39505.000000  -0.198624
39639.000000  -0.020672
39761.000000  -0.000457
39874.000000  -0.047822
39917.000000  -0.020208
39919.000000  -0.152396
39967.000000  0.072859
40041.000000  -0.038311
40111.000000  0.020681
40213.000000  0.008584
40299.000000  -0.014706
40366.000000  0.011978
40385.000000  -0.002056
40507.000000  -0.015802
40572.000000  0.006226
40644.000000  0.003613
40760.000000  0.025329
40815.000000  0.001934
40822.000000  -0.064857
