995.000000  63.661808
1257.000000  62.628372
1489.000000  57.913326
1799.000000  63.471603
2070.000000  64.991707
2350.000000  65.502029
2697.000000  63.971920
3082.000000  64.275513
3389.000000  65.732399
3649.000000  58.425640
3716.000000  51.869495
3948.000000  57.342999
4246.000000  56.786980
4554.000000  58.188313
4845.000000  56.053959
5100.000000  55.527283
5269.000000  53.490917
5283.000000  26.555359
5410.000000  44.220196
5627.000000  51.788666
5798.000000  51.818771
5950.000000  49.726547
6095.000000  42.461349
6253.000000  42.481213
6446.000000  40.518963
6621.000000  47.596786
6792.000000  42.358379
7000.000000  43.625381
7161.000000  40.490063
7331.000000  44.942501
7550.000000  40.319157
7612.000000  33.724468
7861.000000  39.497818
8118.000000  41.290596
8382.000000  42.064751
8642.000000  44.666912
8902.000000  40.262486
9095.000000  39.302528
9288.000000  41.066574
9438.000000  37.659737
9556.000000  27.771595
9713.000000  33.262619
9884.000000  40.436699
10086.000000  36.001572
10284.000000  40.919704
10487.000000  34.976978
10525.000000  24.021702
10802.000000  38.483379
11034.000000  37.488182
11248.000000  36.548676
11420.000000  31.966976
11580.000000  32.060398
11727.000000  30.005825
11898.000000  31.600887
12079.000000  30.211014
12288.000000  33.446674
12460.000000  28.775808
12624.000000  26.840952
12820.000000  27.393003
13010.000000  26.988026
13251.000000  32.722645
13441.000000  32.341576
13498.000000  26.078438
13680.000000  32.007133
13964.000000  42.214195
14182.000000  35.902885
14410.000000  31.868311
14624.000000  31.762718
14869.000000  38.850258
15108.000000  38.449348
15355.000000  38.835903
15528.000000  36.264877
15782.000000  39.370834
16080.000000  40.734119
16334.000000  39.805679
16648.000000  40.278847
16920.000000  43.680332
17192.000000  39.019794
17466.000000  44.946884
17760.000000  43.983086
18057.000000  46.410351
18227.000000  41.447906
18433.000000  43.480904
18742.000000  46.033581
19059.000000  46.097366
19319.000000  41.888828
19601.000000  37.845314
19893.000000  34.972717
20110.000000  29.036840
20304.000000  26.795578
20490.000000  22.398972
20627.000000  21.975643
20903.000000  27.548418
21016.000000  28.555294
21119.000000  28.492233
21251.000000  34.273510
21327.000000  27.090534
21486.000000  35.378441
21653.000000  35.435944
21815.000000  39.204834
22076.000000  44.576168
22225.000000  34.252895
22359.000000  32.858128
22542.000000  31.406630
22761.000000  39.289482
22895.000000  35.073128
23068.000000  36.557068
23272.000000  40.139492
23519.000000  30.926073
23726.000000  26.312098
23976.000000  27.571997
24167.000000  32.662441
24385.000000  37.776230
24548.000000  28.610722
24693.000000  17.538374
24865.000000  20.182213
25039.000000  27.115557
25147.000000  27.898809
25193.000000  21.101780
25483.000000  39.359356
25648.000000  33.823406
25815.000000  26.686802
25975.000000  29.270428
26107.000000  38.692360
26284.000000  44.392899
26423.000000  38.189732
26543.000000  44.040157
26637.000000  51.645748
26754.000000  54.147003
26867.000000  22.563154
27022.000000  22.860144
27162.000000  23.247801
27427.000000  29.630066
27732.000000  51.578075
27963.000000  47.685349
28213.000000  48.191643
28416.000000  47.468525
28598.000000  41.751663
28776.000000  50.786358
28936.000000  43.272186
29152.000000  51.571472
29349.000000  45.572342
29525.000000  49.807278
29660.000000  47.241432
29780.000000  46.893303
29949.000000  22.706402
30088.000000  52.453899
30230.000000  49.677757
30274.000000  44.249432
30322.000000  55.968452
30347.000000  12.984924
30443.000000  23.147131
30532.000000  26.016279
30650.000000  29.482218
30729.000000  32.898705
30771.000000  12.482940
30820.000000  8.611715
30878.000000  7.141283
30980.000000  52.438801
31035.000000  59.367764
31053.000000  47.008167
31130.000000  54.708172
31183.000000  65.560791
31286.000000  8.213648
31330.000000  6.171765
31429.000000  8.225539
31551.000000  13.032629
31649.000000  11.371425
31725.000000  13.282076
31949.000000  19.811468
32111.000000  16.749096
32219.000000  15.530861
32315.000000  12.493563
32428.000000  12.868746
32511.000000  10.542061
32571.000000  13.891591
32600.000000  6.521560
32629.000000  6.446814
32700.000000  6.177017
32751.000000  4.642246
32817.000000  5.682389
32877.000000  5.746709
32945.000000  8.235093
33058.000000  9.712861
33195.000000  10.691857
33344.000000  12.771127
33494.000000  12.305468
33545.000000  5.347563
33641.000000  7.747249
33712.000000  7.585010
33807.000000  11.113151
33885.000000  9.579772
33999.000000  13.110979
34122.000000  20.932510
34290.000000  18.049244
34441.000000  21.006468
34571.000000  17.310978
34624.000000  15.141212
34725.000000  17.728687
34846.000000  15.758846
35018.000000  16.172825
35194.000000  22.676636
35439.000000  23.964903
35620.000000  22.269762
35800.000000  23.194998
35968.000000  25.555790
36061.000000  13.980897
36112.000000  10.304554
36183.000000  13.187291
36276.000000  23.163631
36433.000000  29.373371
36529.000000  31.024426
36568.000000  18.471844
36653.000000  37.134060
36668.000000  34.051991
36672.000000  34.516823
36745.000000  6.375252
36883.000000  10.935027
36986.000000  12.558333
37130.000000  14.690963
37268.000000  19.360685
37425.000000  23.018820
37605.000000  23.602516
37773.000000  24.324045
37884.000000  20.144972
37978.000000  16.365494
38090.000000  23.721420
38174.000000  13.634462
38270.000000  20.666285
38354.000000  18.506565
38443.000000  19.256969
38596.000000  21.988741
38725.000000  23.769867
38887.000000  34.055779
39022.000000  36.348198
39063.000000  30.022182
39213.000000  36.940487
39308.000000  49.055473
39369.000000  51.277222
39505.000000  37.651512
39639.000000  35.772251
39761.000000  35.146751
39874.000000  29.704512
39917.000000  28.359690
39919.000000  0.586823
39967.000000  16.418953
40041.000000  8.825226
40111.000000  12.551170
40213.000000  14.155009
40299.000000  11.512250
40366.000000  14.475329
40385.000000  13.345260
40507.000000  10.495635
40572.000000  11.382356
40644.000000  12.266743
40760.000000  16.755896
40815.000000  17.242584
40822.000000  4.318693
