995.000000  0.165152
1186.000000  -0.046319
1394.000000  0.013130
1600.000000  -0.015709
1806.000000  0.026242
2073.000000  0.010371
2090.000000  -0.093399
2307.000000  0.091326
2530.000000  0.002733
2792.000000  0.026735
3099.000000  0.013145
3414.000000  0.001018
3679.000000  -0.008657
3767.000000  -0.029504
4055.000000  0.067050
4305.000000  -0.044837
4378.000000  -0.057774
4617.000000  0.050740
4893.000000  0.026730
5142.000000  -0.014429
5229.000000  -0.042997
5464.000000  0.055203
5704.000000  0.015115
5955.000000  0.052635
6152.000000  -0.036678
6226.000000  -0.050656
6421.000000  0.011820
6588.000000  -0.027454
6726.000000  0.019711
6843.000000  -0.082841
7001.000000  0.017008
7141.000000  0.006831
7225.000000  -0.031411
7308.000000  -0.030687
7438.000000  0.036620
7645.000000  0.033385
7858.000000  0.008376
8041.000000  -0.026948
8090.000000  -0.043675
8338.000000  0.092421
8475.000000  -0.020450
8706.000000  0.018567
8883.000000  0.000414
9071.000000  0.004703
9242.000000  0.001850
9327.000000  -0.015803
9516.000000  0.052339
9663.000000  -0.045697
9802.000000  -0.034114
9993.000000  0.001433
10104.000000  -0.004524
10214.000000  -0.006134
10391.000000  0.044671
10454.000000  -0.037737
10565.000000  0.028675
10686.000000  -0.021990
10812.000000  -0.002541
10866.000000  -0.022481
11014.000000  0.003341
11169.000000  0.001533
11306.000000  -0.000805
11419.000000  -0.027293
11531.000000  -0.016263
11643.000000  -0.000038
11737.000000  -0.002588
11852.000000  0.007202
12051.000000  0.046435
12184.000000  -0.015589
12256.000000  -0.030181
12349.000000  -0.009960
12466.000000  0.042627
12627.000000  0.030778
12785.000000  0.010799
12953.000000  0.017388
13132.000000  0.025490
13393.000000  0.008805
13634.000000  0.026726
13821.000000  -0.044500
14151.000000  0.097828
14477.000000  0.036522
14749.000000  0.052944
15039.000000  0.016385
15257.000000  -0.077985
15465.000000  -0.018728
15567.000000  -0.189883
15641.000000  -0.021023
15744.000000  0.025954
15852.000000  0.004632
15888.000000  -0.020334
15929.000000  0.078341
16001.000000  0.032500
16103.000000  0.014619
16212.000000  0.042289
16329.000000  -0.010525
16445.000000  -0.017183
16591.000000  -0.012173
16785.000000  -0.021221
17000.000000  0.011116
17228.000000  0.052474
17415.000000  -0.080053
17604.000000  0.012053
17785.000000  0.027380
17930.000000  0.003463
18120.000000  -0.022159
18340.000000  0.084647
18537.000000  -0.053456
18745.000000  0.042794
18962.000000  -0.046511
19192.000000  0.026434
19348.000000  0.007737
19468.000000  -0.019730
19625.000000  0.058628
19773.000000  -0.067082
19940.000000  0.026492
20231.000000  0.056982
20478.000000  -0.028531
20685.000000  0.014245
20882.000000  -0.078619
21019.000000  0.008922
21142.000000  -0.117260
21332.000000  0.212325
21543.000000  -0.138272
21743.000000  -0.055695
21888.000000  0.097075
22089.000000  0.037389
22294.000000  0.120982
22496.000000  0.035755
22704.000000  0.070365
22884.000000  -0.103309
23092.000000  -0.052417
23261.000000  -0.049290
23403.000000  -0.018657
23531.000000  0.053308
23674.000000  0.095172
23799.000000  -0.302510
23884.000000  -0.005379
23965.000000  0.131661
24110.000000  0.248788
24218.000000  -0.029549
24362.000000  0.173350
24456.000000  -0.437005
24652.000000  0.025414
24795.000000  -0.009649
24906.000000  -0.022866
25014.000000  0.010257
25156.000000  -0.011005
25301.000000  0.001961
25448.000000  0.156682
25685.000000  0.129597
25963.000000  0.040390
26229.000000  -0.075649
26421.000000  -0.118357
26644.000000  -0.045893
26854.000000  0.111382
27092.000000  -0.083188
27334.000000  0.083090
27632.000000  0.004323
27851.000000  -0.009836
27962.000000  -0.166852
28024.000000  -0.043728
28100.000000  -0.128788
28140.000000  -0.012925
28197.000000  0.002500
28264.000000  0.027262
28378.000000  0.046642
28486.000000  0.025393
28683.000000  0.135013
28921.000000  -0.107941
29022.000000  0.044535
29166.000000  0.028736
29334.000000  0.152570
29478.000000  0.058201
29596.000000  -0.374322
29670.000000  -0.001947
29739.000000  0.006174
29845.000000  0.059257
29993.000000  0.022521
30239.000000  0.038141
30415.000000  -0.015359
30571.000000  0.003350
30761.000000  0.053087
30997.000000  -0.009174
31265.000000  0.086323
31488.000000  -0.111297
31680.000000  -0.044577
31882.000000  -0.000854
32048.000000  -0.018961
32191.000000  0.036161
32325.000000  0.142693
32451.000000  0.076423
32545.000000  -0.018884
32630.000000  -0.103799
32693.000000  -0.051508
32731.000000  -0.087537
32789.000000  -0.001015
32841.000000  0.322466
32916.000000  -0.007481
32952.000000  -0.024057
32991.000000  -0.004749
33037.000000  0.088143
33068.000000  -0.044045
33105.000000  0.159834
33136.000000  -0.079848
33157.000000  -0.022998
33183.000000  -0.059439
33194.000000  0.061793
33213.000000  -0.467744
33233.000000  0.115698
33261.000000  0.007783
33298.000000  0.015148
33320.000000  0.026480
33325.000000  0.003032
33393.000000  -0.192426
33599.000000  0.078446
33758.000000  -0.001861
33910.000000  0.023997
34051.000000  0.002085
34194.000000  -0.024141
34239.000000  -0.069106
34314.000000  0.024561
34453.000000  0.053933
34535.000000  -0.032433
34667.000000  0.035998
34775.000000  0.010479
34935.000000  0.047531
35077.000000  -0.004694
35273.000000  0.031124
35442.000000  0.011835
35570.000000  -0.027013
35665.000000  -0.049223
35794.000000  0.008811
35922.000000  -0.006241
36050.000000  -0.012871
36168.000000  -0.025947
36249.000000  -0.002119
36354.000000  -0.023402
36417.000000  0.006703
36517.000000  -0.025698
36630.000000  0.009936
36771.000000  0.042491
36824.000000  -0.031698
36872.000000  0.039827
36909.000000  -0.001630
36931.000000  0.023857
36944.000000  0.011231
36982.000000  0.118422
37027.000000  -0.249076
37044.000000  -0.008602
37071.000000  0.072317
37108.000000  -0.042006
37115.000000  0.016189
37212.000000  -0.014872
37330.000000  0.005782
37428.000000  -0.003563
37454.000000  -0.011465
37552.000000  0.042842
37697.000000  0.021036
37799.000000  -0.027608
37960.000000  0.024315
38090.000000  0.002048
38194.000000  0.003804
38273.000000  -0.012803
38326.000000  -0.021239
38359.000000  -0.024580
38450.000000  0.019947
38518.000000  0.004481
38544.000000  -0.046079
38563.000000  -0.010230
38583.000000  0.002163
38596.000000  0.017758
38597.000000  -0.022712
38636.000000  0.062438
38725.000000  -0.041208
38777.000000  0.003673
38836.000000  0.006485
38915.000000  0.024989
39050.000000  0.049959
39248.000000  0.029456
39397.000000  0.010156
39544.000000  0.028770
39704.000000  0.019147
39765.000000  -0.032367
39800.000000  0.001679
39840.000000  0.002353
39884.000000  0.098093
39936.000000  -0.025419
40013.000000  -0.062494
40064.000000  -0.056243
40140.000000  -0.080699
40196.000000  -0.001011
40248.000000  0.001888
40263.000000  -0.013303
40300.000000  -0.004794
40333.000000  0.026948
40366.000000  -0.004649
40366.000000  -0.046140
40417.000000  0.056631
40505.000000  0.017854
40563.000000  -0.027927
40617.000000  0.018598
40675.000000  0.010170
40726.000000  -0.037705
40784.000000  0.027745
40821.000000  0.008144
