2285.000000  0.364391
2879.000000  -0.055669
3122.000000  -0.083738
3660.000000  0.093981
4251.000000  0.027315
4975.000000  0.105215
5638.000000  -0.069870
6343.000000  0.073362
7133.000000  0.004677
7492.000000  -0.050133
8379.000000  0.148447
9346.000000  0.003841
10198.000000  0.048651
11117.000000  0.039879
11863.000000  -0.042807
12257.000000  -0.187514
12695.000000  -0.050131
13059.000000  0.039236
13496.000000  -0.049433
13901.000000  0.017617
14390.000000  0.033940
14945.000000  0.082072
15424.000000  -0.109784
15916.000000  -0.116097
16358.000000  0.040218
16767.000000  -0.027540
17469.000000  0.138474
18320.000000  0.047538
19030.000000  0.001529
19754.000000  -0.104237
20342.000000  0.073926
20855.000000  -0.037949
21246.000000  -0.002090
21635.000000  -0.011678
22040.000000  -0.049994
22434.000000  0.012148
22694.000000  0.147320
22911.000000  -0.160178
23248.000000  0.076482
23506.000000  -0.111475
24021.000000  0.139871
24616.000000  0.111355
25212.000000  -0.006886
25643.000000  -0.168535
26134.000000  0.013141
26713.000000  0.115298
27247.000000  0.128920
27497.000000  -0.332270
27745.000000  -0.033436
28058.000000  -0.029827
28400.000000  0.183783
28601.000000  0.039067
28825.000000  -0.049933
29008.000000  0.084816
29340.000000  0.002119
29779.000000  0.076124
30303.000000  -0.035652
30860.000000  0.087586
31305.000000  -0.099124
31822.000000  0.051923
32192.000000  -0.132020
32544.000000  0.040313
32893.000000  -0.020204
33314.000000  0.033980
33610.000000  -0.234522
33870.000000  0.276757
34313.000000  -0.087193
34629.000000  0.038835
34908.000000  -0.073767
35247.000000  -0.042332
35585.000000  -0.071248
35896.000000  0.003954
36093.000000  -0.124338
36255.000000  0.031866
36476.000000  -0.017042
36669.000000  -0.002687
36888.000000  0.023876
37158.000000  0.014732
37414.000000  -0.028302
37717.000000  0.121385
37976.000000  -0.037186
38272.000000  0.107373
38623.000000  0.006351
39046.000000  0.039872
39611.000000  -0.015388
40342.000000  0.007700
40950.000000  -0.067878
41631.000000  0.054091
41958.000000  -0.145391
42372.000000  0.037949
42833.000000  0.055682
43251.000000  0.006543
43661.000000  0.054027
44118.000000  0.050187
44568.000000  0.076776
44922.000000  -0.097002
45556.000000  0.161443
46264.000000  0.033899
46763.000000  -0.231857
47339.000000  -0.070005
47738.000000  0.250432
48133.000000  -0.118599
48627.000000  0.131711
49177.000000  -0.182062
49873.000000  0.101635
50460.000000  0.075350
50974.000000  -0.060979
51510.000000  0.071310
51880.000000  -0.131122
52115.000000  -0.091552
52665.000000  0.348074
53273.000000  0.385943
53756.000000  -0.192107
54061.000000  0.136711
54440.000000  -0.619641
54867.000000  0.192410
55370.000000  0.292821
55991.000000  0.270990
56618.000000  -0.252871
57308.000000  0.134726
58069.000000  0.133522
58710.000000  -0.364290
59240.000000  -0.044433
59753.000000  0.076384
60229.000000  -0.387887
60756.000000  0.019285
61099.000000  0.045469
61466.000000  0.009121
61873.000000  0.047722
62193.000000  -0.255301
62809.000000  0.357936
63315.000000  -0.016176
63724.000000  -0.069747
64268.000000  -0.282397
64724.000000  -0.064883
65242.000000  0.505335
65810.000000  0.148710
66573.000000  0.216351
67039.000000  0.261571
67492.000000  0.168553
68062.000000  -1.267350
68540.000000  0.003211
69091.000000  0.033025
69718.000000  1.182437
70384.000000  0.233127
70782.000000  -1.397431
71135.000000  -0.144083
71325.000000  -0.111061
71516.000000  0.261817
71853.000000  0.396961
72134.000000  -0.012220
72537.000000  -0.491427
72684.000000  -0.161976
72808.000000  0.120392
73216.000000  0.455587
73520.000000  -0.045145
73771.000000  -0.372740
74069.000000  -0.053133
74430.000000  0.078651
74692.000000  0.027031
74971.000000  0.449182
75280.000000  0.249938
75621.000000  0.004030
75906.000000  0.013624
76157.000000  -0.185884
76412.000000  -0.680493
76613.000000  0.001788
76796.000000  0.032861
77219.000000  -0.012757
77725.000000  0.025808
78080.000000  0.012569
78348.000000  -0.031011
78646.000000  0.026719
79035.000000  0.065653
79455.000000  0.001105
79714.000000  0.089317
79944.000000  -0.000732
80347.000000  0.190962
80782.000000  0.017876
81352.000000  0.062585
81891.000000  0.034575
82480.000000  0.028709
82992.000000  -0.123091
83317.000000  -0.387230
83512.000000  0.001065
83754.000000  0.286728
83908.000000  -0.144453
84065.000000  -0.066506
84314.000000  -0.046818
84486.000000  0.218658
84672.000000  0.009463
84766.000000  -0.027591
84941.000000  0.216118
85107.000000  -0.547020
85322.000000  -0.000082
85406.000000  -0.044994
85440.000000  -0.005018
85613.000000  0.279269
85879.000000  0.433050
86052.000000  -0.260150
86237.000000  -0.209303
86304.000000  -0.101549
86499.000000  0.107446
86576.000000  -0.285155
86583.000000  -0.033590
86634.000000  0.006450
86712.000000  0.602739
86818.000000  -0.075993
87053.000000  0.034599
87055.000000  -0.366749
87101.000000  -0.058843
87101.000000  -0.024398
87256.000000  0.020320
87450.000000  -0.072617
87617.000000  0.010005
87781.000000  0.029959
87850.000000  -0.055003
87978.000000  0.013319
88118.000000  0.029677
88221.000000  0.009575
88300.000000  -0.002406
88539.000000  0.020374
88680.000000  0.003170
88805.000000  -0.039422
88965.000000  -0.003407
89072.000000  0.023073
89175.000000  -0.027645
89297.000000  -0.002947
89342.000000  0.017414
89542.000000  -0.000702
89716.000000  -0.008209
89934.000000  0.019731
90159.000000  0.029193
90242.000000  -0.059417
90303.000000  -0.000882
90360.000000  -0.015039
90596.000000  -0.012716
90760.000000  0.036574
90963.000000  0.008394
91233.000000  0.035896
91372.000000  -0.016658
91483.000000  -0.029286
91493.000000  -0.071173
