2285.000000  0.135866
2850.000000  0.124436
3292.000000  0.109962
3789.000000  0.117525
4406.000000  0.124645
5023.000000  0.126985
5588.000000  0.151095
6326.000000  0.139955
7129.000000  0.170234
8056.000000  0.158633
8939.000000  0.181668
9636.000000  0.175404
10297.000000  0.175948
10974.000000  0.202875
11520.000000  0.181624
11968.000000  0.195595
12509.000000  0.204277
12872.000000  0.229215
13618.000000  0.222986
14201.000000  0.215019
14749.000000  0.232242
15440.000000  0.239201
16112.000000  0.260524
16681.000000  0.267884
17202.000000  0.245826
17639.000000  0.290151
17951.000000  0.267651
18172.000000  0.253190
18457.000000  0.241617
18949.000000  0.242524
19436.000000  0.250246
19956.000000  0.247639
20657.000000  0.254116
21092.000000  0.239134
21596.000000  0.261738
22222.000000  0.240621
22692.000000  0.256506
22991.000000  0.242104
23599.000000  0.241584
24237.000000  0.278168
24586.000000  0.264318
24916.000000  0.250464
25379.000000  0.248741
25911.000000  0.248027
26470.000000  0.251077
26935.000000  0.250542
27337.000000  0.236121
27848.000000  0.216742
28313.000000  0.238540
28746.000000  0.254573
29273.000000  0.229798
29775.000000  0.278557
30235.000000  0.282764
30596.000000  0.287368
31259.000000  0.299591
31974.000000  0.306065
32780.000000  0.283169
33282.000000  0.269993
33463.000000  0.247882
33598.000000  0.259972
33854.000000  0.258669
34037.000000  0.288725
34656.000000  0.258410
35329.000000  0.252581
35908.000000  0.267521
36503.000000  0.284872
36976.000000  0.285284
37356.000000  0.301204
37779.000000  0.316963
38260.000000  0.315082
38632.000000  0.292719
39235.000000  0.338547
39877.000000  0.306044
40539.000000  0.285830
41014.000000  0.295530
41388.000000  0.291011
41892.000000  0.330870
42504.000000  0.322625
42893.000000  0.342635
43389.000000  0.334088
44054.000000  0.370257
44464.000000  0.362720
45192.000000  0.385977
45834.000000  0.368097
46653.000000  0.407792
47254.000000  0.417259
47821.000000  0.407933
48441.000000  0.436720
49008.000000  0.444130
49485.000000  0.424725
50055.000000  0.407685
50618.000000  0.474592
51066.000000  0.472144
51498.000000  0.475450
51897.000000  0.466270
52611.000000  0.500076
52901.000000  0.462094
53427.000000  0.471730
54002.000000  0.479717
54685.000000  0.470254
55314.000000  0.438109
55958.000000  0.446153
56607.000000  0.468852
57328.000000  0.475168
58020.000000  0.455065
58670.000000  0.501533
59327.000000  0.508350
59848.000000  0.494058
60286.000000  0.487338
61180.000000  0.427655
61796.000000  0.459313
62472.000000  0.426453
63098.000000  0.387627
63626.000000  0.403575
63867.000000  0.395367
64146.000000  0.363841
64389.000000  0.362510
64501.000000  0.355748
64541.000000  0.348003
64616.000000  0.353181
64822.000000  0.338037
65129.000000  0.329038
65711.000000  0.364446
65998.000000  0.330892
66245.000000  0.335421
66515.000000  0.338163
66957.000000  0.339734
67524.000000  0.338469
67982.000000  0.336307
68298.000000  0.338167
68888.000000  0.350644
69579.000000  0.304736
70204.000000  0.340382
70644.000000  0.331683
71081.000000  0.354056
71445.000000  0.289330
71754.000000  0.278937
72027.000000  0.278518
72338.000000  0.312539
72722.000000  0.306677
73344.000000  0.308710
73923.000000  0.310471
74544.000000  0.299970
75259.000000  0.296163
75846.000000  0.325957
76136.000000  0.307777
76461.000000  0.298862
76630.000000  0.296462
76723.000000  0.279654
77050.000000  0.245573
77304.000000  0.270510
77620.000000  0.267914
77780.000000  0.201030
78246.000000  0.228442
78469.000000  0.208116
78689.000000  0.199500
78952.000000  0.198125
79263.000000  0.185150
79724.000000  0.197550
80063.000000  0.213901
80215.000000  0.203922
80594.000000  0.209583
81005.000000  0.193159
81242.000000  0.176632
81475.000000  0.165033
81709.000000  0.175529
81945.000000  0.203141
82389.000000  0.182839
82639.000000  0.165962
82891.000000  0.166548
83091.000000  0.172044
83529.000000  0.170054
84002.000000  0.201501
84399.000000  0.204767
84901.000000  0.181442
85415.000000  0.154901
85746.000000  0.166245
86048.000000  0.144027
86365.000000  0.142867
86632.000000  0.185170
86905.000000  0.148371
87333.000000  0.124786
87397.000000  0.119157
87397.000000  0.111423
87432.000000  0.094831
87608.000000  0.096496
87954.000000  0.102148
88278.000000  0.098745
88547.000000  0.102748
88792.000000  0.100891
88926.000000  0.088057
89222.000000  0.102134
89521.000000  0.095561
89672.000000  0.110690
89761.000000  0.092193
89944.000000  0.077457
90107.000000  0.059689
90188.000000  0.074724
90328.000000  0.067356
90458.000000  0.053410
90513.000000  0.037316
90789.000000  0.040667
90981.000000  0.038764
91236.000000  0.051037
91468.000000  0.039777
91485.000000  0.037953
91497.000000  0.028035
