269.000000  0.086502
324.000000  -0.042022
350.000000  -0.017904
391.000000  0.010712
435.000000  0.008240
479.000000  0.006869
504.000000  -0.003541
548.000000  0.001964
590.000000  0.006227
642.000000  -0.009840
699.000000  0.035340
742.000000  -0.022265
773.000000  -0.007386
828.000000  0.020278
872.000000  -0.018646
898.000000  -0.008620
922.000000  0.029360
964.000000  -0.010885
1028.000000  0.005636
1079.000000  -0.009532
1134.000000  -0.000158
1184.000000  0.006558
1234.000000  -0.013188
1271.000000  -0.007461
1313.000000  0.065809
1339.000000  -0.061701
1408.000000  0.018849
1452.000000  0.008880
1512.000000  -0.002774
1561.000000  -0.000517
1595.000000  -0.006447
1629.000000  -0.001462
1661.000000  0.000079
1719.000000  0.011028
1773.000000  0.000671
1811.000000  -0.007579
1852.000000  0.001760
1877.000000  -0.023969
1908.000000  0.015074
1927.000000  -0.006835
1941.000000  -0.010670
1980.000000  0.016949
2011.000000  0.002637
2041.000000  0.002676
2058.000000  -0.018371
2086.000000  0.006039
2096.000000  -0.011897
2112.000000  0.010793
2143.000000  0.003107
2181.000000  0.014006
2223.000000  0.013901
2223.000000  -0.054712
2271.000000  0.057912
2317.000000  -0.001444
2360.000000  0.000839
2399.000000  0.003954
2438.000000  0.003161
2482.000000  -0.012438
2524.000000  0.015297
2559.000000  -0.006405
2585.000000  -0.009403
2627.000000  0.003138
2689.000000  0.012330
2689.000000  -0.056915
2734.000000  0.039075
2799.000000  0.072957
2861.000000  -0.045829
2870.000000  -0.047068
2927.000000  0.102820
2985.000000  0.010058
3037.000000  -0.079523
3088.000000  -0.016246
3138.000000  0.015676
3166.000000  -0.001550
3205.000000  -0.002108
3256.000000  0.001529
3301.000000  -0.001074
3345.000000  0.026167
3393.000000  -0.032767
3456.000000  0.030946
3501.000000  -0.002324
3538.000000  0.000785
3573.000000  0.009261
3613.000000  -0.004080
3654.000000  -0.005595
3705.000000  0.023865
3730.000000  -0.016456
3761.000000  -0.015155
3783.000000  0.010395
3820.000000  0.029514
3853.000000  0.001343
3874.000000  -0.015216
3894.000000  0.006819
3923.000000  0.011462
3940.000000  -0.005175
3940.000000  -0.092100
3946.000000  0.001739
3959.000000  -0.005660
3979.000000  0.072957
3993.000000  -0.008856
4022.000000  0.021444
4058.000000  0.027688
4087.000000  -0.102117
4118.000000  0.003934
4149.000000  -0.004531
4184.000000  0.014076
4220.000000  0.001806
4256.000000  0.008400
4287.000000  0.010195
4320.000000  -0.004927
4342.000000  0.054411
4355.000000  -0.025296
4368.000000  -0.000209
4380.000000  0.018855
4408.000000  -0.032740
4432.000000  0.014421
4483.000000  0.008627
4530.000000  -0.051487
4594.000000  0.014975
4645.000000  -0.006298
4669.000000  -0.012377
4699.000000  0.000664
4711.000000  -0.006308
4733.000000  0.008585
4769.000000  0.020872
4793.000000  -0.020196
4838.000000  0.019600
4885.000000  0.000753
4927.000000  -0.003341
4961.000000  -0.011429
5000.000000  0.000829
5038.000000  0.002694
5086.000000  0.007638
5137.000000  -0.009420
5175.000000  -0.002216
5182.000000  -0.003159
5211.000000  0.009991
5259.000000  0.012787
5313.000000  0.015760
5366.000000  -0.005910
5431.000000  0.010170
5460.000000  -0.021982
5500.000000  0.060471
5581.000000  -0.007148
5624.000000  -0.014987
5679.000000  -0.004051
5723.000000  0.006618
5752.000000  -0.014364
5803.000000  0.013505
5860.000000  0.003618
5894.000000  -0.012793
5946.000000  0.016877
5982.000000  -0.017967
6017.000000  0.016548
6056.000000  -0.007131
6102.000000  -0.042058
6143.000000  0.000352
6174.000000  -0.001822
6218.000000  0.010672
6264.000000  0.005036
6270.000000  -0.036418
6327.000000  0.023826
6363.000000  -0.006363
6424.000000  0.002857
6468.000000  0.008453
6491.000000  -0.012155
6541.000000  0.030849
6584.000000  -0.014499
6612.000000  0.004603
6639.000000  -0.004400
6676.000000  0.005666
6709.000000  -0.010714
6750.000000  0.011000
6784.000000  -0.005066
6815.000000  0.010726
6827.000000  -0.029415
6859.000000  0.003533
6875.000000  -0.005648
6911.000000  0.018558
6917.000000  -0.017875
6985.000000  0.073413
7009.000000  0.000762
7035.000000  0.002180
7046.000000  -0.085805
7067.000000  0.011221
7105.000000  0.008324
7129.000000  -0.015224
7162.000000  0.006748
7198.000000  0.025073
7216.000000  -0.019764
7291.000000  0.022400
7329.000000  -0.004677
7363.000000  0.019502
7403.000000  -0.004655
7413.000000  -0.035434
7442.000000  0.024771
7495.000000  0.028122
7540.000000  -0.035278
7590.000000  0.027430
7602.000000  -0.045232
7658.000000  0.027311
7706.000000  0.009210
7754.000000  0.016385
7796.000000  -0.017212
7845.000000  -0.003771
7880.000000  -0.001212
7912.000000  -0.006565
7967.000000  0.017546
8006.000000  -0.018530
8025.000000  0.001304
8028.000000  -0.019004
8057.000000  0.011507
8081.000000  -0.008129
8093.000000  -0.012489
8111.000000  0.001468
8143.000000  0.022463
8188.000000  0.004410
8233.000000  0.014302
8293.000000  -0.010497
8318.000000  0.005201
8345.000000  0.013774
8383.000000  -0.009868
8394.000000  -0.018416
8421.000000  0.019225
8433.000000  -0.017804
8463.000000  0.021352
8492.000000  -0.005124
8500.000000  -0.031007
8534.000000  0.018973
8571.000000  0.030957
8598.000000  -0.037359
8623.000000  0.009289
8659.000000  -0.001255
8682.000000  -0.005090
8720.000000  0.004646
8747.000000  0.000042
8788.000000  0.007780
8821.000000  -0.015903
8858.000000  0.027614
8858.000000  -0.053284
8889.000000  0.066465
8918.000000  0.019646
8943.000000  -0.004002
8983.000000  -0.000119
9012.000000  -0.035661
9017.000000  -0.024227
9048.000000  0.061566
9079.000000  -0.027590
9107.000000  0.008134
9135.000000  -0.003313
9160.000000  0.013333
9181.000000  0.006329
9197.000000  0.006016
9213.000000  -0.068747
9234.000000  0.024757
9257.000000  -0.001512
9286.000000  0.071026
9298.000000  0.027030
9325.000000  -0.097334
9360.000000  0.094162
9384.000000  0.013469
9407.000000  -0.133520
9412.000000  -0.004073
9438.000000  0.006533
9447.000000  -0.008827
9463.000000  0.106178
9477.000000  0.005596
9509.000000  2.698804
9527.000000  -2.710660
9548.000000  -0.054735
9561.000000  0.044308
9576.000000  -0.039965
9594.000000  -0.020467
9610.000000  0.002699
9627.000000  0.001051
9654.000000  0.041060
9681.000000  -0.002793
9709.000000  -0.027659
9731.000000  0.007163
9747.000000  -0.007072
9766.000000  -0.022893
9784.000000  0.031652
9798.000000  -0.006480
9802.000000  0.054185
9827.000000  -0.089385
9850.000000  0.016173
9886.000000  0.112749
9921.000000  0.028354
9950.000000  -0.028926
9965.000000  -0.137024
9974.000000  0.027124
9976.000000  -0.030199
9996.000000  0.004132
10010.000000  0.009001
10030.000000  0.003374
10064.000000  0.001163
10092.000000  0.029945
10123.000000  0.016192
10153.000000  0.005187
10178.000000  0.017696
10191.000000  0.010206
10206.000000  -0.072257
10225.000000  0.135585
10235.000000  -0.148521
10253.000000  -0.003623
10260.000000  -0.004698
10263.000000  -0.009547
10266.000000  0.012580
10283.000000  -0.003138
10307.000000  0.012931
10328.000000  0.002126
10341.000000  -0.003754
10369.000000  0.001079
10378.000000  -0.002315
10383.000000  -0.011152
