269.000000  0.053171
324.000000  0.029933
350.000000  0.016183
391.000000  0.026879
435.000000  0.033951
479.000000  0.039557
504.000000  0.035238
548.000000  0.038288
590.000000  0.040513
642.000000  0.030924
699.000000  0.065241
742.000000  0.045174
773.000000  0.038891
828.000000  0.057216
872.000000  0.039264
898.000000  0.030895
922.000000  0.058142
964.000000  0.046024
1028.000000  0.052899
1079.000000  0.043060
1134.000000  0.042455
1184.000000  0.048350
1234.000000  0.031147
1271.000000  0.027376
1313.000000  0.033975
1339.000000  0.030703
1408.000000  0.048473
1452.000000  0.055386
1512.000000  0.054290
1561.000000  0.051902
1595.000000  0.045620
1629.000000  0.045151
1661.000000  0.044157
1719.000000  0.055337
1773.000000  0.054674
1811.000000  0.040487
1852.000000  0.048587
1877.000000  0.024865
1908.000000  0.033348
1927.000000  0.030921
1941.000000  0.022078
1980.000000  0.039530
2011.000000  0.038795
2041.000000  0.039423
2058.000000  0.021626
2086.000000  0.027019
2096.000000  0.017099
2112.000000  0.025575
2143.000000  0.028953
2181.000000  0.038637
2223.000000  0.054779
2223.000000  0.000094
2271.000000  0.048017
2317.000000  0.050652
2360.000000  0.050077
2399.000000  0.054128
2438.000000  0.060438
2482.000000  0.046965
2524.000000  0.065542
2559.000000  0.046393
2585.000000  0.046170
2627.000000  0.047072
2689.000000  0.057774
2689.000000  0.000098
2734.000000  0.039105
2799.000000  0.062198
2861.000000  0.052603
2870.000000  0.010938
2927.000000  0.046316
2985.000000  0.057383
3037.000000  0.054705
3088.000000  0.041047
3138.000000  0.052956
3166.000000  0.051822
3205.000000  0.044348
3256.000000  0.051624
3301.000000  0.051933
3345.000000  0.068395
3393.000000  0.040773
3456.000000  0.072741
3501.000000  0.068764
3538.000000  0.068136
3573.000000  0.070620
3613.000000  0.074647
3654.000000  0.069781
3705.000000  0.091790
3730.000000  0.076824
3761.000000  0.061458
3783.000000  0.072540
3820.000000  0.099159
3853.000000  0.098456
3874.000000  0.075058
3894.000000  0.090280
3923.000000  0.104715
3940.000000  0.099795
3940.000000  0.000213
3946.000000  0.009180
3959.000000  0.006462
3979.000000  0.077403
3993.000000  0.068362
4022.000000  0.090085
4058.000000  0.114927
4087.000000  0.017801
4118.000000  0.020038
4149.000000  0.016720
4184.000000  0.026408
4220.000000  0.024263
4256.000000  0.034007
4287.000000  0.050101
4320.000000  0.044405
4342.000000  0.097278
4355.000000  0.060275
4368.000000  0.056044
4380.000000  0.089311
4408.000000  0.058472
4432.000000  0.062437
4483.000000  0.078442
4530.000000  0.030014
4594.000000  0.041838
4645.000000  0.034991
4669.000000  0.022365
4699.000000  0.024680
4711.000000  0.019426
4733.000000  0.024055
4769.000000  0.043046
4793.000000  0.025249
4838.000000  0.040307
4885.000000  0.024948
4927.000000  0.039720
4961.000000  0.030256
5000.000000  0.029683
5038.000000  0.025377
5086.000000  0.028980
5137.000000  0.030133
5175.000000  0.028708
5182.000000  0.022668
5211.000000  0.032291
5259.000000  0.045953
5313.000000  0.049866
5366.000000  0.041975
5431.000000  0.063432
5460.000000  0.043607
5500.000000  0.097968
5581.000000  0.091543
5624.000000  0.076573
5679.000000  0.075545
5723.000000  0.074854
5752.000000  0.064846
5803.000000  0.078754
5860.000000  0.079251
5894.000000  0.069490
5946.000000  0.082214
5982.000000  0.064307
6017.000000  0.082792
6056.000000  0.073951
6102.000000  0.035044
6143.000000  0.035198
6174.000000  0.031974
6218.000000  0.041075
6264.000000  0.040463
6270.000000  0.009886
6327.000000  0.034252
6363.000000  0.025782
6424.000000  0.029768
6468.000000  0.037094
6491.000000  0.026399
6541.000000  0.048145
6584.000000  0.039857
6612.000000  0.046352
6639.000000  0.037269
6676.000000  0.046601
6709.000000  0.033198
6750.000000  0.043253
6784.000000  0.040178
6815.000000  0.042745
6827.000000  0.021631
6859.000000  0.023419
6875.000000  0.016349
6911.000000  0.038643
6917.000000  0.019751
6985.000000  0.087876
7009.000000  0.092946
7035.000000  0.093633
7046.000000  0.011649
7067.000000  0.020722
7105.000000  0.030325
7129.000000  0.015449
7162.000000  0.020885
7198.000000  0.025338
7216.000000  0.020644
7291.000000  0.047500
7329.000000  0.040799
7363.000000  0.050103
7403.000000  0.044250
7413.000000  0.019669
7442.000000  0.043836
7495.000000  0.061794
7540.000000  0.038254
7590.000000  0.045864
7602.000000  0.010003
7658.000000  0.044818
7706.000000  0.046893
7754.000000  0.054663
7796.000000  0.050529
7845.000000  0.047762
7880.000000  0.037986
7912.000000  0.037037
7967.000000  0.049105
8006.000000  0.039144
8025.000000  0.039826
8028.000000  0.010441
8057.000000  0.030882
8081.000000  0.019323
8093.000000  0.011307
8111.000000  0.011141
8143.000000  0.026874
8188.000000  0.031091
8233.000000  0.048858
8293.000000  0.040770
8318.000000  0.027275
8345.000000  0.044095
8383.000000  0.048145
8394.000000  0.024596
8421.000000  0.052015
8433.000000  0.018350
8463.000000  0.049591
8492.000000  0.040711
8500.000000  0.014395
8534.000000  0.035274
8571.000000  0.056250
8598.000000  0.028389
8623.000000  0.037320
8659.000000  0.037881
8682.000000  0.031253
8720.000000  0.034933
8747.000000  0.032336
8788.000000  0.036076
8821.000000  0.026798
8858.000000  0.050652
8858.000000  0.000082
8889.000000  0.051419
8918.000000  0.083077
8943.000000  0.066843
8983.000000  0.073208
9012.000000  0.045684
9017.000000  0.023385
9048.000000  0.077621
9079.000000  0.054981
9107.000000  0.057900
9135.000000  0.059455
9160.000000  0.070067
9181.000000  0.078324
9197.000000  0.084073
9213.000000  0.017439
9234.000000  0.035066
9257.000000  0.038684
9286.000000  0.106316
9298.000000  0.130773
9325.000000  0.035234
9360.000000  0.130873
9384.000000  0.145463
9407.000000  0.010273
9412.000000  0.003392
9438.000000  0.008297
9447.000000  0.003388
9463.000000  0.108747
9477.000000  0.117104
9509.000000  0.127090
9527.000000  0.101460
9548.000000  0.053258
9561.000000  0.094961
9576.000000  0.048263
9594.000000  0.037710
9610.000000  0.034741
9627.000000  0.039464
9654.000000  0.072082
9681.000000  0.076174
9709.000000  0.044802
9731.000000  0.056209
9747.000000  0.048568
9766.000000  0.012192
9784.000000  0.053742
9798.000000  0.050428
9802.000000  0.105226
9827.000000  0.016813
9850.000000  0.033583
9886.000000  0.142882
9921.000000  0.167088
9950.000000  0.141945
9965.000000  0.008340
9974.000000  0.012471
9976.000000  0.005178
9996.000000  0.008668
10010.000000  0.007363
10030.000000  0.018803
10064.000000  0.023155
10092.000000  0.043704
10123.000000  0.065742
10153.000000  0.068469
10178.000000  0.090093
10191.000000  0.092277
10206.000000  0.014008
10225.000000  0.158108
10235.000000  0.013225
10253.000000  0.010775
10260.000000  0.007710
10263.000000  0.000663
10266.000000  0.005467
10283.000000  0.009393
10307.000000  0.018279
10328.000000  0.016675
10341.000000  0.009195
10369.000000  0.014697
10378.000000  0.013990
10383.000000  0.005408
