4067.000000  3.034279
4747.000000  0.039015
5552.000000  0.095873
6026.000000  0.040759
7358.000000  0.303748
9029.000000  0.213836
10681.000000  0.251131
12422.000000  0.196651
13693.000000  0.255219
16768.000000  0.369406
18573.000000  0.126499
19942.000000  0.304589
20240.000000  -0.089966
21409.000000  0.306906
23027.000000  0.175995
24454.000000  0.229002
26376.000000  0.495457
28827.000000  0.308235
31709.000000  0.253620
34054.000000  0.239932
36037.000000  0.326099
38868.000000  0.331564
41428.000000  0.281490
42880.000000  0.662148
43727.000000  -0.193499
44714.000000  -0.054783
45213.000000  0.162012
46713.000000  0.204796
47927.000000  0.117296
49188.000000  0.303855
50794.000000  0.231137
52371.000000  0.286444
55319.000000  0.189589
57598.000000  0.451276
59886.000000  0.308600
60557.000000  0.036478
62102.000000  0.216634
63257.000000  0.413962
65287.000000  0.142964
67074.000000  0.298121
69162.000000  0.251448
70625.000000  0.217745
73872.000000  0.308082
76354.000000  0.142594
78174.000000  0.351616
81538.000000  0.727225
84049.000000  0.514392
86438.000000  0.292486
88607.000000  0.340401
90370.000000  0.173823
91376.000000  0.189063
93899.000000  -0.100652
96026.000000  0.465531
97389.000000  0.255206
99419.000000  0.027703
101794.000000  0.538166
104315.000000  0.367580
105732.000000  0.300083
106075.000000  -0.269646
108829.000000  0.407360
111779.000000  0.195768
113398.000000  0.282766
114301.000000  0.117752
114963.000000  -0.102015
115865.000000  0.689215
116600.000000  -0.218071
117060.000000  0.064169
117493.000000  0.288273
118216.000000  0.104605
118836.000000  -0.224632
120397.000000  0.054922
121318.000000  0.244059
122821.000000  0.136280
124482.000000  0.411201
124820.000000  -0.442017
126441.000000  0.934189
127677.000000  -0.243259
128801.000000  0.087864
129994.000000  0.076189
130469.000000  0.352156
131388.000000  0.206825
132705.000000  0.088722
134385.000000  0.166430
136548.000000  0.345562
140128.000000  0.314901
142119.000000  0.482222
143328.000000  -0.404076
143942.000000  0.474545
145258.000000  0.449108
146835.000000  -0.195673
148192.000000  0.168995
149288.000000  0.338766
150627.000000  0.216789
152286.000000  -0.016743
153063.000000  0.183584
154033.000000  0.526594
154745.000000  -0.047087
155544.000000  0.141104
157312.000000  -0.091566
158645.000000  -0.158594
159384.000000  0.254482
160296.000000  0.254850
160351.000000  0.022396
160514.000000  -0.268475
160516.000000  -0.448584
