4067.000000  0.847343
4472.000000  0.579761
5035.000000  0.334679
5773.000000  0.437221
6881.000000  0.575418
8092.000000  0.741369
9527.000000  0.951819
10989.000000  1.023871
12284.000000  1.093510
13664.000000  1.072062
15059.000000  1.161867
16364.000000  1.209113
17701.000000  1.134330
18882.000000  0.938762
20261.000000  1.091095
21425.000000  1.198728
22699.000000  1.253989
23591.000000  1.148096
24508.000000  1.036352
26135.000000  1.392749
27097.000000  1.354757
28320.000000  1.514872
29066.000000  1.194174
29849.000000  1.028167
30562.000000  0.808166
30976.000000  0.875182
31117.000000  0.600567
31452.000000  0.522848
31697.000000  0.424774
32523.000000  0.737965
33095.000000  0.867970
34162.000000  1.079803
34973.000000  1.271711
36158.000000  1.279565
37178.000000  1.423055
38656.000000  1.505568
39812.000000  1.566821
41164.000000  1.429537
41674.000000  1.085502
42550.000000  1.199321
42920.000000  0.755281
43226.000000  0.666115
43570.000000  0.820402
44002.000000  0.834822
44400.000000  0.984569
45808.000000  1.220970
46309.000000  0.983481
47277.000000  0.991821
48743.000000  1.462795
49753.000000  1.296805
51214.000000  1.744575
52263.000000  1.706563
53344.000000  1.400898
54549.000000  1.717267
55640.000000  1.641770
56648.000000  1.853840
57787.000000  2.172075
58379.000000  1.948862
59360.000000  2.002793
60378.000000  1.909428
61791.000000  2.347890
62764.000000  1.832798
64001.000000  1.903426
64908.000000  2.115585
65767.000000  1.833592
65997.000000  1.027705
66880.000000  1.357102
67890.000000  1.345477
68703.000000  1.339157
69528.000000  1.152970
70308.000000  1.402900
71265.000000  1.322798
72275.000000  1.528219
73710.000000  1.714356
74725.000000  1.699902
76283.000000  1.803206
77218.000000  1.620346
78415.000000  1.455771
79717.000000  1.583321
80418.000000  1.437273
81428.000000  2.022906
82279.000000  2.802167
83300.000000  2.024253
83971.000000  2.108854
84681.000000  2.189330
85294.000000  2.394562
86110.000000  2.123433
86808.000000  2.387362
87620.000000  2.083410
88790.000000  2.486095
89345.000000  1.892756
90619.000000  2.076735
91572.000000  1.600506
93126.000000  2.757706
93690.000000  3.068645
94350.000000  1.313115
94919.000000  1.893762
95801.000000  2.018301
96656.000000  1.309175
97734.000000  1.651126
98949.000000  1.806900
100597.000000  2.204635
101830.000000  1.982820
102783.000000  1.882813
103733.000000  1.797292
105371.000000  1.994153
106479.000000  2.101045
107597.000000  2.149205
108267.000000  1.835640
109037.000000  2.083033
109606.000000  2.171233
110559.000000  3.404384
111565.000000  2.760374
112315.000000  3.387471
113370.000000  2.923015
114537.000000  3.271150
115502.000000  1.754495
116525.000000  1.806407
117260.000000  1.915897
118432.000000  1.770158
118574.000000  1.320651
119635.000000  1.834713
119918.000000  1.531424
120486.000000  1.905704
121302.000000  1.725896
122626.000000  2.408123
123207.000000  3.350195
124446.000000  3.707665
125115.000000  3.429498
125370.000000  2.653846
127047.000000  3.945621
127379.000000  3.273354
129209.000000  4.663069
130533.000000  5.387962
130912.000000  2.174168
131170.000000  1.853534
131819.000000  2.840575
132155.000000  2.622001
132452.000000  2.467594
132804.000000  2.348819
133191.000000  2.691376
134154.000000  2.865908
134768.000000  2.867491
135648.000000  2.721120
136005.000000  2.436617
136982.000000  4.387815
138276.000000  2.567706
138477.000000  1.661996
139164.000000  2.079598
139863.000000  2.160970
140266.000000  1.797328
140749.000000  2.230020
140840.000000  1.894827
141145.000000  1.822868
141596.000000  1.766955
141648.000000  1.589516
141804.000000  1.573976
142083.000000  1.686933
142697.000000  1.817377
143268.000000  2.433926
143740.000000  2.165763
143858.000000  2.077732
143903.000000  1.902858
144148.000000  1.831366
144490.000000  1.736393
144911.000000  1.661782
145313.000000  1.971137
145575.000000  1.857694
145965.000000  1.904124
146159.000000  1.854484
146441.000000  1.942400
146487.000000  1.664973
147275.000000  1.950595
147806.000000  1.848512
148606.000000  2.004154
149463.000000  2.094290
150055.000000  2.225475
150846.000000  2.407668
151469.000000  2.438269
152200.000000  2.441067
152663.000000  2.516953
152991.000000  2.430114
153252.000000  2.145564
153515.000000  2.109301
153993.000000  1.917259
154502.000000  1.868653
154857.000000  1.764329
155292.000000  2.139412
155979.000000  2.387477
156475.000000  2.305204
157032.000000  2.386665
157642.000000  2.368433
157997.000000  2.179219
158529.000000  2.203927
159124.000000  2.253247
159365.000000  2.161085
159672.000000  2.145004
159862.000000  2.186163
159966.000000  2.479453
160157.000000  2.295240
160301.000000  1.694725
160451.000000  1.686026
160502.000000  1.616391
160574.000000  1.649134
