2285.000000  7.316858
2846.000000  7.276020
3274.000000  10.605004
3682.000000  7.568256
4517.000000  10.409564
5465.000000  8.102765
6382.000000  7.456997
7356.000000  4.930419
8210.000000  5.536069
9107.000000  7.457234
10090.000000  3.975587
10871.000000  6.081511
11401.000000  5.566992
11875.000000  6.893118
12519.000000  7.553391
13035.000000  5.194323
13272.000000  7.348131
13659.000000  8.957337
13851.000000  7.562727
14296.000000  6.104585
14490.000000  9.229939
15119.000000  6.360625
15716.000000  7.915309
16368.000000  9.114628
16920.000000  6.984335
17466.000000  7.795025
17904.000000  7.751246
18345.000000  9.029216
18809.000000  15.083374
19240.000000  17.685495
19661.000000  18.341814
20133.000000  12.304315
20635.000000  12.616078
21262.000000  9.971128
21815.000000  16.526093
22106.000000  29.447025
22529.000000  26.992968
23098.000000  31.856888
23851.000000  8.344312
24373.000000  27.079750
24963.000000  28.564873
25516.000000  9.323700
25826.000000  12.995916
26177.000000  9.973225
26602.000000  10.342566
27148.000000  9.777919
27796.000000  6.978914
28482.000000  5.869215
28994.000000  8.632240
29459.000000  9.061835
30026.000000  8.057383
30556.000000  7.057887
31029.000000  9.493726
31547.000000  9.004656
32077.000000  8.187576
32676.000000  6.724268
32981.000000  8.144848
33408.000000  8.017094
34059.000000  6.450479
34639.000000  5.007362
35264.000000  8.939830
35940.000000  32.619839
36667.000000  5.684165
37212.000000  5.964597
37747.000000  10.605619
38314.000000  16.369364
38947.000000  6.847841
39462.000000  7.250598
39960.000000  7.113517
40598.000000  27.340567
41281.000000  26.656973
41926.000000  26.491638
42748.000000  31.464037
43645.000000  26.639267
44412.000000  9.125062
45161.000000  11.234923
45757.000000  10.788300
46421.000000  9.173582
47244.000000  13.269316
47935.000000  8.200095
48450.000000  5.338370
48947.000000  7.342241
49703.000000  7.100782
50322.000000  3.549068
50762.000000  4.391828
51451.000000  5.081370
52094.000000  4.855459
52742.000000  4.631539
53230.000000  5.408700
53465.000000  6.130497
53633.000000  4.972874
53883.000000  3.498632
54099.000000  5.985742
54232.000000  7.637600
54738.000000  6.888679
55371.000000  7.178163
55830.000000  4.973231
56189.000000  4.485552
56747.000000  5.146080
57114.000000  5.126481
57506.000000  6.179326
57973.000000  5.080507
58705.000000  6.181285
59118.000000  5.870625
59415.000000  5.454732
59818.000000  6.661145
60259.000000  9.761394
60579.000000  7.462899
61225.000000  11.920155
62025.000000  14.398331
62526.000000  4.320458
62808.000000  5.799058
63023.000000  4.402374
63263.000000  3.987250
63308.000000  4.777081
63558.000000  7.057544
63594.000000  4.619720
63710.000000  2.942427
63928.000000  4.478400
64112.000000  2.848227
64209.000000  4.197812
64241.000000  4.592086
64283.000000  4.916999
64623.000000  2.581199
65026.000000  3.714377
65378.000000  2.233143
65922.000000  2.977391
66490.000000  4.952728
67016.000000  3.831916
67110.000000  2.643364
67421.000000  2.667973
67758.000000  2.029583
68068.000000  4.688216
68192.000000  5.316714
68636.000000  1.895231
68976.000000  3.342340
69336.000000  1.421638
69782.000000  3.624805
69974.000000  5.457322
70263.000000  6.178537
70574.000000  4.526462
70847.000000  3.407815
71284.000000  1.594416
71613.000000  1.366482
71814.000000  5.156701
72002.000000  4.476950
72164.000000  4.535315
72307.000000  5.540331
72473.000000  3.530386
72683.000000  3.994636
72888.000000  3.519867
73170.000000  4.129348
73379.000000  4.748356
73647.000000  4.133479
74039.000000  3.107536
74341.000000  3.421925
74824.000000  4.521361
74985.000000  4.161784
75095.000000  6.727232
75171.000000  4.244066
75260.000000  4.659764
75430.000000  3.760480
75624.000000  2.820270
75826.000000  2.755191
76159.000000  2.395528
76560.000000  2.747175
76953.000000  3.732161
77164.000000  3.557057
77608.000000  2.455462
77921.000000  2.547920
78340.000000  3.377452
78756.000000  2.940580
79209.000000  3.179573
79735.000000  2.915795
79923.000000  3.066528
80176.000000  3.406788
80548.000000  5.048872
80885.000000  3.406627
81124.000000  3.694412
81458.000000  2.847740
81745.000000  2.919261
82282.000000  4.835461
82968.000000  1.645249
83331.000000  2.474321
83672.000000  2.513335
84261.000000  3.423864
84612.000000  3.222593
85122.000000  2.738399
85608.000000  2.992856
86048.000000  2.497049
86222.000000  3.018604
86401.000000  3.402158
86566.000000  3.400427
86786.000000  2.719934
87049.000000  2.975825
87362.000000  2.724621
87682.000000  2.070575
88031.000000  2.523310
88135.000000  2.531482
88596.000000  2.073823
89130.000000  1.604139
89786.000000  2.425112
90373.000000  1.889215
90772.000000  2.500497
91012.000000  2.675358
91248.000000  2.661916
91323.000000  3.182587
91432.000000  2.462243
91485.000000  3.566850
