269.000000  0.003524
327.000000  0.003151
359.000000  0.003352
392.000000  0.003364
433.000000  0.003382
499.000000  0.003449
533.000000  0.003991
573.000000  0.003919
610.000000  0.003817
651.000000  0.003690
717.000000  0.003798
760.000000  0.003968
845.000000  0.006017
847.000000  0.003944
891.000000  0.004309
929.000000  0.004478
983.000000  0.005644
1042.000000  0.004425
1103.000000  0.004181
1135.000000  0.004235
1159.000000  0.005514
1195.000000  0.004292
1222.000000  0.004544
1282.000000  0.003960
1323.000000  0.004483
1370.000000  0.004227
1419.000000  0.004563
1464.000000  0.004058
1501.000000  0.004125
1527.000000  0.004295
1558.000000  0.005869
1587.000000  0.004792
1634.000000  0.004112
1654.000000  0.004495
1681.000000  0.004817
1725.000000  0.004899
1761.000000  0.004877
1787.000000  0.004877
1841.000000  0.005267
1841.000000  0.008281
1868.000000  0.005901
1912.000000  0.006246
1934.000000  0.005929
1984.000000  0.005257
2028.000000  0.005477
2073.000000  0.007742
2109.000000  0.005746
2168.000000  0.006732
2168.000000  0.009758
2190.000000  0.008224
2217.000000  0.006134
2256.000000  0.006189
2288.000000  0.007069
2325.000000  0.006344
2373.000000  0.007247
2437.000000  0.006946
2467.000000  0.007953
2520.000000  0.021900
2554.000000  0.020204
2592.000000  0.034989
2623.000000  0.022370
2654.000000  0.023745
2690.000000  0.009192
2729.000000  0.040994
2751.000000  0.035476
2765.000000  0.044715
2782.000000  0.064531
2806.000000  0.050295
2839.000000  0.091262
2900.000000  0.112219
2959.000000  0.138169
2965.000000  0.139375
2993.000000  0.130866
3031.000000  0.135921
3063.000000  0.114526
3072.000000  0.115280
3133.000000  0.137441
3188.000000  0.014653
3225.000000  0.014879
3287.000000  0.013334
3301.000000  0.019932
3342.000000  0.018354
3374.000000  0.015967
3432.000000  0.015958
3456.000000  0.013906
3492.000000  0.040918
3561.000000  0.041176
3592.000000  0.041941
3633.000000  0.039914
3677.000000  0.040964
3683.000000  0.049537
3702.000000  0.044730
3727.000000  0.044295
3778.000000  0.049000
3778.000000  0.041652
3809.000000  0.038806
3837.000000  0.039708
3868.000000  0.041449
3896.000000  0.048285
3933.000000  0.062736
3966.000000  0.040547
3991.000000  0.050690
4018.000000  0.053509
4041.000000  0.040774
4063.000000  0.046907
4101.000000  0.027970
4114.000000  0.034783
4146.000000  0.022502
4160.000000  0.021157
4187.000000  0.025304
4231.000000  0.024667
4274.000000  0.022723
4322.000000  0.019742
4347.000000  0.017520
4369.000000  0.019234
4385.000000  0.010673
4412.000000  0.008341
4443.000000  0.007895
4471.000000  0.009780
4504.000000  0.009661
4526.000000  0.009685
4548.000000  0.007479
4571.000000  0.007609
4603.000000  0.007254
4626.000000  0.007843
4653.000000  0.011566
4682.000000  0.009219
4728.000000  0.018352
4735.000000  0.010033
4801.000000  0.010354
4846.000000  0.010377
4877.000000  0.012406
4885.000000  0.011495
4931.000000  0.011142
4939.000000  0.012287
4990.000000  0.008246
5049.000000  0.008971
5086.000000  0.009594
5123.000000  0.010154
5174.000000  0.007489
5197.000000  0.007919
5224.000000  0.008199
5264.000000  0.007408
5292.000000  0.010818
5330.000000  0.010674
5363.000000  0.009003
5380.000000  0.008655
5403.000000  0.009467
5439.000000  0.008692
5474.000000  0.010675
5499.000000  0.010423
5555.000000  0.009443
5598.000000  0.010343
5658.000000  0.016327
5696.000000  0.006771
5698.000000  0.008036
5737.000000  0.007083
5761.000000  0.006904
5795.000000  0.007253
5826.000000  0.007934
5853.000000  0.006538
5896.000000  0.007110
5924.000000  0.006353
5962.000000  0.007324
6015.000000  0.006504
6055.000000  0.007012
6088.000000  0.006185
6126.000000  0.007580
6155.000000  0.007415
6205.000000  0.006063
6256.000000  0.006218
6286.000000  0.006507
6310.000000  0.006210
6325.000000  0.007066
6336.000000  0.006880
6342.000000  0.006268
6351.000000  0.008301
6363.000000  0.006297
6402.000000  0.006087
6409.000000  0.007208
6470.000000  0.007514
6513.000000  0.005702
6580.000000  0.006573
6614.000000  0.006241
6638.000000  0.007014
6671.000000  0.008297
6713.000000  0.007575
6757.000000  0.007632
6797.000000  0.007938
6838.000000  0.007287
6898.000000  0.006890
6922.000000  0.008338
6937.000000  0.007332
6966.000000  0.007769
7029.000000  0.007305
7077.000000  0.006576
7079.000000  0.006259
7115.000000  0.006444
7172.000000  0.008442
7225.000000  0.009605
7274.000000  0.010164
7280.000000  0.008111
7321.000000  0.014284
7340.000000  0.015077
7382.000000  0.017514
7421.000000  0.020163
7439.000000  0.016817
7481.000000  0.018184
7507.000000  0.006994
7543.000000  0.013691
7545.000000  0.006523
7572.000000  0.007658
7605.000000  0.007359
7660.000000  0.007534
7696.000000  0.007467
7747.000000  0.006663
7790.000000  0.006288
7804.000000  0.007734
7842.000000  0.008221
7879.000000  0.008691
7903.000000  0.006434
7935.000000  0.006046
7955.000000  0.005963
7976.000000  0.006163
7995.000000  0.005816
8019.000000  0.006505
8033.000000  0.006675
8052.000000  0.007007
8081.000000  0.006261
8125.000000  0.006427
8154.000000  0.006668
8177.000000  0.006092
8204.000000  0.009508
8235.000000  0.007674
8264.000000  0.005604
8288.000000  0.006509
8310.000000  0.006760
8336.000000  0.005853
8353.000000  0.006379
8354.000000  0.005832
8380.000000  0.006065
8400.000000  0.005387
8421.000000  0.004930
8444.000000  0.012821
8468.000000  0.004962
8502.000000  0.005814
8520.000000  0.005922
8547.000000  0.005291
8559.000000  0.005398
8589.000000  0.005522
8604.000000  0.005735
8624.000000  0.005108
8653.000000  0.004777
8683.000000  0.039695
8708.000000  0.005256
8735.000000  0.005454
8777.000000  0.004592
8787.000000  0.004418
8822.000000  0.007153
8870.000000  0.005086
8903.000000  0.007140
8974.000000  0.005130
9008.000000  0.004457
9025.000000  0.005266
9063.000000  0.005372
9083.000000  0.004944
9116.000000  0.004558
9135.000000  0.005137
9179.000000  0.008561
9229.000000  0.010557
9259.000000  0.005310
9303.000000  0.004400
9328.000000  0.005325
9340.000000  0.004279
9350.000000  0.004415
9357.000000  0.004215
9408.000000  0.004502
9436.000000  0.004391
9453.000000  0.004552
9475.000000  0.004411
9475.000000  0.005466
9507.000000  0.004264
9538.000000  0.003901
9559.000000  0.004079
9572.000000  0.004067
9588.000000  0.003796
9605.000000  0.003685
9618.000000  0.004262
9647.000000  0.004206
9671.000000  0.005747
9681.000000  0.004979
9710.000000  0.003944
9711.000000  0.004969
9727.000000  0.003767
9741.000000  0.003661
9758.000000  0.004246
9777.000000  0.003665
9801.000000  0.003999
9826.000000  0.003425
9857.000000  0.004411
9877.000000  0.003598
9900.000000  0.003768
9942.000000  0.003571
9950.000000  0.003925
9978.000000  0.003242
9987.000000  0.003741
9997.000000  0.003220
10005.000000  0.003949
10006.000000  0.002934
10007.000000  0.003566
10031.000000  0.003736
10058.000000  0.003157
10066.000000  0.003290
10079.000000  0.003581
10113.000000  0.003058
10122.000000  0.003000
10133.000000  0.003365
10155.000000  0.003202
10175.000000  0.003475
10191.000000  0.003970
10201.000000  0.003578
10233.000000  0.002980
10245.000000  0.002993
10252.000000  0.002803
10275.000000  0.002919
10296.000000  0.002992
10311.000000  0.002931
10324.000000  0.003056
10357.000000  0.003520
10367.000000  0.002862
10370.000000  0.002953
10378.000000  0.003550
