399.000000  0.197233
562.000000  0.155436
661.000000  0.165768
727.000000  0.131062
825.000000  0.172379
976.000000  0.198312
1146.000000  0.217105
1319.000000  0.248987
1466.000000  0.215248
1626.000000  0.213704
1752.000000  0.224002
1868.000000  0.172969
2030.000000  0.167910
2171.000000  0.207599
2292.000000  0.176659
2392.000000  0.189602
2484.000000  0.187899
2611.000000  0.201900
2699.000000  0.208481
2767.000000  0.139312
2910.000000  0.208261
3071.000000  0.214966
3223.000000  0.245870
3354.000000  0.234837
3504.000000  0.196533
3602.000000  0.172000
3656.000000  0.201666
3699.000000  0.199684
3785.000000  0.203348
3883.000000  0.249508
3972.000000  0.224909
4087.000000  0.243848
4193.000000  0.194230
4263.000000  0.192046
4335.000000  0.214570
4415.000000  0.183602
4509.000000  0.211981
4654.000000  0.249284
4748.000000  0.245596
4800.000000  0.232086
4878.000000  0.206239
4947.000000  0.194754
5068.000000  0.245218
5222.000000  0.291323
5388.000000  0.298998
5552.000000  0.310578
5703.000000  0.265169
5848.000000  0.319052
5944.000000  0.278736
6042.000000  0.296755
6058.000000  0.195714
6167.000000  0.284460
6250.000000  0.238218
6350.000000  0.267008
6453.000000  0.273220
6482.000000  0.224278
6556.000000  0.271399
6632.000000  0.269869
6712.000000  0.288701
6792.000000  0.356941
6897.000000  0.342100
6957.000000  0.354978
7042.000000  0.298995
7134.000000  0.300505
7223.000000  0.215550
7351.000000  0.268879
7440.000000  0.330074
7520.000000  0.202645
7573.000000  0.181335
7619.000000  0.253391
7667.000000  0.228436
7718.000000  0.216280
7778.000000  0.237419
7827.000000  0.246299
7915.000000  0.236552
8009.000000  0.269033
8111.000000  0.247115
8197.000000  0.285009
8318.000000  0.299734
8422.000000  0.301218
8502.000000  0.283368
8539.000000  0.236694
8614.000000  0.263895
8692.000000  0.275461
8747.000000  0.241133
8810.000000  0.271646
8957.000000  0.290528
9068.000000  0.228686
9158.000000  0.257894
9280.000000  0.260690
9511.000000  0.304432
9681.000000  0.288689
9768.000000  0.271919
9856.000000  0.330221
9958.000000  0.317329
10069.000000  0.355207
10170.000000  0.345926
10329.000000  0.373464
10370.000000  0.299711
10560.000000  0.392884
10692.000000  0.370855
10824.000000  0.351406
10956.000000  0.329605
11090.000000  0.378463
11239.000000  0.375687
11356.000000  0.345348
11508.000000  0.356007
11611.000000  0.342630
11716.000000  0.351114
11837.000000  0.387242
11953.000000  0.383160
12064.000000  0.322857
12309.000000  0.529211
12373.000000  0.321589
12437.000000  0.285153
12486.000000  0.294894
12574.000000  0.354443
12676.000000  0.317870
12793.000000  0.362038
12916.000000  0.329542
13060.000000  0.388409
13188.000000  0.371655
13342.000000  0.413708
13486.000000  0.355426
13608.000000  0.392929
13723.000000  0.399361
13858.000000  0.416885
14003.000000  0.381963
14180.000000  0.421208
14330.000000  0.363202
14461.000000  0.354916
14632.000000  0.404909
14668.000000  0.355520
14830.000000  0.386796
14966.000000  0.381068
15031.000000  0.360474
15176.000000  0.459679
15323.000000  0.442868
15456.000000  0.395161
15506.000000  0.369981
15663.000000  0.482267
15790.000000  0.484090
15888.000000  0.415423
16020.000000  0.407390
16148.000000  0.450191
16227.000000  0.431890
16326.000000  0.355348
16428.000000  0.417171
16541.000000  0.445322
16687.000000  0.475694
16844.000000  0.474198
16943.000000  0.467454
17065.000000  0.464101
17142.000000  0.430604
17309.000000  0.497311
17431.000000  0.516470
17522.000000  0.482296
17599.000000  0.490585
17708.000000  0.476743
17891.000000  0.494834
17932.000000  0.472621
18092.000000  0.551385
18248.000000  0.554187
18417.000000  0.624440
18585.000000  0.600186
18692.000000  0.593464
18779.000000  0.540909
18871.000000  0.498128
19025.000000  0.589086
19201.000000  0.619829
19344.000000  0.600005
19494.000000  0.596885
19593.000000  0.509015
19639.000000  0.465973
19708.000000  0.536300
19805.000000  0.596883
19890.000000  0.639266
20000.000000  0.654586
20097.000000  0.583647
20188.000000  0.549581
20272.000000  0.472853
20357.000000  0.481766
20436.000000  0.468627
20515.000000  0.482475
20599.000000  0.473945
20687.000000  0.532862
20770.000000  0.508333
20850.000000  0.480200
20935.000000  0.493195
21021.000000  0.491129
21096.000000  0.482038
21171.000000  0.476603
21261.000000  0.485395
21332.000000  0.505624
21413.000000  0.527485
21497.000000  0.530044
21645.000000  0.564176
21704.000000  0.566954
21798.000000  0.591017
21877.000000  0.550549
21978.000000  0.498185
22083.000000  0.524475
22220.000000  0.550766
22336.000000  0.567339
22433.000000  0.582626
22525.000000  0.582549
22600.000000  0.554179
22707.000000  0.593685
22779.000000  0.630565
22801.000000  0.581983
22846.000000  0.685163
22875.000000  0.600747
22898.000000  0.691435
22998.000000  0.751181
23095.000000  0.727812
23206.000000  0.763355
23321.000000  0.866014
23441.000000  0.805654
23510.000000  0.758728
23554.000000  0.782485
23567.000000  0.727547
23583.000000  0.668355
23608.000000  0.747181
23613.000000  0.879672
23659.000000  0.757815
23742.000000  0.698435
23841.000000  0.575889
23923.000000  0.766863
23933.000000  0.657581
23963.000000  0.824573
23983.000000  1.012259
23987.000000  0.409555
24015.000000  0.404218
24092.000000  0.411197
24206.000000  0.398211
24306.000000  0.442182
24381.000000  0.423766
24399.000000  0.411845
24467.000000  0.430312
24562.000000  0.436842
24659.000000  0.442206
24743.000000  0.558967
24847.000000  0.784555
24889.000000  0.388865
24988.000000  0.416371
25014.000000  0.387506
25024.000000  0.911625
25036.000000  0.797635
25076.000000  0.382980
25167.000000  0.377886
25251.000000  0.415953
25342.000000  0.442864
25425.000000  0.442818
25513.000000  0.394278
25603.000000  0.386416
25713.000000  0.444647
25768.000000  0.439171
25814.000000  0.359690
25919.000000  0.427227
26000.000000  0.416358
26132.000000  0.407618
26256.000000  0.444508
26295.000000  0.388728
26414.000000  0.418400
26513.000000  0.447165
26609.000000  0.423692
26834.000000  0.468649
26961.000000  0.428649
27052.000000  0.465079
27105.000000  0.400237
27173.000000  0.428765
27204.000000  0.372021
27267.000000  0.411105
27320.000000  0.382933
27394.000000  0.436476
27527.000000  0.414153
27576.000000  0.413552
27578.000000  0.407590
27635.000000  0.424829
27722.000000  0.420016
27818.000000  0.442887
27909.000000  0.449628
28063.000000  0.502575
28238.000000  0.506488
28358.000000  0.491423
28447.000000  0.452332
28538.000000  0.434532
28640.000000  0.442656
28707.000000  0.484816
28793.000000  0.559166
28890.000000  0.562676
29033.000000  0.592377
29136.000000  0.573980
29248.000000  0.599110
29373.000000  0.565782
29481.000000  0.544879
29568.000000  0.460313
29659.000000  0.502913
29767.000000  0.455521
29839.000000  0.500667
29923.000000  0.503634
29993.000000  0.497897
30069.000000  0.510964
30146.000000  0.553730
30179.000000  0.628660
30201.000000  0.553797
30202.000000  0.448150
30219.000000  0.471048
30248.000000  0.523223
30345.000000  0.477950
30417.000000  0.444201
30505.000000  0.468366
30602.000000  0.505207
30659.000000  0.448602
30707.000000  0.525793
30765.000000  0.585482
30822.000000  0.569643
30914.000000  0.401062
31013.000000  0.440693
31109.000000  0.475322
31236.000000  0.433206
31367.000000  0.443070
31447.000000  0.428966
31532.000000  0.445666
31623.000000  0.470987
31719.000000  0.474562
31807.000000  0.475242
31887.000000  0.478854
31972.000000  0.446676
32094.000000  0.488492
32195.000000  0.436415
32353.000000  0.506513
32467.000000  0.458139
32590.000000  0.502490
32755.000000  0.530220
32941.000000  0.598440
33099.000000  0.518971
33238.000000  0.509100
33344.000000  0.511283
33347.000000  0.409697
33426.000000  0.453057
33515.000000  0.470481
33598.000000  0.457240
33677.000000  0.462763
33756.000000  0.527789
33846.000000  0.517118
33929.000000  0.508471
34006.000000  0.465738
34108.000000  0.519009
34180.000000  0.513775
34278.000000  0.496381
34369.000000  0.483857
34441.000000  0.515732
34564.000000  0.551652
34661.000000  0.556417
34736.000000  0.520412
34833.000000  0.523263
34937.000000  0.511741
35074.000000  0.583043
35158.000000  0.621790
35190.000000  0.614796
35262.000000  0.640661
35360.000000  0.699399
35459.000000  0.445655
35560.000000  0.459296
35653.000000  0.638429
35784.000000  0.648869
35897.000000  0.678564
35940.000000  0.581758
35998.000000  0.457268
36045.000000  0.499613
36104.000000  0.495667
36188.000000  0.769256
36208.000000  0.445070
36225.000000  0.446383
36314.000000  0.487966
36377.000000  0.462576
36425.000000  0.409343
36469.000000  0.466505
36487.000000  0.408770
36592.000000  0.499122
36686.000000  0.486214
36762.000000  0.485582
36942.000000  0.514880
37095.000000  0.556737
37189.000000  0.484175
37260.000000  0.456024
37336.000000  0.499441
37435.000000  0.488238
37492.000000  0.500443
37520.000000  0.489035
37521.000000  0.431322
37575.000000  0.433140
37672.000000  0.472697
37760.000000  0.490748
37872.000000  0.517641
37972.000000  0.515320
38060.000000  0.480690
38079.000000  0.476324
38102.000000  0.474536
38121.000000  0.419318
38175.000000  0.476621
38275.000000  0.465049
38372.000000  0.492896
38477.000000  0.502474
38531.000000  0.479238
38551.000000  0.411397
38604.000000  0.485045
38639.000000  0.461004
38722.000000  0.426516
38813.000000  0.540944
38874.000000  0.493151
38961.000000  0.502609
39036.000000  0.487296
39069.000000  0.426477
39151.000000  0.485079
39252.000000  0.494751
39364.000000  0.454834
39454.000000  0.507572
39533.000000  0.474539
39571.000000  0.437308
39581.000000  0.532682
39679.000000  0.480407
39769.000000  0.473395
39789.000000  0.467769
39810.000000  0.445029
39815.000000  0.433896
39856.000000  0.455355
39884.000000  0.449030
39919.000000  0.443250
39984.000000  0.487584
40056.000000  0.468190
40092.000000  0.446536
40132.000000  0.403633
40155.000000  0.422088
40232.000000  0.451474
40303.000000  0.430420
40434.000000  0.480889
40507.000000  0.477263
40594.000000  0.467385
40602.000000  0.439022
40644.000000  0.408168
40669.000000  0.430341
40723.000000  0.611569
40740.000000  0.425254
40784.000000  0.438581
40817.000000  0.419899
