2285.000000  1.677318
2892.000000  0.070670
3369.000000  0.008426
3718.000000  0.040617
4437.000000  0.129314
5140.000000  0.090340
5913.000000  0.088601
6884.000000  0.161054
7985.000000  0.180246
9016.000000  0.155595
9858.000000  0.194109
10443.000000  -0.009631
10987.000000  0.047134
11638.000000  0.130809
12541.000000  0.133949
13175.000000  0.054595
13699.000000  0.177314
14450.000000  0.051100
14979.000000  0.074388
15737.000000  0.176370
16303.000000  0.081617
16830.000000  0.026351
17094.000000  -0.061499
17495.000000  0.081364
17939.000000  0.125161
18457.000000  -0.014084
18927.000000  0.074741
19750.000000  0.135503
20327.000000  0.010702
20757.000000  0.247173
21129.000000  -0.121739
21876.000000  0.149290
22756.000000  0.093727
23679.000000  -0.011999
24569.000000  0.145538
25556.000000  0.321400
27226.000000  0.284205
28520.000000  -0.089966
29161.000000  0.272927
31030.000000  0.113945
32364.000000  0.178219
33203.000000  0.180278
33537.000000  0.245651
34605.000000  0.023995
34974.000000  -0.029543
35787.000000  0.137395
36515.000000  0.047357
37495.000000  0.103734
38563.000000  0.172012
39695.000000  0.025055
40766.000000  0.292205
41548.000000  0.074825
42320.000000  0.059893
43102.000000  0.304818
44244.000000  0.048529
45916.000000  0.108801
47447.000000  0.138993
48941.000000  0.174892
50442.000000  0.315373
52146.000000  0.235099
53318.000000  0.171702
53973.000000  0.063393
55136.000000  0.242734
55663.000000  0.058579
56490.000000  -0.126534
56884.000000  0.022769
57745.000000  0.366632
58777.000000  -0.074251
59802.000000  0.266630
60936.000000  0.175319
62193.000000  -0.025985
63132.000000  0.595994
64115.000000  -0.305513
64527.000000  0.180410
65258.000000  0.117432
66286.000000  -0.168880
67169.000000  -0.002029
68229.000000  0.187885
68731.000000  0.153943
69419.000000  0.105070
70000.000000  0.367632
70831.000000  -0.089450
71805.000000  0.054259
72325.000000  -0.059774
73280.000000  0.008189
73389.000000  0.292950
73718.000000  -0.085835
74216.000000  0.365767
74805.000000  -0.191334
75078.000000  0.448157
75712.000000  -0.192715
76742.000000  0.042226
77580.000000  0.040881
77884.000000  0.130153
78852.000000  0.217416
79497.000000  0.024098
80047.000000  0.203968
80987.000000  -0.282682
81980.000000  0.358696
82590.000000  0.040254
83137.000000  -0.111221
83796.000000  0.234745
84447.000000  0.062362
85417.000000  0.229198
86156.000000  -0.013241
86670.000000  0.234927
86940.000000  0.223433
87430.000000  -0.137265
87993.000000  0.054341
88443.000000  0.068451
88820.000000  -0.148480
88933.000000  0.390409
89619.000000  -0.214828
89757.000000  -0.030162
89845.000000  0.081093
90170.000000  0.233377
90373.000000  -0.228700
90430.000000  0.080526
90432.000000  -0.215901
90789.000000  0.031991
91202.000000  -0.048392
91448.000000  0.157445
91482.000000  -0.134560
