216.000000  0.053018
312.000000  -0.003661
444.000000  0.009772
505.000000  -0.026424
574.000000  0.000012
642.000000  -0.003225
692.000000  -0.007960
764.000000  0.006640
843.000000  0.000393
911.000000  0.008434
979.000000  -0.010521
1067.000000  0.012180
1147.000000  0.006014
1262.000000  -0.000093
1334.000000  -0.005921
1415.000000  0.005143
1507.000000  0.013704
1589.000000  0.002633
1668.000000  -0.008605
1750.000000  0.008291
1837.000000  -0.008520
1913.000000  -0.005793
1997.000000  0.002808
2067.000000  -0.005203
2148.000000  0.011383
2232.000000  0.000445
2313.000000  -0.002898
2382.000000  0.004623
2465.000000  0.017926
2568.000000  -0.007171
2647.000000  -0.017143
2731.000000  0.009511
2815.000000  -0.004374
2900.000000  0.005583
2984.000000  0.000325
3059.000000  -0.017403
3147.000000  0.013646
3226.000000  0.003449
3313.000000  -0.000402
3394.000000  -0.001289
3471.000000  -0.011661
3549.000000  -0.002090
3638.000000  0.011952
3718.000000  0.004283
3782.000000  -0.002087
3879.000000  -0.000380
3958.000000  0.011243
4040.000000  -0.004066
4128.000000  -0.008495
4210.000000  0.000070
4290.000000  -0.011509
4371.000000  -0.000183
4444.000000  -0.003068
4547.000000  0.017787
4631.000000  -0.003878
4753.000000  -0.001552
4839.000000  -0.023845
4898.000000  -0.007533
4962.000000  0.000451
5014.000000  -0.005477
5068.000000  -0.001957
5121.000000  0.001178
5185.000000  0.003574
5259.000000  0.004611
5318.000000  -0.001926
5371.000000  -0.007116
5423.000000  0.000014
5474.000000  0.000627
5535.000000  0.003501
5621.000000  0.009087
5687.000000  0.006560
5746.000000  -0.010420
5806.000000  -0.003601
5867.000000  0.000182
5940.000000  0.000823
6002.000000  -0.000946
6061.000000  -0.000404
6123.000000  0.000101
6198.000000  0.002429
6273.000000  0.000549
6347.000000  0.000205
6423.000000  -0.001423
6497.000000  0.000299
6579.000000  0.002475
6646.000000  -0.000693
6705.000000  -0.007257
6760.000000  0.002961
6829.000000  0.001164
6902.000000  0.000810
6972.000000  0.002037
7094.000000  0.017088
7194.000000  0.001804
7319.000000  0.013293
7412.000000  -0.010177
7509.000000  0.014001
7591.000000  -0.010390
7680.000000  -0.002382
7771.000000  0.007891
7855.000000  0.001204
7928.000000  0.017229
8005.000000  -0.002903
8087.000000  -0.007073
8156.000000  0.018761
8231.000000  0.016709
8312.000000  0.015484
8409.000000  -0.039821
8484.000000  -0.033299
8567.000000  0.002805
8619.000000  0.027042
8670.000000  -0.021370
8738.000000  0.004960
8798.000000  -0.013436
8841.000000  0.042047
8855.000000  0.069206
8856.000000  -0.137583
8930.000000  0.095976
8967.000000  -0.018453
9022.000000  0.037647
9101.000000  -0.011996
9207.000000  -0.013983
9318.000000  -0.016274
9422.000000  0.000873
9509.000000  0.014159
9609.000000  0.006762
9702.000000  -0.039469
9819.000000  -0.002788
9907.000000  0.097502
9953.000000  0.013661
9969.000000  -0.000965
9971.000000  0.052516
10045.000000  -0.084697
10120.000000  -0.060920
10221.000000  0.051958
10306.000000  -0.033353
10398.000000  -0.043799
10472.000000  0.016988
10558.000000  0.015187
10662.000000  0.012131
10748.000000  -0.026782
10850.000000  -0.009554
10936.000000  -0.009553
11056.000000  0.017304
11137.000000  -0.007057
11260.000000  0.012075
11402.000000  0.020366
11497.000000  -0.014467
11610.000000  0.009867
11650.000000  -0.018993
11682.000000  -0.005773
11696.000000  0.005146
11721.000000  0.015125
11757.000000  0.052849
11764.000000  0.009422
11768.000000  -0.002162
11784.000000  -0.005576
11810.000000  -0.003653
11844.000000  0.003937
11899.000000  0.046403
11938.000000  0.019547
11956.000000  -0.017218
11974.000000  0.034701
11992.000000  -0.001652
12005.000000  0.048922
12006.000000  0.039789
12023.000000  0.054652
12111.000000  0.112820
12162.000000  -0.079657
12227.000000  0.023003
12307.000000  -0.014779
12422.000000  -0.107545
12505.000000  -0.250603
12594.000000  0.001783
12682.000000  -0.001677
12761.000000  0.009699
12841.000000  -0.003037
12926.000000  -0.000556
13010.000000  -0.000942
13090.000000  -0.009480
13164.000000  -0.009428
13245.000000  -0.004795
13320.000000  0.029910
13370.000000  0.005421
13428.000000  0.039703
13512.000000  0.221695
13538.000000  0.187941
13577.000000  -0.078368
13614.000000  -0.034676
13675.000000  -0.023494
13711.000000  -0.018528
13712.000000  -0.264386
13749.000000  -0.073601
13848.000000  0.055635
13956.000000  -0.042765
14046.000000  0.007669
14181.000000  0.005264
14255.000000  -0.005800
14312.000000  -0.028106
14442.000000  0.009907
14531.000000  0.016285
14624.000000  0.010607
14707.000000  0.000236
14794.000000  -0.005222
14918.000000  0.041138
14993.000000  -0.008470
15070.000000  -0.004193
15159.000000  -0.006230
15233.000000  0.001442
15326.000000  0.001695
15403.000000  -0.032806
15482.000000  0.012916
15569.000000  -0.003897
15657.000000  0.000265
15727.000000  0.002380
15826.000000  0.055056
15939.000000  0.006887
16011.000000  -0.075286
16086.000000  0.005731
16148.000000  -0.003107
16207.000000  -0.010764
16238.000000  0.004191
16291.000000  0.072602
16305.000000  0.047955
16352.000000  -0.052685
16398.000000  -0.016457
16415.000000  -0.000504
16424.000000  -0.085617
16495.000000  0.015320
16580.000000  0.020824
16686.000000  0.007615
16754.000000  -0.017716
16832.000000  -0.001829
16843.000000  -0.020445
16845.000000  -0.002660
16908.000000  0.041756
16972.000000  0.002449
17051.000000  0.012050
17118.000000  0.005209
17171.000000  -0.001895
17226.000000  -0.014759
17267.000000  -0.010915
17300.000000  -0.029257
17345.000000  0.001446
17438.000000  0.023637
17530.000000  0.010175
17605.000000  -0.002945
17676.000000  -0.011856
17725.000000  -0.006406
17726.000000  -0.024357
17727.000000  0.009349
17792.000000  0.021127
17834.000000  0.025507
17900.000000  -0.018579
18002.000000  0.012024
18079.000000  -0.007901
18156.000000  -0.003139
18170.000000  -0.024953
18177.000000  -0.005402
18198.000000  0.007727
18261.000000  -0.001324
18333.000000  0.011063
18426.000000  0.010043
18519.000000  0.016929
18605.000000  0.002926
18682.000000  -0.008441
18756.000000  0.006546
18844.000000  0.002275
18881.000000  0.003414
18934.000000  -0.006209
18988.000000  0.003525
18999.000000  -0.018925
19058.000000  -0.025932
19178.000000  0.016938
19264.000000  0.014949
19353.000000  0.004139
19443.000000  0.004740
19528.000000  -0.001807
19550.000000  -0.030201
19588.000000  -0.011599
19679.000000  0.012233
19763.000000  0.010670
19851.000000  0.011499
19933.000000  0.001755
20020.000000  0.001677
20083.000000  0.003691
20103.000000  -0.031149
20171.000000  0.002043
20231.000000  0.002410
20286.000000  -0.009584
20342.000000  -0.000966
20397.000000  -0.000128
20449.000000  0.000101
20492.000000  -0.000511
20547.000000  0.001189
20602.000000  0.000125
20670.000000  0.003099
20745.000000  0.006659
20838.000000  0.003408
20921.000000  0.005957
21010.000000  -0.007908
21141.000000  0.015325
21271.000000  0.006356
21361.000000  0.001284
21461.000000  -0.000407
21575.000000  0.011775
21600.000000  -0.020078
21614.000000  -0.032241
21659.000000  0.030598
21707.000000  0.004551
21791.000000  0.014831
21877.000000  0.013549
21980.000000  -0.000713
22078.000000  -0.019118
22158.000000  0.001087
22229.000000  -0.008782
22308.000000  -0.010306
22398.000000  0.002799
22486.000000  -0.006529
22492.000000  -0.024484
22548.000000  0.013581
22635.000000  0.019518
22708.000000  -0.004735
22821.000000  0.013840
22916.000000  0.001289
22936.000000  -0.026704
22938.000000  -0.021337
22989.000000  0.026905
23038.000000  -0.013698
23084.000000  -0.000501
23122.000000  -0.002071
23191.000000  0.007480
23277.000000  0.007822
23343.000000  -0.001322
23400.000000  -0.006797
23455.000000  -0.000028
23504.000000  -0.004634
23564.000000  0.001304
23623.000000  0.000018
23683.000000  0.000069
23722.000000  -0.003192
23802.000000  0.010537
23893.000000  0.013197
24014.000000  0.013084
24098.000000  0.007725
24190.000000  0.000846
24283.000000  0.012004
24414.000000  0.009185
24523.000000  0.004884
24621.000000  -0.011369
24695.000000  -0.029982
24776.000000  0.010790
24860.000000  0.007156
24942.000000  -0.003946
25061.000000  0.023147
25137.000000  -0.024874
25214.000000  0.015250
25318.000000  0.017946
25413.000000  -0.031924
25481.000000  -0.003196
25559.000000  0.000230
25630.000000  0.003250
25707.000000  0.006936
25777.000000  0.006450
25856.000000  0.015082
25945.000000  0.008527
26021.000000  -0.045793
26100.000000  0.007322
26184.000000  0.000793
26303.000000  -0.006199
26376.000000  0.028545
26423.000000  0.029239
26461.000000  0.041695
26495.000000  -0.010971
26522.000000  0.111239
26561.000000  -0.233589
26624.000000  0.005347
26723.000000  0.011397
26796.000000  -0.006974
26851.000000  -0.006623
26908.000000  -0.004366
26989.000000  0.006618
27043.000000  0.001000
27124.000000  0.005412
27197.000000  0.001764
27297.000000  0.006942
27383.000000  0.003381
27466.000000  0.006709
27561.000000  -0.007885
27583.000000  -0.019425
27634.000000  0.006214
27768.000000  0.027538
27797.000000  -0.038728
27816.000000  0.007045
27834.000000  -0.016789
27856.000000  -0.000935
27901.000000  0.016724
27935.000000  -0.010403
28032.000000  0.008776
28112.000000  0.001039
28143.000000  -0.012192
28151.000000  -0.005184
28227.000000  0.023122
28274.000000  -0.008958
28317.000000  -0.006353
28341.000000  -0.003837
28426.000000  0.012849
28498.000000  0.008961
28593.000000  0.013166
28667.000000  -0.000231
28754.000000  -0.004733
28759.000000  -0.033577
28771.000000  0.005613
28822.000000  0.021057
28861.000000  0.016090
28930.000000  -0.029384
28985.000000  0.004160
29039.000000  -0.001199
29089.000000  -0.003740
29172.000000  0.001447
29286.000000  0.010058
29326.000000  -0.017326
29413.000000  0.015190
29491.000000  0.010432
29550.000000  -0.009320
29639.000000  0.010105
29721.000000  -0.004649
29749.000000  -0.009372
29841.000000  -0.003642
29925.000000  0.005875
29963.000000  -0.005131
29996.000000  -0.005344
30021.000000  -0.003345
30216.000000  0.020688
30285.000000  0.001406
30377.000000  0.012484
30467.000000  0.005533
30539.000000  -0.007242
30616.000000  -0.001959
30699.000000  0.001426
30778.000000  0.000098
30878.000000  0.001929
30978.000000  0.003344
31019.000000  0.005766
31024.000000  -0.047715
31025.000000  -0.004705
31030.000000  0.009476
31078.000000  0.007181
31169.000000  0.005551
31277.000000  0.017799
31413.000000  0.018457
31485.000000  -0.008284
31528.000000  -0.007697
31560.000000  -0.009871
31620.000000  0.000196
31687.000000  0.002082
31769.000000  0.005175
31862.000000  0.011645
31948.000000  0.003416
32053.000000  0.006331
32157.000000  0.002569
32242.000000  -0.009876
32326.000000  0.007706
32406.000000  -0.005375
32484.000000  0.007860
32571.000000  0.028143
32620.000000  -0.018561
32692.000000  -0.025158
32729.000000  0.019238
32735.000000  -0.024146
32790.000000  -0.028494
32827.000000  0.000697
32831.000000  -0.006147
32837.000000  -0.007988
32839.000000  -0.001979
32894.000000  0.020698
32985.000000  0.014526
33061.000000  0.006808
33155.000000  0.011320
33252.000000  0.007990
33314.000000  -0.020416
33404.000000  0.006451
33491.000000  0.009703
33575.000000  0.011015
33631.000000  -0.010036
33640.000000  -0.053582
33642.000000  -0.004454
33699.000000  0.013151
33794.000000  0.023191
33895.000000  0.002169
33999.000000  0.011591
34046.000000  -0.015824
34095.000000  -0.005927
34184.000000  0.022491
34229.000000  -0.001621
34236.000000  -0.044886
34243.000000  0.002218
34290.000000  0.009402
34405.000000  0.014295
34512.000000  0.012769
34603.000000  0.007217
34694.000000  0.004444
34778.000000  0.000191
34823.000000  -0.015695
34842.000000  -0.015961
34844.000000  -0.021327
34908.000000  0.024372
34954.000000  -0.009801
35009.000000  0.001054
35065.000000  -0.003305
35130.000000  0.001492
35232.000000  0.008743
35330.000000  0.007763
35419.000000  0.003429
35505.000000  0.016858
35595.000000  0.006668
35682.000000  -0.017832
35761.000000  0.008203
35844.000000  0.002654
35932.000000  0.001370
36010.000000  0.002622
36089.000000  -0.004317
36177.000000  0.021873
36260.000000  -0.018010
36337.000000  0.002576
36417.000000  -0.007136
36506.000000  0.024128
36591.000000  -0.020680
36715.000000  0.008003
36841.000000  0.017827
36926.000000  -0.034990
36990.000000  -0.023358
37028.000000  -0.011416
37071.000000  -0.001175
37086.000000  -0.006219
37131.000000  0.004550
37140.000000  -0.006697
37218.000000  0.046010
37320.000000  0.017490
37405.000000  -0.013874
37488.000000  0.000194
37542.000000  0.002974
37579.000000  -0.024681
37598.000000  -0.019642
37665.000000  0.044622
37745.000000  0.007921
37830.000000  0.024527
37908.000000  -0.022996
37987.000000  -0.010430
38071.000000  0.001646
38158.000000  0.002919
38234.000000  -0.001452
38314.000000  -0.003988
38393.000000  0.018908
38493.000000  -0.001527
38569.000000  0.001062
38646.000000  0.075849
38690.000000  0.016508
38744.000000  0.011488
38782.000000  0.023209
38814.000000  0.007394
38844.000000  0.095174
38918.000000  -0.207090
38967.000000  -0.021908
38997.000000  0.091147
39005.000000  -0.119157
39069.000000  -0.019878
39180.000000  0.010396
39273.000000  0.004819
39359.000000  0.012238
39435.000000  -0.011244
39476.000000  0.003679
39490.000000  -0.020592
39494.000000  -0.022817
39550.000000  0.016217
39625.000000  0.009091
39708.000000  0.009043
39805.000000  0.014953
39900.000000  0.004805
39928.000000  -0.025971
39947.000000  -0.005140
40031.000000  0.029570
40124.000000  -0.005981
40200.000000  0.008410
40301.000000  0.025310
40366.000000  -0.033570
40426.000000  0.001608
40452.000000  -0.011441
40456.000000  -0.034045
40578.000000  0.028549
40636.000000  0.001475
40683.000000  -0.013811
40688.000000  -0.014027
40706.000000  0.010287
40747.000000  0.004214
40777.000000  -0.000987
40811.000000  -0.000834
