816.000000  0.254511
1079.000000  0.231875
1308.000000  0.206972
1630.000000  0.223939
1897.000000  0.235463
2115.000000  0.248371
2404.000000  0.286115
2611.000000  0.271198
2904.000000  0.309307
3109.000000  0.282583
3300.000000  0.256118
3521.000000  0.260546
3692.000000  0.263361
3721.000000  0.148579
3889.000000  0.240361
4064.000000  0.267646
4183.000000  0.236507
4273.000000  0.214192
4344.000000  0.171617
4476.000000  0.221436
4615.000000  0.219972
4683.000000  0.173324
4749.000000  0.215559
4914.000000  0.231940
5158.000000  0.262335
5359.000000  0.276781
5594.000000  0.294862
5826.000000  0.327440
6045.000000  0.357087
6258.000000  0.325962
6420.000000  0.266853
6588.000000  0.294769
6750.000000  0.299305
6982.000000  0.303751
7181.000000  0.337533
7396.000000  0.339648
7591.000000  0.354204
7727.000000  0.317770
7856.000000  0.275820
7982.000000  0.271109
8116.000000  0.257439
8259.000000  0.296914
8334.000000  0.239274
8343.000000  0.193460
8398.000000  0.223364
8634.000000  0.303195
8790.000000  0.320257
8943.000000  0.341199
9177.000000  0.400352
9435.000000  0.431989
9648.000000  0.409379
9830.000000  0.413534
9980.000000  0.391187
10188.000000  0.390113
10369.000000  0.431583
10559.000000  0.412569
10675.000000  0.347715
10760.000000  0.320261
10852.000000  0.339543
10984.000000  0.420474
11139.000000  0.392604
11180.000000  0.356521
11371.000000  0.417533
11534.000000  0.336191
11673.000000  0.347699
11764.000000  0.333822
11833.000000  0.270308
11976.000000  0.321491
12068.000000  0.355939
12218.000000  0.379223
12381.000000  0.377794
12543.000000  0.414035
12589.000000  0.368638
12713.000000  0.374697
12847.000000  0.365803
13045.000000  0.409836
13293.000000  0.434796
13507.000000  0.432620
13804.000000  0.420928
14009.000000  0.411602
14229.000000  0.414991
14420.000000  0.436447
14602.000000  0.428097
14772.000000  0.442074
14924.000000  0.450483
15091.000000  0.446948
15204.000000  0.425975
15232.000000  0.356631
15292.000000  0.364129
15392.000000  0.381561
15512.000000  0.440673
15672.000000  0.459397
15806.000000  0.417742
15958.000000  0.467470
16117.000000  0.470544
16292.000000  0.428882
16381.000000  0.402101
16472.000000  0.391170
16630.000000  0.412888
16648.000000  0.392605
16756.000000  0.444684
16892.000000  0.431953
17068.000000  0.461995
17296.000000  0.472573
17507.000000  0.485414
17691.000000  0.513762
17845.000000  0.497445
17919.000000  0.491719
17990.000000  0.533318
18045.000000  0.563174
18060.000000  0.554139
18178.000000  0.572884
18367.000000  0.430279
18505.000000  0.504898
18577.000000  0.354856
18625.000000  0.353391
18683.000000  0.388007
18755.000000  0.383570
18841.000000  0.372857
18943.000000  0.460900
19066.000000  0.550424
19210.000000  0.567516
19414.000000  0.584230
19590.000000  0.512719
19751.000000  0.549172
19854.000000  0.565021
19984.000000  0.546088
20171.000000  0.486683
20427.000000  0.656938
20664.000000  0.721046
20934.000000  0.820149
21130.000000  0.710711
21319.000000  0.780234
21517.000000  0.677706
21717.000000  0.779601
21934.000000  0.736159
22065.000000  0.611679
22238.000000  0.710544
22460.000000  0.750726
22651.000000  0.784234
22770.000000  0.739749
22824.000000  0.648291
22956.000000  0.846105
23132.000000  0.847533
23351.000000  0.862286
23560.000000  0.773339
23765.000000  0.758559
23989.000000  0.723867
24188.000000  0.710862
24378.000000  0.868719
24565.000000  0.913212
24748.000000  1.051171
24943.000000  0.903913
25129.000000  0.862897
25282.000000  0.895927
25442.000000  0.891828
25629.000000  0.853362
25745.000000  0.921111
25831.000000  0.974585
25950.000000  0.491511
26107.000000  0.503664
26261.000000  0.522897
26469.000000  0.542046
26733.000000  0.544959
26852.000000  0.482451
26956.000000  0.470141
27128.000000  0.495868
27158.000000  0.470448
27293.000000  0.528665
27452.000000  0.516084
27622.000000  0.553492
27856.000000  0.588603
28116.000000  0.587817
28373.000000  0.623978
28605.000000  0.607913
28773.000000  0.577534
28920.000000  0.535393
29032.000000  0.538800
29122.000000  0.514965
29304.000000  0.531948
29444.000000  0.545561
29574.000000  0.539158
29644.000000  0.534305
29795.000000  0.555897
29954.000000  0.601950
30121.000000  0.575761
30298.000000  0.576673
30363.000000  0.549700
30569.000000  0.597725
30729.000000  0.628379
30847.000000  0.567811
30904.000000  0.494800
30994.000000  0.563407
31150.000000  0.558955
31274.000000  0.556001
31394.000000  0.657895
31609.000000  0.663560
31880.000000  0.670035
32182.000000  0.687336
32461.000000  0.710459
32723.000000  0.694559
32950.000000  0.703867
33165.000000  0.756540
33410.000000  0.807802
33596.000000  0.766192
33737.000000  0.724823
33840.000000  0.669169
33878.000000  0.483298
33919.000000  0.568432
33966.000000  0.576723
34047.000000  0.609132
34053.000000  0.472011
34111.000000  0.691965
34145.000000  0.662051
34191.000000  0.682409
34212.000000  0.650082
34250.000000  0.666975
34281.000000  0.711708
34289.000000  0.739675
34293.000000  0.433928
34300.000000  0.497516
34302.000000  0.434274
34339.000000  0.512274
34371.000000  0.453880
34476.000000  0.541760
34671.000000  0.556701
34745.000000  0.490723
34846.000000  0.479894
34880.000000  0.493654
34980.000000  0.471676
35111.000000  0.493345
35390.000000  0.573682
35493.000000  0.522073
35583.000000  0.491059
35754.000000  0.549008
35803.000000  0.470864
35871.000000  0.481984
35967.000000  0.479343
36056.000000  0.519434
36119.000000  0.499149
36145.000000  0.464571
36167.000000  0.436942
36289.000000  0.519083
36389.000000  0.521712
36467.000000  0.454101
36495.000000  0.435395
36538.000000  0.432006
36555.000000  0.748211
36676.000000  0.788953
36793.000000  0.629879
36952.000000  0.654970
37044.000000  0.804826
37176.000000  1.013773
37207.000000  0.934841
37291.000000  0.455062
37336.000000  0.431450
37412.000000  0.426728
37548.000000  0.436830
37657.000000  0.462957
37868.000000  0.479913
38040.000000  0.487894
38081.000000  0.454556
38174.000000  0.463489
38268.000000  0.461913
38361.000000  0.452067
38390.000000  0.442186
38403.000000  0.411092
38574.000000  0.511506
38685.000000  0.499284
38824.000000  0.530972
39002.000000  0.524523
39159.000000  0.562931
39295.000000  0.557343
39387.000000  0.460573
39448.000000  0.478057
39524.000000  0.494134
39596.000000  0.488363
39679.000000  0.508344
39764.000000  0.482448
39843.000000  0.491191
39937.000000  0.480983
40101.000000  0.510313
40257.000000  0.512329
40328.000000  0.488069
40356.000000  0.466644
40520.000000  0.493386
40584.000000  0.529730
40625.000000  0.511796
40647.000000  0.537132
40685.000000  0.504190
40754.000000  0.562976
40808.000000  0.609046
40816.000000  0.652895
40819.000000  0.392515
