995.000000  62.576145
1239.000000  62.417900
1484.000000  56.827579
1765.000000  55.870201
2116.000000  61.312847
2429.000000  65.099182
2845.000000  66.792992
3199.000000  64.576744
3522.000000  62.647045
3881.000000  64.411819
4194.000000  63.075863
4454.000000  53.773315
4684.000000  48.099735
4855.000000  41.457428
5068.000000  50.055283
5283.000000  50.375603
5466.000000  50.618446
5566.000000  34.369698
5675.000000  23.442516
5812.000000  35.683178
6002.000000  43.514351
6243.000000  44.966476
6470.000000  47.900978
6715.000000  49.855240
6916.000000  50.028439
7109.000000  42.873337
7345.000000  41.896446
7570.000000  40.321838
7719.000000  38.315376
7934.000000  38.979073
8183.000000  42.704918
8424.000000  42.141964
8572.000000  38.244869
8692.000000  29.356627
8852.000000  29.829716
9014.000000  31.711180
9191.000000  34.418201
9392.000000  34.084034
9560.000000  31.654051
9700.000000  28.622421
9840.000000  37.966934
10032.000000  41.739124
10216.000000  38.613853
10420.000000  40.777012
10640.000000  47.623543
10849.000000  39.274632
11083.000000  35.692947
11261.000000  33.277840
11403.000000  30.506104
11584.000000  35.646313
11768.000000  38.439560
11822.000000  34.495312
12058.000000  42.567028
12306.000000  44.931759
12558.000000  40.334366
12759.000000  34.474583
12977.000000  40.040859
13204.000000  36.128780
13409.000000  38.525127
13620.000000  36.389832
13747.000000  30.617035
13912.000000  25.913086
14054.000000  31.877657
14252.000000  38.632603
14505.000000  47.407757
14727.000000  43.164265
14906.000000  40.608746
15131.000000  44.299160
15346.000000  46.625919
15591.000000  43.040218
15888.000000  45.541172
16174.000000  43.232040
16451.000000  42.794510
16659.000000  34.589085
16814.000000  33.312626
16968.000000  29.713434
17118.000000  24.087730
17243.000000  19.045269
17353.000000  18.484581
17435.000000  12.158898
17482.000000  4.747531
17563.000000  11.974769
17644.000000  15.300554
17745.000000  18.576731
17919.000000  26.925056
18043.000000  26.032108
18252.000000  31.712061
18450.000000  31.806082
18643.000000  35.034546
18818.000000  31.755096
18976.000000  34.430019
19147.000000  33.298401
19325.000000  36.654591
19509.000000  34.286804
19708.000000  30.050716
19978.000000  32.467751
20185.000000  31.407738
20359.000000  26.889765
20570.000000  25.282801
20787.000000  28.331247
21008.000000  29.690138
21170.000000  28.466978
21233.000000  18.358988
21459.000000  33.032459
21653.000000  31.532366
21965.000000  37.526264
22225.000000  35.343719
22492.000000  38.362274
22756.000000  42.846012
22978.000000  39.514938
23204.000000  42.357922
23324.000000  31.652895
23445.000000  34.871983
23599.000000  47.953671
23838.000000  48.485825
24024.000000  45.911686
24262.000000  49.181511
24423.000000  52.085312
24586.000000  52.360607
24730.000000  18.556509
24897.000000  22.642786
25046.000000  19.841122
25195.000000  22.552113
25345.000000  20.000557
25456.000000  17.996784
25562.000000  47.599255
25672.000000  47.848423
25759.000000  15.892497
25859.000000  14.283122
26029.000000  47.252148
26212.000000  46.757366
26350.000000  41.442860
26630.000000  40.647717
26964.000000  52.233154
27257.000000  52.608047
27474.000000  52.281921
27793.000000  47.234600
28033.000000  41.374958
28174.000000  53.893478
28254.000000  13.258121
28301.000000  3.218014
28304.000000  1.310672
28368.000000  58.060379
28445.000000  58.672726
28518.000000  55.440693
28595.000000  56.249992
28727.000000  57.544125
28820.000000  66.304291
28919.000000  22.521936
29066.000000  23.200403
29139.000000  19.779274
29387.000000  26.454235
29682.000000  29.502102
29877.000000  28.887024
30099.000000  22.403822
30368.000000  25.494623
30673.000000  27.474775
30947.000000  26.385862
31203.000000  28.506857
31357.000000  28.270679
31528.000000  29.323677
31743.000000  28.108179
31929.000000  31.304857
32096.000000  44.091667
32354.000000  26.916302
32572.000000  30.741570
32826.000000  33.551373
33059.000000  37.513821
33268.000000  37.594395
33507.000000  45.769718
33752.000000  49.728359
33857.000000  35.573452
33965.000000  33.731213
34135.000000  35.980389
34310.000000  44.307884
34489.000000  36.689533
34727.000000  38.564598
34923.000000  33.172844
35063.000000  27.018621
35245.000000  37.678059
35378.000000  34.705399
35457.000000  37.142345
35533.000000  25.334513
35593.000000  28.255077
35656.000000  26.275545
35765.000000  22.411793
35823.000000  12.994040
35860.000000  17.695908
35903.000000  21.290726
35953.000000  28.955397
36066.000000  31.258291
36166.000000  39.706379
36244.000000  22.666367
36309.000000  5.693350
36358.000000  3.991400
36474.000000  7.702399
36574.000000  7.335096
36693.000000  15.000723
36828.000000  16.796101
37048.000000  21.240881
37219.000000  21.315512
37424.000000  21.579344
37633.000000  26.150974
37847.000000  28.827110
37952.000000  19.174953
38036.000000  14.380157
38116.000000  15.094582
38224.000000  20.762882
38301.000000  22.061295
38308.000000  8.377212
38347.000000  8.345715
38439.000000  5.326613
38523.000000  7.462113
38632.000000  13.272264
38758.000000  19.563931
38796.000000  17.384008
38802.000000  5.862891
38832.000000  13.235026
38832.000000  0.040787
38882.000000  5.045437
38961.000000  6.003295
39057.000000  10.782148
39135.000000  11.412809
39220.000000  11.306529
39239.000000  6.431986
39291.000000  6.662020
39403.000000  10.000778
39495.000000  13.863855
39595.000000  18.872929
39701.000000  18.239138
39767.000000  13.799344
39825.000000  9.444016
39835.000000  1.509068
39842.000000  0.887498
39878.000000  22.355726
39906.000000  6.552046
39922.000000  9.437668
40001.000000  5.993307
40090.000000  10.969812
40182.000000  10.927961
40284.000000  14.771616
40401.000000  12.145460
40524.000000  12.551683
40594.000000  7.829822
40683.000000  14.682020
40750.000000  11.284391
40816.000000  9.736400
40819.000000  2.136240
40821.000000  2.672062
