816.000000  0.231663
1051.000000  -0.046746
1243.000000  -0.034819
1499.000000  0.029856
1785.000000  0.026415
2032.000000  -0.007582
2257.000000  -0.006765
2468.000000  0.005814
2661.000000  -0.004656
2802.000000  0.030190
2945.000000  -0.022059
3151.000000  -0.000741
3299.000000  0.003855
3456.000000  0.003157
3635.000000  -0.025369
3791.000000  -0.028885
3960.000000  0.000621
4130.000000  0.002893
4264.000000  -0.004119
4387.000000  0.038878
4555.000000  -0.021412
4709.000000  -0.007611
4865.000000  -0.000151
5083.000000  0.058476
5260.000000  -0.016766
5525.000000  0.018536
5725.000000  -0.008148
5880.000000  -0.011511
6030.000000  0.002433
6142.000000  -0.024148
6158.000000  -0.066773
6232.000000  0.036290
6313.000000  -0.036341
6390.000000  0.027446
6479.000000  -0.022508
6519.000000  -0.003666
6593.000000  0.032348
6757.000000  0.021533
6924.000000  0.007576
7176.000000  0.067885
7205.000000  -0.091695
7422.000000  0.118799
7645.000000  -0.004431
7817.000000  -0.026892
8070.000000  0.048695
8311.000000  0.001731
8601.000000  0.027768
8810.000000  -0.039896
9021.000000  0.015258
9265.000000  -0.004256
9490.000000  0.005653
9651.000000  -0.020141
9829.000000  -0.019857
10021.000000  0.030641
10225.000000  0.062751
10451.000000  -0.017168
10686.000000  0.037321
10914.000000  -0.012096
11141.000000  -0.068960
11347.000000  0.007528
11579.000000  0.017354
11746.000000  -0.062677
11882.000000  -0.024990
12055.000000  0.043736
12068.000000  -0.116372
12246.000000  0.141827
12386.000000  -0.031390
12468.000000  -0.035518
12605.000000  0.043723
12781.000000  0.027950
12991.000000  0.058937
13240.000000  -0.026411
13486.000000  0.058718
13743.000000  0.004887
13916.000000  0.002639
14112.000000  -0.069167
14154.000000  -0.041018
14335.000000  0.074124
14544.000000  0.118228
14702.000000  -0.060459
14850.000000  0.181545
15025.000000  -0.171468
15131.000000  -0.002001
15283.000000  -0.082166
15523.000000  0.066493
15756.000000  0.004515
16012.000000  -0.017361
16232.000000  -0.015362
16458.000000  -0.028805
16668.000000  0.067530
16866.000000  -0.004366
16995.000000  -0.053721
17071.000000  -0.050046
17169.000000  0.003337
17369.000000  0.044307
17569.000000  0.014189
17710.000000  0.026702
17940.000000  0.025184
18180.000000  0.072375
18368.000000  -0.062102
18577.000000  0.021637
18800.000000  0.012925
19068.000000  0.026855
19348.000000  -0.039203
19647.000000  0.104955
19912.000000  -0.091226
20143.000000  -0.010701
20386.000000  0.028864
20607.000000  0.014686
20699.000000  -0.113342
20891.000000  0.069440
21062.000000  -0.031126
21203.000000  -0.064783
21350.000000  0.066298
21511.000000  0.044640
21682.000000  0.017277
21874.000000  -0.046777
22044.000000  0.097425
22213.000000  0.020919
22360.000000  0.037072
22513.000000  -0.224414
22547.000000  -0.077526
22616.000000  0.026753
22716.000000  0.013612
22818.000000  0.009525
22987.000000  0.030297
23187.000000  0.006082
23374.000000  0.014354
23549.000000  -0.001283
23736.000000  -0.002764
23989.000000  0.064183
24209.000000  -0.031155
24430.000000  0.009913
24582.000000  -0.012004
24732.000000  0.005113
24905.000000  -0.023004
25064.000000  0.050538
25269.000000  0.040458
25514.000000  -0.034650
25739.000000  0.074757
26037.000000  -0.016437
26357.000000  -0.034558
26671.000000  0.106641
26992.000000  0.015169
27215.000000  -0.027994
27473.000000  -0.027876
27655.000000  -0.003678
27783.000000  -0.029760
27935.000000  0.033934
28010.000000  -0.078449
28199.000000  0.046471
28384.000000  0.085550
28467.000000  -0.112495
28539.000000  -0.037893
28582.000000  0.054582
28671.000000  -0.015482
28870.000000  0.054254
29074.000000  -0.050601
29258.000000  0.121729
29361.000000  -0.044981
29550.000000  -0.015939
29788.000000  0.128634
29975.000000  -0.079549
30197.000000  0.049498
30397.000000  0.129249
30601.000000  -0.349465
30748.000000  -0.021742
30822.000000  -0.034213
30928.000000  0.151033
31088.000000  0.073418
31095.000000  -0.024791
31159.000000  0.035217
31203.000000  -0.074403
31324.000000  0.085881
31457.000000  0.234727
31564.000000  0.090114
31663.000000  -0.573162
31749.000000  -0.007685
31826.000000  -0.016159
31913.000000  0.030641
32005.000000  -0.000529
32075.000000  -0.032669
32160.000000  0.021296
32268.000000  0.195556
32345.000000  -0.139251
32429.000000  0.017358
32486.000000  0.406976
32593.000000  0.023190
32657.000000  0.136992
32683.000000  -0.509735
32761.000000  0.029516
32890.000000  0.037728
32981.000000  0.027960
33044.000000  0.196410
33083.000000  -0.024152
33152.000000  -0.359687
33177.000000  -0.067792
33250.000000  0.031531
33315.000000  -0.024409
33350.000000  -0.019206
33395.000000  0.001509
33401.000000  -0.007470
33486.000000  0.010759
33639.000000  0.050134
33854.000000  0.584299
33961.000000  -0.560886
34072.000000  0.010404
34152.000000  -0.029653
34232.000000  -0.033888
34356.000000  0.025178
34488.000000  0.043540
34583.000000  -0.045354
34628.000000  -0.004101
34629.000000  -0.036855
34632.000000  0.033798
34715.000000  0.002200
34719.000000  -0.010435
34827.000000  0.011000
34888.000000  -0.005280
34960.000000  0.019644
35039.000000  -0.002568
35125.000000  0.130446
35157.000000  -0.020667
35171.000000  -0.153489
35213.000000  -0.004635
35304.000000  0.054665
35487.000000  0.011086
35534.000000  -0.018974
35695.000000  0.012886
35802.000000  0.011494
35900.000000  -0.007941
35972.000000  -0.022067
36048.000000  0.033214
36209.000000  0.054806
36372.000000  0.036012
36379.000000  -0.157978
36390.000000  0.028771
36476.000000  0.046866
36604.000000  0.043746
36734.000000  -0.050939
36862.000000  0.041033
37089.000000  0.074534
37225.000000  -0.003428
37374.000000  -0.049330
37560.000000  0.033855
37640.000000  -0.069375
37773.000000  0.012625
37947.000000  0.020188
38131.000000  0.031298
38322.000000  0.009756
38561.000000  0.033082
38767.000000  -0.003288
38865.000000  -0.072170
38941.000000  0.003695
39046.000000  0.024931
39182.000000  0.002930
39314.000000  0.053857
39438.000000  0.014997
39506.000000  0.002944
39576.000000  -0.000036
39622.000000  -0.032023
39693.000000  -0.000922
39796.000000  0.004196
39877.000000  -0.074610
39954.000000  -0.010418
40000.000000  -0.048163
40070.000000  -0.009713
40145.000000  0.028292
40201.000000  0.007938
40286.000000  -0.026950
40307.000000  -0.002147
40308.000000  -0.022274
40388.000000  0.027668
40490.000000  0.007044
40577.000000  -0.002424
40699.000000  0.030742
40732.000000  -0.048233
40788.000000  0.022389
40816.000000  0.003606
40819.000000  -0.055867
