576.000000  0.216302
763.000000  -0.056922
937.000000  0.019933
1179.000000  0.051597
1390.000000  0.000824
1538.000000  -0.001301
1706.000000  -0.000082
1895.000000  0.037497
1915.000000  -0.127925
2037.000000  0.077418
2127.000000  -0.012159
2245.000000  0.015236
2394.000000  0.001178
2541.000000  0.014018
2669.000000  0.003250
2847.000000  0.005584
2979.000000  0.007427
3101.000000  -0.045093
3162.000000  -0.039446
3247.000000  0.067965
3331.000000  0.001323
3433.000000  0.006020
3510.000000  -0.053356
3642.000000  0.004100
3731.000000  -0.002365
3821.000000  0.006998
3937.000000  0.018670
4029.000000  -0.020138
4118.000000  0.028939
4196.000000  -0.008741
4273.000000  0.003916
4359.000000  0.000592
4488.000000  0.010690
4665.000000  0.034552
4822.000000  0.020934
5001.000000  0.073511
5190.000000  -0.033954
5303.000000  -0.015406
5464.000000  -0.001761
5588.000000  -0.009120
5673.000000  -0.051484
5784.000000  0.058475
5932.000000  0.024353
6076.000000  0.053086
6189.000000  -0.016714
6285.000000  -0.038389
6379.000000  -0.017942
6440.000000  -0.040313
6467.000000  -0.101344
6474.000000  -0.012179
6480.000000  0.000609
6533.000000  0.030018
6577.000000  -0.009701
6664.000000  0.011380
6732.000000  -0.009702
6789.000000  0.012184
6870.000000  -0.008945
6980.000000  0.028000
7125.000000  0.026828
7300.000000  0.045294
7462.000000  0.005987
7617.000000  -0.019336
7737.000000  -0.017509
7809.000000  -0.011262
7902.000000  -0.053166
7980.000000  0.004734
8060.000000  0.035899
8147.000000  -0.036289
8288.000000  0.013378
8355.000000  -0.001112
8390.000000  0.022748
8457.000000  -0.007414
8589.000000  0.036301
8753.000000  0.022380
8885.000000  -0.011738
9003.000000  -0.014808
9150.000000  0.037950
9282.000000  -0.026779
9387.000000  -0.004977
9627.000000  0.034956
9855.000000  0.004042
10049.000000  0.004819
10239.000000  0.022014
10441.000000  0.006648
10607.000000  0.017763
10638.000000  -0.070237
10764.000000  0.065230
10931.000000  0.020614
11115.000000  -0.002210
11318.000000  0.030236
11515.000000  0.025929
11756.000000  0.037306
11979.000000  -0.082086
12123.000000  0.033250
12248.000000  -0.028784
12334.000000  -0.010593
12479.000000  0.024738
12607.000000  0.038499
12764.000000  -0.024921
12923.000000  -0.022817
13102.000000  -0.008018
13248.000000  -0.014426
13367.000000  -0.003806
13488.000000  0.020729
13649.000000  -0.001254
13795.000000  0.059874
13932.000000  -0.085095
14063.000000  0.025114
14171.000000  -0.025937
14328.000000  0.104323
14483.000000  0.047113
14635.000000  0.009067
14784.000000  -0.144342
14910.000000  -0.016038
15049.000000  -0.006251
15176.000000  0.011466
15203.000000  -0.064174
15354.000000  0.292858
15522.000000  -0.226170
15683.000000  0.017462
15958.000000  0.051896
16192.000000  0.023686
16450.000000  0.012376
16704.000000  0.054870
16945.000000  -0.019275
17151.000000  0.003444
17325.000000  -0.028280
17546.000000  0.029646
17730.000000  0.015299
17926.000000  0.015558
18163.000000  0.028456
18392.000000  0.002477
18619.000000  -0.020797
18850.000000  0.012162
19028.000000  -0.019810
19254.000000  0.018349
19442.000000  -0.016206
19644.000000  -0.028134
19818.000000  0.007492
20012.000000  0.023625
20198.000000  -0.011262
20410.000000  0.030883
20568.000000  0.017042
20774.000000  -0.035734
20989.000000  0.027559
21183.000000  -0.018211
21398.000000  0.000795
21602.000000  -0.005471
21833.000000  0.032764
22085.000000  0.029234
22229.000000  -0.025438
22379.000000  -0.017848
22526.000000  -0.007405
22706.000000  0.012177
22848.000000  -0.045036
23007.000000  0.067043
23068.000000  -0.050698
23186.000000  0.058124
23358.000000  0.139623
23499.000000  -0.076167
23619.000000  -0.017147
23764.000000  0.004119
23844.000000  -0.022994
23943.000000  -0.003094
24061.000000  0.070219
24127.000000  0.095447
24241.000000  -0.275412
24373.000000  0.018816
24456.000000  -0.019752
24583.000000  0.133316
24747.000000  0.025223
24885.000000  -0.011101
24987.000000  0.033773
25127.000000  -0.035627
25211.000000  -0.026804
25326.000000  0.024252
25465.000000  0.030569
25650.000000  0.035788
25812.000000  0.003824
25898.000000  0.006573
25944.000000  -0.237519
25975.000000  0.191420
26030.000000  -0.059628
26110.000000  0.035394
26193.000000  0.082783
26259.000000  -0.025813
26448.000000  0.122216
26534.000000  -0.114428
26614.000000  -0.054403
26697.000000  0.144024
26707.000000  -0.101647
26815.000000  0.150067
26913.000000  -0.084434
27055.000000  0.102231
27066.000000  -0.492662
27079.000000  0.569454
27153.000000  -0.574919
27213.000000  0.014325
27259.000000  0.002417
27326.000000  -0.005349
27414.000000  0.018022
27532.000000  0.493550
27669.000000  -0.008831
27752.000000  -0.492091
27824.000000  -0.003290
27919.000000  0.026203
28021.000000  0.013964
28167.000000  0.002997
28220.000000  -0.029139
28223.000000  -0.047309
28225.000000  -0.000613
28294.000000  0.054074
28376.000000  0.026223
28481.000000  0.000481
28650.000000  0.038306
28802.000000  -0.014350
28958.000000  0.033422
29054.000000  -0.058594
29186.000000  0.022410
29257.000000  -0.017526
29330.000000  -0.013628
29400.000000  0.016684
29482.000000  0.013476
29585.000000  0.022904
29665.000000  -0.049958
29745.000000  -0.000119
29833.000000  -0.011840
29933.000000  -0.011445
29984.000000  0.035590
30000.000000  -0.016208
30034.000000  0.036284
30065.000000  0.011486
30099.000000  0.061694
30133.000000  0.028013
30147.000000  0.042176
30190.000000  -0.237748
30220.000000  0.013141
30282.000000  -0.010174
30333.000000  0.002444
30403.000000  0.003758
30440.000000  -0.009133
30522.000000  0.031523
30614.000000  -0.005289
30718.000000  0.019661
30861.000000  0.021602
31009.000000  0.022395
31162.000000  0.018434
31305.000000  -0.001931
31474.000000  0.023383
31562.000000  -0.032910
31642.000000  -0.061751
31792.000000  0.261176
31942.000000  -0.207302
31994.000000  -0.040896
32029.000000  -0.037838
32082.000000  0.050026
32142.000000  0.009201
32159.000000  -0.052838
32214.000000  -0.000031
32339.000000  0.032487
32456.000000  0.024850
32609.000000  0.000538
32649.000000  -0.037604
32737.000000  0.027092
32846.000000  0.001891
32927.000000  -0.014090
33009.000000  -0.000180
33090.000000  -0.002818
33207.000000  0.013155
33266.000000  -0.013618
33266.000000  -0.085955
33333.000000  0.064549
33443.000000  0.014811
33450.000000  -0.064970
33575.000000  0.091530
33661.000000  -0.019784
33722.000000  -0.013431
33798.000000  0.021594
33874.000000  0.009963
33984.000000  -0.009607
34077.000000  -0.043512
34137.000000  -0.008715
34148.000000  -0.008283
34202.000000  0.023667
34284.000000  0.011002
34367.000000  0.001031
34465.000000  0.036457
34577.000000  -0.009097
34649.000000  -0.004285
34709.000000  0.023679
34736.000000  -0.032560
34749.000000  -0.033593
34896.000000  0.019539
34961.000000  -0.008989
35032.000000  0.004783
35145.000000  0.037295
35300.000000  0.013660
35429.000000  0.013383
35575.000000  -0.005739
35712.000000  0.006931
35873.000000  0.010604
36032.000000  0.005859
36212.000000  -0.014623
36308.000000  0.020411
36488.000000  0.035099
36621.000000  -0.037838
36758.000000  0.025116
36921.000000  0.040580
37056.000000  0.006040
37191.000000  -0.022138
37332.000000  -0.002102
37484.000000  0.017733
37655.000000  0.009267
37819.000000  0.042912
37892.000000  -0.064434
38034.000000  0.071276
38098.000000  -0.003927
38122.000000  -0.130748
38185.000000  0.104504
38261.000000  -0.012001
38387.000000  0.044830
38426.000000  -0.048687
38561.000000  0.080488
38645.000000  -0.056287
38663.000000  -0.082941
38710.000000  0.056368
38791.000000  0.007428
39037.000000  0.138756
39100.000000  -0.207181
39179.000000  0.139311
39285.000000  -0.021925
39422.000000  0.009242
39554.000000  0.028857
39629.000000  -0.075141
39649.000000  -0.065618
39691.000000  0.085725
39694.000000  0.074085
39700.000000  -0.231433
39704.000000  -0.039590
39779.000000  0.034896
39901.000000  -0.003074
39989.000000  0.022202
40085.000000  -0.025708
40140.000000  0.032376
40151.000000  -0.049590
40207.000000  0.000709
40329.000000  0.034174
40452.000000  0.009153
40554.000000  0.004792
40704.000000  -0.001789
40716.000000  -0.060205
40750.000000  0.006573
40801.000000  -0.009966
40814.000000  0.002807
40818.000000  -0.011548
