816.000000  0.258240
1078.000000  0.235068
1292.000000  0.198341
1640.000000  0.227775
1887.000000  0.236250
2130.000000  0.276731
2400.000000  0.281896
2628.000000  0.293322
2914.000000  0.324583
3104.000000  0.283440
3308.000000  0.281719
3513.000000  0.277548
3687.000000  0.276924
3828.000000  0.254921
4013.000000  0.258770
4150.000000  0.217831
4225.000000  0.177207
4319.000000  0.190058
4441.000000  0.230550
4562.000000  0.221088
4667.000000  0.207986
4742.000000  0.206675
4876.000000  0.216446
5046.000000  0.246231
5207.000000  0.253084
5392.000000  0.300727
5600.000000  0.295269
5774.000000  0.275400
5935.000000  0.256990
6064.000000  0.259526
6151.000000  0.224598
6246.000000  0.252773
6264.000000  0.221560
6341.000000  0.215890
6418.000000  0.247945
6498.000000  0.222815
6622.000000  0.267315
6718.000000  0.253461
6774.000000  0.212188
6882.000000  0.293345
7008.000000  0.278017
7027.000000  0.204097
7125.000000  0.247786
7255.000000  0.274288
7398.000000  0.285943
7568.000000  0.316654
7799.000000  0.372611
8034.000000  0.349085
8244.000000  0.370271
8443.000000  0.360225
8606.000000  0.409718
8831.000000  0.420685
9049.000000  0.437500
9217.000000  0.364299
9301.000000  0.280422
9405.000000  0.276661
9555.000000  0.387649
9709.000000  0.424923
9847.000000  0.431588
10032.000000  0.489377
10217.000000  0.499059
10383.000000  0.410432
10526.000000  0.367630
10694.000000  0.407530
10873.000000  0.364060
11051.000000  0.350221
11257.000000  0.379137
11472.000000  0.408639
11690.000000  0.432655
11928.000000  0.391906
12152.000000  0.411509
12333.000000  0.410152
12502.000000  0.391396
12665.000000  0.397590
12803.000000  0.387734
12947.000000  0.356911
13068.000000  0.384524
13238.000000  0.427583
13394.000000  0.404702
13544.000000  0.412702
13723.000000  0.439004
13904.000000  0.412548
14165.000000  0.449979
14343.000000  0.420581
14481.000000  0.414571
14644.000000  0.421097
14841.000000  0.436231
15208.000000  0.527322
15535.000000  0.555006
15788.000000  0.562291
16048.000000  0.514673
16201.000000  0.474004
16351.000000  0.452858
16453.000000  0.420399
16534.000000  0.392667
16630.000000  0.414543
16758.000000  0.411756
16879.000000  0.418611
16990.000000  0.440089
17108.000000  0.457997
17216.000000  0.415955
17363.000000  0.431496
17537.000000  0.439718
17673.000000  0.435126
17861.000000  0.452110
18010.000000  0.461975
18143.000000  0.479130
18304.000000  0.505660
18485.000000  0.526376
18703.000000  0.576483
18864.000000  0.589061
18989.000000  0.507643
19182.000000  0.541907
19412.000000  0.557847
19583.000000  0.551945
19747.000000  0.563727
19917.000000  0.598243
20109.000000  0.570512
20337.000000  0.601345
20558.000000  0.580660
20686.000000  0.550315
20822.000000  0.557066
21016.000000  0.620586
21232.000000  0.680122
21436.000000  0.687513
21589.000000  0.643720
21725.000000  0.632912
21864.000000  0.637063
22075.000000  0.680288
22200.000000  0.711382
22315.000000  0.638936
22430.000000  0.599059
22608.000000  0.744398
22794.000000  0.850172
23010.000000  0.894444
23234.000000  0.850755
23503.000000  0.861754
23721.000000  0.820818
23979.000000  0.830040
24264.000000  0.790630
24474.000000  0.729787
24682.000000  0.926389
24853.000000  0.857104
25064.000000  0.573711
25204.000000  0.967416
25304.000000  0.547256
25387.000000  0.533072
25500.000000  0.548780
25588.000000  0.489486
25712.000000  0.479634
25879.000000  0.605798
26055.000000  0.708967
26324.000000  0.666896
26469.000000  0.744778
26537.000000  0.754109
26639.000000  0.809413
26789.000000  1.037439
26878.000000  0.457227
27019.000000  0.436045
27198.000000  0.450143
27386.000000  0.771388
27597.000000  0.794527
27779.000000  0.873331
27888.000000  0.504791
27994.000000  0.652228
28099.000000  0.460100
28220.000000  0.496131
28303.000000  0.482029
28359.000000  0.405931
28429.000000  0.671001
28498.000000  1.045461
28616.000000  0.496006
28768.000000  0.512277
28894.000000  0.524147
29037.000000  0.548654
29117.000000  0.465646
29165.000000  0.406544
29230.000000  0.420319
29299.000000  0.460723
29376.000000  0.497256
29459.000000  0.545664
29580.000000  0.564875
29631.000000  0.515595
29741.000000  0.558151
29855.000000  0.494007
30059.000000  0.524712
30284.000000  0.565811
30461.000000  0.541337
30626.000000  0.554487
30710.000000  0.532497
30816.000000  0.556071
30895.000000  0.527613
30905.000000  0.470396
31010.000000  0.618025
31105.000000  0.452723
31203.000000  0.473827
31289.000000  0.471054
31392.000000  0.495323
31498.000000  0.523865
31643.000000  0.546888
31797.000000  0.582469
32024.000000  0.598185
32179.000000  0.526264
32289.000000  0.555703
32371.000000  0.466450
32431.000000  0.463946
32502.000000  0.469300
32666.000000  0.510286
32858.000000  0.603956
33034.000000  0.611241
33099.000000  0.543123
33202.000000  0.552251
33282.000000  0.495275
33426.000000  0.532272
33557.000000  0.544141
33678.000000  0.516123
33725.000000  0.443871
33922.000000  0.550392
34111.000000  0.556709
34281.000000  0.578453
34433.000000  0.547765
34595.000000  0.577535
34777.000000  0.553563
34937.000000  0.541738
35107.000000  0.536993
35161.000000  0.486991
35257.000000  0.534092
35335.000000  0.506326
35423.000000  0.462220
35492.000000  0.481155
35535.000000  0.489164
35617.000000  0.474413
35712.000000  0.493799
35876.000000  0.539928
36016.000000  0.527465
36141.000000  0.538813
36225.000000  0.510272
36286.000000  0.489398
36387.000000  0.498227
36391.000000  0.452954
36461.000000  0.493841
36513.000000  0.477870
36515.000000  0.445268
36563.000000  0.473927
36612.000000  0.479264
36643.000000  0.441882
36663.000000  0.456228
36708.000000  0.454710
36718.000000  0.439653
36787.000000  0.477861
36812.000000  0.435377
36908.000000  0.469178
36973.000000  0.444508
37036.000000  0.455519
37132.000000  0.455908
37273.000000  0.473082
37386.000000  0.586163
37451.000000  0.471062
37492.000000  0.452235
37531.000000  0.433609
37638.000000  0.542392
37776.000000  0.547681
37936.000000  0.575817
38084.000000  0.652841
38147.000000  0.627254
38213.000000  0.651112
38240.000000  0.594744
38248.000000  0.421917
38269.000000  0.653886
38338.000000  0.471574
38425.000000  0.489948
38551.000000  0.483699
38607.000000  0.476834
38743.000000  0.522752
38899.000000  0.505330
39070.000000  0.558091
39237.000000  0.558804
39398.000000  0.521896
39551.000000  0.571584
39705.000000  0.559765
39832.000000  0.536842
40020.000000  0.572767
40082.000000  0.552168
40196.000000  0.641454
40278.000000  0.684753
40323.000000  0.676120
40369.000000  0.540163
40402.000000  0.740737
40475.000000  0.612771
40574.000000  1.538606
40613.000000  0.520538
40615.000000  0.489113
40631.000000  0.464873
40679.000000  0.420629
40717.000000  0.392371
40802.000000  0.404893
40820.000000  0.395799
