816.000000  0.150506
1078.000000  -0.013115
1292.000000  -0.029499
1640.000000  0.024767
1887.000000  0.001642
2130.000000  0.020657
2400.000000  0.014164
2628.000000  -0.006705
2914.000000  0.019966
3104.000000  -0.027599
3308.000000  0.003734
3513.000000  -0.010917
3687.000000  0.002905
3828.000000  -0.028123
4013.000000  -0.010320
4150.000000  -0.021934
4225.000000  -0.057664
4319.000000  0.018493
4441.000000  0.033432
4562.000000  -0.020801
4667.000000  -0.010912
4742.000000  0.005791
4876.000000  0.017979
5046.000000  0.020577
5207.000000  0.003412
5392.000000  0.029765
5600.000000  0.006580
5774.000000  -0.047248
5935.000000  -0.001782
6064.000000  -0.001354
6151.000000  -0.030516
6246.000000  0.038044
6264.000000  -0.040559
6341.000000  0.002034
6418.000000  0.019064
6498.000000  -0.005368
6622.000000  0.038266
6718.000000  -0.016278
6774.000000  -0.042572
6882.000000  0.065042
7008.000000  -0.004193
7027.000000  -0.053721
7125.000000  0.031202
7255.000000  0.013957
7398.000000  0.001696
7568.000000  0.015975
7799.000000  0.050404
8034.000000  -0.015798
8244.000000  0.012659
8443.000000  -0.027369
8606.000000  0.033648
8831.000000  0.021745
9049.000000  -0.002709
9217.000000  -0.061024
9301.000000  -0.042238
9405.000000  -0.027113
9555.000000  0.110963
9709.000000  0.037257
9847.000000  0.012420
10032.000000  0.051127
10217.000000  -0.002227
10383.000000  -0.071467
10526.000000  -0.044356
10694.000000  0.015315
10873.000000  -0.054414
11051.000000  0.006100
11257.000000  0.025268
11472.000000  0.019052
11690.000000  0.001543
11928.000000  -0.017452
12152.000000  0.008485
12333.000000  -0.003364
12502.000000  -0.022067
12665.000000  -0.001449
12803.000000  -0.016972
12947.000000  -0.028372
13068.000000  0.024965
13238.000000  0.052605
13394.000000  -0.042476
13544.000000  0.020698
13723.000000  0.003004
13904.000000  -0.014469
14165.000000  -0.005647
14343.000000  -0.016832
14481.000000  0.003711
14644.000000  -0.006307
14841.000000  0.020519
15208.000000  0.085656
15535.000000  0.003025
15788.000000  0.020906
16048.000000  -0.056120
16201.000000  -0.049556
16351.000000  -0.013428
16453.000000  -0.044229
16534.000000  -0.005646
16630.000000  -0.002172
16758.000000  0.006656
16879.000000  0.000375
16990.000000  0.011512
17108.000000  0.012135
17216.000000  -0.024806
17363.000000  0.010305
17537.000000  -0.001316
17673.000000  0.001443
17861.000000  0.014135
18010.000000  -0.000972
18143.000000  0.023359
18304.000000  0.028531
18485.000000  0.024079
18703.000000  0.021833
18864.000000  0.005676
18989.000000  -0.063602
19182.000000  0.024758
19412.000000  0.012446
19583.000000  -0.015615
19747.000000  -0.000295
19917.000000  0.040125
20109.000000  -0.015853
20337.000000  0.009882
20558.000000  -0.005814
20686.000000  -0.041160
20822.000000  0.001677
21016.000000  0.067297
21232.000000  0.040106
21436.000000  0.036076
21589.000000  -0.059125
21725.000000  0.007029
21864.000000  -0.018526
22075.000000  0.058925
22200.000000  0.027184
22315.000000  -0.076277
22430.000000  -0.019792
22608.000000  0.129621
22794.000000  0.089774
23010.000000  0.047486
23234.000000  -0.026022
23503.000000  -0.002254
23721.000000  -0.060558
23979.000000  0.015803
24264.000000  -0.038648
24474.000000  -0.055845
24682.000000  0.194470
24853.000000  -0.072250
25064.000000  -0.265118
25204.000000  0.395530
25304.000000  -0.404647
25387.000000  -0.033166
25500.000000  0.008225
25588.000000  -0.045418
25712.000000  -0.011356
25879.000000  0.067905
26055.000000  0.170110
26324.000000  -0.051082
26469.000000  0.081818
26537.000000  0.017596
26639.000000  0.048630
26789.000000  0.230245
26878.000000  -0.579624
27019.000000  -0.007437
27198.000000  0.018660
27386.000000  0.301375
27597.000000  0.012431
27779.000000  0.020386
27888.000000  -0.306280
27994.000000  0.145212
28099.000000  -0.180167
28220.000000  0.028597
28303.000000  -0.017276
28359.000000  -0.056528
28429.000000  0.241167
28498.000000  0.377712
28616.000000  -0.562477
28768.000000  0.018284
28894.000000  0.013165
29037.000000  0.017202
29117.000000  -0.047733
29165.000000  -0.058203
29230.000000  0.009689
29299.000000  0.044638
29376.000000  0.042062
29459.000000  0.012279
29580.000000  0.037024
29631.000000  -0.033803
29741.000000  0.030305
29855.000000  -0.067821
30059.000000  0.005525
30284.000000  0.055198
30461.000000  -0.019226
30626.000000  0.000914
30710.000000  -0.020776
30816.000000  0.023473
30895.000000  -0.006425
30905.000000  -0.102638
31010.000000  0.184880
31105.000000  -0.163988
31203.000000  0.016511
31289.000000  0.000951
31392.000000  0.021915
31498.000000  0.023301
31643.000000  0.015336
31797.000000  0.008631
32024.000000  0.036386
32179.000000  -0.053672
32289.000000  0.011090
32371.000000  -0.065739
32431.000000  0.002255
32502.000000  -0.004588
32666.000000  0.033017
32858.000000  0.068509
33034.000000  0.021599
33099.000000  -0.046907
33202.000000  0.001746
33282.000000  -0.070906
33426.000000  0.044001
33557.000000  -0.009032
33678.000000  -0.006013
33725.000000  -0.049614
33922.000000  0.061949
34111.000000  0.009242
34281.000000  0.011902
34433.000000  -0.015378
34595.000000  0.005301
34777.000000  0.010741
34937.000000  -0.030040
35107.000000  -0.006401
35161.000000  -0.037626
35257.000000  0.020146
35335.000000  -0.020927
35423.000000  -0.024447
35492.000000  -0.004589
35535.000000  -0.009092
35617.000000  0.001473
35712.000000  0.040640
35876.000000  0.020288
36016.000000  -0.011593
36141.000000  -0.003551
36225.000000  -0.019357
36286.000000  -0.007053
36387.000000  -0.001318
36391.000000  -0.032960
36461.000000  0.035783
36513.000000  -0.004773
36515.000000  -0.030080
36563.000000  0.023368
36612.000000  -0.005218
36643.000000  -0.017088
36663.000000  0.001229
36708.000000  0.016137
36718.000000  -0.018324
36787.000000  0.031789
36812.000000  -0.025739
36908.000000  0.023777
36973.000000  -0.014213
37036.000000  0.000583
37132.000000  0.001407
37273.000000  0.017881
37386.000000  0.014646
37451.000000  -0.024480
37492.000000  -0.019125
37531.000000  -0.001185
37638.000000  0.086044
37776.000000  0.015275
37936.000000  0.031074
38084.000000  0.083842
38147.000000  -0.051599
38213.000000  0.045259
38240.000000  -0.034722
38248.000000  -0.177968
38269.000000  0.233594
38338.000000  -0.176235
38425.000000  0.003894
38551.000000  0.007798
38607.000000  -0.010208
38743.000000  0.026892
38899.000000  0.003731
39070.000000  0.021563
39237.000000  -0.003755
39398.000000  -0.009227
39551.000000  0.021694
39705.000000  0.008249
39832.000000  -0.015462
40020.000000  0.026271
40082.000000  -0.021827
40196.000000  0.094172
40278.000000  0.046022
40323.000000  0.000725
40369.000000  -0.123382
40402.000000  0.186278
40475.000000  -0.126773
40574.000000  -0.011213
40613.000000  -0.069018
40615.000000  -0.040379
40631.000000  -0.009792
40679.000000  -0.046905
40717.000000  -0.012387
40802.000000  0.012598
40820.000000  -0.019065
